     x     qy smooth tpara  cd  zL     xTr    xCpl frame tma
-1.954 0.3995 335.07 21.50  74  46  850000 1285000   230 9.90
-1.943 0.2757 314.96 21.50  74  46  850000 1285000   230 9.90
-1.931 0.3990 295.81 21.50  74  46  850000 1285000   230 9.90
-1.920 0.2802 277.61 21.50  74  46  850000 1285000   230 9.90
-1.908 0.2378 260.33 21.50  74  46  850000 1285000   230 9.90
-1.897 0.2110 243.96 21.50  74  46  850000 1285000   230 9.90
-1.885 0.1987 228.47 21.50  74  46  850000 1285000   230 9.90
-1.874 0.1874 213.84 21.50  74  46  850000 1285000   230 9.90
-1.862 0.1719 200.07 21.50  74  46  850000 1285000   230 9.90
-1.851 0.1580 187.13 21.50  74  46  850000 1285000   230 9.90
-1.839 0.1499 175.02 21.50  74  46  850000 1285000   230 9.90
-1.828 0.1460 163.73 21.50  74  46  850000 1285000   230 9.90
-1.816 0.1343 153.25 21.50  74  46  850000 1285000   230 9.90
-1.805 0.1299 143.59 21.50  74  46  850000 1285000   230 9.90
-1.793 0.1244 134.75 21.50  74  46  850000 1285000   230 9.90
-1.782 0.1182 126.75 21.50  74  46  850000 1285000   230 9.90
-1.770 0.1173 119.60 21.50  74  46  850000 1285000   230 9.90
-1.759 0.1136 113.35 21.50  74  46  850000 1285000   230 9.90
-1.747 0.1142 108.03 21.50  74  46  850000 1285000   230 9.90
-1.736 0.1095 103.72 21.50  74  46  850000 1285000   230 9.90
-1.724 0.1068 100.50 21.50  74  46  850000 1285000   230 9.90
-1.713 0.1037 98.44 21.50  74  46  850000 1285000   230 9.90
-1.701 0.1018 97.44 21.50  74  46  850000 1285000   230 9.90
-1.690 0.0986 96.85 21.50  74  46  850000 1285000   230 9.90
-1.678 0.0980 95.42 21.50  74  46  850000 1285000   230 9.90
-1.667 0.0960 93.91 21.50  74  46  850000 1285000   230 9.90
-1.655 0.0948 92.38 21.50  74  46  850000 1285000   230 9.90
-1.644 0.0926 90.89 21.50  74  46  850000 1285000   230 9.90
-1.632 0.0892 89.43 21.50  74  46  850000 1285000   230 9.90
-1.621 0.0884 88.01 21.50  74  46  850000 1285000   230 9.90
-1.609 0.0877 86.65 21.50  74  46  850000 1285000   230 9.90
-1.598 0.0848 85.34 21.50  74  46  850000 1285000   230 9.90
-1.586 0.0835 84.10 21.50  74  46  850000 1285000   230 9.90
-1.575 0.0851 82.95 21.50  74  46  850000 1285000   230 9.90
-1.563 0.0805 81.89 21.50  74  46  850000 1285000   230 9.90
-1.552 0.0820 80.92 21.50  74  46  850000 1285000   230 9.90
-1.540 0.0784 80.05 21.50  74  46  850000 1285000   230 9.90
-1.529 0.0779 79.28 21.50  74  46  850000 1285000   230 9.90
-1.517 0.0780 78.59 21.50  74  46  850000 1285000   230 9.90
-1.506 0.0759 77.99 21.50  74  46  850000 1285000   230 9.90
-1.494 0.0769 77.46 21.50  74  46  850000 1285000   230 9.90
-1.483 0.0773 77.00 21.50  74  46  850000 1285000   230 9.90
-1.471 0.0764 76.61 21.50  74  46  850000 1285000   230 9.90
-1.460 0.0767 76.29 21.50  74  46  850000 1285000   230 9.90
-1.448 0.0784 76.02 21.50  74  46  850000 1285000   230 9.90
-1.437 0.0742 75.80 21.50  74  46  850000 1285000   230 9.90
-1.425 0.0787 75.62 21.50  74  46  850000 1285000   230 9.90
-1.414 0.0756 75.46 21.50  74  46  850000 1285000   230 9.90
-1.402 0.0760 75.33 21.50  74  46  850000 1285000   230 9.90
-1.391 0.0752 75.21 21.50  74  46  850000 1285000   230 9.90
-1.379 0.0761 75.10 21.50  74  46  850000 1285000   230 9.90
-1.368 0.0744 75.00 21.50  74  46  850000 1285000   230 9.90
-1.356 0.0750 74.90 21.50  74  46  850000 1285000   230 9.90
-1.345 0.0751 74.80 21.50  74  46  850000 1285000   230 9.90
-1.333 0.0722 74.70 21.50  74  46  850000 1285000   230 9.90
-1.322 0.0752 74.61 21.50  74  46  850000 1285000   230 9.90
-1.310 0.0750 74.52 21.50  74  46  850000 1285000   230 9.90
-1.299 0.0747 74.44 21.50  74  46  850000 1285000   230 9.90
-1.287 0.0756 74.38 21.50  74  46  850000 1285000   230 9.90
-1.276 0.0727 74.34 21.50  74  46  850000 1285000   230 9.90
-1.264 0.0749 74.32 21.50  74  46  850000 1285000   230 9.90
-1.253 0.0740 74.32 21.50  74  46  850000 1285000   230 9.90
-1.241 0.0743 74.34 21.50  74  46  850000 1285000   230 9.90
-1.230 0.0732 74.37 21.50  74  46  850000 1285000   230 9.90
-1.218 0.0733 74.39 21.50  74  46  850000 1285000   230 9.90
-1.207 0.0741 74.39 21.50  74  46  850000 1285000   230 9.90
-1.195 0.0744 74.36 21.50  74  46  850000 1285000   230 9.90
-1.184 0.0747 74.30 21.50  74  46  850000 1285000   230 9.90
-1.172 0.0748 74.19 21.50  74  46  850000 1285000   230 9.90
-1.161 0.0750 74.05 21.50  74  46  850000 1285000   230 9.90
-1.149 0.0748 73.87 21.50  74  46  850000 1285000   230 9.90
-1.138 0.0741 73.66 21.50  74  46  850000 1285000   230 9.90
-1.126 0.0739 73.43 21.50  74  46  850000 1285000   230 9.90
-1.115 0.0734 73.18 21.50  74  46  850000 1285000   230 9.90
-1.103 0.0742 72.92 21.50  74  46  850000 1285000   230 9.90
-1.092 0.0741 72.67 21.50  74  46  850000 1285000   230 9.90
-1.080 0.0732 72.41 21.50  74  46  850000 1285000   230 9.90
-1.069 0.0719 72.16 21.50  74  46  850000 1285000   230 9.90
-1.057 0.0721 71.91 21.50  74  46  850000 1285000   230 9.90
-1.046 0.0714 71.68 21.50  74  46  850000 1285000   230 9.90
-1.034 0.0701 71.45 21.50  74  46  850000 1285000   230 9.90
-1.023 0.0692 71.24 21.50  74  46  850000 1285000   230 9.90
-1.011 0.0689 71.04 21.50  74  46  850000 1285000   230 9.90
-1.000 0.0692 70.88 21.50  74  46  850000 1285000   230 9.90
-0.989 0.0697 70.74 21.50  74  46  850000 1285000   230 9.90
-0.977 0.0707 70.64 21.50  74  46  850000 1285000   230 9.90
-0.966 0.0715 70.59 21.50  74  46  850000 1285000   230 9.90
-0.954 0.0705 70.58 21.50  74  46  850000 1285000   230 9.90
-0.943 0.0707 70.62 21.50  74  46  850000 1285000   230 9.90
-0.931 0.0730 70.71 21.50  74  46  850000 1285000   230 9.90
-0.920 0.0720 70.83 21.50  74  46  850000 1285000   230 9.90
-0.908 0.0707 70.98 21.50  74  46  850000 1285000   230 9.90
-0.897 0.0721 71.15 21.50  74  46  850000 1285000   230 9.90
-0.885 0.0697 71.32 21.50  74  46  850000 1285000   230 9.90
-0.874 0.0716 71.49 21.50  74  46  850000 1285000   230 9.90
-0.862 0.0708 71.63 21.50  74  46  850000 1285000   230 9.90
-0.851 0.0716 71.75 21.50  74  46  850000 1285000   230 9.90
-0.839 0.0718 71.83 21.50  74  46  850000 1285000   230 9.90
-0.828 0.0703 71.87 21.50  74  46  850000 1285000   230 9.90
-0.816 0.0728 71.87 21.50  74  46  850000 1285000   230 9.90
-0.805 0.0716 71.84 21.50  74  46  850000 1285000   230 9.90
-0.793 0.0713 71.77 21.50  74  46  850000 1285000   230 9.90
-0.782 0.0748 71.69 21.50  74  46  850000 1285000   230 9.90
-0.770 0.0719 71.59 21.50  74  46  850000 1285000   230 9.90
-0.759 0.0724 71.48 21.50  74  46  850000 1285000   230 9.90
-0.747 0.0721 71.36 21.50  74  46  850000 1285000   230 9.90
-0.736 0.0730 71.24 21.50  74  46  850000 1285000   230 9.90
-0.724 0.0701 71.10 21.50  74  46  850000 1285000   230 9.90
-0.713 0.0697 70.96 21.50  74  46  850000 1285000   230 9.90
-0.701 0.0702 70.82 21.50  74  46  850000 1285000   230 9.90
-0.690 0.0694 70.66 21.50  74  46  850000 1285000   230 9.90
-0.678 0.0702 70.49 21.50  74  46  850000 1285000   230 9.90
-0.667 0.0716 70.32 21.50  74  46  850000 1285000   230 9.90
-0.655 0.0691 70.14 21.50  74  46  850000 1285000   230 9.90
-0.644 0.0682 69.97 21.50  74  46  850000 1285000   230 9.90
-0.632 0.0694 69.80 21.50  74  46  850000 1285000   230 9.90
-0.621 0.0698 69.63 21.50  74  46  850000 1285000   230 9.90
-0.609 0.0699 69.47 21.50  74  46  850000 1285000   230 9.90
-0.598 0.0696 69.32 21.50  74  46  850000 1285000   230 9.90
-0.586 0.0696 69.17 21.50  74  46  850000 1285000   230 9.90
-0.575 0.0698 69.03 21.50  74  46  850000 1285000   230 9.90
-0.563 0.0687 68.90 21.50  74  46  850000 1285000   230 9.90
-0.552 0.0685 68.76 21.50  74  46  850000 1285000   230 9.90
-0.540 0.0694 68.62 21.50  74  46  850000 1285000   230 9.90
-0.529 0.0690 68.46 21.50  74  46  850000 1285000   230 9.90
-0.517 0.0684 68.28 21.50  74  46  850000 1285000   230 9.90
-0.506 0.0683 68.08 21.50  74  46  850000 1285000   230 9.90
-0.494 0.0678 67.87 21.50  74  46  850000 1285000   230 9.90
-0.483 0.0680 67.64 21.50  74  46  850000 1285000   230 9.90
-0.471 0.0670 67.41 21.50  74  46  850000 1285000   230 9.90
-0.460 0.0675 67.18 21.50  74  46  850000 1285000   230 9.90
-0.448 0.0668 66.96 21.50  74  46  850000 1285000   230 9.90
-0.437 0.0673 66.76 21.50  74  46  850000 1285000   230 9.90
-0.425 0.0657 66.57 21.50  74  46  850000 1285000   230 9.90
-0.414 0.0657 66.41 21.50  74  46  850000 1285000   230 9.90
-0.402 0.0657 66.29 21.50  74  46  850000 1285000   230 9.90
-0.391 0.0678 66.20 21.50  74  46  850000 1285000   230 9.90
-0.379 0.0668 66.15 21.50  74  46  850000 1285000   230 9.90
-0.368 0.0646 66.14 21.50  74  46  850000 1285000   230 9.90
-0.356 0.0659 66.18 21.50  74  46  850000 1285000   230 9.90
-0.345 0.0657 66.24 21.50  74  46  850000 1285000   230 9.90
-0.333 0.0647 66.35 21.50  74  46  850000 1285000   230 9.90
-0.322 0.0649 66.48 21.50  74  46  850000 1285000   230 9.90
-0.310 0.0671 66.64 21.50  74  46  850000 1285000   230 9.90
-0.299 0.0662 66.81 21.50  74  46  850000 1285000   230 9.90
-0.287 0.0673 67.00 21.50  74  46  850000 1285000   230 9.90
-0.276 0.0662 67.18 21.50  74  46  850000 1285000   230 9.90
-0.264 0.0681 67.35 21.50  74  46  850000 1285000   230 9.90
-0.253 0.0672 67.48 21.50  74  46  850000 1285000   230 9.90
-0.241 0.0672 67.56 21.50  74  46  850000 1285000   230 9.90
-0.230 0.0680 67.56 21.50  74  46  850000 1285000   230 9.90
-0.218 0.0678 67.46 21.50  74  46  850000 1285000   230 9.90
-0.207 0.0675 67.25 21.50  74  46  850000 1285000   230 9.90
-0.195 0.0668 66.90 21.50  74  46  850000 1285000   230 9.90
-0.184 0.0682 66.41 21.50  74  46  850000 1285000   230 9.90
-0.172 0.0665 65.77 21.50  74  46  850000 1285000   230 9.90
-0.161 0.0664 64.98 21.50  74  46  850000 1285000   230 9.90
-0.149 0.0651 64.04 21.50  74  46  850000 1285000   230 9.90
-0.138 0.0647 62.96 21.50  74  46  850000 1285000   230 9.90
-0.126 0.0630 61.76 21.50  74  46  850000 1285000   230 9.90
-0.115 0.0626 60.45 21.50  74  46  850000 1285000   230 9.90
-0.103 0.0617 59.05 21.50  74  46  850000 1285000   230 9.90
-0.092 0.0585 57.58 21.50  74  46  850000 1285000   230 9.90
-0.080 0.0572 56.06 21.50  74  46  850000 1285000   230 9.90
-0.069 0.0550 54.52 21.50  74  46  850000 1285000   230 9.90
-0.057 0.0516 52.97 21.50  74  46  850000 1285000   230 9.90
-0.046 0.0500 51.46 21.50  74  46  850000 1285000   230 9.90
-0.034 0.0478 49.99 21.50  74  46  850000 1285000   230 9.90
-0.023 0.0463 48.60 21.50  74  46  850000 1285000   230 9.90
-0.011 0.0455 47.30 21.50  74  46  850000 1285000   230 9.90
0.000 0.0439 46.12 21.50  74  46  850000 1285000   230 9.90
0.011 0.0438 45.06 21.50  74  46  850000 1285000   230 9.90
0.023 0.0430 44.14 21.50  74  46  850000 1285000   230 9.90
0.034 0.0439 43.36 21.50  74  46  850000 1285000   230 9.90
0.046 0.0416 42.71 21.50  74  46  850000 1285000   230 9.90
0.057 0.0413 42.19 21.50  74  46  850000 1285000   230 9.90
0.069 0.0408 41.80 21.50  74  46  850000 1285000   230 9.90
0.080 0.0409 41.51 21.50  74  46  850000 1285000   230 9.90
0.092 0.0419 41.32 21.50  74  46  850000 1285000   230 9.90
0.103 0.0416 41.20 21.50  74  46  850000 1285000   230 9.90
0.115 0.0408 41.13 21.50  74  46  850000 1285000   230 9.90
0.126 0.0401 41.10 21.50  74  46  850000 1285000   230 9.90
0.137 0.0420 41.09 21.50  74  46  850000 1285000   230 9.90
0.148 0.0433 41.09 21.50  74  46  850000 1285000   230 9.90
0.158 0.0436 41.08 21.50  74  46  850000 1285000   230 9.90
0.168 0.0431 41.07 21.50  74  46  850000 1285000   230 9.90
0.177 0.0412 41.03 21.50  74  46  850000 1285000   230 9.90
0.186 0.0401 40.97 21.50  74  46  850000 1285000   230 9.90
0.195 0.0417 40.90 21.50  74  46  850000 1285000   230 9.90
0.203 0.0411 40.80 21.50  74  46  850000 1285000   230 9.90
0.211 0.0400 40.70 21.50  74  46  850000 1285000   230 9.90
0.219 0.0400 40.57 21.50  74  46  850000 1285000   230 9.90
0.226 0.0405 40.44 21.50  74  46  850000 1285000   230 9.90
0.233 0.0405 40.31 21.50  74  46  850000 1285000   230 9.90
0.240 0.0396 40.17 21.50  74  46  850000 1285000   230 9.90
0.246 0.0398 40.04 21.50  74  46  850000 1285000   230 9.90
0.252 0.0393 39.93 21.50  74  46  850000 1285000   230 9.90
0.258 0.0412 39.85 21.50  74  46  850000 1285000   230 9.90
0.264 0.0385 39.80 21.50  74  46  850000 1285000   230 9.90
0.270 0.0386 39.79 21.50  74  46  850000 1285000   230 9.90
0.275 0.0414 39.82 21.50  74  46  850000 1285000   230 9.90
0.280 0.0404 39.88 21.50  74  46  850000 1285000   230 9.90
0.285 0.0383 39.97 21.50  74  46  850000 1285000   230 9.90
0.289 0.0409 40.09 21.50  74  46  850000 1285000   230 9.90
0.294 0.0387 40.22 21.50  74  46  850000 1285000   230 9.90
0.298 0.0396 40.37 21.50  74  46  850000 1285000   230 9.90
0.302 0.0401 40.52 21.50  74  46  850000 1285000   230 9.90
0.306 0.0422 40.66 21.50  74  46  850000 1285000   230 9.90
0.310 0.0415 40.81 21.50  74  46  850000 1285000   230 9.90
0.313 0.0398 40.96 21.50  74  46  850000 1285000   230 9.90
0.317 0.0408 41.10 21.50  74  46  850000 1285000   230 9.90
0.320 0.0416 41.23 21.50  74  46  850000 1285000   230 9.90
0.323 0.0433 41.35 21.50  74  46  850000 1285000   230 9.90
0.327 0.0411 41.45 21.50  74  46  850000 1285000   230 9.90
0.329 0.0419 41.54 21.50  74  46  850000 1285000   230 9.90
0.332 0.0438 41.61 21.50  74  46  850000 1285000   230 9.90
0.335 0.0408 41.67 21.50  74  46  850000 1285000   230 9.90
0.338 0.0407 41.73 21.50  74  46  850000 1285000   230 9.90
0.340 0.0424 41.77 21.50  74  46  850000 1285000   230 9.90
0.343 0.0413 41.81 21.50  74  46  850000 1285000   230 9.90
0.345 0.0415 41.84 21.50  74  46  850000 1285000   230 9.90
0.347 0.0407 41.86 21.50  74  46  850000 1285000   230 9.90
0.349 0.0434 41.87 21.50  74  46  850000 1285000   230 9.90
0.352 0.0417 41.86 21.50  74  46  850000 1285000   230 9.90
0.354 0.0410 41.83 21.50  74  46  850000 1285000   230 9.90
0.356 0.0428 41.81 21.50  74  46  850000 1285000   230 9.90
0.359 0.0416 41.79 21.50  74  46  850000 1285000   230 9.90
0.361 0.0389 41.76 21.50  74  46  850000 1285000   230 9.90
0.363 0.0430 41.75 21.50  74  46  850000 1285000   230 9.90
0.366 0.0435 41.74 21.50  74  46  850000 1285000   230 9.90
0.368 0.0395 41.74 21.50  74  46  850000 1285000   230 9.90
0.370 0.0415 41.74 21.50  74  46  850000 1285000   230 9.90
0.372 0.0432 41.75 21.50  74  46  850000 1285000   230 9.90
0.375 0.0433 41.76 21.50  74  46  850000 1285000   230 9.90
0.377 0.0418 41.78 21.50  74  46  850000 1285000   230 9.90
0.379 0.0447 41.79 21.50  74  46  850000 1285000   230 9.90
0.382 0.0401 41.81 21.50  74  46  850000 1285000   230 9.90
0.384 0.0387 41.82 21.50  74  46  850000 1285000   230 9.90
0.386 0.0409 41.83 21.50  74  46  850000 1285000   230 9.90
0.389 0.0428 41.83 21.50  74  46  850000 1285000   230 9.90
0.391 0.0405 41.83 21.50  74  46  850000 1285000   230 9.90
0.393 0.0406 41.82 21.50  74  46  850000 1285000   230 9.90
0.395 0.0426 41.81 21.50  74  46  850000 1285000   230 9.90
0.398 0.0451 41.81 21.50  74  46  850000 1285000   230 9.90
0.400 0.0418 41.81 21.50  74  46  850000 1285000   230 9.90
0.402 0.0420 41.82 21.50  74  46  850000 1285000   230 9.90
0.405 0.0418 41.84 21.50  74  46  850000 1285000   230 9.90
0.407 0.0408 41.86 21.50  74  46  850000 1285000   230 9.90
0.409 0.0432 41.90 21.50  74  46  850000 1285000   230 9.90
0.411 0.0406 41.95 21.50  74  46  850000 1285000   230 9.90
0.414 0.0429 42.00 21.50  74  46  850000 1285000   230 9.90
0.416 0.0411 42.06 21.50  74  46  850000 1285000   230 9.90
0.418 0.0430 42.14 21.50  74  46  850000 1285000   230 9.90
0.421 0.0420 42.22 21.50  74  46  850000 1285000   230 9.90
0.423 0.0439 42.31 21.50  74  46  850000 1285000   230 9.90
0.425 0.0400 42.39 21.50  74  46  850000 1285000   230 9.90
0.428 0.0398 42.49 21.50  74  46  850000 1285000   230 9.90
0.430 0.0425 42.59 21.50  74  46  850000 1285000   230 9.90
0.432 0.0440 42.71 21.50  74  46  850000 1285000   230 9.90
0.434 0.0451 42.85 21.50  74  46  850000 1285000   230 9.90
0.437 0.0421 43.00 21.50  74  46  850000 1285000   230 9.90
0.439 0.0448 43.18 21.50  74  46  850000 1285000   230 9.90
0.441 0.0413 43.36 21.50  74  46  850000 1285000   230 9.90
0.444 0.0455 43.55 21.50  74  46  850000 1285000   230 9.90
0.446 0.0419 43.74 21.50  74  46  850000 1285000   230 9.90
0.448 0.0419 43.92 21.50  74  46  850000 1285000   230 9.90
0.451 0.0462 44.09 21.50  74  46  850000 1285000   230 9.90
0.453 0.0447 44.25 21.50  74  46  850000 1285000   230 9.90
0.455 0.0429 44.40 21.50  74  46  850000 1285000   230 9.90
0.457 0.0472 44.55 21.50  74  46  850000 1285000   230 9.90
0.460 0.0450 44.69 21.50  74  46  850000 1285000   230 9.90
0.462 0.0435 44.83 21.50  74  46  850000 1285000   230 9.90
0.464 0.0464 44.97 21.50  74  46  850000 1285000   230 9.90
0.467 0.0421 45.10 21.50  74  46  850000 1285000   230 9.90
0.469 0.0475 45.23 21.50  74  46  850000 1285000   230 9.90
0.471 0.0450 45.35 21.50  74  46  850000 1285000   230 9.90
0.474 0.0472 45.47 21.50  74  46  850000 1285000   230 9.90
0.476 0.0447 45.59 21.50  74  46  850000 1285000   230 9.90
0.478 0.0447 45.72 21.50  74  46  850000 1285000   230 9.90
0.480 0.0459 45.85 21.50  74  46  850000 1285000   230 9.90
0.483 0.0471 45.98 21.50  74  46  850000 1285000   230 9.90
0.485 0.0439 46.11 21.50  74  46  850000 1285000   230 9.90
0.487 0.0448 46.24 21.50  74  46  850000 1285000   230 9.90
0.490 0.0481 46.37 21.50  74  46  850000 1285000   230 9.90
0.492 0.0463 46.51 21.50  74  46  850000 1285000   230 9.90
0.494 0.0452 46.65 21.50  74  46  850000 1285000   230 9.90
0.497 0.0493 46.79 21.50  74  46  850000 1285000   230 9.90
0.499 0.0463 46.93 21.50  74  46  850000 1285000   230 9.90
0.501 0.0489 47.06 21.50  74  46  850000 1285000   230 9.90
0.503 0.0473 47.18 21.50  74  46  850000 1285000   230 9.90
0.506 0.0449 47.30 21.50  74  46  850000 1285000   230 9.90
0.508 0.0457 47.41 21.50  74  46  850000 1285000   230 9.90
0.510 0.0491 47.52 21.50  74  46  850000 1285000   230 9.90
0.513 0.0476 47.63 21.50  74  46  850000 1285000   230 9.90
0.515 0.0490 47.74 21.50  74  46  850000 1285000   230 9.90
0.517 0.0484 47.85 21.50  74  46  850000 1285000   230 9.90
0.520 0.0474 47.94 21.50  74  46  850000 1285000   230 9.90
0.522 0.0492 48.01 21.50  74  46  850000 1285000   230 9.90
0.524 0.0481 48.07 21.50  74  46  850000 1285000   230 9.90
0.526 0.0446 48.11 21.50  74  46  850000 1285000   230 9.90
0.529 0.0499 48.13 21.50  74  46  850000 1285000   230 9.90
0.531 0.0480 48.13 21.50  74  46  850000 1285000   230 9.90
0.533 0.0512 48.11 21.50  74  46  850000 1285000   230 9.90
0.536 0.0420 48.06 21.50  74  46  850000 1285000   230 9.90
0.538 0.0488 48.00 21.50  74  46  850000 1285000   230 9.90
0.540 0.0492 47.91 21.50  74  46  850000 1285000   230 9.90
0.543 0.0481 47.80 21.50  74  46  850000 1285000   230 9.90
0.545 0.0492 47.68 21.50  74  46  850000 1285000   230 9.90
0.547 0.0483 47.55 21.50  74  46  850000 1285000   230 9.90
0.549 0.0490 47.40 21.50  74  46  850000 1285000   230 9.90
0.552 0.0474 47.26 21.50  74  46  850000 1285000   230 9.90
0.554 0.0481 47.11 21.50  74  46  850000 1285000   230 9.90
0.556 0.0445 46.96 21.50  74  46  850000 1285000   230 9.90
0.559 0.0483 46.82 21.50  74  46  850000 1285000   230 9.90
0.561 0.0426 46.67 21.50  74  46  850000 1285000   230 9.90
0.563 0.0469 46.52 21.50  74  46  850000 1285000   230 9.90
0.566 0.0462 46.36 21.50  74  46  850000 1285000   230 9.90
0.568 0.0474 46.21 21.50  74  46  850000 1285000   230 9.90
0.570 0.0474 46.05 21.50  74  46  850000 1285000   230 9.90
0.572 0.0431 45.90 21.50  74  46  850000 1285000   230 9.90
0.575 0.0448 45.74 21.50  74  46  850000 1285000   230 9.90
0.577 0.0454 45.60 21.50  74  46  850000 1285000   230 9.90
0.579 0.0459 45.47 21.50  74  46  850000 1285000   230 9.90
0.582 0.0469 45.36 21.50  74  46  850000 1285000   230 9.90
0.584 0.0464 45.26 21.50  74  46  850000 1285000   230 9.90
0.586 0.0441 45.19 21.50  74  46  850000 1285000   230 9.90
0.589 0.0477 45.13 21.50  74  46  850000 1285000   230 9.90
0.591 0.0433 45.09 21.50  74  46  850000 1285000   230 9.90
0.593 0.0444 45.04 21.50  74  46  850000 1285000   230 9.90
0.595 0.0471 45.00 21.50  74  46  850000 1285000   230 9.90
0.598 0.0430 44.96 21.50  74  46  850000 1285000   230 9.90
0.600 0.0459 44.91 21.50  74  46  850000 1285000   230 9.90
0.602 0.0428 44.87 21.50  74  46  850000 1285000   230 9.90
0.605 0.0457 44.84 21.50  74  46  850000 1285000   230 9.90
0.607 0.0446 44.81 21.50  74  46  850000 1285000   230 9.90
0.609 0.0457 44.80 21.50  74  46  850000 1285000   230 9.90
0.611 0.0429 44.80 21.50  74  46  850000 1285000   230 9.90
0.614 0.0436 44.81 21.50  74  46  850000 1285000   230 9.90
0.616 0.0465 44.83 21.50  74  46  850000 1285000   230 9.90
0.618 0.0451 44.86 21.50  74  46  850000 1285000   230 9.90
0.621 0.0465 44.90 21.50  74  46  850000 1285000   230 9.90
0.623 0.0463 44.98 21.50  74  46  850000 1285000   230 9.90
0.625 0.0439 45.07 21.50  74  46  850000 1285000   230 9.90
0.628 0.0444 45.19 21.50  74  46  850000 1285000   230 9.90
0.630 0.0439 45.31 21.50  74  46  850000 1285000   230 9.90
0.632 0.0459 45.45 21.50  74  46  850000 1285000   230 9.90
0.634 0.0468 45.60 21.50  74  46  850000 1285000   230 9.90
0.637 0.0453 45.76 21.50  74  46  850000 1285000   230 9.90
0.639 0.0470 45.93 21.50  74  46  850000 1285000   230 9.90
0.641 0.0437 46.11 21.50  74  46  850000 1285000   230 9.90
0.644 0.0464 46.31 21.50  74  46  850000 1285000   230 9.90
0.646 0.0506 46.53 21.50  74  46  850000 1285000   230 9.90
0.648 0.0431 46.78 21.50  74  46  850000 1285000   230 9.90
0.651 0.0469 47.05 21.50  74  46  850000 1285000   230 9.90
0.653 0.0466 47.35 21.50  74  46  850000 1285000   230 9.90
0.655 0.0481 47.65 21.50  74  46  850000 1285000   230 9.90
0.657 0.0460 47.96 21.50  74  46  850000 1285000   230 9.90
0.660 0.0532 48.27 21.50  74  46  850000 1285000   230 9.90
0.662 0.0466 48.59 21.50  74  46  850000 1285000   230 9.90
0.664 0.0494 48.90 21.50  74  46  850000 1285000   230 9.90
0.667 0.0487 49.21 21.50  74  46  850000 1285000   230 9.90
0.669 0.0498 49.53 21.50  74  46  850000 1285000   230 9.90
0.671 0.0474 49.85 21.50  74  46  850000 1285000   230 9.90
0.674 0.0519 50.18 21.50  74  46  850000 1285000   230 9.90
0.676 0.0486 50.52 21.50  74  46  850000 1285000   230 9.90
0.678 0.0544 50.87 21.50  74  46  850000 1285000   230 9.90
0.680 0.0509 51.23 21.50  74  46  850000 1285000   230 9.90
0.683 0.0534 51.58 21.50  74  46  850000 1285000   230 9.90
0.685 0.0482 51.93 21.50  74  46  850000 1285000   230 9.90
0.687 0.0550 52.26 21.50  74  46  850000 1285000   230 9.90
0.690 0.0549 52.57 21.50  74  46  850000 1285000   230 9.90
0.692 0.0507 52.87 21.50  74  46  850000 1285000   230 9.90
0.694 0.0514 53.14 21.50  74  46  850000 1285000   230 9.90
0.697 0.0466 53.40 21.50  74  46  850000 1285000   230 9.90
0.699 0.0561 53.64 21.50  74  46  850000 1285000   230 9.90
0.701 0.0579 53.89 21.50  74  46  850000 1285000   230 9.90
0.703 0.0542 54.13 21.50  74  46  850000 1285000   230 9.90
0.706 0.0536 54.37 21.50  74  46  850000 1285000   230 9.90
0.708 0.0550 54.60 21.50  74  46  850000 1285000   230 9.90
0.710 0.0590 54.81 21.50  74  46  850000 1285000   230 9.90
0.713 0.0579 55.01 21.50  74  46  850000 1285000   230 9.90
0.715 0.0512 55.20 21.50  74  46  850000 1285000   230 9.90
0.717 0.0571 55.39 21.50  74  46  850000 1285000   230 9.90
0.720 0.0503 55.57 21.50  74  46  850000 1285000   230 9.90
0.722 0.0574 55.77 21.50  74  46  850000 1285000   230 9.90
0.724 0.0563 55.97 21.50  74  46  850000 1285000   230 9.90
0.726 0.0558 56.18 21.50  74  46  850000 1285000   230 9.90
0.729 0.0555 56.40 21.50  74  46  850000 1285000   230 9.90
0.731 0.0549 56.62 21.50  74  46  850000 1285000   230 9.90
0.733 0.0597 56.86 21.50  74  46  850000 1285000   230 9.90
0.736 0.0563 57.10 21.50  74  46  850000 1285000   230 9.90
0.738 0.0566 57.35 21.50  74  46  850000 1285000   230 9.90
0.740 0.0595 57.62 21.50  74  46  850000 1285000   230 9.90
0.743 0.0603 57.92 21.50  74  46  850000 1285000   230 9.90
0.745 0.0578 58.23 21.50  74  46  850000 1285000   230 9.90
0.747 0.0536 58.57 21.50  74  46  850000 1285000   230 9.90
0.749 0.0573 58.92 21.50  74  46  850000 1285000   230 9.90
0.752 0.0610 59.28 21.50  74  46  850000 1285000   230 9.90
0.754 0.0573 59.64 21.50  74  46  850000 1285000   230 9.90
0.756 0.0618 60.00 21.50  74  46  850000 1285000   230 9.90
0.759 0.0639 60.35 21.50  74  46  850000 1285000   230 9.90
0.761 0.0619 60.68 21.50  74  46  850000 1285000   230 9.90
0.763 0.0608 61.00 21.50  74  46  850000 1285000   230 9.90
0.766 0.0618 61.31 21.50  74  46  850000 1285000   230 9.90
0.768 0.0610 61.62 21.50  74  46  850000 1285000   230 9.90
0.770 0.0602 61.92 21.50  74  46  850000 1285000   230 9.90
0.772 0.0615 62.21 21.50  74  46  850000 1285000   230 9.90
0.775 0.0626 62.49 21.50  74  46  850000 1285000   230 9.90
0.777 0.0605 62.77 21.50  74  46  850000 1285000   230 9.90
0.779 0.0672 63.04 21.50  74  46  850000 1285000   230 9.90
0.782 0.0632 63.30 21.50  74  46  850000 1285000   230 9.90
0.784 0.0626 63.54 21.50  74  46  850000 1285000   230 9.90
0.786 0.0636 63.78 21.50  74  46  850000 1285000   230 9.90
0.789 0.0647 64.00 21.50  74  46  850000 1285000   230 9.90
0.791 0.0640 64.22 21.50  74  46  850000 1285000   230 9.90
0.793 0.0654 64.45 21.50  74  46  850000 1285000   230 9.90
0.795 0.0657 64.68 21.50  74  46  850000 1285000   230 9.90
0.798 0.0635 64.92 21.50  74  46  850000 1285000   230 9.90
0.800 0.0608 65.16 21.50  74  46  850000 1285000   230 9.90
0.802 0.0659 65.40 21.50  74  46  850000 1285000   230 9.90
0.805 0.0700 65.61 21.50  74  46  850000 1285000   230 9.90
0.807 0.0638 65.81 21.50  74  46  850000 1285000   230 9.90
0.809 0.0652 65.99 21.50  74  46  850000 1285000   230 9.90
0.811 0.0662 66.16 21.50  74  46  850000 1285000   230 9.90
0.814 0.0688 66.31 21.50  74  46  850000 1285000   230 9.90
0.816 0.0662 66.47 21.50  74  46  850000 1285000   230 9.90
0.818 0.0676 66.63 21.50  74  46  850000 1285000   230 9.90
0.821 0.0645 66.80 21.50  74  46  850000 1285000   230 9.90
0.823 0.0677 66.98 21.50  74  46  850000 1285000   230 9.90
0.825 0.0672 67.15 21.50  74  46  850000 1285000   230 9.90
0.828 0.0676 67.33 21.50  74  46  850000 1285000   230 9.90
0.830 0.0680 67.51 21.50  74  46  850000 1285000   230 9.90
0.832 0.0689 67.68 21.50  74  46  850000 1285000   230 9.90
0.834 0.0687 67.85 21.50  74  46  850000 1285000   230 9.90
0.837 0.0674 68.01 21.50  74  46  850000 1285000   230 9.90
0.839 0.0622 68.17 21.50  74  46  850000 1285000   230 9.90
0.841 0.0687 68.33 21.50  74  46  850000 1285000   230 9.90
0.844 0.0696 68.48 21.50  74  46  850000 1285000   230 9.90
0.846 0.0690 68.63 21.50  74  46  850000 1285000   230 9.90
0.848 0.0687 68.78 21.50  74  46  850000 1285000   230 9.90
0.851 0.0723 68.93 21.50  74  46  850000 1285000   230 9.90
0.853 0.0661 69.09 21.50  74  46  850000 1285000   230 9.90
0.855 0.0716 69.27 21.50  74  46  850000 1285000   230 9.90
0.857 0.0697 69.47 21.50  74  46  850000 1285000   230 9.90
0.860 0.0699 69.69 21.50  74  46  850000 1285000   230 9.90
0.862 0.0700 69.93 21.50  74  46  850000 1285000   230 9.90
0.864 0.0696 70.18 21.50  74  46  850000 1285000   230 9.90
0.867 0.0675 70.43 21.50  74  46  850000 1285000   230 9.90
0.869 0.0740 70.68 21.50  74  46  850000 1285000   230 9.90
0.871 0.0693 70.91 21.50  74  46  850000 1285000   230 9.90
0.874 0.0706 71.11 21.50  74  46  850000 1285000   230 9.90
0.876 0.0699 71.30 21.50  74  46  850000 1285000   230 9.90
0.878 0.0723 71.46 21.50  74  46  850000 1285000   230 9.90
0.880 0.0724 71.60 21.50  74  46  850000 1285000   230 9.90
0.883 0.0686 71.73 21.50  74  46  850000 1285000   230 9.90
0.885 0.0750 71.86 21.50  74  46  850000 1285000   230 9.90
0.887 0.0687 72.00 21.50  74  46  850000 1285000   230 9.90
0.890 0.0712 72.15 21.50  74  46  850000 1285000   230 9.90
0.892 0.0781 72.30 21.50  74  46  850000 1285000   230 9.90
0.894 0.0760 72.44 21.50  74  46  850000 1285000   230 9.90
0.897 0.0738 72.58 21.50  74  46  850000 1285000   230 9.90
0.899 0.0711 72.70 21.50  74  46  850000 1285000   230 9.90
0.901 0.0713 72.80 21.50  74  46  850000 1285000   230 9.90
0.903 0.0732 72.89 21.50  74  46  850000 1285000   230 9.90
0.906 0.0717 72.96 21.50  74  46  850000 1285000   230 9.90
0.908 0.0708 73.03 21.50  74  46  850000 1285000   230 9.90
0.910 0.0667 73.09 21.50  74  46  850000 1285000   230 9.90
0.913 0.0781 73.16 21.50  74  46  850000 1285000   230 9.90
0.915 0.0722 73.24 21.50  74  46  850000 1285000   230 9.90
0.917 0.0750 73.32 21.50  74  46  850000 1285000   230 9.90
0.920 0.0738 73.41 21.50  74  46  850000 1285000   230 9.90
0.922 0.0778 73.52 21.50  74  46  850000 1285000   230 9.90
0.924 0.0700 73.63 21.50  74  46  850000 1285000   230 9.90
0.926 0.0743 73.76 21.50  74  46  850000 1285000   230 9.90
0.929 0.0765 73.91 21.50  74  46  850000 1285000   230 9.90
0.931 0.0727 74.06 21.50  74  46  850000 1285000   230 9.90
0.933 0.0715 74.22 21.50  74  46  850000 1285000   230 9.90
0.936 0.0720 74.38 21.50  74  46  850000 1285000   230 9.90
0.938 0.0732 74.53 21.50  74  46  850000 1285000   230 9.90
0.940 0.0789 74.68 21.50  74  46  850000 1285000   230 9.90
0.943 0.0753 74.79 21.50  74  46  850000 1285000   230 9.90
0.945 0.0740 74.88 21.50  74  46  850000 1285000   230 9.90
0.947 0.0751 74.95 21.50  74  46  850000 1285000   230 9.90
0.949 0.0775 75.00 21.50  74  46  850000 1285000   230 9.90
0.952 0.0752 75.04 21.50  74  46  850000 1285000   230 9.90
0.954 0.0736 75.07 21.50  74  46  850000 1285000   230 9.90
0.956 0.0764 75.10 21.50  74  46  850000 1285000   230 9.90
0.959 0.0732 75.12 21.50  74  46  850000 1285000   230 9.90
0.961 0.0739 75.16 21.50  74  46  850000 1285000   230 9.90
0.963 0.0760 75.19 21.50  74  46  850000 1285000   230 9.90
0.966 0.0760 75.22 21.50  74  46  850000 1285000   230 9.90
0.968 0.0779 75.25 21.50  74  46  850000 1285000   230 9.90
0.970 0.0735 75.28 21.50  74  46  850000 1285000   230 9.90
0.972 0.0750 75.31 21.50  74  46  850000 1285000   230 9.90
0.975 0.0756 75.36 21.50  74  46  850000 1285000   230 9.90
0.977 0.0732 75.41 21.50  74  46  850000 1285000   230 9.90
0.979 0.0788 75.46 21.50  74  46  850000 1285000   230 9.90
0.982 0.0740 75.52 21.50  74  46  850000 1285000   230 9.90
0.984 0.0729 75.59 21.50  74  46  850000 1285000   230 9.90
0.986 0.0745 75.66 21.50  74  46  850000 1285000   230 9.90
0.989 0.0795 75.74 21.50  74  46  850000 1285000   230 9.90
0.991 0.0715 75.82 21.50  74  46  850000 1285000   230 9.90
0.993 0.0772 75.90 21.50  74  46  850000 1285000   230 9.90
0.995 0.0757 75.97 21.50  74  46  850000 1285000   230 9.90
0.998 0.0782 76.03 21.50  74  46  850000 1285000   230 9.90
1.000 0.0754 76.08 21.50  74  46  850000 1285000   230 9.90
1.002 0.0817 76.12 21.50  74  46  850000 1285000   230 9.90
1.005 0.0711 76.15 21.50  74  46  850000 1285000   230 9.90
1.007 0.0781 76.18 21.50  74  46  850000 1285000   230 9.90
1.009 0.0775 76.20 21.50  74  46  850000 1285000   230 9.90
1.011 0.0746 76.21 21.50  74  46  850000 1285000   230 9.90
1.014 0.0780 76.21 21.50  74  46  850000 1285000   230 9.90
1.016 0.0745 76.21 21.50  74  46  850000 1285000   230 9.90
1.018 0.0740 76.19 21.50  74  46  850000 1285000   230 9.90
1.021 0.0773 76.16 21.50  74  46  850000 1285000   230 9.90
1.023 0.0738 76.13 21.50  74  46  850000 1285000   230 9.90
1.025 0.0782 76.09 21.50  74  46  850000 1285000   230 9.90
1.028 0.0762 76.05 21.50  74  46  850000 1285000   230 9.90
1.030 0.0786 76.01 21.50  74  46  850000 1285000   230 9.90
1.032 0.0751 75.97 21.50  74  46  850000 1285000   230 9.90
1.034 0.0748 75.93 21.50  74  46  850000 1285000   230 9.90
1.037 0.0743 75.89 21.50  74  46  850000 1285000   230 9.90
1.039 0.0746 75.85 21.50  74  46  850000 1285000   230 9.90
1.041 0.0752 75.82 21.50  74  46  850000 1285000   230 9.90
1.044 0.0774 75.79 21.50  74  46  850000 1285000   230 9.90
1.046 0.0791 75.76 21.50  74  46  850000 1285000   230 9.90
1.048 0.0728 75.72 21.50  74  46  850000 1285000   230 9.90
1.051 0.0774 75.67 21.50  74  46  850000 1285000   230 9.90
1.053 0.0756 75.61 21.50  74  46  850000 1285000   230 9.90
1.055 0.0779 75.55 21.50  74  46  850000 1285000   230 9.90
1.057 0.0730 75.50 21.50  74  46  850000 1285000   230 9.90
1.060 0.0758 75.45 21.50  74  46  850000 1285000   230 9.90
1.062 0.0746 75.40 21.50  74  46  850000 1285000   230 9.90
1.064 0.0749 75.36 21.50  74  46  850000 1285000   230 9.90
1.067 0.0771 75.32 21.50  74  46  850000 1285000   230 9.90
1.069 0.0729 75.30 21.50  74  46  850000 1285000   230 9.90
1.071 0.0763 75.28 21.50  74  46  850000 1285000   230 9.90
1.074 0.0751 75.26 21.50  74  46  850000 1285000   230 9.90
1.076 0.0718 75.25 21.50  74  46  850000 1285000   230 9.90
1.078 0.0796 75.23 21.50  74  46  850000 1285000   230 9.90
1.080 0.0746 75.23 21.50  74  46  850000 1285000   230 9.90
1.083 0.0756 75.24 21.50  74  46  850000 1285000   230 9.90
1.085 0.0748 75.25 21.50  74  46  850000 1285000   230 9.90
1.087 0.0748 75.28 21.50  74  46  850000 1285000   230 9.90
1.090 0.0730 75.32 21.50  74  46  850000 1285000   230 9.90
1.092 0.0758 75.36 21.50  74  46  850000 1285000   230 9.90
1.094 0.0798 75.40 21.50  74  46  850000 1285000   230 9.90
1.097 0.0724 75.44 21.50  74  46  850000 1285000   230 9.90
1.099 0.0785 75.47 21.50  74  46  850000 1285000   230 9.90
1.101 0.0752 75.51 21.50  74  46  850000 1285000   230 9.90
1.103 0.0731 75.54 21.50  74  46  850000 1285000   230 9.90
1.106 0.0742 75.56 21.50  74  46  850000 1285000   230 9.90
1.108 0.0781 75.59 21.50  74  46  850000 1285000   230 9.90
1.110 0.0768 75.62 21.50  74  46  850000 1285000   230 9.90
1.113 0.0740 75.66 21.50  74  46  850000 1285000   230 9.90
1.115 0.0745 75.69 21.50  74  46  850000 1285000   230 9.90
1.117 0.0761 75.73 21.50  74  46  850000 1285000   230 9.90
1.120 0.0766 75.76 21.50  74  46  850000 1285000   230 9.90
1.122 0.0767 75.80 21.50  74  46  850000 1285000   230 9.90
1.124 0.0750 75.82 21.50  74  46  850000 1285000   230 9.90
1.126 0.0752 75.86 21.50  74  46  850000 1285000   230 9.90
1.129 0.0737 75.89 21.50  74  46  850000 1285000   230 9.90
1.131 0.0784 75.94 21.50  74  46  850000 1285000   230 9.90
1.133 0.0778 75.99 21.50  74  46  850000 1285000   230 9.90
1.136 0.0733 76.05 21.50  74  46  850000 1285000   230 9.90
1.138 0.0765 76.11 21.50  74  46  850000 1285000   230 9.90
1.140 0.0766 76.18 21.50  74  46  850000 1285000   230 9.90
1.143 0.0781 76.25 21.50  74  46  850000 1285000   230 9.90
1.145 0.0745 76.31 21.50  74  46  850000 1285000   230 9.90
1.147 0.0765 76.36 21.50  74  46  850000 1285000   230 9.90
1.149 0.0741 76.40 21.50  74  46  850000 1285000   230 9.90
1.152 0.0806 76.44 21.50  74  46  850000 1285000   230 9.90
1.154 0.0747 76.48 21.50  74  46  850000 1285000   230 9.90
1.156 0.0762 76.52 21.50  74  46  850000 1285000   230 9.90
1.159 0.0761 76.54 21.50  74  46  850000 1285000   230 9.90
1.161 0.0755 76.56 21.50  74  46  850000 1285000   230 9.90
1.163 0.0758 76.56 21.50  74  46  850000 1285000   230 9.90
1.166 0.0786 76.57 21.50  74  46  850000 1285000   230 9.90
1.168 0.0800 76.59 21.50  74  46  850000 1285000   230 9.90
1.170 0.0762 76.61 21.50  74  46  850000 1285000   230 9.90
1.172 0.0765 76.64 21.50  74  46  850000 1285000   230 9.90
1.175 0.0763 76.67 21.50  74  46  850000 1285000   230 9.90
1.177 0.0751 76.70 21.50  74  46  850000 1285000   230 9.90
1.179 0.0749 76.75 21.50  74  46  850000 1285000   230 9.90
1.182 0.0793 76.80 21.50  74  46  850000 1285000   230 9.90
1.184 0.0745 76.85 21.50  74  46  850000 1285000   230 9.90
1.186 0.0784 76.91 21.50  74  46  850000 1285000   230 9.90
1.189 0.0764 76.98 21.50  74  46  850000 1285000   230 9.90
1.191 0.0782 77.05 21.50  74  46  850000 1285000   230 9.90
1.193 0.0759 77.13 21.50  74  46  850000 1285000   230 9.90
1.195 0.0750 77.22 21.50  74  46  850000 1285000   230 9.90
1.198 0.0801 77.31 21.50  74  46  850000 1285000   230 9.90
1.200 0.0756 77.41 21.50  74  46  850000 1285000   230 9.90
1.202 0.0776 77.51 21.50  74  46  850000 1285000   230 9.90
1.205 0.0774 77.61 21.50  74  46  850000 1285000   230 9.90
1.207 0.0804 77.72 21.50  74  46  850000 1285000   230 9.90
1.209 0.0780 77.82 21.50  74  46  850000 1285000   230 9.90
1.211 0.0789 77.93 21.50  74  46  850000 1285000   230 9.90
1.214 0.0776 78.03 21.50  74  46  850000 1285000   230 9.90
1.216 0.0741 78.11 21.50  74  46  850000 1285000   230 9.90
1.218 0.0790 78.16 21.50  74  46  850000 1285000   230 9.90
1.221 0.0784 78.21 21.50  74  46  850000 1285000   230 9.90
1.223 0.0814 78.24 21.50  74  46  850000 1285000   230 9.90
1.225 0.0791 78.25 21.50  74  46  850000 1285000   230 9.90
1.228 0.0749 78.25 21.50  74  46  850000 1285000   230 9.90
1.230 0.0799 78.25 21.50  74  46  850000 1285000   230 9.90
1.232 0.0786 78.23 21.50  74  46  850000 1285000   230 9.90
1.234 0.0754 78.20 21.50  74  46  850000 1285000   230 9.90
1.237 0.0810 78.16 21.50  74  46  850000 1285000   230 9.90
1.239 0.0792 78.12 21.50  74  46  850000 1285000   230 9.90
1.241 0.0753 78.07 21.50  74  46  850000 1285000   230 9.90
1.244 0.0771 78.03 21.50  74  46  850000 1285000   230 9.90
1.246 0.0807 78.00 21.50  74  46  850000 1285000   230 9.90
1.248 0.0785 77.98 21.50  74  46  850000 1285000   230 9.90
1.251 0.0785 77.95 21.50  74  46  850000 1285000   230 9.90
1.253 0.0754 77.93 21.50  74  46  850000 1285000   230 9.90
1.255 0.0795 77.90 21.50  74  46  850000 1285000   230 9.90
1.257 0.0748 77.88 21.50  74  46  850000 1285000   230 9.90
1.260 0.0788 77.86 21.50  74  46  850000 1285000   230 9.90
1.262 0.0783 77.84 21.50  74  46  850000 1285000   230 9.90
1.264 0.0788 77.83 21.50  74  46  850000 1285000   230 9.90
1.267 0.0763 77.82 21.50  74  46  850000 1285000   230 9.90
1.269 0.0771 77.82 21.50  74  46  850000 1285000   230 9.90
1.271 0.0781 77.82 21.50  74  46  850000 1285000   230 9.90
1.274 0.0814 77.81 21.50  74  46  850000 1285000   230 9.90
1.276 0.0746 77.80 21.50  74  46  850000 1285000   230 9.90
1.278 0.0778 77.80 21.50  74  46  850000 1285000   230 9.90
1.280 0.0791 77.80 21.50  74  46  850000 1285000   230 9.90
1.283 0.0793 77.80 21.50  74  46  850000 1285000   230 9.90
1.285 0.0781 77.82 21.50  74  46  850000 1285000   230 9.90
1.287 0.0753 77.85 21.50  74  46  850000 1285000   230 9.90
1.290 0.0798 77.89 21.50  74  46  850000 1285000   230 9.90
1.292 0.0754 77.94 21.50  74  46  850000 1285000   230 9.90
1.294 0.0789 78.00 21.50  74  46  850000 1285000   230 9.90
1.297 0.0794 78.05 21.50  74  46  850000 1285000   230 9.90
1.299 0.0767 78.11 21.50  74  46  850000 1285000   230 9.90
1.301 0.0779 78.18 21.50  74  46  850000 1285000   230 9.90
1.303 0.0794 78.26 21.50  74  46  850000 1285000   230 9.90
1.306 0.0763 78.37 21.50  74  46  850000 1285000   230 9.90
1.308 0.0778 78.48 21.50  74  46  850000 1285000   230 9.90
1.310 0.0805 78.61 21.50  74  46  850000 1285000   230 9.90
1.313 0.0759 78.75 21.50  74  46  850000 1285000   230 9.90
1.315 0.0815 78.90 21.50  74  46  850000 1285000   230 9.90
1.317 0.0787 79.04 21.50  74  46  850000 1285000   230 9.90
1.320 0.0784 79.19 21.50  74  46  850000 1285000   230 9.90
1.322 0.0792 79.34 21.50  74  46  850000 1285000   230 9.90
1.324 0.0810 79.48 21.50  74  46  850000 1285000   230 9.90
1.326 0.0812 79.61 21.50  74  46  850000 1285000   230 9.90
1.329 0.0789 79.72 21.50  74  46  850000 1285000   230 9.90
1.331 0.0786 79.82 21.50  74  46  850000 1285000   230 9.90
1.333 0.0789 79.89 21.50  74  46  850000 1285000   230 9.90
1.336 0.0806 79.94 21.50  74  46  850000 1285000   230 9.90
1.338 0.0772 79.97 21.50  74  46  850000 1285000   230 9.90
1.340 0.0827 79.99 21.50  74  46  850000 1285000   230 9.90
1.343 0.0815 79.99 21.50  74  46  850000 1285000   230 9.90
1.345 0.0841 79.96 21.50  74  46  850000 1285000   230 9.90
1.347 0.0762 79.92 21.50  74  46  850000 1285000   230 9.90
1.349 0.0817 79.86 21.50  74  46  850000 1285000   230 9.90
1.352 0.0753 79.79 21.50  74  46  850000 1285000   230 9.90
1.354 0.0827 79.71 21.50  74  46  850000 1285000   230 9.90
1.356 0.0774 79.62 21.50  74  46  850000 1285000   230 9.90
1.359 0.0808 79.52 21.50  74  46  850000 1285000   230 9.90
1.361 0.0807 79.42 21.50  74  46  850000 1285000   230 9.90
1.363 0.0784 79.31 21.50  74  46  850000 1285000   230 9.90
1.366 0.0796 79.19 21.50  74  46  850000 1285000   230 9.90
1.368 0.0768 79.06 21.50  74  46  850000 1285000   230 9.90
1.370 0.0782 78.93 21.50  74  46  850000 1285000   230 9.90
1.372 0.0826 78.79 21.50  74  46  850000 1285000   230 9.90
1.375 0.0748 78.66 21.50  74  46  850000 1285000   230 9.90
1.377 0.0832 78.52 21.50  74  46  850000 1285000   230 9.90
1.379 0.0758 78.40 21.50  74  46  850000 1285000   230 9.90
1.382 0.0785 78.28 21.50  74  46  850000 1285000   230 9.90
1.384 0.0786 78.19 21.50  74  46  850000 1285000   230 9.90
1.386 0.0767 78.11 21.50  74  46  850000 1285000   230 9.90
1.389 0.0801 78.05 21.50  74  46  850000 1285000   230 9.90
1.391 0.0760 78.00 21.50  74  46  850000 1285000   230 9.90
1.393 0.0816 77.96 21.50  74  46  850000 1285000   230 9.90
1.395 0.0768 77.93 21.50  74  46  850000 1285000   230 9.90
1.398 0.0767 77.90 21.50  74  46  850000 1285000   230 9.90
1.400 0.0756 77.89 21.50  74  46  850000 1285000   230 9.90
1.402 0.0782 77.89 21.50  74  46  850000 1285000   230 9.90
1.405 0.0794 77.90 21.50  74  46  850000 1285000   230 9.90
1.407 0.0764 77.92 21.50  74  46  850000 1285000   230 9.90
1.409 0.0774 77.95 21.50  74  46  850000 1285000   230 9.90
1.411 0.0783 77.98 21.50  74  46  850000 1285000   230 9.90
1.414 0.0784 78.02 21.50  74  46  850000 1285000   230 9.90
1.416 0.0808 78.07 21.50  74  46  850000 1285000   230 9.90
1.418 0.0764 78.11 21.50  74  46  850000 1285000   230 9.90
1.421 0.0766 78.16 21.50  74  46  850000 1285000   230 9.90
1.423 0.0791 78.20 21.50  74  46  850000 1285000   230 9.90
1.425 0.0820 78.25 21.50  74  46  850000 1285000   230 9.90
1.428 0.0775 78.29 21.50  74  46  850000 1285000   230 9.90
1.430 0.0775 78.34 21.50  74  46  850000 1285000   230 9.90
1.432 0.0783 78.40 21.50  74  46  850000 1285000   230 9.90
1.434 0.0767 78.46 21.50  74  46  850000 1285000   230 9.90
1.437 0.0796 78.52 21.50  74  46  850000 1285000   230 9.90
1.439 0.0762 78.58 21.50  74  46  850000 1285000   230 9.90
1.441 0.0813 78.63 21.50  74  46  850000 1285000   230 9.90
1.444 0.0784 78.68 21.50  74  46  850000 1285000   230 9.90
1.446 0.0813 78.72 21.50  74  46  850000 1285000   230 9.90
1.448 0.0735 78.76 21.50  74  46  850000 1285000   230 9.90
1.451 0.0811 78.79 21.50  74  46  850000 1285000   230 9.90
1.453 0.0772 78.83 21.50  74  46  850000 1285000   230 9.90
1.455 0.0803 78.86 21.50  74  46  850000 1285000   230 9.90
1.457 0.0763 78.90 21.50  74  46  850000 1285000   230 9.90
1.460 0.0820 78.94 21.50  74  46  850000 1285000   230 9.90
1.462 0.0781 78.97 21.50  74  46  850000 1285000   230 9.90
1.464 0.0776 79.01 21.50  74  46  850000 1285000   230 9.90
1.467 0.0822 79.04 21.50  74  46  850000 1285000   230 9.90
1.469 0.0803 79.08 21.50  74  46  850000 1285000   230 9.90
1.471 0.0801 79.11 21.50  74  46  850000 1285000   230 9.90
1.474 0.0799 79.13 21.50  74  46  850000 1285000   230 9.90
1.476 0.0740 79.15 21.50  74  46  850000 1285000   230 9.90
1.478 0.0809 79.16 21.50  74  46  850000 1285000   230 9.90
1.480 0.0792 79.17 21.50  74  46  850000 1285000   230 9.90
1.483 0.0771 79.20 21.50  74  46  850000 1285000   230 9.90
1.485 0.0802 79.24 21.50  74  46  850000 1285000   230 9.90
1.487 0.0804 79.29 21.50  74  46  850000 1285000   230 9.90
1.490 0.0787 79.35 21.50  74  46  850000 1285000   230 9.90
1.492 0.0783 79.43 21.50  74  46  850000 1285000   230 9.90
1.494 0.0789 79.51 21.50  74  46  850000 1285000   230 9.90
1.497 0.0833 79.61 21.50  74  46  850000 1285000   230 9.90
1.499 0.0798 79.73 21.50  74  46  850000 1285000   230 9.90
1.501 0.0766 79.85 21.50  74  46  850000 1285000   230 9.90
1.503 0.0780 79.98 21.50  74  46  850000 1285000   230 9.90
1.506 0.0829 80.11 21.50  74  46  850000 1285000   230 9.90
1.508 0.0820 80.25 21.50  74  46  850000 1285000   230 9.90
1.510 0.0784 80.38 21.50  74  46  850000 1285000   230 9.90
1.513 0.0781 80.50 21.50  74  46  850000 1285000   230 9.90
1.515 0.0796 80.61 21.50  74  46  850000 1285000   230 9.90
1.517 0.0839 80.69 21.50  74  46  850000 1285000   230 9.90
1.520 0.0850 80.76 21.50  74  46  850000 1285000   230 9.90
1.522 0.0770 80.82 21.50  74  46  850000 1285000   230 9.90
1.524 0.0824 80.87 21.50  74  46  850000 1285000   230 9.90
1.526 0.0825 80.92 21.50  74  46  850000 1285000   230 9.90
1.529 0.0822 80.98 21.50  74  46  850000 1285000   230 9.90
1.531 0.0759 81.05 21.50  74  46  850000 1285000   230 9.90
1.533 0.0850 81.12 21.50  74  46  850000 1285000   230 9.90
1.536 0.0795 81.19 21.50  74  46  850000 1285000   230 9.90
1.538 0.0809 81.25 21.50  74  46  850000 1285000   230 9.90
1.540 0.0806 81.32 21.50  74  46  850000 1285000   230 9.90
1.543 0.0812 81.39 21.50  74  46  850000 1285000   230 9.90
1.545 0.0826 81.45 21.50  74  46  850000 1285000   230 9.90
1.547 0.0786 81.50 21.50  74  46  850000 1285000   230 9.90
1.549 0.0850 81.55 21.50  74  46  850000 1285000   230 9.90
1.552 0.0802 81.61 21.50  74  46  850000 1285000   230 9.90
1.554 0.0776 81.69 21.50  74  46  850000 1285000   230 9.90
1.556 0.0854 81.78 21.50  74  46  850000 1285000   230 9.90
1.559 0.0795 81.89 21.50  74  46  850000 1285000   230 9.90
1.561 0.0832 82.01 21.50  74  46  850000 1285000   230 9.90
1.563 0.0860 82.15 21.50  74  46  850000 1285000   230 9.90
1.566 0.0815 82.31 21.50  74  46  850000 1285000   230 9.90
1.568 0.0824 82.46 21.50  74  46  850000 1285000   230 9.90
1.570 0.0837 82.61 21.50  74  46  850000 1285000   230 9.90
1.572 0.0845 82.76 21.50  74  46  850000 1285000   230 9.90
1.575 0.0808 82.90 21.50  74  46  850000 1285000   230 9.90
1.577 0.0782 83.03 21.50  74  46  850000 1285000   230 9.90
1.579 0.0810 83.16 21.50  74  46  850000 1285000   230 9.90
1.582 0.0886 83.29 21.50  74  46  850000 1285000   230 9.90
1.584 0.0826 83.43 21.50  74  46  850000 1285000   230 9.90
1.586 0.0879 83.57 21.50  74  46  850000 1285000   230 9.90
1.589 0.0755 83.71 21.50  74  46  850000 1285000   230 9.90
1.591 0.0827 83.86 21.50  74  46  850000 1285000   230 9.90
1.593 0.0904 84.02 21.50  74  46  850000 1285000   230 9.90
1.595 0.0892 84.19 21.50  74  46  850000 1285000   230 9.90
1.598 0.0816 84.36 21.50  74  46  850000 1285000   230 9.90
1.600 0.0787 84.55 21.50  74  46  850000 1285000   230 9.90
1.602 0.0893 84.74 21.50  74  46  850000 1285000   230 9.90
1.605 0.0840 84.93 21.50  74  46  850000 1285000   230 9.90
1.607 0.0814 85.12 21.50  74  46  850000 1285000   230 9.90
1.609 0.0905 85.30 21.50  74  46  850000 1285000   230 9.90
1.611 0.0810 85.46 21.50  74  46  850000 1285000   230 9.90
1.614 0.0849 85.62 21.50  74  46  850000 1285000   230 9.90
1.616 0.0877 85.79 21.50  74  46  850000 1285000   230 9.90
1.618 0.0875 85.97 21.50  74  46  850000 1285000   230 9.90
1.621 0.0865 86.16 21.50  74  46  850000 1285000   230 9.90
1.623 0.0870 86.35 21.50  74  46  850000 1285000   230 9.90
1.625 0.0855 86.56 21.50  74  46  850000 1285000   230 9.90
1.628 0.0846 86.77 21.50  74  46  850000 1285000   230 9.90
1.630 0.0922 86.99 21.50  74  46  850000 1285000   230 9.90
1.632 0.0817 87.20 21.50  74  46  850000 1285000   230 9.90
1.634 0.0873 87.41 21.50  74  46  850000 1285000   230 9.90
1.637 0.0883 87.61 21.50  74  46  850000 1285000   230 9.90
1.639 0.0897 87.80 21.50  74  46  850000 1285000   230 9.90
1.641 0.0857 87.98 21.50  74  46  850000 1285000   230 9.90
1.644 0.0894 88.14 21.50  74  46  850000 1285000   230 9.90
1.646 0.0848 88.26 21.50  74  46  850000 1285000   230 9.90
1.648 0.0875 88.36 21.50  74  46  850000 1285000   230 9.90
1.651 0.0932 88.44 21.50  74  46  850000 1285000   230 9.90
1.653 0.0837 88.50 21.50  74  46  850000 1285000   230 9.90
1.655 0.0971 88.54 21.50  74  46  850000 1285000   230 9.90
1.657 0.0929 88.56 21.50  74  46  850000 1285000   230 9.90
1.660 0.0806 88.56 21.50  74  46  850000 1285000   230 9.90
1.662 0.0886 88.53 21.50  74  46  850000 1285000   230 9.90
1.664 0.0874 88.47 21.50  74  46  850000 1285000   230 9.90
1.667 0.0863 88.37 21.50  74  46  850000 1285000   230 9.90
1.669 0.0913 88.23 21.50  74  46  850000 1285000   230 9.90
1.671 0.0901 88.07 21.50  74  46  850000 1285000   230 9.90
1.674 0.0867 87.87 21.50  74  46  850000 1285000   230 9.90
1.676 0.0877 87.64 21.50  74  46  850000 1285000   230 9.90
1.678 0.0892 87.38 21.50  74  46  850000 1285000   230 9.90
1.680 0.0845 87.10 21.50  74  46  850000 1285000   230 9.90
1.683 0.0879 86.81 21.50  74  46  850000 1285000   230 9.90
1.685 0.0852 86.50 21.50  74  46  850000 1285000   230 9.90
1.687 0.0843 86.19 21.50  74  46  850000 1285000   230 9.90
1.690 0.0877 85.88 21.50  74  46  850000 1285000   230 9.90
1.692 0.0861 85.57 21.50  74  46  850000 1285000   230 9.90
1.694 0.0893 85.26 21.50  74  46  850000 1285000   230 9.90
1.697 0.0806 84.94 21.50  74  46  850000 1285000   230 9.90
1.699 0.0841 84.62 21.50  74  46  850000 1285000   230 9.90
1.701 0.0897 84.29 21.50  74  46  850000 1285000   230 9.90
1.703 0.0767 83.95 21.50  74  46  850000 1285000   230 9.90
1.706 0.0861 83.61 21.50  74  46  850000 1285000   230 9.90
1.708 0.0811 83.27 21.50  74  46  850000 1285000   230 9.90
1.710 0.0862 82.94 21.50  74  46  850000 1285000   230 9.90
1.713 0.0869 82.65 21.50  74  46  850000 1285000   230 9.90
1.715 0.0761 82.38 21.50  74  46  850000 1285000   230 9.90
1.717 0.0818 82.12 21.50  74  46  850000 1285000   230 9.90
1.720 0.0790 81.89 21.50  74  46  850000 1285000   230 9.90
1.722 0.0889 81.67 21.50  74  46  850000 1285000   230 9.90
1.724 0.0810 81.49 21.50  74  46  850000 1285000   230 9.90
1.726 0.0796 81.35 21.50  74  46  850000 1285000   230 9.90
1.729 0.0851 81.25 21.50  74  46  850000 1285000   230 9.90
1.731 0.0732 81.21 21.50  74  46  850000 1285000   230 9.90
1.734 0.0873 81.23 21.50  74  46  850000 1285000   230 9.90
1.737 0.0764 81.31 21.50  74  46  850000 1285000   230 9.90
1.739 0.0803 81.44 21.50  74  46  850000 1285000   230 9.90
1.742 0.0816 81.60 21.50  74  46  850000 1285000   230 9.90
1.745 0.0832 81.80 21.50  74  46  850000 1285000   230 9.90
1.749 0.0816 82.03 21.50  74  46  850000 1285000   230 9.90
1.752 0.0838 82.28 21.50  74  46  850000 1285000   230 9.90
1.755 0.0824 82.55 21.50  74  46  850000 1285000   230 9.90
1.759 0.0772 82.83 21.50  74  46  850000 1285000   230 9.90
1.763 0.0850 83.11 21.50  74  46  850000 1285000   230 9.90
1.767 0.0848 83.38 21.50  74  46  850000 1285000   230 9.90
1.771 0.0810 83.63 21.50  74  46  850000 1285000   230 9.90
1.775 0.0856 83.84 21.50  74  46  850000 1285000   230 9.90
1.780 0.0832 84.02 21.50  74  46  850000 1285000   230 9.90
1.784 0.0877 84.16 21.50  74  46  850000 1285000   230 9.90
1.789 0.0846 84.26 21.50  74  46  850000 1285000   230 9.90
1.794 0.0882 84.30 21.50  74  46  850000 1285000   230 9.90
1.799 0.0831 84.29 21.50  74  46  850000 1285000   230 9.90
1.805 0.0848 84.21 21.50  74  46  850000 1285000   230 9.90
1.811 0.0861 84.07 21.50  74  46  850000 1285000   230 9.90
1.817 0.0801 83.87 21.50  74  46  850000 1285000   230 9.90
1.823 0.0841 83.63 21.50  74  46  850000 1285000   230 9.90
1.829 0.0825 83.34 21.50  74  46  850000 1285000   230 9.90
1.836 0.0842 83.01 21.50  74  46  850000 1285000   230 9.90
1.843 0.0827 82.66 21.50  74  46  850000 1285000   230 9.90
1.850 0.0847 82.29 21.50  74  46  850000 1285000   230 9.90
1.858 0.0818 81.91 21.50  74  46  850000 1285000   230 9.90
1.866 0.0787 81.53 21.50  74  46  850000 1285000   230 9.90
1.874 0.0798 81.16 21.50  74  46  850000 1285000   230 9.90
1.883 0.0822 80.81 21.50  74  46  850000 1285000   230 9.90
1.892 0.0802 80.50 21.50  74  46  850000 1285000   230 9.90
1.901 0.0804 80.21 21.50  74  46  850000 1285000   230 9.90
1.911 0.0798 79.95 21.50  74  46  850000 1285000   230 9.90
1.921 0.0804 79.73 21.50  74  46  850000 1285000   230 9.90
1.931 0.0786 79.55 21.50  74  46  850000 1285000   230 9.90
1.943 0.0790 79.39 21.50  74  46  850000 1285000   230 9.90
1.954 0.0785 79.28 21.50  74  46  850000 1285000   230 9.90
1.966 0.0790 79.20 21.50  74  46  850000 1285000   230 9.90
1.977 0.0801 79.16 21.50  74  46  850000 1285000   230 9.90
1.989 0.0791 79.17 21.50  74  46  850000 1285000   230 9.90
2.000 0.0801 79.22 21.50  74  46  850000 1285000   230 9.90
2.011 0.0808 79.34 21.50  74  46  850000 1285000   230 9.90
2.023 0.0792 79.51 21.50  74  46  850000 1285000   230 9.90
2.034 0.0808 79.76 21.50  74  46  850000 1285000   230 9.90
2.046 0.0810 80.09 21.50  74  46  850000 1285000   230 9.90
2.057 0.0804 80.49 21.50  74  46  850000 1285000   230 9.90
2.069 0.0803 80.98 21.50  74  46  850000 1285000   230 9.90
2.080 0.0816 81.57 21.50  74  46  850000 1285000   230 9.90
2.092 0.0797 82.27 21.50  74  46  850000 1285000   230 9.90
2.103 0.0831 83.11 21.50  74  46  850000 1285000   230 9.90
2.115 0.0846 84.10 21.50  74  46  850000 1285000   230 9.90
2.126 0.0856 85.25 21.50  74  46  850000 1285000   230 9.90
2.138 0.0867 86.59 21.50  74  46  850000 1285000   230 9.90
2.149 0.0868 88.11 21.50  74  46  850000 1285000   230 9.90
2.161 0.0875 89.83 21.50  74  46  850000 1285000   230 9.90
2.172 0.0911 91.76 21.50  74  46  850000 1285000   230 9.90
2.184 0.0924 93.87 21.50  74  46  850000 1285000   230 9.90
2.195 0.0932 96.15 21.50  74  46  850000 1285000   230 9.90
2.207 0.0953 98.54 21.50  74  46  850000 1285000   230 9.90
2.218 0.0989 101.00 21.50  74  46  850000 1285000   230 9.90
2.230 0.1002 103.47 21.50  74  46  850000 1285000   230 9.90
2.241 0.1066 105.86 21.50  74  46  850000 1285000   230 9.90
2.253 0.1056 108.12 21.50  74  46  850000 1285000   230 9.90
2.264 0.1100 110.17 21.50  74  46  850000 1285000   230 9.90
2.276 0.1108 111.96 21.50  74  46  850000 1285000   230 9.90
2.287 0.1173 113.43 21.50  74  46  850000 1285000   230 9.90
2.299 0.1179 114.56 21.50  74  46  850000 1285000   230 9.90
2.310 0.1217 115.32 21.50  74  46  850000 1285000   230 9.90
2.322 0.1214 115.71 21.50  74  46  850000 1285000   230 9.90
2.333 0.1260 115.74 21.50  74  46  850000 1285000   230 9.90
2.345 0.1245 115.42 21.50  74  46  850000 1285000   230 9.90
2.356 0.1270 114.79 21.50  74  46  850000 1285000   230 9.90
2.368 0.1211 113.93 21.50  74  46  850000 1285000   230 9.90
2.379 0.1227 113.00 21.50  74  46  850000 1285000   230 9.90
2.391 0.1169 112.83 21.50  74  46  850000 1285000   230 9.90
2.402 0.1156 115.16 21.50  74  46  850000 1285000   230 9.90
2.414 0.1090 118.78 21.50  74  46  850000 1285000   230 9.90
2.425 0.1112 122.79 21.50  74  46  850000 1285000   230 9.90
2.437 0.1095 126.82 21.50  74  46  850000 1285000   230 9.90
2.448 0.1082 130.72 21.50  74  46  850000 1285000   230 9.90
2.460 0.1083 134.43 21.50  74  46  850000 1285000   230 9.90
2.471 0.1112 137.95 21.50  74  46  850000 1285000   230 9.90
2.483 0.1189 141.31 21.50  74  46  850000 1285000   230 9.90
2.494 0.1233 144.53 21.50  74  46  850000 1285000   230 9.90
2.506 0.1299 147.64 21.50  74  46  850000 1285000   230 9.90
2.517 0.1396 150.69 21.50  74  46  850000 1285000   230 9.90
2.529 0.1468 153.69 21.50  74  46  850000 1285000   230 9.90
2.540 0.1622 156.66 21.50  74  46  850000 1285000   230 9.90
2.552 0.1753 159.64 21.50  74  46  850000 1285000   230 9.90
2.563 0.1955 162.62 21.50  74  46  850000 1285000   230 9.90
2.575 0.2213 165.62 21.50  74  46  850000 1285000   230 9.90
2.586 0.2413 168.64 21.50  74  46  850000 1285000   230 9.90
2.598 0.2643 171.67 21.50  74  46  850000 1285000   230 9.90
2.609 0.2944 174.71 21.50  74  46  850000 1285000   230 9.90
2.621 0.3194 177.72 21.50  74  46  850000 1285000   230 9.90
2.632 0.0000 180.69 21.50  74  46  850000 1285000   230 9.90
2.644 0.0000 183.56 21.50  74  46  850000 1285000   230 9.90
