     x     qy smooth tpara  cd  zL     xTr    xCpl frame tma
-1.493 0.3446 331.06 26.10  69  46  745000 1244000   230 9.94
-1.483 0.3922 309.90 26.10  69  46  745000 1244000   230 9.94
-1.473 0.3911 289.81 26.10  69  46  745000 1244000   230 9.94
-1.463 0.2604 270.77 26.10  69  46  745000 1244000   230 9.94
-1.453 0.2169 252.74 26.10  69  46  745000 1244000   230 9.94
-1.443 0.1773 235.69 26.10  69  46  745000 1244000   230 9.94
-1.433 0.1609 219.60 26.10  69  46  745000 1244000   230 9.94
-1.423 0.1652 204.46 26.10  69  46  745000 1244000   230 9.94
-1.413 0.1574 190.23 26.10  69  46  745000 1244000   230 9.94
-1.403 0.1454 176.91 26.10  69  46  745000 1244000   230 9.94
-1.393 0.1388 164.49 26.10  69  46  745000 1244000   230 9.94
-1.383 0.1327 152.96 26.10  69  46  745000 1244000   230 9.94
-1.373 0.1262 142.31 26.10  69  46  745000 1244000   230 9.94
-1.363 0.1200 132.55 26.10  69  46  745000 1244000   230 9.94
-1.353 0.1168 123.69 26.10  69  46  745000 1244000   230 9.94
-1.343 0.1131 115.76 26.10  69  46  745000 1244000   230 9.94
-1.333 0.1099 108.79 26.10  69  46  745000 1244000   230 9.94
-1.323 0.1065 102.81 26.10  69  46  745000 1244000   230 9.94
-1.313 0.1038 97.90 26.10  69  46  745000 1244000   230 9.94
-1.303 0.1009 94.12 26.10  69  46  745000 1244000   230 9.94
-1.293 0.0994 91.59 26.10  69  46  745000 1244000   230 9.94
-1.283 0.0948 90.35 26.10  69  46  745000 1244000   230 9.94
-1.273 0.0940 90.21 26.10  69  46  745000 1244000   230 9.94
-1.263 0.0940 90.16 26.10  69  46  745000 1244000   230 9.94
-1.253 0.0888 88.79 26.10  69  46  745000 1244000   230 9.94
-1.242 0.0879 87.26 26.10  69  46  745000 1244000   230 9.94
-1.232 0.0857 85.71 26.10  69  46  745000 1244000   230 9.94
-1.222 0.0865 84.22 26.10  69  46  745000 1244000   230 9.94
-1.212 0.0839 82.83 26.10  69  46  745000 1244000   230 9.94
-1.202 0.0812 81.53 26.10  69  46  745000 1244000   230 9.94
-1.192 0.0805 80.31 26.10  69  46  745000 1244000   230 9.94
-1.182 0.0795 79.16 26.10  69  46  745000 1244000   230 9.94
-1.172 0.0784 78.10 26.10  69  46  745000 1244000   230 9.94
-1.162 0.0770 77.12 26.10  69  46  745000 1244000   230 9.94
-1.152 0.0753 76.24 26.10  69  46  745000 1244000   230 9.94
-1.142 0.0768 75.44 26.10  69  46  745000 1244000   230 9.94
-1.132 0.0738 74.74 26.10  69  46  745000 1244000   230 9.94
-1.122 0.0737 74.12 26.10  69  46  745000 1244000   230 9.94
-1.112 0.0722 73.58 26.10  69  46  745000 1244000   230 9.94
-1.102 0.0728 73.11 26.10  69  46  745000 1244000   230 9.94
-1.092 0.0715 72.71 26.10  69  46  745000 1244000   230 9.94
-1.082 0.0739 72.36 26.10  69  46  745000 1244000   230 9.94
-1.072 0.0707 72.07 26.10  69  46  745000 1244000   230 9.94
-1.062 0.0724 71.82 26.10  69  46  745000 1244000   230 9.94
-1.052 0.0703 71.60 26.10  69  46  745000 1244000   230 9.94
-1.042 0.0744 71.41 26.10  69  46  745000 1244000   230 9.94
-1.032 0.0698 71.23 26.10  69  46  745000 1244000   230 9.94
-1.022 0.0720 71.08 26.10  69  46  745000 1244000   230 9.94
-1.012 0.0723 70.92 26.10  69  46  745000 1244000   230 9.94
-1.002 0.0715 70.77 26.10  69  46  745000 1244000   230 9.94
-0.992 0.0709 70.61 26.10  69  46  745000 1244000   230 9.94
-0.982 0.0702 70.44 26.10  69  46  745000 1244000   230 9.94
-0.972 0.0711 70.27 26.10  69  46  745000 1244000   230 9.94
-0.962 0.0713 70.08 26.10  69  46  745000 1244000   230 9.94
-0.952 0.0693 69.89 26.10  69  46  745000 1244000   230 9.94
-0.942 0.0696 69.69 26.10  69  46  745000 1244000   230 9.94
-0.932 0.0697 69.49 26.10  69  46  745000 1244000   230 9.94
-0.922 0.0684 69.28 26.10  69  46  745000 1244000   230 9.94
-0.912 0.0689 69.07 26.10  69  46  745000 1244000   230 9.94
-0.902 0.0685 68.87 26.10  69  46  745000 1244000   230 9.94
-0.892 0.0679 68.67 26.10  69  46  745000 1244000   230 9.94
-0.882 0.0690 68.49 26.10  69  46  745000 1244000   230 9.94
-0.872 0.0687 68.32 26.10  69  46  745000 1244000   230 9.94
-0.862 0.0674 68.17 26.10  69  46  745000 1244000   230 9.94
-0.852 0.0675 68.03 26.10  69  46  745000 1244000   230 9.94
-0.842 0.0683 67.91 26.10  69  46  745000 1244000   230 9.94
-0.832 0.0674 67.81 26.10  69  46  745000 1244000   230 9.94
-0.822 0.0677 67.72 26.10  69  46  745000 1244000   230 9.94
-0.812 0.0680 67.65 26.10  69  46  745000 1244000   230 9.94
-0.802 0.0682 67.58 26.10  69  46  745000 1244000   230 9.94
-0.792 0.0682 67.53 26.10  69  46  745000 1244000   230 9.94
-0.782 0.0675 67.48 26.10  69  46  745000 1244000   230 9.94
-0.772 0.0663 67.44 26.10  69  46  745000 1244000   230 9.94
-0.762 0.0689 67.41 26.10  69  46  745000 1244000   230 9.94
-0.752 0.0665 67.39 26.10  69  46  745000 1244000   230 9.94
-0.741 0.0670 67.39 26.10  69  46  745000 1244000   230 9.94
-0.731 0.0670 67.38 26.10  69  46  745000 1244000   230 9.94
-0.721 0.0669 67.39 26.10  69  46  745000 1244000   230 9.94
-0.711 0.0691 67.39 26.10  69  46  745000 1244000   230 9.94
-0.701 0.0667 67.39 26.10  69  46  745000 1244000   230 9.94
-0.691 0.0670 67.39 26.10  69  46  745000 1244000   230 9.94
-0.681 0.0673 67.38 26.10  69  46  745000 1244000   230 9.94
-0.671 0.0664 67.35 26.10  69  46  745000 1244000   230 9.94
-0.661 0.0680 67.31 26.10  69  46  745000 1244000   230 9.94
-0.651 0.0679 67.26 26.10  69  46  745000 1244000   230 9.94
-0.641 0.0667 67.21 26.10  69  46  745000 1244000   230 9.94
-0.631 0.0670 67.16 26.10  69  46  745000 1244000   230 9.94
-0.621 0.0677 67.12 26.10  69  46  745000 1244000   230 9.94
-0.611 0.0676 67.09 26.10  69  46  745000 1244000   230 9.94
-0.601 0.0679 67.07 26.10  69  46  745000 1244000   230 9.94
-0.591 0.0688 67.07 26.10  69  46  745000 1244000   230 9.94
-0.581 0.0671 67.08 26.10  69  46  745000 1244000   230 9.94
-0.571 0.0667 67.10 26.10  69  46  745000 1244000   230 9.94
-0.561 0.0664 67.14 26.10  69  46  745000 1244000   230 9.94
-0.551 0.0670 67.18 26.10  69  46  745000 1244000   230 9.94
-0.541 0.0657 67.24 26.10  69  46  745000 1244000   230 9.94
-0.531 0.0656 67.29 26.10  69  46  745000 1244000   230 9.94
-0.521 0.0661 67.35 26.10  69  46  745000 1244000   230 9.94
-0.511 0.0675 67.40 26.10  69  46  745000 1244000   230 9.94
-0.501 0.0660 67.45 26.10  69  46  745000 1244000   230 9.94
-0.491 0.0682 67.50 26.10  69  46  745000 1244000   230 9.94
-0.481 0.0672 67.53 26.10  69  46  745000 1244000   230 9.94
-0.471 0.0694 67.57 26.10  69  46  745000 1244000   230 9.94
-0.461 0.0701 67.60 26.10  69  46  745000 1244000   230 9.94
-0.451 0.0670 67.61 26.10  69  46  745000 1244000   230 9.94
-0.441 0.0685 67.62 26.10  69  46  745000 1244000   230 9.94
-0.431 0.0677 67.60 26.10  69  46  745000 1244000   230 9.94
-0.421 0.0688 67.56 26.10  69  46  745000 1244000   230 9.94
-0.411 0.0677 67.49 26.10  69  46  745000 1244000   230 9.94
-0.401 0.0667 67.39 26.10  69  46  745000 1244000   230 9.94
-0.391 0.0680 67.26 26.10  69  46  745000 1244000   230 9.94
-0.381 0.0657 67.08 26.10  69  46  745000 1244000   230 9.94
-0.371 0.0667 66.87 26.10  69  46  745000 1244000   230 9.94
-0.361 0.0673 66.64 26.10  69  46  745000 1244000   230 9.94
-0.351 0.0651 66.38 26.10  69  46  745000 1244000   230 9.94
-0.341 0.0666 66.11 26.10  69  46  745000 1244000   230 9.94
-0.331 0.0667 65.85 26.10  69  46  745000 1244000   230 9.94
-0.321 0.0657 65.60 26.10  69  46  745000 1244000   230 9.94
-0.311 0.0656 65.39 26.10  69  46  745000 1244000   230 9.94
-0.301 0.0655 65.21 26.10  69  46  745000 1244000   230 9.94
-0.291 0.0657 65.09 26.10  69  46  745000 1244000   230 9.94
-0.281 0.0638 65.01 26.10  69  46  745000 1244000   230 9.94
-0.271 0.0644 64.99 26.10  69  46  745000 1244000   230 9.94
-0.261 0.0647 65.02 26.10  69  46  745000 1244000   230 9.94
-0.251 0.0646 65.10 26.10  69  46  745000 1244000   230 9.94
-0.240 0.0642 65.23 26.10  69  46  745000 1244000   230 9.94
-0.230 0.0654 65.41 26.10  69  46  745000 1244000   230 9.94
-0.220 0.0641 65.62 26.10  69  46  745000 1244000   230 9.94
-0.210 0.0648 65.88 26.10  69  46  745000 1244000   230 9.94
-0.200 0.0648 66.16 26.10  69  46  745000 1244000   230 9.94
-0.190 0.0657 66.46 26.10  69  46  745000 1244000   230 9.94
-0.180 0.0656 66.76 26.10  69  46  745000 1244000   230 9.94
-0.170 0.0676 67.05 26.10  69  46  745000 1244000   230 9.94
-0.160 0.0666 67.31 26.10  69  46  745000 1244000   230 9.94
-0.150 0.0683 67.51 26.10  69  46  745000 1244000   230 9.94
-0.140 0.0683 67.62 26.10  69  46  745000 1244000   230 9.94
-0.130 0.0677 67.62 26.10  69  46  745000 1244000   230 9.94
-0.120 0.0689 67.47 26.10  69  46  745000 1244000   230 9.94
-0.110 0.0671 67.16 26.10  69  46  745000 1244000   230 9.94
-0.100 0.0690 66.66 26.10  69  46  745000 1244000   230 9.94
-0.090 0.0653 65.97 26.10  69  46  745000 1244000   230 9.94
-0.080 0.0663 65.09 26.10  69  46  745000 1244000   230 9.94
-0.070 0.0672 64.01 26.10  69  46  745000 1244000   230 9.94
-0.060 0.0646 62.76 26.10  69  46  745000 1244000   230 9.94
-0.050 0.0634 61.35 26.10  69  46  745000 1244000   230 9.94
-0.040 0.0640 59.81 26.10  69  46  745000 1244000   230 9.94
-0.030 0.0582 58.16 26.10  69  46  745000 1244000   230 9.94
-0.020 0.0588 56.44 26.10  69  46  745000 1244000   230 9.94
-0.010 0.0568 54.68 26.10  69  46  745000 1244000   230 9.94
0.000 0.0529 52.91 26.10  69  46  745000 1244000   230 9.94
0.010 0.0497 51.17 26.10  69  46  745000 1244000   230 9.94
0.020 0.0465 49.48 26.10  69  46  745000 1244000   230 9.94
0.030 0.0469 47.87 26.10  69  46  745000 1244000   230 9.94
0.040 0.0423 46.36 26.10  69  46  745000 1244000   230 9.94
0.050 0.0421 44.96 26.10  69  46  745000 1244000   230 9.94
0.060 0.0401 43.71 26.10  69  46  745000 1244000   230 9.94
0.070 0.0401 42.62 26.10  69  46  745000 1244000   230 9.94
0.080 0.0402 41.68 26.10  69  46  745000 1244000   230 9.94
0.090 0.0390 40.92 26.10  69  46  745000 1244000   230 9.94
0.100 0.0401 40.32 26.10  69  46  745000 1244000   230 9.94
0.110 0.0405 39.89 26.10  69  46  745000 1244000   230 9.94
0.120 0.0398 39.60 26.10  69  46  745000 1244000   230 9.94
0.130 0.0397 39.44 26.10  69  46  745000 1244000   230 9.94
0.140 0.0399 39.39 26.10  69  46  745000 1244000   230 9.94
0.150 0.0406 39.42 26.10  69  46  745000 1244000   230 9.94
0.160 0.0415 39.50 26.10  69  46  745000 1244000   230 9.94
0.170 0.0399 39.62 26.10  69  46  745000 1244000   230 9.94
0.180 0.0407 39.76 26.10  69  46  745000 1244000   230 9.94
0.190 0.0395 39.89 26.10  69  46  745000 1244000   230 9.94
0.200 0.0413 40.01 26.10  69  46  745000 1244000   230 9.94
0.210 0.0405 40.11 26.10  69  46  745000 1244000   230 9.94
0.220 0.0393 40.18 26.10  69  46  745000 1244000   230 9.94
0.230 0.0417 40.22 26.10  69  46  745000 1244000   230 9.94
0.240 0.0421 40.26 26.10  69  46  745000 1244000   230 9.94
0.251 0.0418 40.28 26.10  69  46  745000 1244000   230 9.94
0.261 0.0387 40.29 26.10  69  46  745000 1244000   230 9.94
0.271 0.0385 40.31 26.10  69  46  745000 1244000   230 9.94
0.281 0.0407 40.33 26.10  69  46  745000 1244000   230 9.94
0.291 0.0391 40.36 26.10  69  46  745000 1244000   230 9.94
0.301 0.0393 40.40 26.10  69  46  745000 1244000   230 9.94
0.311 0.0398 40.45 26.10  69  46  745000 1244000   230 9.94
0.321 0.0401 40.51 26.10  69  46  745000 1244000   230 9.94
0.330 0.0410 40.57 26.10  69  46  745000 1244000   230 9.94
0.340 0.0410 40.62 26.10  69  46  745000 1244000   230 9.94
0.348 0.0409 40.66 26.10  69  46  745000 1244000   230 9.94
0.357 0.0397 40.70 26.10  69  46  745000 1244000   230 9.94
0.365 0.0414 40.72 26.10  69  46  745000 1244000   230 9.94
0.373 0.0416 40.71 26.10  69  46  745000 1244000   230 9.94
0.380 0.0409 40.69 26.10  69  46  745000 1244000   230 9.94
0.388 0.0409 40.66 26.10  69  46  745000 1244000   230 9.94
0.394 0.0415 40.60 26.10  69  46  745000 1244000   230 9.94
0.401 0.0422 40.53 26.10  69  46  745000 1244000   230 9.94
0.407 0.0397 40.44 26.10  69  46  745000 1244000   230 9.94
0.414 0.0406 40.32 26.10  69  46  745000 1244000   230 9.94
0.419 0.0407 40.19 26.10  69  46  745000 1244000   230 9.94
0.425 0.0406 40.05 26.10  69  46  745000 1244000   230 9.94
0.430 0.0414 39.90 26.10  69  46  745000 1244000   230 9.94
0.436 0.0397 39.77 26.10  69  46  745000 1244000   230 9.94
0.441 0.0385 39.65 26.10  69  46  745000 1244000   230 9.94
0.445 0.0382 39.55 26.10  69  46  745000 1244000   230 9.94
0.450 0.0373 39.49 26.10  69  46  745000 1244000   230 9.94
0.454 0.0393 39.45 26.10  69  46  745000 1244000   230 9.94
0.459 0.0383 39.45 26.10  69  46  745000 1244000   230 9.94
0.463 0.0406 39.47 26.10  69  46  745000 1244000   230 9.94
0.467 0.0396 39.53 26.10  69  46  745000 1244000   230 9.94
0.470 0.0389 39.61 26.10  69  46  745000 1244000   230 9.94
0.474 0.0385 39.73 26.10  69  46  745000 1244000   230 9.94
0.477 0.0412 39.88 26.10  69  46  745000 1244000   230 9.94
0.481 0.0414 40.05 26.10  69  46  745000 1244000   230 9.94
0.484 0.0378 40.24 26.10  69  46  745000 1244000   230 9.94
0.487 0.0420 40.46 26.10  69  46  745000 1244000   230 9.94
0.490 0.0384 40.69 26.10  69  46  745000 1244000   230 9.94
0.492 0.0434 40.95 26.10  69  46  745000 1244000   230 9.94
0.495 0.0431 41.23 26.10  69  46  745000 1244000   230 9.94
0.498 0.0430 41.52 26.10  69  46  745000 1244000   230 9.94
0.500 0.0390 41.82 26.10  69  46  745000 1244000   230 9.94
0.502 0.0440 42.12 26.10  69  46  745000 1244000   230 9.94
0.505 0.0423 42.40 26.10  69  46  745000 1244000   230 9.94
0.507 0.0430 42.66 26.10  69  46  745000 1244000   230 9.94
0.509 0.0389 42.91 26.10  69  46  745000 1244000   230 9.94
0.511 0.0458 43.15 26.10  69  46  745000 1244000   230 9.94
0.513 0.0399 43.38 26.10  69  46  745000 1244000   230 9.94
0.515 0.0451 43.61 26.10  69  46  745000 1244000   230 9.94
0.517 0.0432 43.84 26.10  69  46  745000 1244000   230 9.94
0.519 0.0467 44.08 26.10  69  46  745000 1244000   230 9.94
0.521 0.0443 44.31 26.10  69  46  745000 1244000   230 9.94
0.523 0.0414 44.53 26.10  69  46  745000 1244000   230 9.94
0.525 0.0447 44.76 26.10  69  46  745000 1244000   230 9.94
0.527 0.0495 44.98 26.10  69  46  745000 1244000   230 9.94
0.529 0.0455 45.20 26.10  69  46  745000 1244000   230 9.94
0.531 0.0485 45.41 26.10  69  46  745000 1244000   230 9.94
0.533 0.0426 45.62 26.10  69  46  745000 1244000   230 9.94
0.535 0.0455 45.83 26.10  69  46  745000 1244000   230 9.94
0.537 0.0433 46.02 26.10  69  46  745000 1244000   230 9.94
0.539 0.0452 46.20 26.10  69  46  745000 1244000   230 9.94
0.541 0.0441 46.37 26.10  69  46  745000 1244000   230 9.94
0.543 0.0486 46.52 26.10  69  46  745000 1244000   230 9.94
0.545 0.0470 46.67 26.10  69  46  745000 1244000   230 9.94
0.547 0.0516 46.81 26.10  69  46  745000 1244000   230 9.94
0.549 0.0427 46.93 26.10  69  46  745000 1244000   230 9.94
0.551 0.0477 47.05 26.10  69  46  745000 1244000   230 9.94
0.553 0.0501 47.16 26.10  69  46  745000 1244000   230 9.94
0.555 0.0448 47.26 26.10  69  46  745000 1244000   230 9.94
0.557 0.0472 47.36 26.10  69  46  745000 1244000   230 9.94
0.559 0.0469 47.44 26.10  69  46  745000 1244000   230 9.94
0.561 0.0452 47.52 26.10  69  46  745000 1244000   230 9.94
0.563 0.0508 47.58 26.10  69  46  745000 1244000   230 9.94
0.565 0.0482 47.63 26.10  69  46  745000 1244000   230 9.94
0.567 0.0463 47.67 26.10  69  46  745000 1244000   230 9.94
0.569 0.0474 47.68 26.10  69  46  745000 1244000   230 9.94
0.571 0.0507 47.67 26.10  69  46  745000 1244000   230 9.94
0.573 0.0458 47.62 26.10  69  46  745000 1244000   230 9.94
0.575 0.0475 47.54 26.10  69  46  745000 1244000   230 9.94
0.577 0.0490 47.45 26.10  69  46  745000 1244000   230 9.94
0.579 0.0452 47.35 26.10  69  46  745000 1244000   230 9.94
0.581 0.0487 47.25 26.10  69  46  745000 1244000   230 9.94
0.583 0.0456 47.15 26.10  69  46  745000 1244000   230 9.94
0.585 0.0466 47.04 26.10  69  46  745000 1244000   230 9.94
0.587 0.0469 46.94 26.10  69  46  745000 1244000   230 9.94
0.589 0.0477 46.83 26.10  69  46  745000 1244000   230 9.94
0.591 0.0472 46.73 26.10  69  46  745000 1244000   230 9.94
0.593 0.0483 46.63 26.10  69  46  745000 1244000   230 9.94
0.595 0.0455 46.54 26.10  69  46  745000 1244000   230 9.94
0.597 0.0477 46.45 26.10  69  46  745000 1244000   230 9.94
0.599 0.0436 46.38 26.10  69  46  745000 1244000   230 9.94
0.601 0.0473 46.30 26.10  69  46  745000 1244000   230 9.94
0.603 0.0451 46.22 26.10  69  46  745000 1244000   230 9.94
0.605 0.0439 46.12 26.10  69  46  745000 1244000   230 9.94
0.607 0.0458 46.02 26.10  69  46  745000 1244000   230 9.94
0.609 0.0446 45.90 26.10  69  46  745000 1244000   230 9.94
0.611 0.0481 45.76 26.10  69  46  745000 1244000   230 9.94
0.613 0.0469 45.62 26.10  69  46  745000 1244000   230 9.94
0.615 0.0452 45.48 26.10  69  46  745000 1244000   230 9.94
0.617 0.0479 45.36 26.10  69  46  745000 1244000   230 9.94
0.619 0.0474 45.24 26.10  69  46  745000 1244000   230 9.94
0.621 0.0435 45.14 26.10  69  46  745000 1244000   230 9.94
0.623 0.0436 45.06 26.10  69  46  745000 1244000   230 9.94
0.625 0.0463 45.00 26.10  69  46  745000 1244000   230 9.94
0.627 0.0465 44.97 26.10  69  46  745000 1244000   230 9.94
0.629 0.0437 44.95 26.10  69  46  745000 1244000   230 9.94
0.631 0.0458 44.95 26.10  69  46  745000 1244000   230 9.94
0.633 0.0440 44.96 26.10  69  46  745000 1244000   230 9.94
0.635 0.0413 45.00 26.10  69  46  745000 1244000   230 9.94
0.637 0.0441 45.05 26.10  69  46  745000 1244000   230 9.94
0.639 0.0444 45.13 26.10  69  46  745000 1244000   230 9.94
0.641 0.0442 45.24 26.10  69  46  745000 1244000   230 9.94
0.643 0.0464 45.37 26.10  69  46  745000 1244000   230 9.94
0.645 0.0472 45.54 26.10  69  46  745000 1244000   230 9.94
0.647 0.0445 45.74 26.10  69  46  745000 1244000   230 9.94
0.649 0.0478 45.98 26.10  69  46  745000 1244000   230 9.94
0.651 0.0473 46.26 26.10  69  46  745000 1244000   230 9.94
0.653 0.0472 46.56 26.10  69  46  745000 1244000   230 9.94
0.655 0.0477 46.90 26.10  69  46  745000 1244000   230 9.94
0.657 0.0458 47.25 26.10  69  46  745000 1244000   230 9.94
0.659 0.0455 47.62 26.10  69  46  745000 1244000   230 9.94
0.661 0.0510 47.98 26.10  69  46  745000 1244000   230 9.94
0.663 0.0473 48.35 26.10  69  46  745000 1244000   230 9.94
0.665 0.0467 48.71 26.10  69  46  745000 1244000   230 9.94
0.667 0.0506 49.07 26.10  69  46  745000 1244000   230 9.94
0.669 0.0508 49.42 26.10  69  46  745000 1244000   230 9.94
0.671 0.0490 49.77 26.10  69  46  745000 1244000   230 9.94
0.673 0.0495 50.12 26.10  69  46  745000 1244000   230 9.94
0.675 0.0488 50.47 26.10  69  46  745000 1244000   230 9.94
0.677 0.0512 50.83 26.10  69  46  745000 1244000   230 9.94
0.679 0.0517 51.19 26.10  69  46  745000 1244000   230 9.94
0.681 0.0512 51.56 26.10  69  46  745000 1244000   230 9.94
0.683 0.0528 51.94 26.10  69  46  745000 1244000   230 9.94
0.685 0.0535 52.32 26.10  69  46  745000 1244000   230 9.94
0.687 0.0535 52.71 26.10  69  46  745000 1244000   230 9.94
0.689 0.0544 53.10 26.10  69  46  745000 1244000   230 9.94
0.691 0.0531 53.49 26.10  69  46  745000 1244000   230 9.94
0.693 0.0512 53.88 26.10  69  46  745000 1244000   230 9.94
0.695 0.0541 54.26 26.10  69  46  745000 1244000   230 9.94
0.697 0.0542 54.65 26.10  69  46  745000 1244000   230 9.94
0.699 0.0546 55.05 26.10  69  46  745000 1244000   230 9.94
0.701 0.0571 55.46 26.10  69  46  745000 1244000   230 9.94
0.703 0.0558 55.88 26.10  69  46  745000 1244000   230 9.94
0.705 0.0550 56.30 26.10  69  46  745000 1244000   230 9.94
0.707 0.0595 56.72 26.10  69  46  745000 1244000   230 9.94
0.709 0.0554 57.12 26.10  69  46  745000 1244000   230 9.94
0.711 0.0565 57.51 26.10  69  46  745000 1244000   230 9.94
0.713 0.0568 57.87 26.10  69  46  745000 1244000   230 9.94
0.715 0.0568 58.21 26.10  69  46  745000 1244000   230 9.94
0.717 0.0578 58.52 26.10  69  46  745000 1244000   230 9.94
0.719 0.0626 58.82 26.10  69  46  745000 1244000   230 9.94
0.721 0.0622 59.09 26.10  69  46  745000 1244000   230 9.94
0.723 0.0574 59.34 26.10  69  46  745000 1244000   230 9.94
0.725 0.0580 59.59 26.10  69  46  745000 1244000   230 9.94
0.727 0.0588 59.81 26.10  69  46  745000 1244000   230 9.94
0.729 0.0649 60.02 26.10  69  46  745000 1244000   230 9.94
0.731 0.0609 60.21 26.10  69  46  745000 1244000   230 9.94
0.733 0.0589 60.38 26.10  69  46  745000 1244000   230 9.94
0.735 0.0606 60.55 26.10  69  46  745000 1244000   230 9.94
0.737 0.0649 60.70 26.10  69  46  745000 1244000   230 9.94
0.739 0.0569 60.83 26.10  69  46  745000 1244000   230 9.94
0.741 0.0585 60.96 26.10  69  46  745000 1244000   230 9.94
0.743 0.0599 61.07 26.10  69  46  745000 1244000   230 9.94
0.745 0.0605 61.17 26.10  69  46  745000 1244000   230 9.94
0.747 0.0622 61.27 26.10  69  46  745000 1244000   230 9.94
0.749 0.0582 61.37 26.10  69  46  745000 1244000   230 9.94
0.752 0.0631 61.47 26.10  69  46  745000 1244000   230 9.94
0.754 0.0626 61.58 26.10  69  46  745000 1244000   230 9.94
0.756 0.0627 61.71 26.10  69  46  745000 1244000   230 9.94
0.758 0.0650 61.85 26.10  69  46  745000 1244000   230 9.94
0.760 0.0604 62.01 26.10  69  46  745000 1244000   230 9.94
0.762 0.0639 62.18 26.10  69  46  745000 1244000   230 9.94
0.764 0.0640 62.36 26.10  69  46  745000 1244000   230 9.94
0.766 0.0563 62.54 26.10  69  46  745000 1244000   230 9.94
0.768 0.0624 62.72 26.10  69  46  745000 1244000   230 9.94
0.770 0.0661 62.89 26.10  69  46  745000 1244000   230 9.94
0.772 0.0615 63.05 26.10  69  46  745000 1244000   230 9.94
0.774 0.0631 63.19 26.10  69  46  745000 1244000   230 9.94
0.776 0.0633 63.32 26.10  69  46  745000 1244000   230 9.94
0.778 0.0626 63.43 26.10  69  46  745000 1244000   230 9.94
0.780 0.0638 63.53 26.10  69  46  745000 1244000   230 9.94
0.782 0.0672 63.62 26.10  69  46  745000 1244000   230 9.94
0.784 0.0596 63.71 26.10  69  46  745000 1244000   230 9.94
0.786 0.0658 63.81 26.10  69  46  745000 1244000   230 9.94
0.788 0.0638 63.93 26.10  69  46  745000 1244000   230 9.94
0.790 0.0649 64.07 26.10  69  46  745000 1244000   230 9.94
0.792 0.0630 64.21 26.10  69  46  745000 1244000   230 9.94
0.794 0.0653 64.35 26.10  69  46  745000 1244000   230 9.94
0.796 0.0641 64.50 26.10  69  46  745000 1244000   230 9.94
0.798 0.0673 64.63 26.10  69  46  745000 1244000   230 9.94
0.800 0.0636 64.75 26.10  69  46  745000 1244000   230 9.94
0.802 0.0645 64.85 26.10  69  46  745000 1244000   230 9.94
0.804 0.0611 64.96 26.10  69  46  745000 1244000   230 9.94
0.806 0.0650 65.06 26.10  69  46  745000 1244000   230 9.94
0.808 0.0670 65.18 26.10  69  46  745000 1244000   230 9.94
0.810 0.0639 65.31 26.10  69  46  745000 1244000   230 9.94
0.812 0.0695 65.46 26.10  69  46  745000 1244000   230 9.94
0.814 0.0656 65.61 26.10  69  46  745000 1244000   230 9.94
0.816 0.0606 65.76 26.10  69  46  745000 1244000   230 9.94
0.818 0.0671 65.90 26.10  69  46  745000 1244000   230 9.94
0.820 0.0676 66.05 26.10  69  46  745000 1244000   230 9.94
0.822 0.0702 66.19 26.10  69  46  745000 1244000   230 9.94
0.824 0.0671 66.33 26.10  69  46  745000 1244000   230 9.94
0.826 0.0614 66.47 26.10  69  46  745000 1244000   230 9.94
0.828 0.0649 66.60 26.10  69  46  745000 1244000   230 9.94
0.830 0.0693 66.73 26.10  69  46  745000 1244000   230 9.94
0.832 0.0649 66.86 26.10  69  46  745000 1244000   230 9.94
0.834 0.0686 66.99 26.10  69  46  745000 1244000   230 9.94
0.836 0.0662 67.14 26.10  69  46  745000 1244000   230 9.94
0.838 0.0666 67.29 26.10  69  46  745000 1244000   230 9.94
0.840 0.0734 67.44 26.10  69  46  745000 1244000   230 9.94
0.842 0.0645 67.57 26.10  69  46  745000 1244000   230 9.94
0.844 0.0695 67.69 26.10  69  46  745000 1244000   230 9.94
0.846 0.0664 67.79 26.10  69  46  745000 1244000   230 9.94
0.848 0.0656 67.89 26.10  69  46  745000 1244000   230 9.94
0.850 0.0693 67.99 26.10  69  46  745000 1244000   230 9.94
0.852 0.0649 68.10 26.10  69  46  745000 1244000   230 9.94
0.854 0.0685 68.22 26.10  69  46  745000 1244000   230 9.94
0.856 0.0693 68.36 26.10  69  46  745000 1244000   230 9.94
0.858 0.0707 68.53 26.10  69  46  745000 1244000   230 9.94
0.860 0.0720 68.71 26.10  69  46  745000 1244000   230 9.94
0.862 0.0636 68.91 26.10  69  46  745000 1244000   230 9.94
0.864 0.0712 69.10 26.10  69  46  745000 1244000   230 9.94
0.866 0.0711 69.30 26.10  69  46  745000 1244000   230 9.94
0.868 0.0689 69.51 26.10  69  46  745000 1244000   230 9.94
0.870 0.0704 69.74 26.10  69  46  745000 1244000   230 9.94
0.872 0.0691 70.00 26.10  69  46  745000 1244000   230 9.94
0.874 0.0718 70.28 26.10  69  46  745000 1244000   230 9.94
0.876 0.0639 70.56 26.10  69  46  745000 1244000   230 9.94
0.878 0.0658 70.84 26.10  69  46  745000 1244000   230 9.94
0.880 0.0684 71.11 26.10  69  46  745000 1244000   230 9.94
0.882 0.0812 71.37 26.10  69  46  745000 1244000   230 9.94
0.884 0.0710 71.61 26.10  69  46  745000 1244000   230 9.94
0.886 0.0759 71.83 26.10  69  46  745000 1244000   230 9.94
0.888 0.0740 72.03 26.10  69  46  745000 1244000   230 9.94
0.890 0.0699 72.23 26.10  69  46  745000 1244000   230 9.94
0.892 0.0751 72.42 26.10  69  46  745000 1244000   230 9.94
0.894 0.0672 72.58 26.10  69  46  745000 1244000   230 9.94
0.896 0.0699 72.72 26.10  69  46  745000 1244000   230 9.94
0.898 0.0787 72.84 26.10  69  46  745000 1244000   230 9.94
0.900 0.0671 72.93 26.10  69  46  745000 1244000   230 9.94
0.902 0.0759 73.01 26.10  69  46  745000 1244000   230 9.94
0.904 0.0762 73.08 26.10  69  46  745000 1244000   230 9.94
0.906 0.0757 73.13 26.10  69  46  745000 1244000   230 9.94
0.908 0.0759 73.18 26.10  69  46  745000 1244000   230 9.94
0.910 0.0705 73.21 26.10  69  46  745000 1244000   230 9.94
0.912 0.0682 73.24 26.10  69  46  745000 1244000   230 9.94
0.914 0.0712 73.26 26.10  69  46  745000 1244000   230 9.94
0.916 0.0730 73.28 26.10  69  46  745000 1244000   230 9.94
0.918 0.0760 73.32 26.10  69  46  745000 1244000   230 9.94
0.920 0.0747 73.37 26.10  69  46  745000 1244000   230 9.94
0.922 0.0683 73.44 26.10  69  46  745000 1244000   230 9.94
0.924 0.0745 73.53 26.10  69  46  745000 1244000   230 9.94
0.926 0.0773 73.61 26.10  69  46  745000 1244000   230 9.94
0.928 0.0739 73.69 26.10  69  46  745000 1244000   230 9.94
0.930 0.0694 73.77 26.10  69  46  745000 1244000   230 9.94
0.932 0.0751 73.85 26.10  69  46  745000 1244000   230 9.94
0.934 0.0713 73.96 26.10  69  46  745000 1244000   230 9.94
0.936 0.0850 74.10 26.10  69  46  745000 1244000   230 9.94
0.938 0.0742 74.26 26.10  69  46  745000 1244000   230 9.94
0.940 0.0703 74.43 26.10  69  46  745000 1244000   230 9.94
0.942 0.0700 74.60 26.10  69  46  745000 1244000   230 9.94
0.944 0.0770 74.75 26.10  69  46  745000 1244000   230 9.94
0.946 0.0728 74.88 26.10  69  46  745000 1244000   230 9.94
0.948 0.0765 74.97 26.10  69  46  745000 1244000   230 9.94
0.950 0.0739 75.02 26.10  69  46  745000 1244000   230 9.94
0.952 0.0740 75.05 26.10  69  46  745000 1244000   230 9.94
0.954 0.0777 75.07 26.10  69  46  745000 1244000   230 9.94
0.956 0.0724 75.10 26.10  69  46  745000 1244000   230 9.94
0.958 0.0805 75.13 26.10  69  46  745000 1244000   230 9.94
0.960 0.0720 75.16 26.10  69  46  745000 1244000   230 9.94
0.962 0.0770 75.19 26.10  69  46  745000 1244000   230 9.94
0.964 0.0772 75.22 26.10  69  46  745000 1244000   230 9.94
0.966 0.0716 75.27 26.10  69  46  745000 1244000   230 9.94
0.968 0.0786 75.31 26.10  69  46  745000 1244000   230 9.94
0.970 0.0759 75.35 26.10  69  46  745000 1244000   230 9.94
0.972 0.0765 75.39 26.10  69  46  745000 1244000   230 9.94
0.974 0.0755 75.42 26.10  69  46  745000 1244000   230 9.94
0.976 0.0696 75.45 26.10  69  46  745000 1244000   230 9.94
0.978 0.0731 75.46 26.10  69  46  745000 1244000   230 9.94
0.980 0.0772 75.46 26.10  69  46  745000 1244000   230 9.94
0.982 0.0755 75.46 26.10  69  46  745000 1244000   230 9.94
0.984 0.0759 75.47 26.10  69  46  745000 1244000   230 9.94
0.986 0.0732 75.50 26.10  69  46  745000 1244000   230 9.94
0.988 0.0793 75.54 26.10  69  46  745000 1244000   230 9.94
0.990 0.0767 75.60 26.10  69  46  745000 1244000   230 9.94
0.992 0.0750 75.67 26.10  69  46  745000 1244000   230 9.94
0.994 0.0783 75.75 26.10  69  46  745000 1244000   230 9.94
0.996 0.0734 75.83 26.10  69  46  745000 1244000   230 9.94
0.998 0.0754 75.91 26.10  69  46  745000 1244000   230 9.94
1.000 0.0757 75.99 26.10  69  46  745000 1244000   230 9.94
1.002 0.0784 76.06 26.10  69  46  745000 1244000   230 9.94
1.004 0.0728 76.11 26.10  69  46  745000 1244000   230 9.94
1.006 0.0762 76.16 26.10  69  46  745000 1244000   230 9.94
1.008 0.0758 76.19 26.10  69  46  745000 1244000   230 9.94
1.010 0.0768 76.19 26.10  69  46  745000 1244000   230 9.94
1.012 0.0786 76.18 26.10  69  46  745000 1244000   230 9.94
1.014 0.0734 76.15 26.10  69  46  745000 1244000   230 9.94
1.016 0.0761 76.10 26.10  69  46  745000 1244000   230 9.94
1.018 0.0795 76.05 26.10  69  46  745000 1244000   230 9.94
1.020 0.0756 76.00 26.10  69  46  745000 1244000   230 9.94
1.022 0.0750 75.95 26.10  69  46  745000 1244000   230 9.94
1.024 0.0757 75.89 26.10  69  46  745000 1244000   230 9.94
1.026 0.0742 75.82 26.10  69  46  745000 1244000   230 9.94
1.028 0.0782 75.73 26.10  69  46  745000 1244000   230 9.94
1.030 0.0739 75.62 26.10  69  46  745000 1244000   230 9.94
1.032 0.0763 75.49 26.10  69  46  745000 1244000   230 9.94
1.034 0.0763 75.34 26.10  69  46  745000 1244000   230 9.94
1.036 0.0744 75.19 26.10  69  46  745000 1244000   230 9.94
1.038 0.0774 75.04 26.10  69  46  745000 1244000   230 9.94
1.040 0.0727 74.90 26.10  69  46  745000 1244000   230 9.94
1.042 0.0763 74.78 26.10  69  46  745000 1244000   230 9.94
1.044 0.0716 74.68 26.10  69  46  745000 1244000   230 9.94
1.046 0.0786 74.60 26.10  69  46  745000 1244000   230 9.94
1.048 0.0709 74.54 26.10  69  46  745000 1244000   230 9.94
1.050 0.0739 74.51 26.10  69  46  745000 1244000   230 9.94
1.052 0.0776 74.49 26.10  69  46  745000 1244000   230 9.94
1.054 0.0742 74.48 26.10  69  46  745000 1244000   230 9.94
1.056 0.0723 74.47 26.10  69  46  745000 1244000   230 9.94
1.058 0.0732 74.47 26.10  69  46  745000 1244000   230 9.94
1.060 0.0765 74.48 26.10  69  46  745000 1244000   230 9.94
1.062 0.0719 74.49 26.10  69  46  745000 1244000   230 9.94
1.064 0.0734 74.52 26.10  69  46  745000 1244000   230 9.94
1.066 0.0755 74.57 26.10  69  46  745000 1244000   230 9.94
1.068 0.0732 74.63 26.10  69  46  745000 1244000   230 9.94
1.070 0.0788 74.71 26.10  69  46  745000 1244000   230 9.94
1.072 0.0759 74.81 26.10  69  46  745000 1244000   230 9.94
1.074 0.0779 74.91 26.10  69  46  745000 1244000   230 9.94
1.076 0.0741 75.00 26.10  69  46  745000 1244000   230 9.94
1.078 0.0709 75.10 26.10  69  46  745000 1244000   230 9.94
1.080 0.0772 75.21 26.10  69  46  745000 1244000   230 9.94
1.082 0.0750 75.31 26.10  69  46  745000 1244000   230 9.94
1.084 0.0770 75.41 26.10  69  46  745000 1244000   230 9.94
1.086 0.0741 75.52 26.10  69  46  745000 1244000   230 9.94
1.088 0.0725 75.63 26.10  69  46  745000 1244000   230 9.94
1.090 0.0720 75.74 26.10  69  46  745000 1244000   230 9.94
1.092 0.0777 75.82 26.10  69  46  745000 1244000   230 9.94
1.094 0.0809 75.90 26.10  69  46  745000 1244000   230 9.94
1.096 0.0763 75.96 26.10  69  46  745000 1244000   230 9.94
1.098 0.0756 76.00 26.10  69  46  745000 1244000   230 9.94
1.100 0.0754 76.04 26.10  69  46  745000 1244000   230 9.94
1.102 0.0750 76.09 26.10  69  46  745000 1244000   230 9.94
1.104 0.0775 76.13 26.10  69  46  745000 1244000   230 9.94
1.106 0.0771 76.19 26.10  69  46  745000 1244000   230 9.94
1.108 0.0749 76.26 26.10  69  46  745000 1244000   230 9.94
1.110 0.0760 76.33 26.10  69  46  745000 1244000   230 9.94
1.112 0.0765 76.41 26.10  69  46  745000 1244000   230 9.94
1.114 0.0756 76.48 26.10  69  46  745000 1244000   230 9.94
1.116 0.0824 76.56 26.10  69  46  745000 1244000   230 9.94
1.118 0.0772 76.63 26.10  69  46  745000 1244000   230 9.94
1.120 0.0704 76.71 26.10  69  46  745000 1244000   230 9.94
1.122 0.0787 76.78 26.10  69  46  745000 1244000   230 9.94
1.124 0.0762 76.85 26.10  69  46  745000 1244000   230 9.94
1.126 0.0783 76.90 26.10  69  46  745000 1244000   230 9.94
1.128 0.0679 76.95 26.10  69  46  745000 1244000   230 9.94
1.130 0.0786 76.99 26.10  69  46  745000 1244000   230 9.94
1.132 0.0788 77.03 26.10  69  46  745000 1244000   230 9.94
1.134 0.0808 77.07 26.10  69  46  745000 1244000   230 9.94
1.136 0.0771 77.11 26.10  69  46  745000 1244000   230 9.94
1.138 0.0751 77.13 26.10  69  46  745000 1244000   230 9.94
1.140 0.0817 77.14 26.10  69  46  745000 1244000   230 9.94
1.142 0.0772 77.15 26.10  69  46  745000 1244000   230 9.94
1.144 0.0768 77.18 26.10  69  46  745000 1244000   230 9.94
1.146 0.0789 77.22 26.10  69  46  745000 1244000   230 9.94
1.148 0.0757 77.28 26.10  69  46  745000 1244000   230 9.94
1.150 0.0766 77.34 26.10  69  46  745000 1244000   230 9.94
1.152 0.0786 77.39 26.10  69  46  745000 1244000   230 9.94
1.154 0.0759 77.43 26.10  69  46  745000 1244000   230 9.94
1.156 0.0769 77.45 26.10  69  46  745000 1244000   230 9.94
1.158 0.0755 77.45 26.10  69  46  745000 1244000   230 9.94
1.160 0.0747 77.42 26.10  69  46  745000 1244000   230 9.94
1.162 0.0782 77.39 26.10  69  46  745000 1244000   230 9.94
1.164 0.0782 77.36 26.10  69  46  745000 1244000   230 9.94
1.166 0.0788 77.35 26.10  69  46  745000 1244000   230 9.94
1.168 0.0779 77.36 26.10  69  46  745000 1244000   230 9.94
1.170 0.0779 77.39 26.10  69  46  745000 1244000   230 9.94
1.172 0.0741 77.44 26.10  69  46  745000 1244000   230 9.94
1.174 0.0806 77.50 26.10  69  46  745000 1244000   230 9.94
1.176 0.0782 77.57 26.10  69  46  745000 1244000   230 9.94
1.178 0.0795 77.63 26.10  69  46  745000 1244000   230 9.94
1.180 0.0787 77.68 26.10  69  46  745000 1244000   230 9.94
1.182 0.0796 77.72 26.10  69  46  745000 1244000   230 9.94
1.184 0.0764 77.75 26.10  69  46  745000 1244000   230 9.94
1.186 0.0715 77.75 26.10  69  46  745000 1244000   230 9.94
1.188 0.0769 77.74 26.10  69  46  745000 1244000   230 9.94
1.190 0.0771 77.71 26.10  69  46  745000 1244000   230 9.94
1.192 0.0775 77.67 26.10  69  46  745000 1244000   230 9.94
1.194 0.0798 77.62 26.10  69  46  745000 1244000   230 9.94
1.196 0.0795 77.57 26.10  69  46  745000 1244000   230 9.94
1.198 0.0784 77.52 26.10  69  46  745000 1244000   230 9.94
1.200 0.0802 77.47 26.10  69  46  745000 1244000   230 9.94
1.202 0.0764 77.44 26.10  69  46  745000 1244000   230 9.94
1.204 0.0746 77.41 26.10  69  46  745000 1244000   230 9.94
1.206 0.0797 77.39 26.10  69  46  745000 1244000   230 9.94
1.208 0.0735 77.37 26.10  69  46  745000 1244000   230 9.94
1.210 0.0802 77.35 26.10  69  46  745000 1244000   230 9.94
1.212 0.0750 77.33 26.10  69  46  745000 1244000   230 9.94
1.214 0.0809 77.31 26.10  69  46  745000 1244000   230 9.94
1.216 0.0739 77.29 26.10  69  46  745000 1244000   230 9.94
1.218 0.0785 77.26 26.10  69  46  745000 1244000   230 9.94
1.220 0.0754 77.23 26.10  69  46  745000 1244000   230 9.94
1.222 0.0785 77.18 26.10  69  46  745000 1244000   230 9.94
1.224 0.0792 77.13 26.10  69  46  745000 1244000   230 9.94
1.226 0.0755 77.09 26.10  69  46  745000 1244000   230 9.94
1.228 0.0750 77.06 26.10  69  46  745000 1244000   230 9.94
1.230 0.0776 77.04 26.10  69  46  745000 1244000   230 9.94
1.232 0.0797 77.05 26.10  69  46  745000 1244000   230 9.94
1.234 0.0756 77.06 26.10  69  46  745000 1244000   230 9.94
1.236 0.0781 77.06 26.10  69  46  745000 1244000   230 9.94
1.238 0.0743 77.07 26.10  69  46  745000 1244000   230 9.94
1.240 0.0780 77.06 26.10  69  46  745000 1244000   230 9.94
1.242 0.0786 77.03 26.10  69  46  745000 1244000   230 9.94
1.244 0.0764 76.99 26.10  69  46  745000 1244000   230 9.94
1.246 0.0786 76.93 26.10  69  46  745000 1244000   230 9.94
1.248 0.0755 76.87 26.10  69  46  745000 1244000   230 9.94
1.251 0.0755 76.79 26.10  69  46  745000 1244000   230 9.94
1.253 0.0774 76.71 26.10  69  46  745000 1244000   230 9.94
1.255 0.0771 76.63 26.10  69  46  745000 1244000   230 9.94
1.257 0.0765 76.53 26.10  69  46  745000 1244000   230 9.94
1.259 0.0761 76.43 26.10  69  46  745000 1244000   230 9.94
1.261 0.0760 76.32 26.10  69  46  745000 1244000   230 9.94
1.263 0.0782 76.21 26.10  69  46  745000 1244000   230 9.94
1.265 0.0781 76.10 26.10  69  46  745000 1244000   230 9.94
1.267 0.0727 76.00 26.10  69  46  745000 1244000   230 9.94
1.269 0.0781 75.89 26.10  69  46  745000 1244000   230 9.94
1.271 0.0755 75.79 26.10  69  46  745000 1244000   230 9.94
1.273 0.0729 75.70 26.10  69  46  745000 1244000   230 9.94
1.275 0.0785 75.62 26.10  69  46  745000 1244000   230 9.94
1.277 0.0738 75.55 26.10  69  46  745000 1244000   230 9.94
1.279 0.0750 75.50 26.10  69  46  745000 1244000   230 9.94
1.281 0.0740 75.46 26.10  69  46  745000 1244000   230 9.94
1.283 0.0751 75.44 26.10  69  46  745000 1244000   230 9.94
1.285 0.0785 75.44 26.10  69  46  745000 1244000   230 9.94
1.287 0.0748 75.45 26.10  69  46  745000 1244000   230 9.94
1.289 0.0756 75.48 26.10  69  46  745000 1244000   230 9.94
1.291 0.0740 75.51 26.10  69  46  745000 1244000   230 9.94
1.293 0.0762 75.56 26.10  69  46  745000 1244000   230 9.94
1.295 0.0745 75.61 26.10  69  46  745000 1244000   230 9.94
1.297 0.0757 75.66 26.10  69  46  745000 1244000   230 9.94
1.299 0.0768 75.71 26.10  69  46  745000 1244000   230 9.94
1.301 0.0753 75.75 26.10  69  46  745000 1244000   230 9.94
1.303 0.0774 75.80 26.10  69  46  745000 1244000   230 9.94
1.305 0.0736 75.85 26.10  69  46  745000 1244000   230 9.94
1.307 0.0764 75.90 26.10  69  46  745000 1244000   230 9.94
1.309 0.0784 75.95 26.10  69  46  745000 1244000   230 9.94
1.311 0.0744 76.01 26.10  69  46  745000 1244000   230 9.94
1.313 0.0770 76.07 26.10  69  46  745000 1244000   230 9.94
1.315 0.0775 76.13 26.10  69  46  745000 1244000   230 9.94
1.317 0.0730 76.19 26.10  69  46  745000 1244000   230 9.94
1.319 0.0818 76.25 26.10  69  46  745000 1244000   230 9.94
1.321 0.0685 76.31 26.10  69  46  745000 1244000   230 9.94
1.323 0.0827 76.37 26.10  69  46  745000 1244000   230 9.94
1.325 0.0722 76.43 26.10  69  46  745000 1244000   230 9.94
1.327 0.0767 76.49 26.10  69  46  745000 1244000   230 9.94
1.329 0.0753 76.54 26.10  69  46  745000 1244000   230 9.94
1.331 0.0753 76.59 26.10  69  46  745000 1244000   230 9.94
1.333 0.0797 76.64 26.10  69  46  745000 1244000   230 9.94
1.335 0.0750 76.69 26.10  69  46  745000 1244000   230 9.94
1.337 0.0789 76.76 26.10  69  46  745000 1244000   230 9.94
1.339 0.0782 76.83 26.10  69  46  745000 1244000   230 9.94
1.341 0.0771 76.92 26.10  69  46  745000 1244000   230 9.94
1.343 0.0791 77.02 26.10  69  46  745000 1244000   230 9.94
1.345 0.0729 77.13 26.10  69  46  745000 1244000   230 9.94
1.347 0.0781 77.24 26.10  69  46  745000 1244000   230 9.94
1.349 0.0764 77.36 26.10  69  46  745000 1244000   230 9.94
1.351 0.0790 77.47 26.10  69  46  745000 1244000   230 9.94
1.353 0.0762 77.57 26.10  69  46  745000 1244000   230 9.94
1.355 0.0765 77.67 26.10  69  46  745000 1244000   230 9.94
1.357 0.0771 77.77 26.10  69  46  745000 1244000   230 9.94
1.359 0.0811 77.86 26.10  69  46  745000 1244000   230 9.94
1.361 0.0768 77.95 26.10  69  46  745000 1244000   230 9.94
1.363 0.0765 78.05 26.10  69  46  745000 1244000   230 9.94
1.365 0.0779 78.16 26.10  69  46  745000 1244000   230 9.94
1.367 0.0789 78.28 26.10  69  46  745000 1244000   230 9.94
1.369 0.0778 78.41 26.10  69  46  745000 1244000   230 9.94
1.371 0.0826 78.56 26.10  69  46  745000 1244000   230 9.94
1.373 0.0778 78.71 26.10  69  46  745000 1244000   230 9.94
1.375 0.0768 78.87 26.10  69  46  745000 1244000   230 9.94
1.377 0.0806 79.02 26.10  69  46  745000 1244000   230 9.94
1.379 0.0794 79.16 26.10  69  46  745000 1244000   230 9.94
1.381 0.0799 79.28 26.10  69  46  745000 1244000   230 9.94
1.383 0.0776 79.39 26.10  69  46  745000 1244000   230 9.94
1.385 0.0746 79.49 26.10  69  46  745000 1244000   230 9.94
1.387 0.0837 79.57 26.10  69  46  745000 1244000   230 9.94
1.389 0.0765 79.65 26.10  69  46  745000 1244000   230 9.94
1.391 0.0873 79.73 26.10  69  46  745000 1244000   230 9.94
1.393 0.0764 79.81 26.10  69  46  745000 1244000   230 9.94
1.395 0.0795 79.89 26.10  69  46  745000 1244000   230 9.94
1.397 0.0780 79.98 26.10  69  46  745000 1244000   230 9.94
1.399 0.0849 80.06 26.10  69  46  745000 1244000   230 9.94
1.401 0.0774 80.14 26.10  69  46  745000 1244000   230 9.94
1.403 0.0820 80.21 26.10  69  46  745000 1244000   230 9.94
1.405 0.0811 80.28 26.10  69  46  745000 1244000   230 9.94
1.407 0.0769 80.35 26.10  69  46  745000 1244000   230 9.94
1.409 0.0796 80.41 26.10  69  46  745000 1244000   230 9.94
1.411 0.0815 80.46 26.10  69  46  745000 1244000   230 9.94
1.413 0.0798 80.51 26.10  69  46  745000 1244000   230 9.94
1.415 0.0825 80.55 26.10  69  46  745000 1244000   230 9.94
1.417 0.0782 80.59 26.10  69  46  745000 1244000   230 9.94
1.419 0.0819 80.61 26.10  69  46  745000 1244000   230 9.94
1.421 0.0805 80.64 26.10  69  46  745000 1244000   230 9.94
1.423 0.0813 80.66 26.10  69  46  745000 1244000   230 9.94
1.425 0.0802 80.67 26.10  69  46  745000 1244000   230 9.94
1.427 0.0812 80.69 26.10  69  46  745000 1244000   230 9.94
1.429 0.0823 80.71 26.10  69  46  745000 1244000   230 9.94
1.431 0.0826 80.72 26.10  69  46  745000 1244000   230 9.94
1.433 0.0750 80.73 26.10  69  46  745000 1244000   230 9.94
1.435 0.0835 80.72 26.10  69  46  745000 1244000   230 9.94
1.437 0.0779 80.69 26.10  69  46  745000 1244000   230 9.94
1.439 0.0824 80.66 26.10  69  46  745000 1244000   230 9.94
1.441 0.0831 80.61 26.10  69  46  745000 1244000   230 9.94
1.443 0.0770 80.55 26.10  69  46  745000 1244000   230 9.94
1.445 0.0841 80.49 26.10  69  46  745000 1244000   230 9.94
1.447 0.0797 80.43 26.10  69  46  745000 1244000   230 9.94
1.449 0.0795 80.39 26.10  69  46  745000 1244000   230 9.94
1.451 0.0836 80.38 26.10  69  46  745000 1244000   230 9.94
1.453 0.0760 80.39 26.10  69  46  745000 1244000   230 9.94
1.455 0.0808 80.42 26.10  69  46  745000 1244000   230 9.94
1.457 0.0812 80.47 26.10  69  46  745000 1244000   230 9.94
1.459 0.0804 80.53 26.10  69  46  745000 1244000   230 9.94
1.461 0.0807 80.61 26.10  69  46  745000 1244000   230 9.94
1.463 0.0819 80.71 26.10  69  46  745000 1244000   230 9.94
1.465 0.0771 80.81 26.10  69  46  745000 1244000   230 9.94
1.467 0.0815 80.92 26.10  69  46  745000 1244000   230 9.94
1.469 0.0825 81.03 26.10  69  46  745000 1244000   230 9.94
1.471 0.0796 81.14 26.10  69  46  745000 1244000   230 9.94
1.473 0.0801 81.26 26.10  69  46  745000 1244000   230 9.94
1.475 0.0800 81.38 26.10  69  46  745000 1244000   230 9.94
1.477 0.0823 81.51 26.10  69  46  745000 1244000   230 9.94
1.479 0.0844 81.66 26.10  69  46  745000 1244000   230 9.94
1.481 0.0808 81.81 26.10  69  46  745000 1244000   230 9.94
1.483 0.0870 81.97 26.10  69  46  745000 1244000   230 9.94
1.485 0.0826 82.13 26.10  69  46  745000 1244000   230 9.94
1.487 0.0803 82.28 26.10  69  46  745000 1244000   230 9.94
1.489 0.0816 82.41 26.10  69  46  745000 1244000   230 9.94
1.491 0.0832 82.54 26.10  69  46  745000 1244000   230 9.94
1.493 0.0792 82.66 26.10  69  46  745000 1244000   230 9.94
1.495 0.0833 82.77 26.10  69  46  745000 1244000   230 9.94
1.497 0.0842 82.88 26.10  69  46  745000 1244000   230 9.94
1.499 0.0834 82.98 26.10  69  46  745000 1244000   230 9.94
1.501 0.0816 83.09 26.10  69  46  745000 1244000   230 9.94
1.503 0.0825 83.21 26.10  69  46  745000 1244000   230 9.94
1.505 0.0847 83.34 26.10  69  46  745000 1244000   230 9.94
1.507 0.0816 83.48 26.10  69  46  745000 1244000   230 9.94
1.509 0.0859 83.64 26.10  69  46  745000 1244000   230 9.94
1.511 0.0861 83.82 26.10  69  46  745000 1244000   230 9.94
1.513 0.0819 84.01 26.10  69  46  745000 1244000   230 9.94
1.515 0.0845 84.21 26.10  69  46  745000 1244000   230 9.94
1.517 0.0857 84.43 26.10  69  46  745000 1244000   230 9.94
1.519 0.0836 84.65 26.10  69  46  745000 1244000   230 9.94
1.521 0.0814 84.87 26.10  69  46  745000 1244000   230 9.94
1.523 0.0841 85.08 26.10  69  46  745000 1244000   230 9.94
1.525 0.0867 85.29 26.10  69  46  745000 1244000   230 9.94
1.527 0.0877 85.51 26.10  69  46  745000 1244000   230 9.94
1.529 0.0855 85.74 26.10  69  46  745000 1244000   230 9.94
1.531 0.0877 85.98 26.10  69  46  745000 1244000   230 9.94
1.533 0.0856 86.23 26.10  69  46  745000 1244000   230 9.94
1.535 0.0858 86.49 26.10  69  46  745000 1244000   230 9.94
1.537 0.0860 86.75 26.10  69  46  745000 1244000   230 9.94
1.539 0.0887 87.02 26.10  69  46  745000 1244000   230 9.94
1.541 0.0898 87.30 26.10  69  46  745000 1244000   230 9.94
1.543 0.0844 87.60 26.10  69  46  745000 1244000   230 9.94
1.545 0.0854 87.91 26.10  69  46  745000 1244000   230 9.94
1.547 0.0894 88.24 26.10  69  46  745000 1244000   230 9.94
1.549 0.0883 88.57 26.10  69  46  745000 1244000   230 9.94
1.551 0.0882 88.91 26.10  69  46  745000 1244000   230 9.94
1.553 0.0893 89.24 26.10  69  46  745000 1244000   230 9.94
1.555 0.0906 89.56 26.10  69  46  745000 1244000   230 9.94
1.557 0.0883 89.87 26.10  69  46  745000 1244000   230 9.94
1.559 0.0914 90.17 26.10  69  46  745000 1244000   230 9.94
1.561 0.0897 90.46 26.10  69  46  745000 1244000   230 9.94
1.563 0.0960 90.75 26.10  69  46  745000 1244000   230 9.94
1.565 0.0891 91.05 26.10  69  46  745000 1244000   230 9.94
1.567 0.0889 91.33 26.10  69  46  745000 1244000   230 9.94
1.569 0.0888 91.60 26.10  69  46  745000 1244000   230 9.94
1.571 0.0910 91.85 26.10  69  46  745000 1244000   230 9.94
1.573 0.0929 92.08 26.10  69  46  745000 1244000   230 9.94
1.575 0.1023 92.30 26.10  69  46  745000 1244000   230 9.94
1.577 0.0869 92.49 26.10  69  46  745000 1244000   230 9.94
1.579 0.0948 92.67 26.10  69  46  745000 1244000   230 9.94
1.581 0.0947 92.82 26.10  69  46  745000 1244000   230 9.94
1.583 0.0869 92.95 26.10  69  46  745000 1244000   230 9.94
1.585 0.0971 93.06 26.10  69  46  745000 1244000   230 9.94
1.587 0.0878 93.16 26.10  69  46  745000 1244000   230 9.94
1.589 0.0967 93.24 26.10  69  46  745000 1244000   230 9.94
1.591 0.0885 93.31 26.10  69  46  745000 1244000   230 9.94
1.593 0.0946 93.36 26.10  69  46  745000 1244000   230 9.94
1.595 0.0953 93.42 26.10  69  46  745000 1244000   230 9.94
1.597 0.0962 93.47 26.10  69  46  745000 1244000   230 9.94
1.599 0.0942 93.51 26.10  69  46  745000 1244000   230 9.94
1.601 0.0935 93.55 26.10  69  46  745000 1244000   230 9.94
1.603 0.0891 93.58 26.10  69  46  745000 1244000   230 9.94
1.605 0.0963 93.61 26.10  69  46  745000 1244000   230 9.94
1.607 0.0935 93.62 26.10  69  46  745000 1244000   230 9.94
1.609 0.0917 93.63 26.10  69  46  745000 1244000   230 9.94
1.611 0.0975 93.63 26.10  69  46  745000 1244000   230 9.94
1.613 0.0902 93.63 26.10  69  46  745000 1244000   230 9.94
1.615 0.0952 93.62 26.10  69  46  745000 1244000   230 9.94
1.617 0.0928 93.59 26.10  69  46  745000 1244000   230 9.94
1.619 0.0905 93.55 26.10  69  46  745000 1244000   230 9.94
1.621 0.0976 93.50 26.10  69  46  745000 1244000   230 9.94
1.623 0.0939 93.44 26.10  69  46  745000 1244000   230 9.94
1.625 0.0913 93.39 26.10  69  46  745000 1244000   230 9.94
1.627 0.0945 93.34 26.10  69  46  745000 1244000   230 9.94
1.629 0.0911 93.29 26.10  69  46  745000 1244000   230 9.94
1.631 0.0984 93.25 26.10  69  46  745000 1244000   230 9.94
1.633 0.0921 93.19 26.10  69  46  745000 1244000   230 9.94
1.635 0.0931 93.13 26.10  69  46  745000 1244000   230 9.94
1.637 0.0890 93.05 26.10  69  46  745000 1244000   230 9.94
1.639 0.0905 92.95 26.10  69  46  745000 1244000   230 9.94
1.641 0.0972 92.84 26.10  69  46  745000 1244000   230 9.94
1.643 0.0932 92.72 26.10  69  46  745000 1244000   230 9.94
1.645 0.0911 92.60 26.10  69  46  745000 1244000   230 9.94
1.647 0.0921 92.46 26.10  69  46  745000 1244000   230 9.94
1.649 0.0901 92.32 26.10  69  46  745000 1244000   230 9.94
1.651 0.0996 92.16 26.10  69  46  745000 1244000   230 9.94
1.653 0.0888 91.99 26.10  69  46  745000 1244000   230 9.94
1.655 0.0922 91.81 26.10  69  46  745000 1244000   230 9.94
1.657 0.0942 91.61 26.10  69  46  745000 1244000   230 9.94
1.659 0.0887 91.41 26.10  69  46  745000 1244000   230 9.94
1.661 0.0890 91.20 26.10  69  46  745000 1244000   230 9.94
1.663 0.0941 90.98 26.10  69  46  745000 1244000   230 9.94
1.665 0.0902 90.75 26.10  69  46  745000 1244000   230 9.94
1.667 0.0868 90.52 26.10  69  46  745000 1244000   230 9.94
1.669 0.0917 90.28 26.10  69  46  745000 1244000   230 9.94
1.671 0.0912 90.03 26.10  69  46  745000 1244000   230 9.94
1.673 0.0888 89.78 26.10  69  46  745000 1244000   230 9.94
1.675 0.0923 89.54 26.10  69  46  745000 1244000   230 9.94
1.677 0.0925 89.30 26.10  69  46  745000 1244000   230 9.94
1.679 0.0839 89.09 26.10  69  46  745000 1244000   230 9.94
1.681 0.0890 88.89 26.10  69  46  745000 1244000   230 9.94
1.683 0.0885 88.69 26.10  69  46  745000 1244000   230 9.94
1.685 0.0871 88.50 26.10  69  46  745000 1244000   230 9.94
1.687 0.0863 88.32 26.10  69  46  745000 1244000   230 9.94
1.689 0.0931 88.14 26.10  69  46  745000 1244000   230 9.94
1.691 0.0864 87.96 26.10  69  46  745000 1244000   230 9.94
1.693 0.0857 87.78 26.10  69  46  745000 1244000   230 9.94
1.695 0.0905 87.60 26.10  69  46  745000 1244000   230 9.94
1.697 0.0870 87.41 26.10  69  46  745000 1244000   230 9.94
1.699 0.0843 87.21 26.10  69  46  745000 1244000   230 9.94
1.701 0.0895 87.01 26.10  69  46  745000 1244000   230 9.94
1.703 0.0847 86.81 26.10  69  46  745000 1244000   230 9.94
1.705 0.0925 86.60 26.10  69  46  745000 1244000   230 9.94
1.707 0.0823 86.40 26.10  69  46  745000 1244000   230 9.94
1.709 0.0853 86.18 26.10  69  46  745000 1244000   230 9.94
1.711 0.0866 85.97 26.10  69  46  745000 1244000   230 9.94
1.713 0.0904 85.74 26.10  69  46  745000 1244000   230 9.94
1.715 0.0841 85.51 26.10  69  46  745000 1244000   230 9.94
1.718 0.0819 85.26 26.10  69  46  745000 1244000   230 9.94
1.720 0.0828 85.00 26.10  69  46  745000 1244000   230 9.94
1.722 0.0870 84.74 26.10  69  46  745000 1244000   230 9.94
1.724 0.0862 84.48 26.10  69  46  745000 1244000   230 9.94
1.727 0.0871 84.23 26.10  69  46  745000 1244000   230 9.94
1.729 0.0789 83.99 26.10  69  46  745000 1244000   230 9.94
1.732 0.0848 83.76 26.10  69  46  745000 1244000   230 9.94
1.735 0.0839 83.53 26.10  69  46  745000 1244000   230 9.94
1.738 0.0839 83.30 26.10  69  46  745000 1244000   230 9.94
1.741 0.0800 83.08 26.10  69  46  745000 1244000   230 9.94
1.744 0.0834 82.87 26.10  69  46  745000 1244000   230 9.94
1.747 0.0850 82.66 26.10  69  46  745000 1244000   230 9.94
1.751 0.0814 82.45 26.10  69  46  745000 1244000   230 9.94
1.754 0.0849 82.25 26.10  69  46  745000 1244000   230 9.94
1.758 0.0781 82.04 26.10  69  46  745000 1244000   230 9.94
1.762 0.0814 81.83 26.10  69  46  745000 1244000   230 9.94
1.766 0.0854 81.62 26.10  69  46  745000 1244000   230 9.94
1.770 0.0782 81.40 26.10  69  46  745000 1244000   230 9.94
1.774 0.0822 81.19 26.10  69  46  745000 1244000   230 9.94
1.779 0.0828 80.97 26.10  69  46  745000 1244000   230 9.94
1.784 0.0809 80.76 26.10  69  46  745000 1244000   230 9.94
1.789 0.0799 80.55 26.10  69  46  745000 1244000   230 9.94
1.794 0.0805 80.36 26.10  69  46  745000 1244000   230 9.94
1.799 0.0811 80.19 26.10  69  46  745000 1244000   230 9.94
1.805 0.0806 80.03 26.10  69  46  745000 1244000   230 9.94
1.811 0.0793 79.88 26.10  69  46  745000 1244000   230 9.94
1.817 0.0784 79.76 26.10  69  46  745000 1244000   230 9.94
1.823 0.0799 79.67 26.10  69  46  745000 1244000   230 9.94
1.830 0.0810 79.60 26.10  69  46  745000 1244000   230 9.94
1.837 0.0777 79.56 26.10  69  46  745000 1244000   230 9.94
1.844 0.0794 79.54 26.10  69  46  745000 1244000   230 9.94
1.852 0.0818 79.55 26.10  69  46  745000 1244000   230 9.94
1.859 0.0770 79.59 26.10  69  46  745000 1244000   230 9.94
1.868 0.0797 79.66 26.10  69  46  745000 1244000   230 9.94
1.876 0.0800 79.79 26.10  69  46  745000 1244000   230 9.94
1.885 0.0809 79.97 26.10  69  46  745000 1244000   230 9.94
1.894 0.0823 80.22 26.10  69  46  745000 1244000   230 9.94
1.904 0.0797 80.56 26.10  69  46  745000 1244000   230 9.94
1.914 0.0805 80.98 26.10  69  46  745000 1244000   230 9.94
1.924 0.0829 81.51 26.10  69  46  745000 1244000   230 9.94
1.934 0.0828 82.14 26.10  69  46  745000 1244000   230 9.94
1.944 0.0836 82.90 26.10  69  46  745000 1244000   230 9.94
1.954 0.0825 83.78 26.10  69  46  745000 1244000   230 9.94
1.964 0.0852 84.81 26.10  69  46  745000 1244000   230 9.94
1.974 0.0853 85.99 26.10  69  46  745000 1244000   230 9.94
1.984 0.0846 87.34 26.10  69  46  745000 1244000   230 9.94
1.994 0.0865 88.85 26.10  69  46  745000 1244000   230 9.94
2.004 0.0874 90.54 26.10  69  46  745000 1244000   230 9.94
2.014 0.0904 92.39 26.10  69  46  745000 1244000   230 9.94
2.024 0.0942 94.39 26.10  69  46  745000 1244000   230 9.94
2.034 0.0943 96.49 26.10  69  46  745000 1244000   230 9.94
2.044 0.0975 98.66 26.10  69  46  745000 1244000   230 9.94
2.054 0.1008 100.85 26.10  69  46  745000 1244000   230 9.94
2.064 0.1009 103.01 26.10  69  46  745000 1244000   230 9.94
2.074 0.1043 105.11 26.10  69  46  745000 1244000   230 9.94
2.084 0.1053 107.08 26.10  69  46  745000 1244000   230 9.94
2.094 0.1115 108.87 26.10  69  46  745000 1244000   230 9.94
2.104 0.1107 110.46 26.10  69  46  745000 1244000   230 9.94
2.114 0.1137 111.80 26.10  69  46  745000 1244000   230 9.94
2.124 0.1165 112.87 26.10  69  46  745000 1244000   230 9.94
2.134 0.1186 113.66 26.10  69  46  745000 1244000   230 9.94
2.144 0.1202 114.15 26.10  69  46  745000 1244000   230 9.94
2.154 0.1209 114.35 26.10  69  46  745000 1244000   230 9.94
2.164 0.1216 114.28 26.10  69  46  745000 1244000   230 9.94
2.174 0.1197 113.97 26.10  69  46  745000 1244000   230 9.94
2.184 0.1193 113.46 26.10  69  46  745000 1244000   230 9.94
2.194 0.1175 112.82 26.10  69  46  745000 1244000   230 9.94
2.204 0.1113 112.12 26.10  69  46  745000 1244000   230 9.94
2.214 0.1084 111.43 26.10  69  46  745000 1244000   230 9.94
2.224 0.1114 110.85 26.10  69  46  745000 1244000   230 9.94
2.234 0.1107 110.48 26.10  69  46  745000 1244000   230 9.94
2.244 0.1104 110.41 26.10  69  46  745000 1244000   230 9.94
2.255 0.1098 110.74 26.10  69  46  745000 1244000   230 9.94
2.265 0.1101 111.56 26.10  69  46  745000 1244000   230 9.94
2.275 0.1096 112.93 26.10  69  46  745000 1244000   230 9.94
2.285 0.1146 115.08 26.10  69  46  745000 1244000   230 9.94
2.295 0.1164 120.19 26.10  69  46  745000 1244000   230 9.94
2.305 0.1204 128.62 26.10  69  46  745000 1244000   230 9.94
2.315 0.1244 138.27 26.10  69  46  745000 1244000   230 9.94
2.325 0.1293 148.00 26.10  69  46  745000 1244000   230 9.94
2.335 0.1378 157.40 26.10  69  46  745000 1244000   230 9.94
2.345 0.1463 166.37 26.10  69  46  745000 1244000   230 9.94
2.355 0.1583 174.92 26.10  69  46  745000 1244000   230 9.94
2.365 0.1654 183.10 26.10  69  46  745000 1244000   230 9.94
2.375 0.1784 190.95 26.10  69  46  745000 1244000   230 9.94
2.385 0.1965 198.52 26.10  69  46  745000 1244000   230 9.94
2.395 0.2087 205.88 26.10  69  46  745000 1244000   230 9.94
2.405 0.2190 213.06 26.10  69  46  745000 1244000   230 9.94
2.415 0.2436 220.09 26.10  69  46  745000 1244000   230 9.94
2.425 0.2571 226.98 26.10  69  46  745000 1244000   230 9.94
2.435 0.2786 233.76 26.10  69  46  745000 1244000   230 9.94
2.445 0.2942 240.43 26.10  69  46  745000 1244000   230 9.94
2.455 0.3255 246.97 26.10  69  46  745000 1244000   230 9.94
2.465 0.3500 253.38 26.10  69  46  745000 1244000   230 9.94
2.475 0.3913 259.62 26.10  69  46  745000 1244000   230 9.94
2.485 0.4199 265.67 26.10  69  46  745000 1244000   230 9.94
2.495 0.4615 271.48 26.10  69  46  745000 1244000   230 9.94
2.505 0.0000 277.00 26.10  69  46  745000 1244000   230 9.94
2.515 0.0000 282.16 26.10  69  46  745000 1244000   230 9.94
