     x     qy smooth tpara  cd  zL     xTr    xCpl frame tma
-1.220 0.3723 317.83 32.60  67  46  615000 1119000   240 10.13
-1.210 0.3567 297.03 32.60  67  46  615000 1119000   240 10.13
-1.200 0.3372 277.29 32.60  67  46  615000 1119000   240 10.13
-1.190 0.2449 258.59 32.60  67  46  615000 1119000   240 10.13
-1.181 0.2245 240.90 32.60  67  46  615000 1119000   240 10.13
-1.171 0.1691 224.19 32.60  67  46  615000 1119000   240 10.13
-1.161 0.1563 208.43 32.60  67  46  615000 1119000   240 10.13
-1.151 0.1566 193.61 32.60  67  46  615000 1119000   240 10.13
-1.141 0.1405 179.71 32.60  67  46  615000 1119000   240 10.13
-1.131 0.1335 166.71 32.60  67  46  615000 1119000   240 10.13
-1.121 0.1295 154.60 32.60  67  46  615000 1119000   240 10.13
-1.111 0.1217 143.38 32.60  67  46  615000 1119000   240 10.13
-1.101 0.1162 133.05 32.60  67  46  615000 1119000   240 10.13
-1.091 0.1135 123.61 32.60  67  46  615000 1119000   240 10.13
-1.081 0.1082 115.06 32.60  67  46  615000 1119000   240 10.13
-1.071 0.1062 107.44 32.60  67  46  615000 1119000   240 10.13
-1.062 0.1013 100.78 32.60  67  46  615000 1119000   240 10.13
-1.052 0.0993 95.11 32.60  67  46  615000 1119000   240 10.13
-1.042 0.0975 90.50 32.60  67  46  615000 1119000   240 10.13
-1.032 0.0917 87.01 32.60  67  46  615000 1119000   240 10.13
-1.022 0.0935 84.73 32.60  67  46  615000 1119000   240 10.13
-1.012 0.0890 83.70 32.60  67  46  615000 1119000   240 10.13
-1.002 0.0886 83.70 32.60  67  46  615000 1119000   240 10.13
-0.992 0.0860 83.73 32.60  67  46  615000 1119000   240 10.13
-0.982 0.0820 82.57 32.60  67  46  615000 1119000   240 10.13
-0.972 0.0804 81.25 32.60  67  46  615000 1119000   240 10.13
-0.962 0.0814 79.89 32.60  67  46  615000 1119000   240 10.13
-0.952 0.0805 78.56 32.60  67  46  615000 1119000   240 10.13
-0.942 0.0779 77.28 32.60  67  46  615000 1119000   240 10.13
-0.933 0.0745 76.08 32.60  67  46  615000 1119000   240 10.13
-0.923 0.0764 74.96 32.60  67  46  615000 1119000   240 10.13
-0.913 0.0748 73.91 32.60  67  46  615000 1119000   240 10.13
-0.903 0.0733 72.95 32.60  67  46  615000 1119000   240 10.13
-0.893 0.0737 72.08 32.60  67  46  615000 1119000   240 10.13
-0.883 0.0723 71.30 32.60  67  46  615000 1119000   240 10.13
-0.873 0.0694 70.61 32.60  67  46  615000 1119000   240 10.13
-0.863 0.0694 70.01 32.60  67  46  615000 1119000   240 10.13
-0.853 0.0687 69.51 32.60  67  46  615000 1119000   240 10.13
-0.843 0.0688 69.10 32.60  67  46  615000 1119000   240 10.13
-0.833 0.0670 68.77 32.60  67  46  615000 1119000   240 10.13
-0.823 0.0674 68.53 32.60  67  46  615000 1119000   240 10.13
-0.813 0.0685 68.37 32.60  67  46  615000 1119000   240 10.13
-0.804 0.0685 68.27 32.60  67  46  615000 1119000   240 10.13
-0.794 0.0677 68.24 32.60  67  46  615000 1119000   240 10.13
-0.784 0.0675 68.28 32.60  67  46  615000 1119000   240 10.13
-0.774 0.0692 68.36 32.60  67  46  615000 1119000   240 10.13
-0.764 0.0693 68.49 32.60  67  46  615000 1119000   240 10.13
-0.754 0.0689 68.65 32.60  67  46  615000 1119000   240 10.13
-0.744 0.0679 68.84 32.60  67  46  615000 1119000   240 10.13
-0.734 0.0696 69.03 32.60  67  46  615000 1119000   240 10.13
-0.724 0.0692 69.23 32.60  67  46  615000 1119000   240 10.13
-0.714 0.0694 69.42 32.60  67  46  615000 1119000   240 10.13
-0.704 0.0716 69.60 32.60  67  46  615000 1119000   240 10.13
-0.694 0.0705 69.76 32.60  67  46  615000 1119000   240 10.13
-0.685 0.0703 69.88 32.60  67  46  615000 1119000   240 10.13
-0.675 0.0704 69.97 32.60  67  46  615000 1119000   240 10.13
-0.665 0.0695 70.02 32.60  67  46  615000 1119000   240 10.13
-0.655 0.0705 70.04 32.60  67  46  615000 1119000   240 10.13
-0.645 0.0711 70.02 32.60  67  46  615000 1119000   240 10.13
-0.635 0.0690 69.98 32.60  67  46  615000 1119000   240 10.13
-0.625 0.0696 69.91 32.60  67  46  615000 1119000   240 10.13
-0.615 0.0705 69.82 32.60  67  46  615000 1119000   240 10.13
-0.605 0.0701 69.72 32.60  67  46  615000 1119000   240 10.13
-0.595 0.0694 69.59 32.60  67  46  615000 1119000   240 10.13
-0.585 0.0683 69.45 32.60  67  46  615000 1119000   240 10.13
-0.575 0.0686 69.30 32.60  67  46  615000 1119000   240 10.13
-0.565 0.0692 69.13 32.60  67  46  615000 1119000   240 10.13
-0.556 0.0700 68.96 32.60  67  46  615000 1119000   240 10.13
-0.546 0.0688 68.78 32.60  67  46  615000 1119000   240 10.13
-0.536 0.0691 68.59 32.60  67  46  615000 1119000   240 10.13
-0.526 0.0676 68.41 32.60  67  46  615000 1119000   240 10.13
-0.516 0.0687 68.23 32.60  67  46  615000 1119000   240 10.13
-0.506 0.0672 68.05 32.60  67  46  615000 1119000   240 10.13
-0.496 0.0671 67.87 32.60  67  46  615000 1119000   240 10.13
-0.486 0.0688 67.69 32.60  67  46  615000 1119000   240 10.13
-0.476 0.0681 67.52 32.60  67  46  615000 1119000   240 10.13
-0.466 0.0670 67.35 32.60  67  46  615000 1119000   240 10.13
-0.456 0.0666 67.19 32.60  67  46  615000 1119000   240 10.13
-0.446 0.0687 67.03 32.60  67  46  615000 1119000   240 10.13
-0.437 0.0673 66.87 32.60  67  46  615000 1119000   240 10.13
-0.427 0.0652 66.70 32.60  67  46  615000 1119000   240 10.13
-0.417 0.0659 66.53 32.60  67  46  615000 1119000   240 10.13
-0.407 0.0658 66.34 32.60  67  46  615000 1119000   240 10.13
-0.397 0.0663 66.14 32.60  67  46  615000 1119000   240 10.13
-0.387 0.0661 65.94 32.60  67  46  615000 1119000   240 10.13
-0.377 0.0665 65.75 32.60  67  46  615000 1119000   240 10.13
-0.367 0.0659 65.58 32.60  67  46  615000 1119000   240 10.13
-0.357 0.0657 65.42 32.60  67  46  615000 1119000   240 10.13
-0.347 0.0652 65.29 32.60  67  46  615000 1119000   240 10.13
-0.337 0.0655 65.19 32.60  67  46  615000 1119000   240 10.13
-0.327 0.0657 65.12 32.60  67  46  615000 1119000   240 10.13
-0.317 0.0649 65.09 32.60  67  46  615000 1119000   240 10.13
-0.308 0.0674 65.08 32.60  67  46  615000 1119000   240 10.13
-0.298 0.0626 65.12 32.60  67  46  615000 1119000   240 10.13
-0.288 0.0650 65.18 32.60  67  46  615000 1119000   240 10.13
-0.278 0.0646 65.27 32.60  67  46  615000 1119000   240 10.13
-0.268 0.0646 65.37 32.60  67  46  615000 1119000   240 10.13
-0.258 0.0624 65.47 32.60  67  46  615000 1119000   240 10.13
-0.248 0.0642 65.58 32.60  67  46  615000 1119000   240 10.13
-0.238 0.0641 65.69 32.60  67  46  615000 1119000   240 10.13
-0.228 0.0668 65.78 32.60  67  46  615000 1119000   240 10.13
-0.218 0.0668 65.87 32.60  67  46  615000 1119000   240 10.13
-0.208 0.0677 65.96 32.60  67  46  615000 1119000   240 10.13
-0.198 0.0679 66.05 32.60  67  46  615000 1119000   240 10.13
-0.188 0.0669 66.15 32.60  67  46  615000 1119000   240 10.13
-0.179 0.0677 66.26 32.60  67  46  615000 1119000   240 10.13
-0.169 0.0649 66.38 32.60  67  46  615000 1119000   240 10.13
-0.159 0.0670 66.48 32.60  67  46  615000 1119000   240 10.13
-0.149 0.0653 66.56 32.60  67  46  615000 1119000   240 10.13
-0.139 0.0672 66.59 32.60  67  46  615000 1119000   240 10.13
-0.129 0.0655 66.54 32.60  67  46  615000 1119000   240 10.13
-0.119 0.0662 66.39 32.60  67  46  615000 1119000   240 10.13
-0.109 0.0653 66.10 32.60  67  46  615000 1119000   240 10.13
-0.099 0.0623 65.66 32.60  67  46  615000 1119000   240 10.13
-0.089 0.0657 65.07 32.60  67  46  615000 1119000   240 10.13
-0.079 0.0621 64.31 32.60  67  46  615000 1119000   240 10.13
-0.069 0.0636 63.39 32.60  67  46  615000 1119000   240 10.13
-0.060 0.0639 62.33 32.60  67  46  615000 1119000   240 10.13
-0.050 0.0648 61.13 32.60  67  46  615000 1119000   240 10.13
-0.040 0.0614 59.81 32.60  67  46  615000 1119000   240 10.13
-0.030 0.0629 58.40 32.60  67  46  615000 1119000   240 10.13
-0.020 0.0633 56.90 32.60  67  46  615000 1119000   240 10.13
-0.010 0.0586 55.34 32.60  67  46  615000 1119000   240 10.13
0.000 0.0563 53.73 32.60  67  46  615000 1119000   240 10.13
0.010 0.0526 52.08 32.60  67  46  615000 1119000   240 10.13
0.020 0.0492 50.42 32.60  67  46  615000 1119000   240 10.13
0.030 0.0459 48.77 32.60  67  46  615000 1119000   240 10.13
0.040 0.0447 47.14 32.60  67  46  615000 1119000   240 10.13
0.050 0.0402 45.57 32.60  67  46  615000 1119000   240 10.13
0.060 0.0409 44.06 32.60  67  46  615000 1119000   240 10.13
0.069 0.0388 42.65 32.60  67  46  615000 1119000   240 10.13
0.079 0.0395 41.36 32.60  67  46  615000 1119000   240 10.13
0.089 0.0398 40.20 32.60  67  46  615000 1119000   240 10.13
0.099 0.0391 39.19 32.60  67  46  615000 1119000   240 10.13
0.109 0.0374 38.34 32.60  67  46  615000 1119000   240 10.13
0.119 0.0375 37.66 32.60  67  46  615000 1119000   240 10.13
0.129 0.0372 37.14 32.60  67  46  615000 1119000   240 10.13
0.139 0.0378 36.78 32.60  67  46  615000 1119000   240 10.13
0.149 0.0368 36.56 32.60  67  46  615000 1119000   240 10.13
0.159 0.0374 36.46 32.60  67  46  615000 1119000   240 10.13
0.169 0.0376 36.44 32.60  67  46  615000 1119000   240 10.13
0.179 0.0361 36.49 32.60  67  46  615000 1119000   240 10.13
0.188 0.0380 36.57 32.60  67  46  615000 1119000   240 10.13
0.198 0.0361 36.68 32.60  67  46  615000 1119000   240 10.13
0.208 0.0370 36.79 32.60  67  46  615000 1119000   240 10.13
0.218 0.0367 36.89 32.60  67  46  615000 1119000   240 10.13
0.228 0.0373 36.99 32.60  67  46  615000 1119000   240 10.13
0.238 0.0377 37.07 32.60  67  46  615000 1119000   240 10.13
0.248 0.0376 37.14 32.60  67  46  615000 1119000   240 10.13
0.258 0.0361 37.18 32.60  67  46  615000 1119000   240 10.13
0.268 0.0373 37.21 32.60  67  46  615000 1119000   240 10.13
0.278 0.0378 37.21 32.60  67  46  615000 1119000   240 10.13
0.288 0.0373 37.19 32.60  67  46  615000 1119000   240 10.13
0.298 0.0364 37.14 32.60  67  46  615000 1119000   240 10.13
0.308 0.0371 37.07 32.60  67  46  615000 1119000   240 10.13
0.317 0.0391 36.99 32.60  67  46  615000 1119000   240 10.13
0.327 0.0369 36.91 32.60  67  46  615000 1119000   240 10.13
0.337 0.0374 36.84 32.60  67  46  615000 1119000   240 10.13
0.347 0.0379 36.80 32.60  67  46  615000 1119000   240 10.13
0.357 0.0376 36.78 32.60  67  46  615000 1119000   240 10.13
0.367 0.0376 36.80 32.60  67  46  615000 1119000   240 10.13
0.377 0.0368 36.86 32.60  67  46  615000 1119000   240 10.13
0.387 0.0373 36.96 32.60  67  46  615000 1119000   240 10.13
0.397 0.0359 37.09 32.60  67  46  615000 1119000   240 10.13
0.407 0.0351 37.26 32.60  67  46  615000 1119000   240 10.13
0.417 0.0353 37.45 32.60  67  46  615000 1119000   240 10.13
0.427 0.0354 37.66 32.60  67  46  615000 1119000   240 10.13
0.437 0.0366 37.89 32.60  67  46  615000 1119000   240 10.13
0.446 0.0374 38.13 32.60  67  46  615000 1119000   240 10.13
0.456 0.0392 38.38 32.60  67  46  615000 1119000   240 10.13
0.466 0.0370 38.63 32.60  67  46  615000 1119000   240 10.13
0.476 0.0413 38.89 32.60  67  46  615000 1119000   240 10.13
0.486 0.0404 39.17 32.60  67  46  615000 1119000   240 10.13
0.496 0.0413 39.47 32.60  67  46  615000 1119000   240 10.13
0.506 0.0422 39.81 32.60  67  46  615000 1119000   240 10.13
0.516 0.0420 40.19 32.60  67  46  615000 1119000   240 10.13
0.526 0.0424 40.62 32.60  67  46  615000 1119000   240 10.13
0.536 0.0416 41.08 32.60  67  46  615000 1119000   240 10.13
0.546 0.0413 41.57 32.60  67  46  615000 1119000   240 10.13
0.556 0.0412 42.10 32.60  67  46  615000 1119000   240 10.13
0.565 0.0421 42.66 32.60  67  46  615000 1119000   240 10.13
0.575 0.0420 43.26 32.60  67  46  615000 1119000   240 10.13
0.585 0.0412 43.88 32.60  67  46  615000 1119000   240 10.13
0.594 0.0423 44.53 32.60  67  46  615000 1119000   240 10.13
0.603 0.0430 45.22 32.60  67  46  615000 1119000   240 10.13
0.611 0.0447 45.93 32.60  67  46  615000 1119000   240 10.13
0.619 0.0457 46.68 32.60  67  46  615000 1119000   240 10.13
0.627 0.0466 47.46 32.60  67  46  615000 1119000   240 10.13
0.635 0.0476 48.28 32.60  67  46  615000 1119000   240 10.13
0.642 0.0496 49.12 32.60  67  46  615000 1119000   240 10.13
0.649 0.0532 49.99 32.60  67  46  615000 1119000   240 10.13
0.655 0.0523 50.86 32.60  67  46  615000 1119000   240 10.13
0.661 0.0534 51.73 32.60  67  46  615000 1119000   240 10.13
0.667 0.0560 52.58 32.60  67  46  615000 1119000   240 10.13
0.673 0.0516 53.37 32.60  67  46  615000 1119000   240 10.13
0.679 0.0541 54.09 32.60  67  46  615000 1119000   240 10.13
0.684 0.0523 54.74 32.60  67  46  615000 1119000   240 10.13
0.689 0.0581 55.32 32.60  67  46  615000 1119000   240 10.13
0.694 0.0580 55.83 32.60  67  46  615000 1119000   240 10.13
0.699 0.0569 56.27 32.60  67  46  615000 1119000   240 10.13
0.703 0.0549 56.64 32.60  67  46  615000 1119000   240 10.13
0.708 0.0556 56.96 32.60  67  46  615000 1119000   240 10.13
0.712 0.0566 57.23 32.60  67  46  615000 1119000   240 10.13
0.716 0.0589 57.48 32.60  67  46  615000 1119000   240 10.13
0.720 0.0582 57.71 32.60  67  46  615000 1119000   240 10.13
0.724 0.0569 57.92 32.60  67  46  615000 1119000   240 10.13
0.727 0.0597 58.13 32.60  67  46  615000 1119000   240 10.13
0.730 0.0584 58.33 32.60  67  46  615000 1119000   240 10.13
0.734 0.0587 58.54 32.60  67  46  615000 1119000   240 10.13
0.737 0.0574 58.74 32.60  67  46  615000 1119000   240 10.13
0.740 0.0556 58.94 32.60  67  46  615000 1119000   240 10.13
0.743 0.0592 59.13 32.60  67  46  615000 1119000   240 10.13
0.745 0.0591 59.34 32.60  67  46  615000 1119000   240 10.13
0.748 0.0574 59.57 32.60  67  46  615000 1119000   240 10.13
0.751 0.0617 59.82 32.60  67  46  615000 1119000   240 10.13
0.753 0.0660 60.10 32.60  67  46  615000 1119000   240 10.13
0.755 0.0582 60.40 32.60  67  46  615000 1119000   240 10.13
0.758 0.0616 60.70 32.60  67  46  615000 1119000   240 10.13
0.760 0.0598 61.01 32.60  67  46  615000 1119000   240 10.13
0.762 0.0585 61.32 32.60  67  46  615000 1119000   240 10.13
0.764 0.0627 61.61 32.60  67  46  615000 1119000   240 10.13
0.766 0.0670 61.89 32.60  67  46  615000 1119000   240 10.13
0.768 0.0574 62.16 32.60  67  46  615000 1119000   240 10.13
0.770 0.0609 62.41 32.60  67  46  615000 1119000   240 10.13
0.772 0.0605 62.65 32.60  67  46  615000 1119000   240 10.13
0.774 0.0624 62.88 32.60  67  46  615000 1119000   240 10.13
0.776 0.0683 63.10 32.60  67  46  615000 1119000   240 10.13
0.778 0.0606 63.31 32.60  67  46  615000 1119000   240 10.13
0.780 0.0656 63.53 32.60  67  46  615000 1119000   240 10.13
0.782 0.0619 63.75 32.60  67  46  615000 1119000   240 10.13
0.784 0.0723 63.99 32.60  67  46  615000 1119000   240 10.13
0.786 0.0639 64.23 32.60  67  46  615000 1119000   240 10.13
0.788 0.0659 64.49 32.60  67  46  615000 1119000   240 10.13
0.790 0.0577 64.75 32.60  67  46  615000 1119000   240 10.13
0.792 0.0641 65.02 32.60  67  46  615000 1119000   240 10.13
0.794 0.0627 65.28 32.60  67  46  615000 1119000   240 10.13
0.796 0.0653 65.52 32.60  67  46  615000 1119000   240 10.13
0.798 0.0651 65.75 32.60  67  46  615000 1119000   240 10.13
0.800 0.0698 65.98 32.60  67  46  615000 1119000   240 10.13
0.802 0.0673 66.22 32.60  67  46  615000 1119000   240 10.13
0.804 0.0618 66.46 32.60  67  46  615000 1119000   240 10.13
0.806 0.0669 66.72 32.60  67  46  615000 1119000   240 10.13
0.808 0.0720 67.00 32.60  67  46  615000 1119000   240 10.13
0.810 0.0672 67.29 32.60  67  46  615000 1119000   240 10.13
0.812 0.0653 67.60 32.60  67  46  615000 1119000   240 10.13
0.813 0.0737 67.91 32.60  67  46  615000 1119000   240 10.13
0.815 0.0639 68.24 32.60  67  46  615000 1119000   240 10.13
0.817 0.0676 68.57 32.60  67  46  615000 1119000   240 10.13
0.819 0.0713 68.89 32.60  67  46  615000 1119000   240 10.13
0.821 0.0660 69.20 32.60  67  46  615000 1119000   240 10.13
0.823 0.0689 69.51 32.60  67  46  615000 1119000   240 10.13
0.825 0.0718 69.79 32.60  67  46  615000 1119000   240 10.13
0.827 0.0693 70.06 32.60  67  46  615000 1119000   240 10.13
0.829 0.0717 70.33 32.60  67  46  615000 1119000   240 10.13
0.831 0.0640 70.60 32.60  67  46  615000 1119000   240 10.13
0.833 0.0767 70.89 32.60  67  46  615000 1119000   240 10.13
0.835 0.0746 71.20 32.60  67  46  615000 1119000   240 10.13
0.837 0.0698 71.51 32.60  67  46  615000 1119000   240 10.13
0.839 0.0722 71.82 32.60  67  46  615000 1119000   240 10.13
0.841 0.0651 72.12 32.60  67  46  615000 1119000   240 10.13
0.843 0.0785 72.41 32.60  67  46  615000 1119000   240 10.13
0.845 0.0723 72.70 32.60  67  46  615000 1119000   240 10.13
0.847 0.0712 73.00 32.60  67  46  615000 1119000   240 10.13
0.849 0.0697 73.28 32.60  67  46  615000 1119000   240 10.13
0.851 0.0746 73.55 32.60  67  46  615000 1119000   240 10.13
0.853 0.0789 73.78 32.60  67  46  615000 1119000   240 10.13
0.855 0.0742 74.00 32.60  67  46  615000 1119000   240 10.13
0.857 0.0722 74.19 32.60  67  46  615000 1119000   240 10.13
0.859 0.0747 74.36 32.60  67  46  615000 1119000   240 10.13
0.861 0.0728 74.51 32.60  67  46  615000 1119000   240 10.13
0.863 0.0789 74.65 32.60  67  46  615000 1119000   240 10.13
0.865 0.0696 74.78 32.60  67  46  615000 1119000   240 10.13
0.867 0.0786 74.89 32.60  67  46  615000 1119000   240 10.13
0.869 0.0780 74.99 32.60  67  46  615000 1119000   240 10.13
0.871 0.0738 75.08 32.60  67  46  615000 1119000   240 10.13
0.873 0.0689 75.15 32.60  67  46  615000 1119000   240 10.13
0.875 0.0755 75.19 32.60  67  46  615000 1119000   240 10.13
0.877 0.0747 75.21 32.60  67  46  615000 1119000   240 10.13
0.879 0.0824 75.20 32.60  67  46  615000 1119000   240 10.13
0.881 0.0794 75.17 32.60  67  46  615000 1119000   240 10.13
0.883 0.0717 75.14 32.60  67  46  615000 1119000   240 10.13
0.885 0.0684 75.12 32.60  67  46  615000 1119000   240 10.13
0.887 0.0774 75.11 32.60  67  46  615000 1119000   240 10.13
0.889 0.0697 75.10 32.60  67  46  615000 1119000   240 10.13
0.891 0.0790 75.10 32.60  67  46  615000 1119000   240 10.13
0.893 0.0787 75.10 32.60  67  46  615000 1119000   240 10.13
0.895 0.0722 75.11 32.60  67  46  615000 1119000   240 10.13
0.897 0.0789 75.10 32.60  67  46  615000 1119000   240 10.13
0.899 0.0722 75.08 32.60  67  46  615000 1119000   240 10.13
0.901 0.0769 75.05 32.60  67  46  615000 1119000   240 10.13
0.903 0.0725 75.01 32.60  67  46  615000 1119000   240 10.13
0.905 0.0762 74.96 32.60  67  46  615000 1119000   240 10.13
0.907 0.0749 74.91 32.60  67  46  615000 1119000   240 10.13
0.909 0.0744 74.85 32.60  67  46  615000 1119000   240 10.13
0.911 0.0690 74.81 32.60  67  46  615000 1119000   240 10.13
0.913 0.0792 74.79 32.60  67  46  615000 1119000   240 10.13
0.915 0.0754 74.78 32.60  67  46  615000 1119000   240 10.13
0.917 0.0756 74.80 32.60  67  46  615000 1119000   240 10.13
0.919 0.0785 74.83 32.60  67  46  615000 1119000   240 10.13
0.921 0.0751 74.84 32.60  67  46  615000 1119000   240 10.13
0.923 0.0770 74.85 32.60  67  46  615000 1119000   240 10.13
0.925 0.0673 74.85 32.60  67  46  615000 1119000   240 10.13
0.927 0.0748 74.84 32.60  67  46  615000 1119000   240 10.13
0.929 0.0732 74.84 32.60  67  46  615000 1119000   240 10.13
0.931 0.0790 74.83 32.60  67  46  615000 1119000   240 10.13
0.933 0.0709 74.80 32.60  67  46  615000 1119000   240 10.13
0.935 0.0711 74.75 32.60  67  46  615000 1119000   240 10.13
0.937 0.0793 74.67 32.60  67  46  615000 1119000   240 10.13
0.938 0.0745 74.60 32.60  67  46  615000 1119000   240 10.13
0.940 0.0739 74.55 32.60  67  46  615000 1119000   240 10.13
0.942 0.0813 74.51 32.60  67  46  615000 1119000   240 10.13
0.944 0.0730 74.50 32.60  67  46  615000 1119000   240 10.13
0.946 0.0766 74.52 32.60  67  46  615000 1119000   240 10.13
0.948 0.0778 74.57 32.60  67  46  615000 1119000   240 10.13
0.950 0.0716 74.65 32.60  67  46  615000 1119000   240 10.13
0.952 0.0693 74.76 32.60  67  46  615000 1119000   240 10.13
0.954 0.0725 74.88 32.60  67  46  615000 1119000   240 10.13
0.956 0.0785 75.02 32.60  67  46  615000 1119000   240 10.13
0.958 0.0721 75.16 32.60  67  46  615000 1119000   240 10.13
0.960 0.0749 75.29 32.60  67  46  615000 1119000   240 10.13
0.962 0.0773 75.41 32.60  67  46  615000 1119000   240 10.13
0.964 0.0711 75.52 32.60  67  46  615000 1119000   240 10.13
0.966 0.0768 75.62 32.60  67  46  615000 1119000   240 10.13
0.968 0.0712 75.73 32.60  67  46  615000 1119000   240 10.13
0.970 0.0800 75.85 32.60  67  46  615000 1119000   240 10.13
0.972 0.0759 75.96 32.60  67  46  615000 1119000   240 10.13
0.974 0.0820 76.07 32.60  67  46  615000 1119000   240 10.13
0.976 0.0792 76.17 32.60  67  46  615000 1119000   240 10.13
0.978 0.0788 76.24 32.60  67  46  615000 1119000   240 10.13
0.980 0.0656 76.29 32.60  67  46  615000 1119000   240 10.13
0.982 0.0785 76.28 32.60  67  46  615000 1119000   240 10.13
0.984 0.0824 76.23 32.60  67  46  615000 1119000   240 10.13
0.986 0.0745 76.12 32.60  67  46  615000 1119000   240 10.13
0.988 0.0761 75.97 32.60  67  46  615000 1119000   240 10.13
0.990 0.0757 75.79 32.60  67  46  615000 1119000   240 10.13
0.992 0.0753 75.60 32.60  67  46  615000 1119000   240 10.13
0.994 0.0721 75.42 32.60  67  46  615000 1119000   240 10.13
0.996 0.0793 75.26 32.60  67  46  615000 1119000   240 10.13
0.998 0.0728 75.15 32.60  67  46  615000 1119000   240 10.13
1.000 0.0715 75.08 32.60  67  46  615000 1119000   240 10.13
1.002 0.0788 75.04 32.60  67  46  615000 1119000   240 10.13
1.004 0.0760 75.03 32.60  67  46  615000 1119000   240 10.13
1.006 0.0733 75.05 32.60  67  46  615000 1119000   240 10.13
1.008 0.0737 75.10 32.60  67  46  615000 1119000   240 10.13
1.010 0.0745 75.15 32.60  67  46  615000 1119000   240 10.13
1.012 0.0704 75.21 32.60  67  46  615000 1119000   240 10.13
1.014 0.0789 75.28 32.60  67  46  615000 1119000   240 10.13
1.016 0.0727 75.34 32.60  67  46  615000 1119000   240 10.13
1.018 0.0746 75.39 32.60  67  46  615000 1119000   240 10.13
1.020 0.0787 75.45 32.60  67  46  615000 1119000   240 10.13
1.022 0.0724 75.51 32.60  67  46  615000 1119000   240 10.13
1.024 0.0814 75.59 32.60  67  46  615000 1119000   240 10.13
1.026 0.0760 75.66 32.60  67  46  615000 1119000   240 10.13
1.028 0.0793 75.73 32.60  67  46  615000 1119000   240 10.13
1.030 0.0785 75.77 32.60  67  46  615000 1119000   240 10.13
1.032 0.0710 75.79 32.60  67  46  615000 1119000   240 10.13
1.034 0.0798 75.76 32.60  67  46  615000 1119000   240 10.13
1.036 0.0750 75.69 32.60  67  46  615000 1119000   240 10.13
1.038 0.0686 75.57 32.60  67  46  615000 1119000   240 10.13
1.040 0.0732 75.42 32.60  67  46  615000 1119000   240 10.13
1.042 0.0763 75.23 32.60  67  46  615000 1119000   240 10.13
1.044 0.0747 75.01 32.60  67  46  615000 1119000   240 10.13
1.046 0.0710 74.77 32.60  67  46  615000 1119000   240 10.13
1.048 0.0829 74.52 32.60  67  46  615000 1119000   240 10.13
1.050 0.0727 74.27 32.60  67  46  615000 1119000   240 10.13
1.052 0.0824 74.04 32.60  67  46  615000 1119000   240 10.13
1.054 0.0648 73.82 32.60  67  46  615000 1119000   240 10.13
1.056 0.0767 73.64 32.60  67  46  615000 1119000   240 10.13
1.058 0.0787 73.48 32.60  67  46  615000 1119000   240 10.13
1.060 0.0707 73.36 32.60  67  46  615000 1119000   240 10.13
1.062 0.0694 73.27 32.60  67  46  615000 1119000   240 10.13
1.063 0.0731 73.20 32.60  67  46  615000 1119000   240 10.13
1.065 0.0716 73.14 32.60  67  46  615000 1119000   240 10.13
1.067 0.0755 73.09 32.60  67  46  615000 1119000   240 10.13
1.069 0.0639 73.05 32.60  67  46  615000 1119000   240 10.13
1.071 0.0776 73.02 32.60  67  46  615000 1119000   240 10.13
1.073 0.0732 73.00 32.60  67  46  615000 1119000   240 10.13
1.075 0.0750 72.99 32.60  67  46  615000 1119000   240 10.13
1.077 0.0783 73.01 32.60  67  46  615000 1119000   240 10.13
1.079 0.0661 73.07 32.60  67  46  615000 1119000   240 10.13
1.081 0.0723 73.18 32.60  67  46  615000 1119000   240 10.13
1.083 0.0776 73.33 32.60  67  46  615000 1119000   240 10.13
1.085 0.0712 73.51 32.60  67  46  615000 1119000   240 10.13
1.087 0.0732 73.70 32.60  67  46  615000 1119000   240 10.13
1.089 0.0758 73.91 32.60  67  46  615000 1119000   240 10.13
1.091 0.0716 74.11 32.60  67  46  615000 1119000   240 10.13
1.093 0.0800 74.30 32.60  67  46  615000 1119000   240 10.13
1.095 0.0736 74.47 32.60  67  46  615000 1119000   240 10.13
1.097 0.0708 74.64 32.60  67  46  615000 1119000   240 10.13
1.099 0.0768 74.80 32.60  67  46  615000 1119000   240 10.13
1.101 0.0730 74.96 32.60  67  46  615000 1119000   240 10.13
1.103 0.0757 75.11 32.60  67  46  615000 1119000   240 10.13
1.105 0.0762 75.26 32.60  67  46  615000 1119000   240 10.13
1.107 0.0747 75.40 32.60  67  46  615000 1119000   240 10.13
1.109 0.0733 75.53 32.60  67  46  615000 1119000   240 10.13
1.111 0.0758 75.66 32.60  67  46  615000 1119000   240 10.13
1.113 0.0769 75.78 32.60  67  46  615000 1119000   240 10.13
1.115 0.0774 75.88 32.60  67  46  615000 1119000   240 10.13
1.117 0.0813 75.97 32.60  67  46  615000 1119000   240 10.13
1.119 0.0727 76.02 32.60  67  46  615000 1119000   240 10.13
1.121 0.0728 76.05 32.60  67  46  615000 1119000   240 10.13
1.123 0.0753 76.07 32.60  67  46  615000 1119000   240 10.13
1.125 0.0767 76.08 32.60  67  46  615000 1119000   240 10.13
1.127 0.0794 76.07 32.60  67  46  615000 1119000   240 10.13
1.129 0.0733 76.04 32.60  67  46  615000 1119000   240 10.13
1.131 0.0802 76.00 32.60  67  46  615000 1119000   240 10.13
1.133 0.0732 75.94 32.60  67  46  615000 1119000   240 10.13
1.135 0.0777 75.87 32.60  67  46  615000 1119000   240 10.13
1.137 0.0757 75.78 32.60  67  46  615000 1119000   240 10.13
1.139 0.0761 75.69 32.60  67  46  615000 1119000   240 10.13
1.141 0.0736 75.61 32.60  67  46  615000 1119000   240 10.13
1.143 0.0759 75.56 32.60  67  46  615000 1119000   240 10.13
1.145 0.0719 75.52 32.60  67  46  615000 1119000   240 10.13
1.147 0.0796 75.51 32.60  67  46  615000 1119000   240 10.13
1.149 0.0770 75.53 32.60  67  46  615000 1119000   240 10.13
1.151 0.0751 75.57 32.60  67  46  615000 1119000   240 10.13
1.153 0.0727 75.66 32.60  67  46  615000 1119000   240 10.13
1.155 0.0736 75.77 32.60  67  46  615000 1119000   240 10.13
1.157 0.0777 75.92 32.60  67  46  615000 1119000   240 10.13
1.159 0.0765 76.09 32.60  67  46  615000 1119000   240 10.13
1.161 0.0774 76.28 32.60  67  46  615000 1119000   240 10.13
1.163 0.0745 76.50 32.60  67  46  615000 1119000   240 10.13
1.165 0.0752 76.76 32.60  67  46  615000 1119000   240 10.13
1.167 0.0745 77.05 32.60  67  46  615000 1119000   240 10.13
1.169 0.0818 77.35 32.60  67  46  615000 1119000   240 10.13
1.171 0.0747 77.64 32.60  67  46  615000 1119000   240 10.13
1.173 0.0786 77.92 32.60  67  46  615000 1119000   240 10.13
1.175 0.0768 78.16 32.60  67  46  615000 1119000   240 10.13
1.177 0.0831 78.36 32.60  67  46  615000 1119000   240 10.13
1.179 0.0815 78.52 32.60  67  46  615000 1119000   240 10.13
1.181 0.0733 78.63 32.60  67  46  615000 1119000   240 10.13
1.183 0.0779 78.69 32.60  67  46  615000 1119000   240 10.13
1.185 0.0799 78.71 32.60  67  46  615000 1119000   240 10.13
1.187 0.0779 78.71 32.60  67  46  615000 1119000   240 10.13
1.188 0.0870 78.69 32.60  67  46  615000 1119000   240 10.13
1.190 0.0778 78.65 32.60  67  46  615000 1119000   240 10.13
1.192 0.0730 78.59 32.60  67  46  615000 1119000   240 10.13
1.194 0.0825 78.51 32.60  67  46  615000 1119000   240 10.13
1.196 0.0783 78.40 32.60  67  46  615000 1119000   240 10.13
1.198 0.0780 78.28 32.60  67  46  615000 1119000   240 10.13
1.200 0.0803 78.14 32.60  67  46  615000 1119000   240 10.13
1.202 0.0791 78.00 32.60  67  46  615000 1119000   240 10.13
1.204 0.0779 77.87 32.60  67  46  615000 1119000   240 10.13
1.206 0.0672 77.76 32.60  67  46  615000 1119000   240 10.13
1.208 0.0751 77.67 32.60  67  46  615000 1119000   240 10.13
1.210 0.0817 77.63 32.60  67  46  615000 1119000   240 10.13
1.212 0.0751 77.61 32.60  67  46  615000 1119000   240 10.13
1.214 0.0781 77.64 32.60  67  46  615000 1119000   240 10.13
1.216 0.0842 77.69 32.60  67  46  615000 1119000   240 10.13
1.218 0.0770 77.76 32.60  67  46  615000 1119000   240 10.13
1.220 0.0767 77.85 32.60  67  46  615000 1119000   240 10.13
1.222 0.0767 77.96 32.60  67  46  615000 1119000   240 10.13
1.224 0.0841 78.09 32.60  67  46  615000 1119000   240 10.13
1.226 0.0794 78.24 32.60  67  46  615000 1119000   240 10.13
1.228 0.0689 78.41 32.60  67  46  615000 1119000   240 10.13
1.230 0.0755 78.57 32.60  67  46  615000 1119000   240 10.13
1.232 0.0788 78.70 32.60  67  46  615000 1119000   240 10.13
1.234 0.0840 78.81 32.60  67  46  615000 1119000   240 10.13
1.236 0.0780 78.88 32.60  67  46  615000 1119000   240 10.13
1.238 0.0836 78.91 32.60  67  46  615000 1119000   240 10.13
1.240 0.0801 78.91 32.60  67  46  615000 1119000   240 10.13
1.242 0.0762 78.89 32.60  67  46  615000 1119000   240 10.13
1.244 0.0789 78.85 32.60  67  46  615000 1119000   240 10.13
1.246 0.0778 78.83 32.60  67  46  615000 1119000   240 10.13
1.248 0.0863 78.82 32.60  67  46  615000 1119000   240 10.13
1.250 0.0722 78.83 32.60  67  46  615000 1119000   240 10.13
1.252 0.0739 78.85 32.60  67  46  615000 1119000   240 10.13
1.254 0.0838 78.86 32.60  67  46  615000 1119000   240 10.13
1.256 0.0745 78.84 32.60  67  46  615000 1119000   240 10.13
1.258 0.0838 78.80 32.60  67  46  615000 1119000   240 10.13
1.260 0.0818 78.72 32.60  67  46  615000 1119000   240 10.13
1.262 0.0770 78.61 32.60  67  46  615000 1119000   240 10.13
1.264 0.0773 78.48 32.60  67  46  615000 1119000   240 10.13
1.266 0.0779 78.35 32.60  67  46  615000 1119000   240 10.13
1.268 0.0743 78.22 32.60  67  46  615000 1119000   240 10.13
1.270 0.0730 78.11 32.60  67  46  615000 1119000   240 10.13
1.272 0.0791 78.02 32.60  67  46  615000 1119000   240 10.13
1.274 0.0870 77.98 32.60  67  46  615000 1119000   240 10.13
1.276 0.0788 77.97 32.60  67  46  615000 1119000   240 10.13
1.278 0.0772 77.98 32.60  67  46  615000 1119000   240 10.13
1.280 0.0816 77.99 32.60  67  46  615000 1119000   240 10.13
1.282 0.0816 78.01 32.60  67  46  615000 1119000   240 10.13
1.284 0.0723 78.02 32.60  67  46  615000 1119000   240 10.13
1.286 0.0754 78.03 32.60  67  46  615000 1119000   240 10.13
1.288 0.0722 78.05 32.60  67  46  615000 1119000   240 10.13
1.290 0.0772 78.06 32.60  67  46  615000 1119000   240 10.13
1.292 0.0801 78.08 32.60  67  46  615000 1119000   240 10.13
1.294 0.0796 78.09 32.60  67  46  615000 1119000   240 10.13
1.296 0.0768 78.10 32.60  67  46  615000 1119000   240 10.13
1.298 0.0750 78.09 32.60  67  46  615000 1119000   240 10.13
1.300 0.0808 78.07 32.60  67  46  615000 1119000   240 10.13
1.302 0.0870 78.03 32.60  67  46  615000 1119000   240 10.13
1.304 0.0788 77.99 32.60  67  46  615000 1119000   240 10.13
1.306 0.0691 77.96 32.60  67  46  615000 1119000   240 10.13
1.308 0.0818 77.95 32.60  67  46  615000 1119000   240 10.13
1.310 0.0827 77.96 32.60  67  46  615000 1119000   240 10.13
1.312 0.0778 77.99 32.60  67  46  615000 1119000   240 10.13
1.313 0.0759 78.02 32.60  67  46  615000 1119000   240 10.13
1.315 0.0759 78.05 32.60  67  46  615000 1119000   240 10.13
1.317 0.0720 78.05 32.60  67  46  615000 1119000   240 10.13
1.319 0.0826 78.02 32.60  67  46  615000 1119000   240 10.13
1.321 0.0792 77.99 32.60  67  46  615000 1119000   240 10.13
1.323 0.0792 77.97 32.60  67  46  615000 1119000   240 10.13
1.325 0.0809 77.97 32.60  67  46  615000 1119000   240 10.13
1.327 0.0714 78.00 32.60  67  46  615000 1119000   240 10.13
1.329 0.0740 78.07 32.60  67  46  615000 1119000   240 10.13
1.331 0.0795 78.17 32.60  67  46  615000 1119000   240 10.13
1.333 0.0805 78.29 32.60  67  46  615000 1119000   240 10.13
1.335 0.0788 78.42 32.60  67  46  615000 1119000   240 10.13
1.337 0.0790 78.55 32.60  67  46  615000 1119000   240 10.13
1.339 0.0800 78.67 32.60  67  46  615000 1119000   240 10.13
1.341 0.0776 78.78 32.60  67  46  615000 1119000   240 10.13
1.343 0.0826 78.87 32.60  67  46  615000 1119000   240 10.13
1.345 0.0792 78.94 32.60  67  46  615000 1119000   240 10.13
1.347 0.0728 79.00 32.60  67  46  615000 1119000   240 10.13
1.349 0.0806 79.05 32.60  67  46  615000 1119000   240 10.13
1.351 0.0797 79.09 32.60  67  46  615000 1119000   240 10.13
1.353 0.0788 79.12 32.60  67  46  615000 1119000   240 10.13
1.355 0.0822 79.13 32.60  67  46  615000 1119000   240 10.13
1.357 0.0807 79.14 32.60  67  46  615000 1119000   240 10.13
1.359 0.0815 79.14 32.60  67  46  615000 1119000   240 10.13
1.361 0.0782 79.13 32.60  67  46  615000 1119000   240 10.13
1.363 0.0803 79.12 32.60  67  46  615000 1119000   240 10.13
1.365 0.0743 79.09 32.60  67  46  615000 1119000   240 10.13
1.367 0.0743 79.06 32.60  67  46  615000 1119000   240 10.13
1.369 0.0803 79.03 32.60  67  46  615000 1119000   240 10.13
1.371 0.0801 79.02 32.60  67  46  615000 1119000   240 10.13
1.373 0.0786 79.03 32.60  67  46  615000 1119000   240 10.13
1.375 0.0781 79.05 32.60  67  46  615000 1119000   240 10.13
1.377 0.0809 79.09 32.60  67  46  615000 1119000   240 10.13
1.379 0.0815 79.13 32.60  67  46  615000 1119000   240 10.13
1.381 0.0825 79.19 32.60  67  46  615000 1119000   240 10.13
1.383 0.0761 79.24 32.60  67  46  615000 1119000   240 10.13
1.385 0.0780 79.32 32.60  67  46  615000 1119000   240 10.13
1.387 0.0794 79.41 32.60  67  46  615000 1119000   240 10.13
1.389 0.0810 79.52 32.60  67  46  615000 1119000   240 10.13
1.391 0.0751 79.63 32.60  67  46  615000 1119000   240 10.13
1.393 0.0812 79.74 32.60  67  46  615000 1119000   240 10.13
1.395 0.0816 79.84 32.60  67  46  615000 1119000   240 10.13
1.397 0.0775 79.92 32.60  67  46  615000 1119000   240 10.13
1.399 0.0846 79.98 32.60  67  46  615000 1119000   240 10.13
1.401 0.0785 80.02 32.60  67  46  615000 1119000   240 10.13
1.403 0.0792 80.05 32.60  67  46  615000 1119000   240 10.13
1.405 0.0784 80.09 32.60  67  46  615000 1119000   240 10.13
1.407 0.0826 80.15 32.60  67  46  615000 1119000   240 10.13
1.409 0.0802 80.22 32.60  67  46  615000 1119000   240 10.13
1.411 0.0800 80.31 32.60  67  46  615000 1119000   240 10.13
1.413 0.0837 80.41 32.60  67  46  615000 1119000   240 10.13
1.415 0.0774 80.53 32.60  67  46  615000 1119000   240 10.13
1.417 0.0799 80.64 32.60  67  46  615000 1119000   240 10.13
1.419 0.0790 80.76 32.60  67  46  615000 1119000   240 10.13
1.421 0.0810 80.87 32.60  67  46  615000 1119000   240 10.13
1.423 0.0901 80.98 32.60  67  46  615000 1119000   240 10.13
1.425 0.0753 81.08 32.60  67  46  615000 1119000   240 10.13
1.427 0.0795 81.19 32.60  67  46  615000 1119000   240 10.13
1.429 0.0735 81.32 32.60  67  46  615000 1119000   240 10.13
1.431 0.0861 81.46 32.60  67  46  615000 1119000   240 10.13
1.433 0.0826 81.60 32.60  67  46  615000 1119000   240 10.13
1.435 0.0864 81.75 32.60  67  46  615000 1119000   240 10.13
1.437 0.0789 81.90 32.60  67  46  615000 1119000   240 10.13
1.438 0.0836 82.05 32.60  67  46  615000 1119000   240 10.13
1.440 0.0829 82.18 32.60  67  46  615000 1119000   240 10.13
1.442 0.0874 82.31 32.60  67  46  615000 1119000   240 10.13
1.444 0.0710 82.44 32.60  67  46  615000 1119000   240 10.13
1.446 0.0881 82.57 32.60  67  46  615000 1119000   240 10.13
1.448 0.0800 82.71 32.60  67  46  615000 1119000   240 10.13
1.450 0.0887 82.87 32.60  67  46  615000 1119000   240 10.13
1.452 0.0797 83.02 32.60  67  46  615000 1119000   240 10.13
1.454 0.0812 83.19 32.60  67  46  615000 1119000   240 10.13
1.456 0.0858 83.37 32.60  67  46  615000 1119000   240 10.13
1.458 0.0832 83.56 32.60  67  46  615000 1119000   240 10.13
1.460 0.0847 83.75 32.60  67  46  615000 1119000   240 10.13
1.462 0.0808 83.94 32.60  67  46  615000 1119000   240 10.13
1.464 0.0864 84.13 32.60  67  46  615000 1119000   240 10.13
1.466 0.0856 84.31 32.60  67  46  615000 1119000   240 10.13
1.468 0.0841 84.48 32.60  67  46  615000 1119000   240 10.13
1.470 0.0762 84.66 32.60  67  46  615000 1119000   240 10.13
1.472 0.0867 84.83 32.60  67  46  615000 1119000   240 10.13
1.474 0.0889 85.00 32.60  67  46  615000 1119000   240 10.13
1.476 0.0853 85.16 32.60  67  46  615000 1119000   240 10.13
1.478 0.0840 85.31 32.60  67  46  615000 1119000   240 10.13
1.480 0.0879 85.45 32.60  67  46  615000 1119000   240 10.13
1.482 0.0887 85.59 32.60  67  46  615000 1119000   240 10.13
1.484 0.0870 85.74 32.60  67  46  615000 1119000   240 10.13
1.486 0.0845 85.89 32.60  67  46  615000 1119000   240 10.13
1.488 0.0863 86.06 32.60  67  46  615000 1119000   240 10.13
1.490 0.0848 86.25 32.60  67  46  615000 1119000   240 10.13
1.492 0.0869 86.43 32.60  67  46  615000 1119000   240 10.13
1.494 0.0840 86.61 32.60  67  46  615000 1119000   240 10.13
1.496 0.0879 86.79 32.60  67  46  615000 1119000   240 10.13
1.498 0.0859 86.97 32.60  67  46  615000 1119000   240 10.13
1.500 0.0837 87.17 32.60  67  46  615000 1119000   240 10.13
1.502 0.0903 87.38 32.60  67  46  615000 1119000   240 10.13
1.504 0.0852 87.60 32.60  67  46  615000 1119000   240 10.13
1.506 0.0869 87.81 32.60  67  46  615000 1119000   240 10.13
1.508 0.0906 88.01 32.60  67  46  615000 1119000   240 10.13
1.510 0.0909 88.24 32.60  67  46  615000 1119000   240 10.13
1.512 0.0894 88.48 32.60  67  46  615000 1119000   240 10.13
1.514 0.0840 88.76 32.60  67  46  615000 1119000   240 10.13
1.516 0.0915 89.06 32.60  67  46  615000 1119000   240 10.13
1.518 0.0906 89.39 32.60  67  46  615000 1119000   240 10.13
1.520 0.0898 89.73 32.60  67  46  615000 1119000   240 10.13
1.522 0.0910 90.08 32.60  67  46  615000 1119000   240 10.13
1.524 0.0930 90.44 32.60  67  46  615000 1119000   240 10.13
1.526 0.0861 90.79 32.60  67  46  615000 1119000   240 10.13
1.528 0.0924 91.13 32.60  67  46  615000 1119000   240 10.13
1.530 0.0884 91.48 32.60  67  46  615000 1119000   240 10.13
1.532 0.0920 91.83 32.60  67  46  615000 1119000   240 10.13
1.534 0.0920 92.19 32.60  67  46  615000 1119000   240 10.13
1.536 0.0991 92.57 32.60  67  46  615000 1119000   240 10.13
1.538 0.0942 92.95 32.60  67  46  615000 1119000   240 10.13
1.540 0.0799 93.36 32.60  67  46  615000 1119000   240 10.13
1.542 0.0930 93.78 32.60  67  46  615000 1119000   240 10.13
1.544 0.0938 94.21 32.60  67  46  615000 1119000   240 10.13
1.546 0.1012 94.64 32.60  67  46  615000 1119000   240 10.13
1.548 0.1051 95.08 32.60  67  46  615000 1119000   240 10.13
1.550 0.0897 95.50 32.60  67  46  615000 1119000   240 10.13
1.552 0.0931 95.91 32.60  67  46  615000 1119000   240 10.13
1.554 0.1011 96.29 32.60  67  46  615000 1119000   240 10.13
1.556 0.0900 96.63 32.60  67  46  615000 1119000   240 10.13
1.558 0.0983 96.95 32.60  67  46  615000 1119000   240 10.13
1.560 0.0981 97.24 32.60  67  46  615000 1119000   240 10.13
1.562 0.0992 97.51 32.60  67  46  615000 1119000   240 10.13
1.563 0.0935 97.76 32.60  67  46  615000 1119000   240 10.13
1.565 0.1004 98.01 32.60  67  46  615000 1119000   240 10.13
1.567 0.1035 98.26 32.60  67  46  615000 1119000   240 10.13
1.569 0.0983 98.52 32.60  67  46  615000 1119000   240 10.13
1.571 0.0984 98.79 32.60  67  46  615000 1119000   240 10.13
1.573 0.0980 99.07 32.60  67  46  615000 1119000   240 10.13
1.575 0.0989 99.37 32.60  67  46  615000 1119000   240 10.13
1.577 0.0960 99.67 32.60  67  46  615000 1119000   240 10.13
1.579 0.1109 100.00 32.60  67  46  615000 1119000   240 10.13
1.581 0.0869 100.35 32.60  67  46  615000 1119000   240 10.13
1.583 0.1005 100.73 32.60  67  46  615000 1119000   240 10.13
1.585 0.1052 101.15 32.60  67  46  615000 1119000   240 10.13
1.587 0.0981 101.58 32.60  67  46  615000 1119000   240 10.13
1.589 0.1031 102.03 32.60  67  46  615000 1119000   240 10.13
1.591 0.1007 102.50 32.60  67  46  615000 1119000   240 10.13
1.593 0.1061 103.01 32.60  67  46  615000 1119000   240 10.13
1.595 0.1035 103.58 32.60  67  46  615000 1119000   240 10.13
1.597 0.1076 104.19 32.60  67  46  615000 1119000   240 10.13
1.599 0.1071 104.85 32.60  67  46  615000 1119000   240 10.13
1.601 0.1008 105.54 32.60  67  46  615000 1119000   240 10.13
1.603 0.1096 106.27 32.60  67  46  615000 1119000   240 10.13
1.605 0.1041 107.00 32.60  67  46  615000 1119000   240 10.13
1.607 0.1046 107.73 32.60  67  46  615000 1119000   240 10.13
1.609 0.1126 108.45 32.60  67  46  615000 1119000   240 10.13
1.611 0.1050 109.16 32.60  67  46  615000 1119000   240 10.13
1.613 0.1126 109.86 32.60  67  46  615000 1119000   240 10.13
1.615 0.1077 110.56 32.60  67  46  615000 1119000   240 10.13
1.617 0.1136 111.28 32.60  67  46  615000 1119000   240 10.13
1.619 0.1124 112.02 32.60  67  46  615000 1119000   240 10.13
1.621 0.1127 112.78 32.60  67  46  615000 1119000   240 10.13
1.623 0.1114 113.57 32.60  67  46  615000 1119000   240 10.13
1.625 0.1176 114.40 32.60  67  46  615000 1119000   240 10.13
1.627 0.1202 115.26 32.60  67  46  615000 1119000   240 10.13
1.629 0.1154 116.15 32.60  67  46  615000 1119000   240 10.13
1.631 0.1157 117.06 32.60  67  46  615000 1119000   240 10.13
1.633 0.1160 117.99 32.60  67  46  615000 1119000   240 10.13
1.635 0.1184 118.93 32.60  67  46  615000 1119000   240 10.13
1.637 0.1148 119.87 32.60  67  46  615000 1119000   240 10.13
1.639 0.1223 120.82 32.60  67  46  615000 1119000   240 10.13
1.641 0.1239 121.78 32.60  67  46  615000 1119000   240 10.13
1.643 0.1239 122.75 32.60  67  46  615000 1119000   240 10.13
1.645 0.1101 123.75 32.60  67  46  615000 1119000   240 10.13
1.647 0.1409 124.78 32.60  67  46  615000 1119000   240 10.13
1.649 0.1229 125.84 32.60  67  46  615000 1119000   240 10.13
1.651 0.1249 126.92 32.60  67  46  615000 1119000   240 10.13
1.653 0.1317 128.02 32.60  67  46  615000 1119000   240 10.13
1.655 0.1325 129.13 32.60  67  46  615000 1119000   240 10.13
1.657 0.1227 130.24 32.60  67  46  615000 1119000   240 10.13
1.659 0.1337 131.35 32.60  67  46  615000 1119000   240 10.13
1.661 0.1307 132.45 32.60  67  46  615000 1119000   240 10.13
1.663 0.1324 133.54 32.60  67  46  615000 1119000   240 10.13
1.665 0.1373 134.62 32.60  67  46  615000 1119000   240 10.13
1.667 0.1372 135.69 32.60  67  46  615000 1119000   240 10.13
1.669 0.1316 136.74 32.60  67  46  615000 1119000   240 10.13
1.671 0.1397 137.75 32.60  67  46  615000 1119000   240 10.13
1.673 0.1385 138.75 32.60  67  46  615000 1119000   240 10.13
1.675 0.1437 139.74 32.60  67  46  615000 1119000   240 10.13
1.677 0.1392 140.73 32.60  67  46  615000 1119000   240 10.13
1.679 0.1443 141.72 32.60  67  46  615000 1119000   240 10.13
1.681 0.1386 142.70 32.60  67  46  615000 1119000   240 10.13
1.683 0.1487 143.67 32.60  67  46  615000 1119000   240 10.13
1.685 0.1428 144.61 32.60  67  46  615000 1119000   240 10.13
1.687 0.1375 145.51 32.60  67  46  615000 1119000   240 10.13
1.688 0.1535 146.39 32.60  67  46  615000 1119000   240 10.13
1.690 0.1420 147.24 32.60  67  46  615000 1119000   240 10.13
1.692 0.1523 148.06 32.60  67  46  615000 1119000   240 10.13
1.694 0.1449 148.87 32.60  67  46  615000 1119000   240 10.13
1.696 0.1539 149.68 32.60  67  46  615000 1119000   240 10.13
1.698 0.1550 150.51 32.60  67  46  615000 1119000   240 10.13
1.700 0.1507 151.34 32.60  67  46  615000 1119000   240 10.13
1.702 0.1434 152.18 32.60  67  46  615000 1119000   240 10.13
1.704 0.1605 153.00 32.60  67  46  615000 1119000   240 10.13
1.706 0.1480 153.80 32.60  67  46  615000 1119000   240 10.13
1.708 0.1582 154.56 32.60  67  46  615000 1119000   240 10.13
1.710 0.1528 155.29 32.60  67  46  615000 1119000   240 10.13
1.712 0.1602 155.99 32.60  67  46  615000 1119000   240 10.13
1.714 0.1557 156.67 32.60  67  46  615000 1119000   240 10.13
1.716 0.1536 157.32 32.60  67  46  615000 1119000   240 10.13
1.718 0.1525 157.95 32.60  67  46  615000 1119000   240 10.13
1.720 0.1559 158.57 32.60  67  46  615000 1119000   240 10.13
1.722 0.1733 159.18 32.60  67  46  615000 1119000   240 10.13
1.724 0.1511 159.77 32.60  67  46  615000 1119000   240 10.13
1.726 0.1653 160.34 32.60  67  46  615000 1119000   240 10.13
1.728 0.1663 160.89 32.60  67  46  615000 1119000   240 10.13
1.730 0.1566 161.42 32.60  67  46  615000 1119000   240 10.13
1.732 0.1697 161.90 32.60  67  46  615000 1119000   240 10.13
1.734 0.1550 162.34 32.60  67  46  615000 1119000   240 10.13
1.736 0.1639 162.71 32.60  67  46  615000 1119000   240 10.13
1.738 0.1547 163.03 32.60  67  46  615000 1119000   240 10.13
1.740 0.1622 163.29 32.60  67  46  615000 1119000   240 10.13
1.742 0.1665 163.46 32.60  67  46  615000 1119000   240 10.13
1.744 0.1604 163.58 32.60  67  46  615000 1119000   240 10.13
1.746 0.1659 163.63 32.60  67  46  615000 1119000   240 10.13
1.748 0.1706 163.63 32.60  67  46  615000 1119000   240 10.13
1.750 0.1642 163.58 32.60  67  46  615000 1119000   240 10.13
1.752 0.1636 163.47 32.60  67  46  615000 1119000   240 10.13
1.754 0.1695 163.32 32.60  67  46  615000 1119000   240 10.13
1.756 0.1552 163.13 32.60  67  46  615000 1119000   240 10.13
1.758 0.1683 162.91 32.60  67  46  615000 1119000   240 10.13
1.760 0.1549 162.68 32.60  67  46  615000 1119000   240 10.13
1.762 0.1638 162.42 32.60  67  46  615000 1119000   240 10.13
1.764 0.1613 162.14 32.60  67  46  615000 1119000   240 10.13
1.766 0.1675 161.83 32.60  67  46  615000 1119000   240 10.13
1.768 0.1543 161.47 32.60  67  46  615000 1119000   240 10.13
1.770 0.1642 161.07 32.60  67  46  615000 1119000   240 10.13
1.772 0.1589 160.65 32.60  67  46  615000 1119000   240 10.13
1.774 0.1656 160.21 32.60  67  46  615000 1119000   240 10.13
1.776 0.1521 159.78 32.60  67  46  615000 1119000   240 10.13
1.778 0.1651 159.35 32.60  67  46  615000 1119000   240 10.13
1.780 0.1482 158.95 32.60  67  46  615000 1119000   240 10.13
1.782 0.1649 158.56 32.60  67  46  615000 1119000   240 10.13
1.784 0.1611 158.19 32.60  67  46  615000 1119000   240 10.13
1.786 0.1567 157.80 32.60  67  46  615000 1119000   240 10.13
1.788 0.1530 157.40 32.60  67  46  615000 1119000   240 10.13
1.790 0.1609 156.96 32.60  67  46  615000 1119000   240 10.13
1.792 0.1551 156.49 32.60  67  46  615000 1119000   240 10.13
1.794 0.1573 155.98 32.60  67  46  615000 1119000   240 10.13
1.796 0.1628 155.43 32.60  67  46  615000 1119000   240 10.13
1.798 0.1454 154.85 32.60  67  46  615000 1119000   240 10.13
1.800 0.1552 154.24 32.60  67  46  615000 1119000   240 10.13
1.802 0.1567 153.61 32.60  67  46  615000 1119000   240 10.13
1.804 0.1491 152.97 32.60  67  46  615000 1119000   240 10.13
1.806 0.1564 152.31 32.60  67  46  615000 1119000   240 10.13
1.808 0.1519 151.63 32.60  67  46  615000 1119000   240 10.13
1.810 0.1491 150.94 32.60  67  46  615000 1119000   240 10.13
1.812 0.1541 150.23 32.60  67  46  615000 1119000   240 10.13
1.813 0.1496 149.52 32.60  67  46  615000 1119000   240 10.13
1.815 0.1479 148.80 32.60  67  46  615000 1119000   240 10.13
1.817 0.1444 148.09 32.60  67  46  615000 1119000   240 10.13
1.819 0.1467 147.38 32.60  67  46  615000 1119000   240 10.13
1.821 0.1466 146.68 32.60  67  46  615000 1119000   240 10.13
1.823 0.1470 145.99 32.60  67  46  615000 1119000   240 10.13
1.825 0.1430 145.31 32.60  67  46  615000 1119000   240 10.13
1.827 0.1479 144.64 32.60  67  46  615000 1119000   240 10.13
1.829 0.1448 144.00 32.60  67  46  615000 1119000   240 10.13
1.831 0.1398 143.39 32.60  67  46  615000 1119000   240 10.13
1.833 0.1410 142.81 32.60  67  46  615000 1119000   240 10.13
1.835 0.1483 142.27 32.60  67  46  615000 1119000   240 10.13
1.837 0.1370 141.74 32.60  67  46  615000 1119000   240 10.13
1.839 0.1448 141.24 32.60  67  46  615000 1119000   240 10.13
1.841 0.1403 140.75 32.60  67  46  615000 1119000   240 10.13
1.843 0.1435 140.27 32.60  67  46  615000 1119000   240 10.13
1.845 0.1291 139.78 32.60  67  46  615000 1119000   240 10.13
1.847 0.1409 139.26 32.60  67  46  615000 1119000   240 10.13
1.849 0.1475 138.71 32.60  67  46  615000 1119000   240 10.13
1.851 0.1304 138.13 32.60  67  46  615000 1119000   240 10.13
1.853 0.1367 137.51 32.60  67  46  615000 1119000   240 10.13
1.855 0.1398 136.86 32.60  67  46  615000 1119000   240 10.13
1.857 0.1321 136.17 32.60  67  46  615000 1119000   240 10.13
1.859 0.1411 135.45 32.60  67  46  615000 1119000   240 10.13
1.861 0.1346 134.69 32.60  67  46  615000 1119000   240 10.13
1.863 0.1307 133.89 32.60  67  46  615000 1119000   240 10.13
1.865 0.1388 133.04 32.60  67  46  615000 1119000   240 10.13
1.867 0.1358 132.14 32.60  67  46  615000 1119000   240 10.13
1.869 0.1299 131.18 32.60  67  46  615000 1119000   240 10.13
1.871 0.1267 130.14 32.60  67  46  615000 1119000   240 10.13
1.873 0.1287 129.04 32.60  67  46  615000 1119000   240 10.13
1.875 0.1272 127.86 32.60  67  46  615000 1119000   240 10.13
1.877 0.1261 126.62 32.60  67  46  615000 1119000   240 10.13
1.879 0.1243 125.33 32.60  67  46  615000 1119000   240 10.13
1.881 0.1252 123.98 32.60  67  46  615000 1119000   240 10.13
1.883 0.1216 122.58 32.60  67  46  615000 1119000   240 10.13
1.885 0.1248 121.15 32.60  67  46  615000 1119000   240 10.13
1.887 0.1177 119.70 32.60  67  46  615000 1119000   240 10.13
1.889 0.1209 118.23 32.60  67  46  615000 1119000   240 10.13
1.891 0.1209 116.76 32.60  67  46  615000 1119000   240 10.13
1.893 0.1129 115.28 32.60  67  46  615000 1119000   240 10.13
1.895 0.1106 113.81 32.60  67  46  615000 1119000   240 10.13
1.897 0.1107 112.34 32.60  67  46  615000 1119000   240 10.13
1.899 0.1106 110.88 32.60  67  46  615000 1119000   240 10.13
1.901 0.1151 109.43 32.60  67  46  615000 1119000   240 10.13
1.903 0.1031 107.98 32.60  67  46  615000 1119000   240 10.13
1.905 0.1064 106.53 32.60  67  46  615000 1119000   240 10.13
1.907 0.1018 105.09 32.60  67  46  615000 1119000   240 10.13
1.909 0.1065 103.66 32.60  67  46  615000 1119000   240 10.13
1.911 0.1008 102.25 32.60  67  46  615000 1119000   240 10.13
1.913 0.1030 100.87 32.60  67  46  615000 1119000   240 10.13
1.915 0.1034 99.55 32.60  67  46  615000 1119000   240 10.13
1.917 0.0972 98.27 32.60  67  46  615000 1119000   240 10.13
1.919 0.0949 97.06 32.60  67  46  615000 1119000   240 10.13
1.921 0.0936 95.90 32.60  67  46  615000 1119000   240 10.13
1.923 0.0970 94.81 32.60  67  46  615000 1119000   240 10.13
1.925 0.0956 93.78 32.60  67  46  615000 1119000   240 10.13
1.927 0.0934 92.82 32.60  67  46  615000 1119000   240 10.13
1.929 0.0872 91.93 32.60  67  46  615000 1119000   240 10.13
1.931 0.0952 91.08 32.60  67  46  615000 1119000   240 10.13
1.933 0.0874 90.29 32.60  67  46  615000 1119000   240 10.13
1.935 0.0888 89.55 32.60  67  46  615000 1119000   240 10.13
1.937 0.0874 88.86 32.60  67  46  615000 1119000   240 10.13
1.938 0.0893 88.22 32.60  67  46  615000 1119000   240 10.13
1.940 0.0843 87.62 32.60  67  46  615000 1119000   240 10.13
1.942 0.0879 87.06 32.60  67  46  615000 1119000   240 10.13
1.944 0.0879 86.55 32.60  67  46  615000 1119000   240 10.13
1.946 0.0854 86.09 32.60  67  46  615000 1119000   240 10.13
1.948 0.0878 85.67 32.60  67  46  615000 1119000   240 10.13
1.950 0.0866 85.30 32.60  67  46  615000 1119000   240 10.13
1.952 0.0818 84.97 32.60  67  46  615000 1119000   240 10.13
1.954 0.0861 84.66 32.60  67  46  615000 1119000   240 10.13
1.956 0.0867 84.38 32.60  67  46  615000 1119000   240 10.13
1.958 0.0869 84.11 32.60  67  46  615000 1119000   240 10.13
1.961 0.0812 83.85 32.60  67  46  615000 1119000   240 10.13
1.963 0.0875 83.61 32.60  67  46  615000 1119000   240 10.13
1.965 0.0786 83.39 32.60  67  46  615000 1119000   240 10.13
1.968 0.0807 83.16 32.60  67  46  615000 1119000   240 10.13
1.970 0.0842 82.94 32.60  67  46  615000 1119000   240 10.13
1.973 0.0837 82.73 32.60  67  46  615000 1119000   240 10.13
1.976 0.0799 82.52 32.60  67  46  615000 1119000   240 10.13
1.978 0.0816 82.33 32.60  67  46  615000 1119000   240 10.13
1.981 0.0849 82.16 32.60  67  46  615000 1119000   240 10.13
1.985 0.0820 82.01 32.60  67  46  615000 1119000   240 10.13
1.988 0.0832 81.87 32.60  67  46  615000 1119000   240 10.13
1.991 0.0837 81.76 32.60  67  46  615000 1119000   240 10.13
1.995 0.0802 81.67 32.60  67  46  615000 1119000   240 10.13
1.998 0.0819 81.59 32.60  67  46  615000 1119000   240 10.13
2.002 0.0812 81.54 32.60  67  46  615000 1119000   240 10.13
2.006 0.0808 81.50 32.60  67  46  615000 1119000   240 10.13
2.010 0.0814 81.49 32.60  67  46  615000 1119000   240 10.13
2.015 0.0824 81.51 32.60  67  46  615000 1119000   240 10.13
2.019 0.0817 81.57 32.60  67  46  615000 1119000   240 10.13
2.024 0.0821 81.66 32.60  67  46  615000 1119000   240 10.13
2.029 0.0820 81.79 32.60  67  46  615000 1119000   240 10.13
2.034 0.0823 81.97 32.60  67  46  615000 1119000   240 10.13
2.039 0.0821 82.20 32.60  67  46  615000 1119000   240 10.13
2.045 0.0835 82.50 32.60  67  46  615000 1119000   240 10.13
2.051 0.0814 82.89 32.60  67  46  615000 1119000   240 10.13
2.057 0.0829 83.37 32.60  67  46  615000 1119000   240 10.13
2.063 0.0842 83.95 32.60  67  46  615000 1119000   240 10.13
2.070 0.0837 84.64 32.60  67  46  615000 1119000   240 10.13
2.077 0.0847 85.44 32.60  67  46  615000 1119000   240 10.13
2.084 0.0847 86.36 32.60  67  46  615000 1119000   240 10.13
2.091 0.0876 87.41 32.60  67  46  615000 1119000   240 10.13
2.099 0.0876 88.59 32.60  67  46  615000 1119000   240 10.13
2.107 0.0901 89.91 32.60  67  46  615000 1119000   240 10.13
2.115 0.0902 91.37 32.60  67  46  615000 1119000   240 10.13
2.124 0.0925 92.94 32.60  67  46  615000 1119000   240 10.13
2.133 0.0942 94.61 32.60  67  46  615000 1119000   240 10.13
2.143 0.0939 96.34 32.60  67  46  615000 1119000   240 10.13
2.153 0.0948 98.10 32.60  67  46  615000 1119000   240 10.13
2.163 0.0993 99.82 32.60  67  46  615000 1119000   240 10.13
2.173 0.0986 101.45 32.60  67  46  615000 1119000   240 10.13
2.183 0.1027 102.95 32.60  67  46  615000 1119000   240 10.13
2.192 0.1045 104.26 32.60  67  46  615000 1119000   240 10.13
2.202 0.1062 105.33 32.60  67  46  615000 1119000   240 10.13
2.212 0.1077 106.15 32.60  67  46  615000 1119000   240 10.13
2.222 0.1097 106.69 32.60  67  46  615000 1119000   240 10.13
2.232 0.1122 106.95 32.60  67  46  615000 1119000   240 10.13
2.242 0.1096 106.95 32.60  67  46  615000 1119000   240 10.13
2.252 0.1116 106.71 32.60  67  46  615000 1119000   240 10.13
2.262 0.1149 106.25 32.60  67  46  615000 1119000   240 10.13
2.272 0.1153 105.62 32.60  67  46  615000 1119000   240 10.13
2.282 0.1072 104.86 32.60  67  46  615000 1119000   240 10.13
2.292 0.1079 104.01 32.60  67  46  615000 1119000   240 10.13
2.302 0.1055 103.11 32.60  67  46  615000 1119000   240 10.13
2.312 0.1007 102.22 32.60  67  46  615000 1119000   240 10.13
2.321 0.0984 101.40 32.60  67  46  615000 1119000   240 10.13
2.331 0.0971 100.68 32.60  67  46  615000 1119000   240 10.13
2.341 0.0957 100.14 32.60  67  46  615000 1119000   240 10.13
2.351 0.0950 99.84 32.60  67  46  615000 1119000   240 10.13
2.361 0.0933 99.85 32.60  67  46  615000 1119000   240 10.13
2.371 0.0960 100.25 32.60  67  46  615000 1119000   240 10.13
2.381 0.0979 101.12 32.60  67  46  615000 1119000   240 10.13
2.391 0.0994 102.52 32.60  67  46  615000 1119000   240 10.13
2.401 0.1057 104.50 32.60  67  46  615000 1119000   240 10.13
2.411 0.1079 107.10 32.60  67  46  615000 1119000   240 10.13
2.421 0.1114 110.32 32.60  67  46  615000 1119000   240 10.13
2.431 0.1141 114.15 32.60  67  46  615000 1119000   240 10.13
2.440 0.1203 118.56 32.60  67  46  615000 1119000   240 10.13
2.450 0.1207 123.49 32.60  67  46  615000 1119000   240 10.13
2.460 0.1283 128.88 32.60  67  46  615000 1119000   240 10.13
2.470 0.1350 134.67 32.60  67  46  615000 1119000   240 10.13
2.480 0.1385 140.77 32.60  67  46  615000 1119000   240 10.13
2.490 0.1426 147.10 32.60  67  46  615000 1119000   240 10.13
2.500 0.1547 153.62 32.60  67  46  615000 1119000   240 10.13
2.510 0.1655 160.34 32.60  67  46  615000 1119000   240 10.13
2.520 0.1676 167.45 32.60  67  46  615000 1119000   240 10.13
2.530 0.1797 176.63 32.60  67  46  615000 1119000   240 10.13
2.540 0.1920 189.31 32.60  67  46  615000 1119000   240 10.13
2.550 0.2029 203.01 32.60  67  46  615000 1119000   240 10.13
2.560 0.2149 216.40 32.60  67  46  615000 1119000   240 10.13
2.569 0.2177 229.00 32.60  67  46  615000 1119000   240 10.13
2.579 0.2224 240.69 32.60  67  46  615000 1119000   240 10.13
2.589 0.2372 251.46 32.60  67  46  615000 1119000   240 10.13
2.599 0.2435 261.38 32.60  67  46  615000 1119000   240 10.13
2.609 0.2529 270.48 32.60  67  46  615000 1119000   240 10.13
2.619 0.2665 278.84 32.60  67  46  615000 1119000   240 10.13
2.629 0.2770 286.51 32.60  67  46  615000 1119000   240 10.13
2.639 0.3015 293.53 32.60  67  46  615000 1119000   240 10.13
2.649 0.3068 299.94 32.60  67  46  615000 1119000   240 10.13
2.659 0.3348 305.77 32.60  67  46  615000 1119000   240 10.13
2.669 0.3512 311.02 32.60  67  46  615000 1119000   240 10.13
2.679 0.3840 315.71 32.60  67  46  615000 1119000   240 10.13
2.688 0.4207 319.84 32.60  67  46  615000 1119000   240 10.13
2.698 0.4572 323.37 32.60  67  46  615000 1119000   240 10.13
2.708 0.4944 326.30 32.60  67  46  615000 1119000   240 10.13
2.718 0.5060 328.58 32.60  67  46  615000 1119000   240 10.13
2.728 0.5463 330.16 32.60  67  46  615000 1119000   240 10.13
2.738 0.0000 330.97 32.60  67  46  615000 1119000   240 10.13
2.748 0.0000 330.93 32.60  67  46  615000 1119000   240 10.13
