     x     qy smooth tpara  cd  zL     xTr    xCpl frame tma
-2.878 0.3147 262.77 22.00  72  46  970000 1307000   250 10.22
-2.864 0.3110 246.69 22.00  72  46  970000 1307000   250 10.22
-2.849 0.2127 231.40 22.00  72  46  970000 1307000   250 10.22
-2.834 0.2181 216.87 22.00  72  46  970000 1307000   250 10.22
-2.819 0.1805 203.10 22.00  72  46  970000 1307000   250 10.22
-2.804 0.1737 190.06 22.00  72  46  970000 1307000   250 10.22
-2.789 0.1425 177.74 22.00  72  46  970000 1307000   250 10.22
-2.774 0.1419 166.12 22.00  72  46  970000 1307000   250 10.22
-2.760 0.1300 155.19 22.00  72  46  970000 1307000   250 10.22
-2.745 0.1231 144.95 22.00  72  46  970000 1307000   250 10.22
-2.730 0.1186 135.38 22.00  72  46  970000 1307000   250 10.22
-2.715 0.1102 126.48 22.00  72  46  970000 1307000   250 10.22
-2.700 0.1062 118.25 22.00  72  46  970000 1307000   250 10.22
-2.685 0.1031 110.70 22.00  72  46  970000 1307000   250 10.22
-2.671 0.0972 103.82 22.00  72  46  970000 1307000   250 10.22
-2.656 0.0957 97.64 22.00  72  46  970000 1307000   250 10.22
-2.641 0.0922 92.18 22.00  72  46  970000 1307000   250 10.22
-2.626 0.0888 87.45 22.00  72  46  970000 1307000   250 10.22
-2.611 0.0864 83.51 22.00  72  46  970000 1307000   250 10.22
-2.596 0.0846 80.38 22.00  72  46  970000 1307000   250 10.22
-2.582 0.0828 78.14 22.00  72  46  970000 1307000   250 10.22
-2.567 0.0809 76.77 22.00  72  46  970000 1307000   250 10.22
-2.552 0.0790 76.13 22.00  72  46  970000 1307000   250 10.22
-2.537 0.0764 75.54 22.00  72  46  970000 1307000   250 10.22
-2.522 0.0747 74.31 22.00  72  46  970000 1307000   250 10.22
-2.507 0.0752 73.09 22.00  72  46  970000 1307000   250 10.22
-2.493 0.0730 71.88 22.00  72  46  970000 1307000   250 10.22
-2.478 0.0712 70.71 22.00  72  46  970000 1307000   250 10.22
-2.463 0.0701 69.59 22.00  72  46  970000 1307000   250 10.22
-2.448 0.0701 68.52 22.00  72  46  970000 1307000   250 10.22
-2.433 0.0671 67.53 22.00  72  46  970000 1307000   250 10.22
-2.418 0.0674 66.60 22.00  72  46  970000 1307000   250 10.22
-2.404 0.0649 65.73 22.00  72  46  970000 1307000   250 10.22
-2.389 0.0660 64.94 22.00  72  46  970000 1307000   250 10.22
-2.374 0.0641 64.22 22.00  72  46  970000 1307000   250 10.22
-2.359 0.0636 63.57 22.00  72  46  970000 1307000   250 10.22
-2.344 0.0630 62.99 22.00  72  46  970000 1307000   250 10.22
-2.329 0.0611 62.48 22.00  72  46  970000 1307000   250 10.22
-2.315 0.0618 62.03 22.00  72  46  970000 1307000   250 10.22
-2.300 0.0604 61.64 22.00  72  46  970000 1307000   250 10.22
-2.285 0.0604 61.31 22.00  72  46  970000 1307000   250 10.22
-2.270 0.0617 61.04 22.00  72  46  970000 1307000   250 10.22
-2.255 0.0613 60.82 22.00  72  46  970000 1307000   250 10.22
-2.240 0.0604 60.65 22.00  72  46  970000 1307000   250 10.22
-2.226 0.0606 60.51 22.00  72  46  970000 1307000   250 10.22
-2.211 0.0603 60.41 22.00  72  46  970000 1307000   250 10.22
-2.196 0.0604 60.34 22.00  72  46  970000 1307000   250 10.22
-2.181 0.0612 60.29 22.00  72  46  970000 1307000   250 10.22
-2.166 0.0615 60.24 22.00  72  46  970000 1307000   250 10.22
-2.151 0.0610 60.20 22.00  72  46  970000 1307000   250 10.22
-2.136 0.0594 60.16 22.00  72  46  970000 1307000   250 10.22
-2.122 0.0596 60.10 22.00  72  46  970000 1307000   250 10.22
-2.107 0.0609 60.03 22.00  72  46  970000 1307000   250 10.22
-2.092 0.0593 59.95 22.00  72  46  970000 1307000   250 10.22
-2.077 0.0602 59.84 22.00  72  46  970000 1307000   250 10.22
-2.062 0.0603 59.72 22.00  72  46  970000 1307000   250 10.22
-2.047 0.0594 59.59 22.00  72  46  970000 1307000   250 10.22
-2.033 0.0603 59.44 22.00  72  46  970000 1307000   250 10.22
-2.018 0.0592 59.29 22.00  72  46  970000 1307000   250 10.22
-2.003 0.0590 59.14 22.00  72  46  970000 1307000   250 10.22
-1.988 0.0596 58.99 22.00  72  46  970000 1307000   250 10.22
-1.973 0.0590 58.84 22.00  72  46  970000 1307000   250 10.22
-1.958 0.0584 58.70 22.00  72  46  970000 1307000   250 10.22
-1.944 0.0580 58.57 22.00  72  46  970000 1307000   250 10.22
-1.929 0.0579 58.44 22.00  72  46  970000 1307000   250 10.22
-1.914 0.0575 58.31 22.00  72  46  970000 1307000   250 10.22
-1.899 0.0589 58.19 22.00  72  46  970000 1307000   250 10.22
-1.884 0.0585 58.08 22.00  72  46  970000 1307000   250 10.22
-1.869 0.0567 57.98 22.00  72  46  970000 1307000   250 10.22
-1.855 0.0568 57.88 22.00  72  46  970000 1307000   250 10.22
-1.840 0.0589 57.80 22.00  72  46  970000 1307000   250 10.22
-1.825 0.0579 57.72 22.00  72  46  970000 1307000   250 10.22
-1.810 0.0581 57.66 22.00  72  46  970000 1307000   250 10.22
-1.795 0.0584 57.62 22.00  72  46  970000 1307000   250 10.22
-1.780 0.0571 57.58 22.00  72  46  970000 1307000   250 10.22
-1.766 0.0580 57.56 22.00  72  46  970000 1307000   250 10.22
-1.751 0.0573 57.54 22.00  72  46  970000 1307000   250 10.22
-1.736 0.0581 57.52 22.00  72  46  970000 1307000   250 10.22
-1.721 0.0569 57.51 22.00  72  46  970000 1307000   250 10.22
-1.706 0.0566 57.50 22.00  72  46  970000 1307000   250 10.22
-1.691 0.0577 57.48 22.00  72  46  970000 1307000   250 10.22
-1.677 0.0574 57.46 22.00  72  46  970000 1307000   250 10.22
-1.662 0.0569 57.43 22.00  72  46  970000 1307000   250 10.22
-1.647 0.0569 57.39 22.00  72  46  970000 1307000   250 10.22
-1.632 0.0579 57.34 22.00  72  46  970000 1307000   250 10.22
-1.617 0.0581 57.29 22.00  72  46  970000 1307000   250 10.22
-1.602 0.0578 57.24 22.00  72  46  970000 1307000   250 10.22
-1.588 0.0570 57.19 22.00  72  46  970000 1307000   250 10.22
-1.573 0.0577 57.15 22.00  72  46  970000 1307000   250 10.22
-1.558 0.0570 57.10 22.00  72  46  970000 1307000   250 10.22
-1.543 0.0565 57.07 22.00  72  46  970000 1307000   250 10.22
-1.528 0.0570 57.03 22.00  72  46  970000 1307000   250 10.22
-1.513 0.0575 57.00 22.00  72  46  970000 1307000   250 10.22
-1.499 0.0572 56.96 22.00  72  46  970000 1307000   250 10.22
-1.484 0.0568 56.92 22.00  72  46  970000 1307000   250 10.22
-1.469 0.0568 56.88 22.00  72  46  970000 1307000   250 10.22
-1.454 0.0561 56.83 22.00  72  46  970000 1307000   250 10.22
-1.439 0.0565 56.78 22.00  72  46  970000 1307000   250 10.22
-1.424 0.0559 56.72 22.00  72  46  970000 1307000   250 10.22
-1.409 0.0568 56.66 22.00  72  46  970000 1307000   250 10.22
-1.395 0.0561 56.59 22.00  72  46  970000 1307000   250 10.22
-1.380 0.0564 56.51 22.00  72  46  970000 1307000   250 10.22
-1.365 0.0572 56.43 22.00  72  46  970000 1307000   250 10.22
-1.350 0.0569 56.35 22.00  72  46  970000 1307000   250 10.22
-1.335 0.0568 56.26 22.00  72  46  970000 1307000   250 10.22
-1.320 0.0570 56.16 22.00  72  46  970000 1307000   250 10.22
-1.306 0.0562 56.06 22.00  72  46  970000 1307000   250 10.22
-1.291 0.0550 55.95 22.00  72  46  970000 1307000   250 10.22
-1.276 0.0566 55.84 22.00  72  46  970000 1307000   250 10.22
-1.261 0.0559 55.72 22.00  72  46  970000 1307000   250 10.22
-1.246 0.0554 55.60 22.00  72  46  970000 1307000   250 10.22
-1.231 0.0555 55.49 22.00  72  46  970000 1307000   250 10.22
-1.217 0.0551 55.37 22.00  72  46  970000 1307000   250 10.22
-1.202 0.0547 55.25 22.00  72  46  970000 1307000   250 10.22
-1.187 0.0553 55.14 22.00  72  46  970000 1307000   250 10.22
-1.172 0.0556 55.03 22.00  72  46  970000 1307000   250 10.22
-1.157 0.0540 54.93 22.00  72  46  970000 1307000   250 10.22
-1.142 0.0546 54.84 22.00  72  46  970000 1307000   250 10.22
-1.128 0.0543 54.76 22.00  72  46  970000 1307000   250 10.22
-1.113 0.0543 54.70 22.00  72  46  970000 1307000   250 10.22
-1.098 0.0550 54.65 22.00  72  46  970000 1307000   250 10.22
-1.083 0.0542 54.60 22.00  72  46  970000 1307000   250 10.22
-1.068 0.0550 54.57 22.00  72  46  970000 1307000   250 10.22
-1.053 0.0545 54.54 22.00  72  46  970000 1307000   250 10.22
-1.039 0.0547 54.51 22.00  72  46  970000 1307000   250 10.22
-1.024 0.0547 54.49 22.00  72  46  970000 1307000   250 10.22
-1.009 0.0546 54.47 22.00  72  46  970000 1307000   250 10.22
-0.994 0.0550 54.44 22.00  72  46  970000 1307000   250 10.22
-0.979 0.0538 54.42 22.00  72  46  970000 1307000   250 10.22
-0.964 0.0541 54.39 22.00  72  46  970000 1307000   250 10.22
-0.950 0.0547 54.35 22.00  72  46  970000 1307000   250 10.22
-0.935 0.0549 54.31 22.00  72  46  970000 1307000   250 10.22
-0.920 0.0541 54.27 22.00  72  46  970000 1307000   250 10.22
-0.905 0.0551 54.21 22.00  72  46  970000 1307000   250 10.22
-0.890 0.0534 54.16 22.00  72  46  970000 1307000   250 10.22
-0.875 0.0539 54.10 22.00  72  46  970000 1307000   250 10.22
-0.861 0.0540 54.05 22.00  72  46  970000 1307000   250 10.22
-0.846 0.0537 53.99 22.00  72  46  970000 1307000   250 10.22
-0.831 0.0530 53.94 22.00  72  46  970000 1307000   250 10.22
-0.816 0.0550 53.89 22.00  72  46  970000 1307000   250 10.22
-0.801 0.0535 53.83 22.00  72  46  970000 1307000   250 10.22
-0.786 0.0540 53.78 22.00  72  46  970000 1307000   250 10.22
-0.772 0.0541 53.72 22.00  72  46  970000 1307000   250 10.22
-0.757 0.0534 53.66 22.00  72  46  970000 1307000   250 10.22
-0.742 0.0537 53.60 22.00  72  46  970000 1307000   250 10.22
-0.727 0.0530 53.54 22.00  72  46  970000 1307000   250 10.22
-0.712 0.0534 53.48 22.00  72  46  970000 1307000   250 10.22
-0.697 0.0536 53.42 22.00  72  46  970000 1307000   250 10.22
-0.682 0.0530 53.36 22.00  72  46  970000 1307000   250 10.22
-0.668 0.0541 53.30 22.00  72  46  970000 1307000   250 10.22
-0.653 0.0532 53.25 22.00  72  46  970000 1307000   250 10.22
-0.638 0.0539 53.20 22.00  72  46  970000 1307000   250 10.22
-0.623 0.0534 53.15 22.00  72  46  970000 1307000   250 10.22
-0.608 0.0531 53.10 22.00  72  46  970000 1307000   250 10.22
-0.593 0.0525 53.04 22.00  72  46  970000 1307000   250 10.22
-0.579 0.0535 52.98 22.00  72  46  970000 1307000   250 10.22
-0.564 0.0521 52.92 22.00  72  46  970000 1307000   250 10.22
-0.549 0.0518 52.85 22.00  72  46  970000 1307000   250 10.22
-0.534 0.0524 52.79 22.00  72  46  970000 1307000   250 10.22
-0.519 0.0531 52.72 22.00  72  46  970000 1307000   250 10.22
-0.504 0.0528 52.66 22.00  72  46  970000 1307000   250 10.22
-0.490 0.0537 52.60 22.00  72  46  970000 1307000   250 10.22
-0.475 0.0519 52.54 22.00  72  46  970000 1307000   250 10.22
-0.460 0.0525 52.48 22.00  72  46  970000 1307000   250 10.22
-0.445 0.0530 52.43 22.00  72  46  970000 1307000   250 10.22
-0.430 0.0531 52.39 22.00  72  46  970000 1307000   250 10.22
-0.415 0.0529 52.37 22.00  72  46  970000 1307000   250 10.22
-0.401 0.0517 52.35 22.00  72  46  970000 1307000   250 10.22
-0.386 0.0524 52.36 22.00  72  46  970000 1307000   250 10.22
-0.371 0.0516 52.37 22.00  72  46  970000 1307000   250 10.22
-0.356 0.0518 52.39 22.00  72  46  970000 1307000   250 10.22
-0.341 0.0521 52.42 22.00  72  46  970000 1307000   250 10.22
-0.326 0.0518 52.45 22.00  72  46  970000 1307000   250 10.22
-0.312 0.0527 52.47 22.00  72  46  970000 1307000   250 10.22
-0.297 0.0518 52.49 22.00  72  46  970000 1307000   250 10.22
-0.282 0.0532 52.50 22.00  72  46  970000 1307000   250 10.22
-0.267 0.0518 52.50 22.00  72  46  970000 1307000   250 10.22
-0.252 0.0531 52.49 22.00  72  46  970000 1307000   250 10.22
-0.237 0.0525 52.47 22.00  72  46  970000 1307000   250 10.22
-0.223 0.0515 52.44 22.00  72  46  970000 1307000   250 10.22
-0.208 0.0533 52.39 22.00  72  46  970000 1307000   250 10.22
-0.193 0.0525 52.31 22.00  72  46  970000 1307000   250 10.22
-0.179 0.0535 52.20 22.00  72  46  970000 1307000   250 10.22
-0.165 0.0517 52.07 22.00  72  46  970000 1307000   250 10.22
-0.152 0.0534 51.91 22.00  72  46  970000 1307000   250 10.22
-0.139 0.0517 51.73 22.00  72  46  970000 1307000   250 10.22
-0.127 0.0524 51.53 22.00  72  46  970000 1307000   250 10.22
-0.116 0.0517 51.32 22.00  72  46  970000 1307000   250 10.22
-0.104 0.0492 51.09 22.00  72  46  970000 1307000   250 10.22
-0.094 0.0508 50.86 22.00  72  46  970000 1307000   250 10.22
-0.084 0.0515 50.62 22.00  72  46  970000 1307000   250 10.22
-0.074 0.0487 50.36 22.00  72  46  970000 1307000   250 10.22
-0.064 0.0495 50.10 22.00  72  46  970000 1307000   250 10.22
-0.055 0.0491 49.82 22.00  72  46  970000 1307000   250 10.22
-0.047 0.0508 49.52 22.00  72  46  970000 1307000   250 10.22
-0.038 0.0493 49.21 22.00  72  46  970000 1307000   250 10.22
-0.030 0.0479 48.89 22.00  72  46  970000 1307000   250 10.22
-0.023 0.0471 48.54 22.00  72  46  970000 1307000   250 10.22
-0.015 0.0492 48.18 22.00  72  46  970000 1307000   250 10.22
-0.008 0.0462 47.80 22.00  72  46  970000 1307000   250 10.22
-0.001 0.0485 47.40 22.00  72  46  970000 1307000   250 10.22
0.005 0.0467 46.99 22.00  72  46  970000 1307000   250 10.22
0.011 0.0490 46.56 22.00  72  46  970000 1307000   250 10.22
0.017 0.0499 46.13 22.00  72  46  970000 1307000   250 10.22
0.023 0.0458 45.69 22.00  72  46  970000 1307000   250 10.22
0.029 0.0452 45.25 22.00  72  46  970000 1307000   250 10.22
0.034 0.0441 44.80 22.00  72  46  970000 1307000   250 10.22
0.039 0.0433 44.36 22.00  72  46  970000 1307000   250 10.22
0.044 0.0435 43.90 22.00  72  46  970000 1307000   250 10.22
0.049 0.0422 43.45 22.00  72  46  970000 1307000   250 10.22
0.053 0.0430 42.99 22.00  72  46  970000 1307000   250 10.22
0.057 0.0425 42.54 22.00  72  46  970000 1307000   250 10.22
0.061 0.0407 42.09 22.00  72  46  970000 1307000   250 10.22
0.065 0.0424 41.64 22.00  72  46  970000 1307000   250 10.22
0.069 0.0395 41.21 22.00  72  46  970000 1307000   250 10.22
0.073 0.0419 40.79 22.00  72  46  970000 1307000   250 10.22
0.076 0.0385 40.39 22.00  72  46  970000 1307000   250 10.22
0.080 0.0397 40.01 22.00  72  46  970000 1307000   250 10.22
0.083 0.0428 39.67 22.00  72  46  970000 1307000   250 10.22
0.086 0.0379 39.37 22.00  72  46  970000 1307000   250 10.22
0.089 0.0424 39.10 22.00  72  46  970000 1307000   250 10.22
0.092 0.0401 38.87 22.00  72  46  970000 1307000   250 10.22
0.095 0.0376 38.67 22.00  72  46  970000 1307000   250 10.22
0.098 0.0383 38.49 22.00  72  46  970000 1307000   250 10.22
0.101 0.0374 38.32 22.00  72  46  970000 1307000   250 10.22
0.104 0.0386 38.17 22.00  72  46  970000 1307000   250 10.22
0.107 0.0361 38.03 22.00  72  46  970000 1307000   250 10.22
0.110 0.0365 37.90 22.00  72  46  970000 1307000   250 10.22
0.113 0.0391 37.78 22.00  72  46  970000 1307000   250 10.22
0.116 0.0359 37.68 22.00  72  46  970000 1307000   250 10.22
0.119 0.0387 37.59 22.00  72  46  970000 1307000   250 10.22
0.122 0.0363 37.51 22.00  72  46  970000 1307000   250 10.22
0.125 0.0363 37.44 22.00  72  46  970000 1307000   250 10.22
0.128 0.0404 37.37 22.00  72  46  970000 1307000   250 10.22
0.131 0.0383 37.32 22.00  72  46  970000 1307000   250 10.22
0.134 0.0369 37.28 22.00  72  46  970000 1307000   250 10.22
0.136 0.0371 37.26 22.00  72  46  970000 1307000   250 10.22
0.139 0.0384 37.25 22.00  72  46  970000 1307000   250 10.22
0.142 0.0372 37.26 22.00  72  46  970000 1307000   250 10.22
0.145 0.0378 37.28 22.00  72  46  970000 1307000   250 10.22
0.148 0.0363 37.29 22.00  72  46  970000 1307000   250 10.22
0.151 0.0392 37.28 22.00  72  46  970000 1307000   250 10.22
0.154 0.0357 37.28 22.00  72  46  970000 1307000   250 10.22
0.157 0.0381 37.26 22.00  72  46  970000 1307000   250 10.22
0.160 0.0354 37.25 22.00  72  46  970000 1307000   250 10.22
0.163 0.0361 37.24 22.00  72  46  970000 1307000   250 10.22
0.166 0.0383 37.23 22.00  72  46  970000 1307000   250 10.22
0.169 0.0364 37.23 22.00  72  46  970000 1307000   250 10.22
0.172 0.0395 37.24 22.00  72  46  970000 1307000   250 10.22
0.175 0.0353 37.26 22.00  72  46  970000 1307000   250 10.22
0.178 0.0357 37.30 22.00  72  46  970000 1307000   250 10.22
0.181 0.0381 37.36 22.00  72  46  970000 1307000   250 10.22
0.184 0.0398 37.43 22.00  72  46  970000 1307000   250 10.22
0.187 0.0375 37.51 22.00  72  46  970000 1307000   250 10.22
0.190 0.0392 37.61 22.00  72  46  970000 1307000   250 10.22
0.193 0.0381 37.71 22.00  72  46  970000 1307000   250 10.22
0.196 0.0367 37.81 22.00  72  46  970000 1307000   250 10.22
0.199 0.0339 37.90 22.00  72  46  970000 1307000   250 10.22
0.202 0.0368 37.99 22.00  72  46  970000 1307000   250 10.22
0.205 0.0404 38.08 22.00  72  46  970000 1307000   250 10.22
0.208 0.0399 38.16 22.00  72  46  970000 1307000   250 10.22
0.211 0.0397 38.24 22.00  72  46  970000 1307000   250 10.22
0.214 0.0366 38.32 22.00  72  46  970000 1307000   250 10.22
0.217 0.0375 38.39 22.00  72  46  970000 1307000   250 10.22
0.220 0.0366 38.46 22.00  72  46  970000 1307000   250 10.22
0.223 0.0426 38.52 22.00  72  46  970000 1307000   250 10.22
0.226 0.0370 38.57 22.00  72  46  970000 1307000   250 10.22
0.228 0.0378 38.62 22.00  72  46  970000 1307000   250 10.22
0.231 0.0422 38.67 22.00  72  46  970000 1307000   250 10.22
0.234 0.0373 38.70 22.00  72  46  970000 1307000   250 10.22
0.237 0.0369 38.71 22.00  72  46  970000 1307000   250 10.22
0.240 0.0393 38.72 22.00  72  46  970000 1307000   250 10.22
0.243 0.0402 38.70 22.00  72  46  970000 1307000   250 10.22
0.246 0.0376 38.68 22.00  72  46  970000 1307000   250 10.22
0.249 0.0362 38.65 22.00  72  46  970000 1307000   250 10.22
0.252 0.0393 38.60 22.00  72  46  970000 1307000   250 10.22
0.255 0.0421 38.55 22.00  72  46  970000 1307000   250 10.22
0.258 0.0369 38.50 22.00  72  46  970000 1307000   250 10.22
0.261 0.0401 38.44 22.00  72  46  970000 1307000   250 10.22
0.264 0.0376 38.40 22.00  72  46  970000 1307000   250 10.22
0.267 0.0387 38.36 22.00  72  46  970000 1307000   250 10.22
0.270 0.0381 38.32 22.00  72  46  970000 1307000   250 10.22
0.273 0.0354 38.27 22.00  72  46  970000 1307000   250 10.22
0.276 0.0391 38.22 22.00  72  46  970000 1307000   250 10.22
0.279 0.0384 38.17 22.00  72  46  970000 1307000   250 10.22
0.282 0.0399 38.14 22.00  72  46  970000 1307000   250 10.22
0.285 0.0372 38.12 22.00  72  46  970000 1307000   250 10.22
0.288 0.0364 38.10 22.00  72  46  970000 1307000   250 10.22
0.291 0.0364 38.08 22.00  72  46  970000 1307000   250 10.22
0.294 0.0394 38.07 22.00  72  46  970000 1307000   250 10.22
0.297 0.0407 38.06 22.00  72  46  970000 1307000   250 10.22
0.300 0.0367 38.05 22.00  72  46  970000 1307000   250 10.22
0.303 0.0399 38.05 22.00  72  46  970000 1307000   250 10.22
0.306 0.0383 38.05 22.00  72  46  970000 1307000   250 10.22
0.309 0.0355 38.07 22.00  72  46  970000 1307000   250 10.22
0.312 0.0366 38.09 22.00  72  46  970000 1307000   250 10.22
0.315 0.0406 38.12 22.00  72  46  970000 1307000   250 10.22
0.318 0.0373 38.17 22.00  72  46  970000 1307000   250 10.22
0.320 0.0411 38.22 22.00  72  46  970000 1307000   250 10.22
0.323 0.0353 38.28 22.00  72  46  970000 1307000   250 10.22
0.326 0.0386 38.34 22.00  72  46  970000 1307000   250 10.22
0.329 0.0375 38.40 22.00  72  46  970000 1307000   250 10.22
0.332 0.0400 38.47 22.00  72  46  970000 1307000   250 10.22
0.335 0.0414 38.54 22.00  72  46  970000 1307000   250 10.22
0.338 0.0366 38.62 22.00  72  46  970000 1307000   250 10.22
0.341 0.0356 38.69 22.00  72  46  970000 1307000   250 10.22
0.344 0.0405 38.77 22.00  72  46  970000 1307000   250 10.22
0.347 0.0368 38.86 22.00  72  46  970000 1307000   250 10.22
0.350 0.0390 38.95 22.00  72  46  970000 1307000   250 10.22
0.353 0.0395 39.06 22.00  72  46  970000 1307000   250 10.22
0.356 0.0414 39.17 22.00  72  46  970000 1307000   250 10.22
0.359 0.0395 39.28 22.00  72  46  970000 1307000   250 10.22
0.362 0.0400 39.40 22.00  72  46  970000 1307000   250 10.22
0.365 0.0391 39.50 22.00  72  46  970000 1307000   250 10.22
0.368 0.0390 39.60 22.00  72  46  970000 1307000   250 10.22
0.371 0.0410 39.70 22.00  72  46  970000 1307000   250 10.22
0.374 0.0383 39.79 22.00  72  46  970000 1307000   250 10.22
0.377 0.0413 39.88 22.00  72  46  970000 1307000   250 10.22
0.380 0.0386 39.95 22.00  72  46  970000 1307000   250 10.22
0.383 0.0369 40.01 22.00  72  46  970000 1307000   250 10.22
0.386 0.0402 40.05 22.00  72  46  970000 1307000   250 10.22
0.389 0.0426 40.07 22.00  72  46  970000 1307000   250 10.22
0.392 0.0416 40.09 22.00  72  46  970000 1307000   250 10.22
0.395 0.0389 40.09 22.00  72  46  970000 1307000   250 10.22
0.398 0.0406 40.08 22.00  72  46  970000 1307000   250 10.22
0.401 0.0403 40.07 22.00  72  46  970000 1307000   250 10.22
0.404 0.0415 40.04 22.00  72  46  970000 1307000   250 10.22
0.407 0.0408 40.02 22.00  72  46  970000 1307000   250 10.22
0.409 0.0383 40.00 22.00  72  46  970000 1307000   250 10.22
0.412 0.0371 39.98 22.00  72  46  970000 1307000   250 10.22
0.415 0.0427 39.94 22.00  72  46  970000 1307000   250 10.22
0.418 0.0412 39.91 22.00  72  46  970000 1307000   250 10.22
0.421 0.0364 39.86 22.00  72  46  970000 1307000   250 10.22
0.424 0.0414 39.80 22.00  72  46  970000 1307000   250 10.22
0.427 0.0415 39.75 22.00  72  46  970000 1307000   250 10.22
0.430 0.0370 39.69 22.00  72  46  970000 1307000   250 10.22
0.433 0.0403 39.64 22.00  72  46  970000 1307000   250 10.22
0.436 0.0395 39.60 22.00  72  46  970000 1307000   250 10.22
0.439 0.0390 39.57 22.00  72  46  970000 1307000   250 10.22
0.442 0.0411 39.56 22.00  72  46  970000 1307000   250 10.22
0.445 0.0397 39.57 22.00  72  46  970000 1307000   250 10.22
0.448 0.0392 39.60 22.00  72  46  970000 1307000   250 10.22
0.451 0.0384 39.65 22.00  72  46  970000 1307000   250 10.22
0.454 0.0402 39.71 22.00  72  46  970000 1307000   250 10.22
0.457 0.0398 39.78 22.00  72  46  970000 1307000   250 10.22
0.460 0.0408 39.86 22.00  72  46  970000 1307000   250 10.22
0.463 0.0387 39.94 22.00  72  46  970000 1307000   250 10.22
0.466 0.0398 40.02 22.00  72  46  970000 1307000   250 10.22
0.469 0.0394 40.09 22.00  72  46  970000 1307000   250 10.22
0.472 0.0406 40.16 22.00  72  46  970000 1307000   250 10.22
0.475 0.0406 40.23 22.00  72  46  970000 1307000   250 10.22
0.478 0.0391 40.30 22.00  72  46  970000 1307000   250 10.22
0.481 0.0425 40.38 22.00  72  46  970000 1307000   250 10.22
0.484 0.0393 40.46 22.00  72  46  970000 1307000   250 10.22
0.487 0.0420 40.55 22.00  72  46  970000 1307000   250 10.22
0.490 0.0405 40.65 22.00  72  46  970000 1307000   250 10.22
0.493 0.0403 40.76 22.00  72  46  970000 1307000   250 10.22
0.496 0.0446 40.87 22.00  72  46  970000 1307000   250 10.22
0.499 0.0363 40.98 22.00  72  46  970000 1307000   250 10.22
0.501 0.0439 41.10 22.00  72  46  970000 1307000   250 10.22
0.504 0.0394 41.23 22.00  72  46  970000 1307000   250 10.22
0.507 0.0440 41.37 22.00  72  46  970000 1307000   250 10.22
0.510 0.0401 41.50 22.00  72  46  970000 1307000   250 10.22
0.513 0.0404 41.65 22.00  72  46  970000 1307000   250 10.22
0.516 0.0388 41.79 22.00  72  46  970000 1307000   250 10.22
0.519 0.0396 41.94 22.00  72  46  970000 1307000   250 10.22
0.522 0.0439 42.08 22.00  72  46  970000 1307000   250 10.22
0.525 0.0454 42.22 22.00  72  46  970000 1307000   250 10.22
0.528 0.0441 42.36 22.00  72  46  970000 1307000   250 10.22
0.531 0.0408 42.50 22.00  72  46  970000 1307000   250 10.22
0.534 0.0433 42.64 22.00  72  46  970000 1307000   250 10.22
0.537 0.0412 42.78 22.00  72  46  970000 1307000   250 10.22
0.540 0.0463 42.93 22.00  72  46  970000 1307000   250 10.22
0.543 0.0418 43.06 22.00  72  46  970000 1307000   250 10.22
0.546 0.0413 43.20 22.00  72  46  970000 1307000   250 10.22
0.549 0.0435 43.33 22.00  72  46  970000 1307000   250 10.22
0.552 0.0456 43.44 22.00  72  46  970000 1307000   250 10.22
0.555 0.0417 43.55 22.00  72  46  970000 1307000   250 10.22
0.558 0.0463 43.65 22.00  72  46  970000 1307000   250 10.22
0.561 0.0443 43.73 22.00  72  46  970000 1307000   250 10.22
0.564 0.0418 43.80 22.00  72  46  970000 1307000   250 10.22
0.567 0.0432 43.86 22.00  72  46  970000 1307000   250 10.22
0.570 0.0427 43.91 22.00  72  46  970000 1307000   250 10.22
0.573 0.0434 43.96 22.00  72  46  970000 1307000   250 10.22
0.576 0.0456 44.01 22.00  72  46  970000 1307000   250 10.22
0.579 0.0446 44.07 22.00  72  46  970000 1307000   250 10.22
0.582 0.0413 44.14 22.00  72  46  970000 1307000   250 10.22
0.585 0.0468 44.22 22.00  72  46  970000 1307000   250 10.22
0.588 0.0457 44.31 22.00  72  46  970000 1307000   250 10.22
0.591 0.0445 44.40 22.00  72  46  970000 1307000   250 10.22
0.593 0.0437 44.50 22.00  72  46  970000 1307000   250 10.22
0.596 0.0443 44.61 22.00  72  46  970000 1307000   250 10.22
0.599 0.0451 44.73 22.00  72  46  970000 1307000   250 10.22
0.602 0.0450 44.87 22.00  72  46  970000 1307000   250 10.22
0.605 0.0445 45.01 22.00  72  46  970000 1307000   250 10.22
0.608 0.0461 45.16 22.00  72  46  970000 1307000   250 10.22
0.611 0.0422 45.33 22.00  72  46  970000 1307000   250 10.22
0.614 0.0470 45.51 22.00  72  46  970000 1307000   250 10.22
0.617 0.0457 45.70 22.00  72  46  970000 1307000   250 10.22
0.620 0.0457 45.91 22.00  72  46  970000 1307000   250 10.22
0.623 0.0447 46.15 22.00  72  46  970000 1307000   250 10.22
0.626 0.0489 46.41 22.00  72  46  970000 1307000   250 10.22
0.629 0.0455 46.70 22.00  72  46  970000 1307000   250 10.22
0.632 0.0480 47.01 22.00  72  46  970000 1307000   250 10.22
0.635 0.0467 47.34 22.00  72  46  970000 1307000   250 10.22
0.638 0.0479 47.67 22.00  72  46  970000 1307000   250 10.22
0.641 0.0488 48.01 22.00  72  46  970000 1307000   250 10.22
0.644 0.0476 48.37 22.00  72  46  970000 1307000   250 10.22
0.647 0.0478 48.74 22.00  72  46  970000 1307000   250 10.22
0.650 0.0492 49.11 22.00  72  46  970000 1307000   250 10.22
0.653 0.0503 49.50 22.00  72  46  970000 1307000   250 10.22
0.656 0.0494 49.90 22.00  72  46  970000 1307000   250 10.22
0.659 0.0489 50.32 22.00  72  46  970000 1307000   250 10.22
0.662 0.0529 50.76 22.00  72  46  970000 1307000   250 10.22
0.665 0.0500 51.22 22.00  72  46  970000 1307000   250 10.22
0.668 0.0550 51.70 22.00  72  46  970000 1307000   250 10.22
0.671 0.0505 52.20 22.00  72  46  970000 1307000   250 10.22
0.674 0.0533 52.71 22.00  72  46  970000 1307000   250 10.22
0.677 0.0541 53.22 22.00  72  46  970000 1307000   250 10.22
0.680 0.0522 53.75 22.00  72  46  970000 1307000   250 10.22
0.682 0.0523 54.27 22.00  72  46  970000 1307000   250 10.22
0.685 0.0538 54.79 22.00  72  46  970000 1307000   250 10.22
0.688 0.0530 55.30 22.00  72  46  970000 1307000   250 10.22
0.691 0.0552 55.79 22.00  72  46  970000 1307000   250 10.22
0.694 0.0571 56.26 22.00  72  46  970000 1307000   250 10.22
0.697 0.0642 56.72 22.00  72  46  970000 1307000   250 10.22
0.700 0.0547 57.16 22.00  72  46  970000 1307000   250 10.22
0.703 0.0557 57.58 22.00  72  46  970000 1307000   250 10.22
0.706 0.0592 57.98 22.00  72  46  970000 1307000   250 10.22
0.709 0.0596 58.35 22.00  72  46  970000 1307000   250 10.22
0.712 0.0580 58.71 22.00  72  46  970000 1307000   250 10.22
0.715 0.0635 59.06 22.00  72  46  970000 1307000   250 10.22
0.718 0.0568 59.39 22.00  72  46  970000 1307000   250 10.22
0.721 0.0588 59.71 22.00  72  46  970000 1307000   250 10.22
0.724 0.0613 60.02 22.00  72  46  970000 1307000   250 10.22
0.727 0.0575 60.33 22.00  72  46  970000 1307000   250 10.22
0.730 0.0607 60.64 22.00  72  46  970000 1307000   250 10.22
0.733 0.0638 60.93 22.00  72  46  970000 1307000   250 10.22
0.736 0.0589 61.23 22.00  72  46  970000 1307000   250 10.22
0.739 0.0640 61.52 22.00  72  46  970000 1307000   250 10.22
0.742 0.0561 61.80 22.00  72  46  970000 1307000   250 10.22
0.745 0.0656 62.09 22.00  72  46  970000 1307000   250 10.22
0.748 0.0601 62.39 22.00  72  46  970000 1307000   250 10.22
0.751 0.0605 62.70 22.00  72  46  970000 1307000   250 10.22
0.754 0.0677 63.03 22.00  72  46  970000 1307000   250 10.22
0.757 0.0607 63.37 22.00  72  46  970000 1307000   250 10.22
0.760 0.0646 63.71 22.00  72  46  970000 1307000   250 10.22
0.763 0.0620 64.05 22.00  72  46  970000 1307000   250 10.22
0.766 0.0657 64.39 22.00  72  46  970000 1307000   250 10.22
0.769 0.0680 64.73 22.00  72  46  970000 1307000   250 10.22
0.772 0.0661 65.06 22.00  72  46  970000 1307000   250 10.22
0.774 0.0659 65.38 22.00  72  46  970000 1307000   250 10.22
0.777 0.0614 65.69 22.00  72  46  970000 1307000   250 10.22
0.780 0.0711 65.99 22.00  72  46  970000 1307000   250 10.22
0.783 0.0643 66.26 22.00  72  46  970000 1307000   250 10.22
0.786 0.0635 66.51 22.00  72  46  970000 1307000   250 10.22
0.789 0.0670 66.74 22.00  72  46  970000 1307000   250 10.22
0.792 0.0653 66.95 22.00  72  46  970000 1307000   250 10.22
0.795 0.0689 67.15 22.00  72  46  970000 1307000   250 10.22
0.798 0.0636 67.33 22.00  72  46  970000 1307000   250 10.22
0.801 0.0699 67.50 22.00  72  46  970000 1307000   250 10.22
0.804 0.0757 67.67 22.00  72  46  970000 1307000   250 10.22
0.807 0.0646 67.83 22.00  72  46  970000 1307000   250 10.22
0.810 0.0650 68.00 22.00  72  46  970000 1307000   250 10.22
0.813 0.0681 68.17 22.00  72  46  970000 1307000   250 10.22
0.816 0.0698 68.34 22.00  72  46  970000 1307000   250 10.22
0.819 0.0682 68.52 22.00  72  46  970000 1307000   250 10.22
0.822 0.0668 68.70 22.00  72  46  970000 1307000   250 10.22
0.825 0.0718 68.87 22.00  72  46  970000 1307000   250 10.22
0.828 0.0668 69.04 22.00  72  46  970000 1307000   250 10.22
0.831 0.0695 69.19 22.00  72  46  970000 1307000   250 10.22
0.834 0.0688 69.33 22.00  72  46  970000 1307000   250 10.22
0.837 0.0696 69.46 22.00  72  46  970000 1307000   250 10.22
0.840 0.0684 69.59 22.00  72  46  970000 1307000   250 10.22
0.843 0.0669 69.73 22.00  72  46  970000 1307000   250 10.22
0.846 0.0778 69.86 22.00  72  46  970000 1307000   250 10.22
0.849 0.0660 70.00 22.00  72  46  970000 1307000   250 10.22
0.852 0.0716 70.15 22.00  72  46  970000 1307000   250 10.22
0.855 0.0699 70.30 22.00  72  46  970000 1307000   250 10.22
0.858 0.0684 70.46 22.00  72  46  970000 1307000   250 10.22
0.861 0.0731 70.61 22.00  72  46  970000 1307000   250 10.22
0.864 0.0680 70.76 22.00  72  46  970000 1307000   250 10.22
0.866 0.0734 70.90 22.00  72  46  970000 1307000   250 10.22
0.869 0.0720 71.03 22.00  72  46  970000 1307000   250 10.22
0.872 0.0700 71.14 22.00  72  46  970000 1307000   250 10.22
0.875 0.0705 71.26 22.00  72  46  970000 1307000   250 10.22
0.878 0.0715 71.37 22.00  72  46  970000 1307000   250 10.22
0.881 0.0689 71.47 22.00  72  46  970000 1307000   250 10.22
0.884 0.0706 71.56 22.00  72  46  970000 1307000   250 10.22
0.887 0.0764 71.64 22.00  72  46  970000 1307000   250 10.22
0.890 0.0737 71.71 22.00  72  46  970000 1307000   250 10.22
0.893 0.0691 71.79 22.00  72  46  970000 1307000   250 10.22
0.896 0.0709 71.86 22.00  72  46  970000 1307000   250 10.22
0.899 0.0737 71.93 22.00  72  46  970000 1307000   250 10.22
0.902 0.0696 72.00 22.00  72  46  970000 1307000   250 10.22
0.905 0.0717 72.07 22.00  72  46  970000 1307000   250 10.22
0.908 0.0753 72.14 22.00  72  46  970000 1307000   250 10.22
0.911 0.0715 72.19 22.00  72  46  970000 1307000   250 10.22
0.914 0.0717 72.24 22.00  72  46  970000 1307000   250 10.22
0.917 0.0747 72.28 22.00  72  46  970000 1307000   250 10.22
0.920 0.0688 72.31 22.00  72  46  970000 1307000   250 10.22
0.923 0.0714 72.36 22.00  72  46  970000 1307000   250 10.22
0.926 0.0741 72.40 22.00  72  46  970000 1307000   250 10.22
0.929 0.0729 72.44 22.00  72  46  970000 1307000   250 10.22
0.932 0.0735 72.49 22.00  72  46  970000 1307000   250 10.22
0.935 0.0716 72.54 22.00  72  46  970000 1307000   250 10.22
0.938 0.0696 72.60 22.00  72  46  970000 1307000   250 10.22
0.941 0.0749 72.67 22.00  72  46  970000 1307000   250 10.22
0.944 0.0738 72.76 22.00  72  46  970000 1307000   250 10.22
0.947 0.0720 72.84 22.00  72  46  970000 1307000   250 10.22
0.950 0.0737 72.93 22.00  72  46  970000 1307000   250 10.22
0.953 0.0729 73.01 22.00  72  46  970000 1307000   250 10.22
0.955 0.0727 73.09 22.00  72  46  970000 1307000   250 10.22
0.958 0.0734 73.17 22.00  72  46  970000 1307000   250 10.22
0.961 0.0708 73.25 22.00  72  46  970000 1307000   250 10.22
0.964 0.0726 73.34 22.00  72  46  970000 1307000   250 10.22
0.967 0.0744 73.42 22.00  72  46  970000 1307000   250 10.22
0.970 0.0750 73.50 22.00  72  46  970000 1307000   250 10.22
0.973 0.0747 73.58 22.00  72  46  970000 1307000   250 10.22
0.976 0.0735 73.65 22.00  72  46  970000 1307000   250 10.22
0.979 0.0741 73.73 22.00  72  46  970000 1307000   250 10.22
0.982 0.0743 73.80 22.00  72  46  970000 1307000   250 10.22
0.985 0.0699 73.88 22.00  72  46  970000 1307000   250 10.22
0.988 0.0756 73.95 22.00  72  46  970000 1307000   250 10.22
0.991 0.0771 74.02 22.00  72  46  970000 1307000   250 10.22
0.994 0.0736 74.08 22.00  72  46  970000 1307000   250 10.22
0.997 0.0709 74.13 22.00  72  46  970000 1307000   250 10.22
1.000 0.0736 74.16 22.00  72  46  970000 1307000   250 10.22
1.003 0.0769 74.19 22.00  72  46  970000 1307000   250 10.22
1.006 0.0723 74.21 22.00  72  46  970000 1307000   250 10.22
1.009 0.0752 74.22 22.00  72  46  970000 1307000   250 10.22
1.012 0.0751 74.23 22.00  72  46  970000 1307000   250 10.22
1.015 0.0726 74.23 22.00  72  46  970000 1307000   250 10.22
1.018 0.0758 74.24 22.00  72  46  970000 1307000   250 10.22
1.021 0.0742 74.26 22.00  72  46  970000 1307000   250 10.22
1.024 0.0740 74.29 22.00  72  46  970000 1307000   250 10.22
1.027 0.0752 74.32 22.00  72  46  970000 1307000   250 10.22
1.030 0.0728 74.35 22.00  72  46  970000 1307000   250 10.22
1.033 0.0749 74.38 22.00  72  46  970000 1307000   250 10.22
1.036 0.0770 74.40 22.00  72  46  970000 1307000   250 10.22
1.039 0.0709 74.41 22.00  72  46  970000 1307000   250 10.22
1.042 0.0754 74.43 22.00  72  46  970000 1307000   250 10.22
1.045 0.0729 74.45 22.00  72  46  970000 1307000   250 10.22
1.047 0.0740 74.46 22.00  72  46  970000 1307000   250 10.22
1.050 0.0757 74.48 22.00  72  46  970000 1307000   250 10.22
1.053 0.0740 74.51 22.00  72  46  970000 1307000   250 10.22
1.056 0.0754 74.53 22.00  72  46  970000 1307000   250 10.22
1.059 0.0734 74.55 22.00  72  46  970000 1307000   250 10.22
1.062 0.0777 74.58 22.00  72  46  970000 1307000   250 10.22
1.065 0.0736 74.63 22.00  72  46  970000 1307000   250 10.22
1.068 0.0741 74.68 22.00  72  46  970000 1307000   250 10.22
1.071 0.0744 74.74 22.00  72  46  970000 1307000   250 10.22
1.074 0.0770 74.80 22.00  72  46  970000 1307000   250 10.22
1.077 0.0751 74.86 22.00  72  46  970000 1307000   250 10.22
1.080 0.0717 74.94 22.00  72  46  970000 1307000   250 10.22
1.083 0.0720 75.02 22.00  72  46  970000 1307000   250 10.22
1.086 0.0783 75.10 22.00  72  46  970000 1307000   250 10.22
1.089 0.0753 75.18 22.00  72  46  970000 1307000   250 10.22
1.092 0.0773 75.25 22.00  72  46  970000 1307000   250 10.22
1.095 0.0755 75.33 22.00  72  46  970000 1307000   250 10.22
1.098 0.0731 75.42 22.00  72  46  970000 1307000   250 10.22
1.101 0.0750 75.51 22.00  72  46  970000 1307000   250 10.22
1.104 0.0748 75.62 22.00  72  46  970000 1307000   250 10.22
1.107 0.0766 75.73 22.00  72  46  970000 1307000   250 10.22
1.110 0.0771 75.85 22.00  72  46  970000 1307000   250 10.22
1.113 0.0745 75.97 22.00  72  46  970000 1307000   250 10.22
1.116 0.0772 76.08 22.00  72  46  970000 1307000   250 10.22
1.119 0.0797 76.20 22.00  72  46  970000 1307000   250 10.22
1.122 0.0732 76.32 22.00  72  46  970000 1307000   250 10.22
1.125 0.0747 76.43 22.00  72  46  970000 1307000   250 10.22
1.128 0.0780 76.54 22.00  72  46  970000 1307000   250 10.22
1.131 0.0772 76.65 22.00  72  46  970000 1307000   250 10.22
1.134 0.0757 76.75 22.00  72  46  970000 1307000   250 10.22
1.136 0.0808 76.86 22.00  72  46  970000 1307000   250 10.22
1.139 0.0723 76.97 22.00  72  46  970000 1307000   250 10.22
1.142 0.0773 77.09 22.00  72  46  970000 1307000   250 10.22
1.145 0.0770 77.22 22.00  72  46  970000 1307000   250 10.22
1.148 0.0778 77.36 22.00  72  46  970000 1307000   250 10.22
1.151 0.0793 77.50 22.00  72  46  970000 1307000   250 10.22
1.154 0.0798 77.63 22.00  72  46  970000 1307000   250 10.22
1.157 0.0761 77.75 22.00  72  46  970000 1307000   250 10.22
1.160 0.0743 77.88 22.00  72  46  970000 1307000   250 10.22
1.163 0.0762 77.99 22.00  72  46  970000 1307000   250 10.22
1.166 0.0801 78.11 22.00  72  46  970000 1307000   250 10.22
1.169 0.0801 78.21 22.00  72  46  970000 1307000   250 10.22
1.172 0.0774 78.30 22.00  72  46  970000 1307000   250 10.22
1.175 0.0796 78.38 22.00  72  46  970000 1307000   250 10.22
1.178 0.0782 78.44 22.00  72  46  970000 1307000   250 10.22
1.181 0.0763 78.50 22.00  72  46  970000 1307000   250 10.22
1.184 0.0814 78.54 22.00  72  46  970000 1307000   250 10.22
1.187 0.0782 78.57 22.00  72  46  970000 1307000   250 10.22
1.190 0.0779 78.59 22.00  72  46  970000 1307000   250 10.22
1.193 0.0802 78.61 22.00  72  46  970000 1307000   250 10.22
1.196 0.0814 78.61 22.00  72  46  970000 1307000   250 10.22
1.199 0.0741 78.61 22.00  72  46  970000 1307000   250 10.22
1.202 0.0817 78.61 22.00  72  46  970000 1307000   250 10.22
1.205 0.0735 78.60 22.00  72  46  970000 1307000   250 10.22
1.208 0.0808 78.59 22.00  72  46  970000 1307000   250 10.22
1.211 0.0796 78.59 22.00  72  46  970000 1307000   250 10.22
1.214 0.0779 78.58 22.00  72  46  970000 1307000   250 10.22
1.217 0.0784 78.57 22.00  72  46  970000 1307000   250 10.22
1.220 0.0770 78.56 22.00  72  46  970000 1307000   250 10.22
1.223 0.0778 78.57 22.00  72  46  970000 1307000   250 10.22
1.226 0.0819 78.60 22.00  72  46  970000 1307000   250 10.22
1.228 0.0770 78.63 22.00  72  46  970000 1307000   250 10.22
1.231 0.0785 78.66 22.00  72  46  970000 1307000   250 10.22
1.234 0.0813 78.69 22.00  72  46  970000 1307000   250 10.22
1.237 0.0748 78.72 22.00  72  46  970000 1307000   250 10.22
1.240 0.0800 78.76 22.00  72  46  970000 1307000   250 10.22
1.243 0.0778 78.79 22.00  72  46  970000 1307000   250 10.22
1.246 0.0805 78.83 22.00  72  46  970000 1307000   250 10.22
1.249 0.0789 78.87 22.00  72  46  970000 1307000   250 10.22
1.252 0.0806 78.90 22.00  72  46  970000 1307000   250 10.22
1.255 0.0768 78.92 22.00  72  46  970000 1307000   250 10.22
1.258 0.0794 78.93 22.00  72  46  970000 1307000   250 10.22
1.261 0.0797 78.94 22.00  72  46  970000 1307000   250 10.22
1.264 0.0791 78.95 22.00  72  46  970000 1307000   250 10.22
1.267 0.0780 78.95 22.00  72  46  970000 1307000   250 10.22
1.270 0.0783 78.95 22.00  72  46  970000 1307000   250 10.22
1.273 0.0817 78.96 22.00  72  46  970000 1307000   250 10.22
1.276 0.0775 78.95 22.00  72  46  970000 1307000   250 10.22
1.279 0.0783 78.95 22.00  72  46  970000 1307000   250 10.22
1.282 0.0782 78.94 22.00  72  46  970000 1307000   250 10.22
1.285 0.0771 78.95 22.00  72  46  970000 1307000   250 10.22
1.288 0.0810 78.97 22.00  72  46  970000 1307000   250 10.22
1.291 0.0826 78.99 22.00  72  46  970000 1307000   250 10.22
1.294 0.0749 79.03 22.00  72  46  970000 1307000   250 10.22
1.297 0.0823 79.09 22.00  72  46  970000 1307000   250 10.22
1.300 0.0765 79.15 22.00  72  46  970000 1307000   250 10.22
1.303 0.0796 79.21 22.00  72  46  970000 1307000   250 10.22
1.306 0.0787 79.28 22.00  72  46  970000 1307000   250 10.22
1.309 0.0792 79.33 22.00  72  46  970000 1307000   250 10.22
1.312 0.0786 79.37 22.00  72  46  970000 1307000   250 10.22
1.315 0.0802 79.39 22.00  72  46  970000 1307000   250 10.22
1.318 0.0818 79.39 22.00  72  46  970000 1307000   250 10.22
1.320 0.0759 79.39 22.00  72  46  970000 1307000   250 10.22
1.323 0.0812 79.39 22.00  72  46  970000 1307000   250 10.22
1.326 0.0774 79.39 22.00  72  46  970000 1307000   250 10.22
1.329 0.0822 79.39 22.00  72  46  970000 1307000   250 10.22
1.332 0.0796 79.41 22.00  72  46  970000 1307000   250 10.22
1.335 0.0787 79.43 22.00  72  46  970000 1307000   250 10.22
1.338 0.0812 79.47 22.00  72  46  970000 1307000   250 10.22
1.341 0.0812 79.51 22.00  72  46  970000 1307000   250 10.22
1.344 0.0839 79.56 22.00  72  46  970000 1307000   250 10.22
1.347 0.0711 79.61 22.00  72  46  970000 1307000   250 10.22
1.350 0.0785 79.66 22.00  72  46  970000 1307000   250 10.22
1.353 0.0831 79.70 22.00  72  46  970000 1307000   250 10.22
1.356 0.0762 79.74 22.00  72  46  970000 1307000   250 10.22
1.359 0.0780 79.77 22.00  72  46  970000 1307000   250 10.22
1.362 0.0772 79.80 22.00  72  46  970000 1307000   250 10.22
1.365 0.0871 79.83 22.00  72  46  970000 1307000   250 10.22
1.368 0.0739 79.86 22.00  72  46  970000 1307000   250 10.22
1.371 0.0836 79.90 22.00  72  46  970000 1307000   250 10.22
1.374 0.0820 79.95 22.00  72  46  970000 1307000   250 10.22
1.377 0.0812 80.00 22.00  72  46  970000 1307000   250 10.22
1.380 0.0820 80.06 22.00  72  46  970000 1307000   250 10.22
1.383 0.0780 80.11 22.00  72  46  970000 1307000   250 10.22
1.386 0.0780 80.18 22.00  72  46  970000 1307000   250 10.22
1.389 0.0830 80.23 22.00  72  46  970000 1307000   250 10.22
1.392 0.0797 80.29 22.00  72  46  970000 1307000   250 10.22
1.395 0.0789 80.33 22.00  72  46  970000 1307000   250 10.22
1.398 0.0774 80.36 22.00  72  46  970000 1307000   250 10.22
1.401 0.0840 80.37 22.00  72  46  970000 1307000   250 10.22
1.404 0.0800 80.36 22.00  72  46  970000 1307000   250 10.22
1.407 0.0781 80.35 22.00  72  46  970000 1307000   250 10.22
1.409 0.0830 80.33 22.00  72  46  970000 1307000   250 10.22
1.412 0.0782 80.32 22.00  72  46  970000 1307000   250 10.22
1.415 0.0805 80.33 22.00  72  46  970000 1307000   250 10.22
1.418 0.0796 80.36 22.00  72  46  970000 1307000   250 10.22
1.421 0.0828 80.40 22.00  72  46  970000 1307000   250 10.22
1.424 0.0812 80.45 22.00  72  46  970000 1307000   250 10.22
1.427 0.0799 80.52 22.00  72  46  970000 1307000   250 10.22
1.430 0.0827 80.61 22.00  72  46  970000 1307000   250 10.22
1.433 0.0770 80.71 22.00  72  46  970000 1307000   250 10.22
1.436 0.0803 80.83 22.00  72  46  970000 1307000   250 10.22
1.439 0.0841 80.96 22.00  72  46  970000 1307000   250 10.22
1.442 0.0793 81.10 22.00  72  46  970000 1307000   250 10.22
1.445 0.0814 81.25 22.00  72  46  970000 1307000   250 10.22
1.448 0.0807 81.41 22.00  72  46  970000 1307000   250 10.22
1.451 0.0823 81.59 22.00  72  46  970000 1307000   250 10.22
1.454 0.0805 81.77 22.00  72  46  970000 1307000   250 10.22
1.457 0.0828 81.95 22.00  72  46  970000 1307000   250 10.22
1.460 0.0774 82.14 22.00  72  46  970000 1307000   250 10.22
1.463 0.0882 82.34 22.00  72  46  970000 1307000   250 10.22
1.466 0.0810 82.55 22.00  72  46  970000 1307000   250 10.22
1.469 0.0852 82.77 22.00  72  46  970000 1307000   250 10.22
1.472 0.0799 83.01 22.00  72  46  970000 1307000   250 10.22
1.475 0.0808 83.26 22.00  72  46  970000 1307000   250 10.22
1.478 0.0855 83.53 22.00  72  46  970000 1307000   250 10.22
1.481 0.0852 83.81 22.00  72  46  970000 1307000   250 10.22
1.484 0.0878 84.10 22.00  72  46  970000 1307000   250 10.22
1.487 0.0839 84.40 22.00  72  46  970000 1307000   250 10.22
1.490 0.0854 84.69 22.00  72  46  970000 1307000   250 10.22
1.493 0.0807 84.99 22.00  72  46  970000 1307000   250 10.22
1.496 0.0861 85.28 22.00  72  46  970000 1307000   250 10.22
1.499 0.0813 85.58 22.00  72  46  970000 1307000   250 10.22
1.501 0.0895 85.88 22.00  72  46  970000 1307000   250 10.22
1.504 0.0846 86.18 22.00  72  46  970000 1307000   250 10.22
1.507 0.0872 86.48 22.00  72  46  970000 1307000   250 10.22
1.510 0.0852 86.78 22.00  72  46  970000 1307000   250 10.22
1.513 0.0869 87.07 22.00  72  46  970000 1307000   250 10.22
1.516 0.0891 87.35 22.00  72  46  970000 1307000   250 10.22
1.519 0.0904 87.63 22.00  72  46  970000 1307000   250 10.22
1.522 0.0888 87.90 22.00  72  46  970000 1307000   250 10.22
1.525 0.0829 88.15 22.00  72  46  970000 1307000   250 10.22
1.528 0.0892 88.39 22.00  72  46  970000 1307000   250 10.22
1.531 0.0928 88.60 22.00  72  46  970000 1307000   250 10.22
1.534 0.0850 88.78 22.00  72  46  970000 1307000   250 10.22
1.537 0.0916 88.92 22.00  72  46  970000 1307000   250 10.22
1.540 0.0860 89.01 22.00  72  46  970000 1307000   250 10.22
1.543 0.0889 89.05 22.00  72  46  970000 1307000   250 10.22
1.546 0.0911 89.02 22.00  72  46  970000 1307000   250 10.22
1.549 0.0883 88.93 22.00  72  46  970000 1307000   250 10.22
1.552 0.0907 88.80 22.00  72  46  970000 1307000   250 10.22
1.555 0.0894 88.64 22.00  72  46  970000 1307000   250 10.22
1.558 0.0890 88.45 22.00  72  46  970000 1307000   250 10.22
1.561 0.0872 88.24 22.00  72  46  970000 1307000   250 10.22
1.564 0.0886 88.01 22.00  72  46  970000 1307000   250 10.22
1.567 0.0854 87.76 22.00  72  46  970000 1307000   250 10.22
1.570 0.0913 87.50 22.00  72  46  970000 1307000   250 10.22
1.573 0.0839 87.23 22.00  72  46  970000 1307000   250 10.22
1.576 0.0906 86.96 22.00  72  46  970000 1307000   250 10.22
1.579 0.0882 86.67 22.00  72  46  970000 1307000   250 10.22
1.582 0.0816 86.36 22.00  72  46  970000 1307000   250 10.22
1.585 0.0860 86.03 22.00  72  46  970000 1307000   250 10.22
1.588 0.0821 85.70 22.00  72  46  970000 1307000   250 10.22
1.591 0.0869 85.36 22.00  72  46  970000 1307000   250 10.22
1.593 0.0844 85.02 22.00  72  46  970000 1307000   250 10.22
1.596 0.0855 84.68 22.00  72  46  970000 1307000   250 10.22
1.599 0.0826 84.35 22.00  72  46  970000 1307000   250 10.22
1.602 0.0866 84.04 22.00  72  46  970000 1307000   250 10.22
1.605 0.0832 83.75 22.00  72  46  970000 1307000   250 10.22
1.608 0.0900 83.48 22.00  72  46  970000 1307000   250 10.22
1.611 0.0814 83.23 22.00  72  46  970000 1307000   250 10.22
1.614 0.0777 82.99 22.00  72  46  970000 1307000   250 10.22
1.617 0.0846 82.77 22.00  72  46  970000 1307000   250 10.22
1.620 0.0837 82.56 22.00  72  46  970000 1307000   250 10.22
1.623 0.0851 82.36 22.00  72  46  970000 1307000   250 10.22
1.626 0.0787 82.18 22.00  72  46  970000 1307000   250 10.22
1.629 0.0823 82.02 22.00  72  46  970000 1307000   250 10.22
1.632 0.0791 81.87 22.00  72  46  970000 1307000   250 10.22
1.635 0.0810 81.71 22.00  72  46  970000 1307000   250 10.22
1.638 0.0793 81.55 22.00  72  46  970000 1307000   250 10.22
1.641 0.0852 81.38 22.00  72  46  970000 1307000   250 10.22
1.644 0.0804 81.18 22.00  72  46  970000 1307000   250 10.22
1.647 0.0826 80.98 22.00  72  46  970000 1307000   250 10.22
1.650 0.0785 80.78 22.00  72  46  970000 1307000   250 10.22
1.653 0.0822 80.58 22.00  72  46  970000 1307000   250 10.22
1.656 0.0815 80.39 22.00  72  46  970000 1307000   250 10.22
1.659 0.0840 80.20 22.00  72  46  970000 1307000   250 10.22
1.662 0.0753 80.03 22.00  72  46  970000 1307000   250 10.22
1.665 0.0832 79.87 22.00  72  46  970000 1307000   250 10.22
1.668 0.0782 79.73 22.00  72  46  970000 1307000   250 10.22
1.671 0.0801 79.60 22.00  72  46  970000 1307000   250 10.22
1.674 0.0812 79.49 22.00  72  46  970000 1307000   250 10.22
1.677 0.0823 79.40 22.00  72  46  970000 1307000   250 10.22
1.680 0.0765 79.33 22.00  72  46  970000 1307000   250 10.22
1.682 0.0797 79.29 22.00  72  46  970000 1307000   250 10.22
1.685 0.0762 79.26 22.00  72  46  970000 1307000   250 10.22
1.688 0.0768 79.24 22.00  72  46  970000 1307000   250 10.22
1.691 0.0756 79.25 22.00  72  46  970000 1307000   250 10.22
1.694 0.0806 79.28 22.00  72  46  970000 1307000   250 10.22
1.697 0.0761 79.34 22.00  72  46  970000 1307000   250 10.22
1.700 0.0810 79.41 22.00  72  46  970000 1307000   250 10.22
1.703 0.0827 79.49 22.00  72  46  970000 1307000   250 10.22
1.706 0.0817 79.59 22.00  72  46  970000 1307000   250 10.22
1.709 0.0827 79.70 22.00  72  46  970000 1307000   250 10.22
1.712 0.0773 79.84 22.00  72  46  970000 1307000   250 10.22
1.715 0.0784 79.99 22.00  72  46  970000 1307000   250 10.22
1.718 0.0813 80.15 22.00  72  46  970000 1307000   250 10.22
1.721 0.0863 80.31 22.00  72  46  970000 1307000   250 10.22
1.724 0.0780 80.47 22.00  72  46  970000 1307000   250 10.22
1.727 0.0791 80.60 22.00  72  46  970000 1307000   250 10.22
1.730 0.0777 80.71 22.00  72  46  970000 1307000   250 10.22
1.733 0.0851 80.79 22.00  72  46  970000 1307000   250 10.22
1.736 0.0795 80.84 22.00  72  46  970000 1307000   250 10.22
1.739 0.0769 80.87 22.00  72  46  970000 1307000   250 10.22
1.742 0.0827 80.88 22.00  72  46  970000 1307000   250 10.22
1.745 0.0824 80.88 22.00  72  46  970000 1307000   250 10.22
1.748 0.0784 80.89 22.00  72  46  970000 1307000   250 10.22
1.751 0.0822 80.90 22.00  72  46  970000 1307000   250 10.22
1.754 0.0779 80.93 22.00  72  46  970000 1307000   250 10.22
1.757 0.0840 80.97 22.00  72  46  970000 1307000   250 10.22
1.760 0.0802 81.01 22.00  72  46  970000 1307000   250 10.22
1.763 0.0842 81.07 22.00  72  46  970000 1307000   250 10.22
1.766 0.0849 81.12 22.00  72  46  970000 1307000   250 10.22
1.769 0.0809 81.18 22.00  72  46  970000 1307000   250 10.22
1.772 0.0761 81.25 22.00  72  46  970000 1307000   250 10.22
1.774 0.0784 81.31 22.00  72  46  970000 1307000   250 10.22
1.777 0.0827 81.39 22.00  72  46  970000 1307000   250 10.22
1.780 0.0831 81.47 22.00  72  46  970000 1307000   250 10.22
1.783 0.0794 81.56 22.00  72  46  970000 1307000   250 10.22
1.786 0.0817 81.65 22.00  72  46  970000 1307000   250 10.22
1.789 0.0863 81.73 22.00  72  46  970000 1307000   250 10.22
1.792 0.0793 81.81 22.00  72  46  970000 1307000   250 10.22
1.795 0.0845 81.89 22.00  72  46  970000 1307000   250 10.22
1.798 0.0790 81.97 22.00  72  46  970000 1307000   250 10.22
1.801 0.0792 82.05 22.00  72  46  970000 1307000   250 10.22
1.804 0.0851 82.13 22.00  72  46  970000 1307000   250 10.22
1.807 0.0794 82.22 22.00  72  46  970000 1307000   250 10.22
1.810 0.0836 82.30 22.00  72  46  970000 1307000   250 10.22
1.813 0.0812 82.39 22.00  72  46  970000 1307000   250 10.22
1.816 0.0868 82.47 22.00  72  46  970000 1307000   250 10.22
1.819 0.0832 82.55 22.00  72  46  970000 1307000   250 10.22
1.822 0.0809 82.62 22.00  72  46  970000 1307000   250 10.22
1.825 0.0839 82.68 22.00  72  46  970000 1307000   250 10.22
1.828 0.0853 82.74 22.00  72  46  970000 1307000   250 10.22
1.831 0.0803 82.78 22.00  72  46  970000 1307000   250 10.22
1.834 0.0804 82.81 22.00  72  46  970000 1307000   250 10.22
1.837 0.0862 82.85 22.00  72  46  970000 1307000   250 10.22
1.840 0.0802 82.90 22.00  72  46  970000 1307000   250 10.22
1.843 0.0814 82.95 22.00  72  46  970000 1307000   250 10.22
1.846 0.0841 83.01 22.00  72  46  970000 1307000   250 10.22
1.849 0.0827 83.10 22.00  72  46  970000 1307000   250 10.22
1.852 0.0862 83.20 22.00  72  46  970000 1307000   250 10.22
1.855 0.0817 83.33 22.00  72  46  970000 1307000   250 10.22
1.858 0.0865 83.50 22.00  72  46  970000 1307000   250 10.22
1.861 0.0796 83.71 22.00  72  46  970000 1307000   250 10.22
1.864 0.0852 83.96 22.00  72  46  970000 1307000   250 10.22
1.866 0.0838 84.25 22.00  72  46  970000 1307000   250 10.22
1.869 0.0846 84.58 22.00  72  46  970000 1307000   250 10.22
1.872 0.0803 84.94 22.00  72  46  970000 1307000   250 10.22
1.875 0.0907 85.32 22.00  72  46  970000 1307000   250 10.22
1.879 0.0883 85.71 22.00  72  46  970000 1307000   250 10.22
1.882 0.0796 86.10 22.00  72  46  970000 1307000   250 10.22
1.886 0.0829 86.50 22.00  72  46  970000 1307000   250 10.22
1.889 0.0898 86.90 22.00  72  46  970000 1307000   250 10.22
1.893 0.0874 87.30 22.00  72  46  970000 1307000   250 10.22
1.897 0.0889 87.72 22.00  72  46  970000 1307000   250 10.22
1.901 0.0905 88.16 22.00  72  46  970000 1307000   250 10.22
1.905 0.0879 88.62 22.00  72  46  970000 1307000   250 10.22
1.910 0.0916 89.11 22.00  72  46  970000 1307000   250 10.22
1.915 0.0896 89.60 22.00  72  46  970000 1307000   250 10.22
1.919 0.0879 90.11 22.00  72  46  970000 1307000   250 10.22
1.925 0.0901 90.59 22.00  72  46  970000 1307000   250 10.22
1.930 0.0926 91.03 22.00  72  46  970000 1307000   250 10.22
1.935 0.0901 91.41 22.00  72  46  970000 1307000   250 10.22
1.941 0.0891 91.70 22.00  72  46  970000 1307000   250 10.22
1.947 0.0907 91.89 22.00  72  46  970000 1307000   250 10.22
1.953 0.0940 91.97 22.00  72  46  970000 1307000   250 10.22
1.960 0.0904 91.93 22.00  72  46  970000 1307000   250 10.22
1.967 0.0893 91.79 22.00  72  46  970000 1307000   250 10.22
1.974 0.0958 91.56 22.00  72  46  970000 1307000   250 10.22
1.981 0.0946 91.26 22.00  72  46  970000 1307000   250 10.22
1.989 0.0902 90.93 22.00  72  46  970000 1307000   250 10.22
1.997 0.0962 90.60 22.00  72  46  970000 1307000   250 10.22
2.005 0.0938 90.31 22.00  72  46  970000 1307000   250 10.22
2.014 0.0920 90.08 22.00  72  46  970000 1307000   250 10.22
2.023 0.0924 89.92 22.00  72  46  970000 1307000   250 10.22
2.032 0.0884 89.81 22.00  72  46  970000 1307000   250 10.22
2.042 0.0900 89.77 22.00  72  46  970000 1307000   250 10.22
2.052 0.0850 89.78 22.00  72  46  970000 1307000   250 10.22
2.063 0.0845 89.83 22.00  72  46  970000 1307000   250 10.22
2.074 0.0852 89.90 22.00  72  46  970000 1307000   250 10.22
2.086 0.0837 89.99 22.00  72  46  970000 1307000   250 10.22
2.098 0.0851 90.05 22.00  72  46  970000 1307000   250 10.22
2.110 0.0866 90.09 22.00  72  46  970000 1307000   250 10.22
2.123 0.0881 90.10 22.00  72  46  970000 1307000   250 10.22
2.137 0.0907 90.06 22.00  72  46  970000 1307000   250 10.22
2.151 0.0927 89.98 22.00  72  46  970000 1307000   250 10.22
2.166 0.0960 89.85 22.00  72  46  970000 1307000   250 10.22
2.181 0.0942 89.67 22.00  72  46  970000 1307000   250 10.22
2.196 0.0966 89.43 22.00  72  46  970000 1307000   250 10.22
2.211 0.0946 89.14 22.00  72  46  970000 1307000   250 10.22
2.226 0.0930 88.77 22.00  72  46  970000 1307000   250 10.22
2.240 0.0913 88.32 22.00  72  46  970000 1307000   250 10.22
2.255 0.0873 87.78 22.00  72  46  970000 1307000   250 10.22
2.270 0.0862 87.15 22.00  72  46  970000 1307000   250 10.22
2.285 0.0864 86.44 22.00  72  46  970000 1307000   250 10.22
2.300 0.0852 85.64 22.00  72  46  970000 1307000   250 10.22
2.315 0.0819 84.78 22.00  72  46  970000 1307000   250 10.22
2.329 0.0807 83.89 22.00  72  46  970000 1307000   250 10.22
2.344 0.0775 82.98 22.00  72  46  970000 1307000   250 10.22
2.359 0.0777 82.11 22.00  72  46  970000 1307000   250 10.22
2.374 0.0813 81.29 22.00  72  46  970000 1307000   250 10.22
2.389 0.0800 80.56 22.00  72  46  970000 1307000   250 10.22
2.404 0.0804 79.95 22.00  72  46  970000 1307000   250 10.22
2.418 0.0797 79.46 22.00  72  46  970000 1307000   250 10.22
2.433 0.0795 79.12 22.00  72  46  970000 1307000   250 10.22
2.448 0.0802 78.91 22.00  72  46  970000 1307000   250 10.22
2.463 0.0808 78.83 22.00  72  46  970000 1307000   250 10.22
2.478 0.0804 78.88 22.00  72  46  970000 1307000   250 10.22
2.493 0.0807 79.02 22.00  72  46  970000 1307000   250 10.22
2.507 0.0803 79.27 22.00  72  46  970000 1307000   250 10.22
2.522 0.0807 79.60 22.00  72  46  970000 1307000   250 10.22
2.537 0.0808 80.02 22.00  72  46  970000 1307000   250 10.22
2.552 0.0807 80.53 22.00  72  46  970000 1307000   250 10.22
2.567 0.0814 81.12 22.00  72  46  970000 1307000   250 10.22
2.582 0.0808 81.80 22.00  72  46  970000 1307000   250 10.22
2.596 0.0835 82.58 22.00  72  46  970000 1307000   250 10.22
2.611 0.0832 83.48 22.00  72  46  970000 1307000   250 10.22
2.626 0.0845 84.51 22.00  72  46  970000 1307000   250 10.22
2.641 0.0860 85.69 22.00  72  46  970000 1307000   250 10.22
2.656 0.0876 87.06 22.00  72  46  970000 1307000   250 10.22
2.671 0.0912 88.64 22.00  72  46  970000 1307000   250 10.22
2.685 0.0921 90.47 22.00  72  46  970000 1307000   250 10.22
2.700 0.0955 92.58 22.00  72  46  970000 1307000   250 10.22
2.715 0.0971 95.12 22.00  72  46  970000 1307000   250 10.22
2.730 0.1003 99.44 22.00  72  46  970000 1307000   250 10.22
2.745 0.1045 106.32 22.00  72  46  970000 1307000   250 10.22
2.760 0.1091 114.13 22.00  72  46  970000 1307000   250 10.22
2.774 0.1121 121.97 22.00  72  46  970000 1307000   250 10.22
2.789 0.1170 129.50 22.00  72  46  970000 1307000   250 10.22
2.804 0.1214 136.64 22.00  72  46  970000 1307000   250 10.22
2.819 0.1258 143.37 22.00  72  46  970000 1307000   250 10.22
2.834 0.1366 149.73 22.00  72  46  970000 1307000   250 10.22
2.849 0.1424 155.76 22.00  72  46  970000 1307000   250 10.22
2.864 0.1493 161.50 22.00  72  46  970000 1307000   250 10.22
2.878 0.1642 166.98 22.00  72  46  970000 1307000   250 10.22
2.893 0.1757 172.24 22.00  72  46  970000 1307000   250 10.22
2.908 0.1835 177.31 22.00  72  46  970000 1307000   250 10.22
2.923 0.2056 182.19 22.00  72  46  970000 1307000   250 10.22
2.938 0.2180 186.91 22.00  72  46  970000 1307000   250 10.22
2.953 0.2375 191.47 22.00  72  46  970000 1307000   250 10.22
2.967 0.2621 195.86 22.00  72  46  970000 1307000   250 10.22
2.982 0.2782 200.08 22.00  72  46  970000 1307000   250 10.22
2.997 0.3128 204.10 22.00  72  46  970000 1307000   250 10.22
3.012 0.3318 207.91 22.00  72  46  970000 1307000   250 10.22
3.027 0.3513 211.47 22.00  72  46  970000 1307000   250 10.22
3.042 0.0000 214.74 22.00  72  46  970000 1307000   250 10.22
3.056 0.0000 217.66 22.00  72  46  970000 1307000   250 10.22
