     x     qy smooth tpara  cd  zL     xTr    xCpl frame tma
-1.502 0.2831 229.18 36.30  78  46  745000 1241000   240 10.25
-1.492 0.2485 214.95 36.30  78  46  745000 1241000   240 10.25
-1.482 0.2085 201.44 36.30  78  46  745000 1241000   240 10.25
-1.472 0.2044 188.62 36.30  78  46  745000 1241000   240 10.25
-1.462 0.1690 176.48 36.30  78  46  745000 1241000   240 10.25
-1.452 0.1049 164.99 36.30  78  46  745000 1241000   240 10.25
-1.442 0.1275 154.14 36.30  78  46  745000 1241000   240 10.25
-1.431 0.1211 143.92 36.30  78  46  745000 1241000   240 10.25
-1.421 0.1120 134.32 36.30  78  46  745000 1241000   240 10.25
-1.411 0.1056 125.32 36.30  78  46  745000 1241000   240 10.25
-1.401 0.1021 116.92 36.30  78  46  745000 1241000   240 10.25
-1.391 0.0961 109.12 36.30  78  46  745000 1241000   240 10.25
-1.381 0.0912 101.92 36.30  78  46  745000 1241000   240 10.25
-1.371 0.0869 95.32 36.30  78  46  745000 1241000   240 10.25
-1.361 0.0851 89.33 36.30  78  46  745000 1241000   240 10.25
-1.351 0.0823 83.96 36.30  78  46  745000 1241000   240 10.25
-1.341 0.0798 79.23 36.30  78  46  745000 1241000   240 10.25
-1.331 0.0777 75.17 36.30  78  46  745000 1241000   240 10.25
-1.321 0.0752 71.82 36.30  78  46  745000 1241000   240 10.25
-1.310 0.0745 69.21 36.30  78  46  745000 1241000   240 10.25
-1.300 0.0720 67.39 36.30  78  46  745000 1241000   240 10.25
-1.290 0.0691 66.38 36.30  78  46  745000 1241000   240 10.25
-1.280 0.0678 66.00 36.30  78  46  745000 1241000   240 10.25
-1.270 0.0670 65.62 36.30  78  46  745000 1241000   240 10.25
-1.260 0.0658 64.51 36.30  78  46  745000 1241000   240 10.25
-1.250 0.0648 63.34 36.30  78  46  745000 1241000   240 10.25
-1.240 0.0628 62.17 36.30  78  46  745000 1241000   240 10.25
-1.230 0.0621 61.05 36.30  78  46  745000 1241000   240 10.25
-1.220 0.0594 60.00 36.30  78  46  745000 1241000   240 10.25
-1.210 0.0599 59.02 36.30  78  46  745000 1241000   240 10.25
-1.200 0.0586 58.11 36.30  78  46  745000 1241000   240 10.25
-1.190 0.0576 57.25 36.30  78  46  745000 1241000   240 10.25
-1.179 0.0565 56.47 36.30  78  46  745000 1241000   240 10.25
-1.169 0.0556 55.77 36.30  78  46  745000 1241000   240 10.25
-1.159 0.0553 55.15 36.30  78  46  745000 1241000   240 10.25
-1.149 0.0539 54.61 36.30  78  46  745000 1241000   240 10.25
-1.139 0.0536 54.15 36.30  78  46  745000 1241000   240 10.25
-1.129 0.0531 53.77 36.30  78  46  745000 1241000   240 10.25
-1.119 0.0524 53.46 36.30  78  46  745000 1241000   240 10.25
-1.109 0.0526 53.22 36.30  78  46  745000 1241000   240 10.25
-1.099 0.0523 53.04 36.30  78  46  745000 1241000   240 10.25
-1.089 0.0521 52.93 36.30  78  46  745000 1241000   240 10.25
-1.079 0.0536 52.87 36.30  78  46  745000 1241000   240 10.25
-1.069 0.0533 52.86 36.30  78  46  745000 1241000   240 10.25
-1.058 0.0538 52.89 36.30  78  46  745000 1241000   240 10.25
-1.048 0.0530 52.95 36.30  78  46  745000 1241000   240 10.25
-1.038 0.0526 53.05 36.30  78  46  745000 1241000   240 10.25
-1.028 0.0532 53.16 36.30  78  46  745000 1241000   240 10.25
-1.018 0.0547 53.28 36.30  78  46  745000 1241000   240 10.25
-1.008 0.0542 53.41 36.30  78  46  745000 1241000   240 10.25
-0.998 0.0537 53.54 36.30  78  46  745000 1241000   240 10.25
-0.988 0.0543 53.67 36.30  78  46  745000 1241000   240 10.25
-0.978 0.0534 53.77 36.30  78  46  745000 1241000   240 10.25
-0.968 0.0535 53.86 36.30  78  46  745000 1241000   240 10.25
-0.958 0.0539 53.93 36.30  78  46  745000 1241000   240 10.25
-0.948 0.0545 53.98 36.30  78  46  745000 1241000   240 10.25
-0.938 0.0535 54.01 36.30  78  46  745000 1241000   240 10.25
-0.927 0.0538 54.02 36.30  78  46  745000 1241000   240 10.25
-0.917 0.0544 54.02 36.30  78  46  745000 1241000   240 10.25
-0.907 0.0538 54.00 36.30  78  46  745000 1241000   240 10.25
-0.897 0.0541 53.96 36.30  78  46  745000 1241000   240 10.25
-0.887 0.0542 53.92 36.30  78  46  745000 1241000   240 10.25
-0.877 0.0538 53.86 36.30  78  46  745000 1241000   240 10.25
-0.867 0.0536 53.79 36.30  78  46  745000 1241000   240 10.25
-0.857 0.0542 53.71 36.30  78  46  745000 1241000   240 10.25
-0.847 0.0542 53.62 36.30  78  46  745000 1241000   240 10.25
-0.837 0.0535 53.53 36.30  78  46  745000 1241000   240 10.25
-0.827 0.0531 53.43 36.30  78  46  745000 1241000   240 10.25
-0.817 0.0533 53.32 36.30  78  46  745000 1241000   240 10.25
-0.806 0.0536 53.22 36.30  78  46  745000 1241000   240 10.25
-0.796 0.0526 53.12 36.30  78  46  745000 1241000   240 10.25
-0.786 0.0524 53.01 36.30  78  46  745000 1241000   240 10.25
-0.776 0.0535 52.91 36.30  78  46  745000 1241000   240 10.25
-0.766 0.0534 52.82 36.30  78  46  745000 1241000   240 10.25
-0.756 0.0525 52.73 36.30  78  46  745000 1241000   240 10.25
-0.746 0.0526 52.64 36.30  78  46  745000 1241000   240 10.25
-0.736 0.0515 52.56 36.30  78  46  745000 1241000   240 10.25
-0.726 0.0520 52.48 36.30  78  46  745000 1241000   240 10.25
-0.716 0.0522 52.39 36.30  78  46  745000 1241000   240 10.25
-0.706 0.0522 52.31 36.30  78  46  745000 1241000   240 10.25
-0.696 0.0527 52.22 36.30  78  46  745000 1241000   240 10.25
-0.685 0.0520 52.12 36.30  78  46  745000 1241000   240 10.25
-0.675 0.0518 52.02 36.30  78  46  745000 1241000   240 10.25
-0.665 0.0521 51.91 36.30  78  46  745000 1241000   240 10.25
-0.655 0.0528 51.81 36.30  78  46  745000 1241000   240 10.25
-0.645 0.0526 51.70 36.30  78  46  745000 1241000   240 10.25
-0.635 0.0512 51.59 36.30  78  46  745000 1241000   240 10.25
-0.625 0.0519 51.50 36.30  78  46  745000 1241000   240 10.25
-0.615 0.0516 51.41 36.30  78  46  745000 1241000   240 10.25
-0.605 0.0525 51.34 36.30  78  46  745000 1241000   240 10.25
-0.595 0.0512 51.28 36.30  78  46  745000 1241000   240 10.25
-0.585 0.0500 51.24 36.30  78  46  745000 1241000   240 10.25
-0.575 0.0506 51.21 36.30  78  46  745000 1241000   240 10.25
-0.565 0.0511 51.19 36.30  78  46  745000 1241000   240 10.25
-0.554 0.0507 51.19 36.30  78  46  745000 1241000   240 10.25
-0.544 0.0506 51.20 36.30  78  46  745000 1241000   240 10.25
-0.534 0.0504 51.22 36.30  78  46  745000 1241000   240 10.25
-0.524 0.0500 51.25 36.30  78  46  745000 1241000   240 10.25
-0.514 0.0514 51.30 36.30  78  46  745000 1241000   240 10.25
-0.504 0.0516 51.35 36.30  78  46  745000 1241000   240 10.25
-0.494 0.0511 51.41 36.30  78  46  745000 1241000   240 10.25
-0.484 0.0527 51.48 36.30  78  46  745000 1241000   240 10.25
-0.474 0.0520 51.54 36.30  78  46  745000 1241000   240 10.25
-0.464 0.0518 51.61 36.30  78  46  745000 1241000   240 10.25
-0.454 0.0512 51.67 36.30  78  46  745000 1241000   240 10.25
-0.444 0.0540 51.74 36.30  78  46  745000 1241000   240 10.25
-0.433 0.0523 51.80 36.30  78  46  745000 1241000   240 10.25
-0.423 0.0509 51.86 36.30  78  46  745000 1241000   240 10.25
-0.413 0.0521 51.91 36.30  78  46  745000 1241000   240 10.25
-0.403 0.0524 51.96 36.30  78  46  745000 1241000   240 10.25
-0.393 0.0515 52.00 36.30  78  46  745000 1241000   240 10.25
-0.383 0.0519 52.04 36.30  78  46  745000 1241000   240 10.25
-0.373 0.0521 52.08 36.30  78  46  745000 1241000   240 10.25
-0.363 0.0523 52.12 36.30  78  46  745000 1241000   240 10.25
-0.353 0.0514 52.16 36.30  78  46  745000 1241000   240 10.25
-0.343 0.0515 52.20 36.30  78  46  745000 1241000   240 10.25
-0.333 0.0515 52.25 36.30  78  46  745000 1241000   240 10.25
-0.323 0.0514 52.31 36.30  78  46  745000 1241000   240 10.25
-0.312 0.0526 52.37 36.30  78  46  745000 1241000   240 10.25
-0.302 0.0518 52.44 36.30  78  46  745000 1241000   240 10.25
-0.292 0.0534 52.51 36.30  78  46  745000 1241000   240 10.25
-0.282 0.0532 52.57 36.30  78  46  745000 1241000   240 10.25
-0.272 0.0523 52.63 36.30  78  46  745000 1241000   240 10.25
-0.262 0.0529 52.68 36.30  78  46  745000 1241000   240 10.25
-0.252 0.0544 52.71 36.30  78  46  745000 1241000   240 10.25
-0.242 0.0515 52.72 36.30  78  46  745000 1241000   240 10.25
-0.232 0.0536 52.72 36.30  78  46  745000 1241000   240 10.25
-0.222 0.0526 52.71 36.30  78  46  745000 1241000   240 10.25
-0.212 0.0526 52.68 36.30  78  46  745000 1241000   240 10.25
-0.202 0.0528 52.66 36.30  78  46  745000 1241000   240 10.25
-0.192 0.0529 52.64 36.30  78  46  745000 1241000   240 10.25
-0.181 0.0534 52.63 36.30  78  46  745000 1241000   240 10.25
-0.171 0.0506 52.61 36.30  78  46  745000 1241000   240 10.25
-0.161 0.0522 52.57 36.30  78  46  745000 1241000   240 10.25
-0.151 0.0527 52.51 36.30  78  46  745000 1241000   240 10.25
-0.141 0.0520 52.42 36.30  78  46  745000 1241000   240 10.25
-0.131 0.0517 52.27 36.30  78  46  745000 1241000   240 10.25
-0.121 0.0509 52.06 36.30  78  46  745000 1241000   240 10.25
-0.111 0.0509 51.77 36.30  78  46  745000 1241000   240 10.25
-0.101 0.0499 51.40 36.30  78  46  745000 1241000   240 10.25
-0.091 0.0510 50.94 36.30  78  46  745000 1241000   240 10.25
-0.081 0.0512 50.39 36.30  78  46  745000 1241000   240 10.25
-0.071 0.0503 49.76 36.30  78  46  745000 1241000   240 10.25
-0.060 0.0513 49.04 36.30  78  46  745000 1241000   240 10.25
-0.050 0.0514 48.25 36.30  78  46  745000 1241000   240 10.25
-0.040 0.0506 47.40 36.30  78  46  745000 1241000   240 10.25
-0.030 0.0491 46.50 36.30  78  46  745000 1241000   240 10.25
-0.020 0.0477 45.55 36.30  78  46  745000 1241000   240 10.25
-0.010 0.0458 44.58 36.30  78  46  745000 1241000   240 10.25
0.000 0.0433 43.58 36.30  78  46  745000 1241000   240 10.25
0.010 0.0423 42.58 36.30  78  46  745000 1241000   240 10.25
0.020 0.0384 41.58 36.30  78  46  745000 1241000   240 10.25
0.030 0.0385 40.59 36.30  78  46  745000 1241000   240 10.25
0.040 0.0369 39.63 36.30  78  46  745000 1241000   240 10.25
0.050 0.0365 38.72 36.30  78  46  745000 1241000   240 10.25
0.060 0.0364 37.87 36.30  78  46  745000 1241000   240 10.25
0.071 0.0367 37.08 36.30  78  46  745000 1241000   240 10.25
0.081 0.0355 36.38 36.30  78  46  745000 1241000   240 10.25
0.091 0.0351 35.78 36.30  78  46  745000 1241000   240 10.25
0.101 0.0357 35.27 36.30  78  46  745000 1241000   240 10.25
0.111 0.0348 34.88 36.30  78  46  745000 1241000   240 10.25
0.121 0.0350 34.58 36.30  78  46  745000 1241000   240 10.25
0.131 0.0355 34.39 36.30  78  46  745000 1241000   240 10.25
0.141 0.0349 34.28 36.30  78  46  745000 1241000   240 10.25
0.151 0.0334 34.24 36.30  78  46  745000 1241000   240 10.25
0.161 0.0354 34.25 36.30  78  46  745000 1241000   240 10.25
0.171 0.0338 34.31 36.30  78  46  745000 1241000   240 10.25
0.181 0.0350 34.40 36.30  78  46  745000 1241000   240 10.25
0.192 0.0347 34.50 36.30  78  46  745000 1241000   240 10.25
0.202 0.0348 34.61 36.30  78  46  745000 1241000   240 10.25
0.212 0.0337 34.74 36.30  78  46  745000 1241000   240 10.25
0.222 0.0357 34.88 36.30  78  46  745000 1241000   240 10.25
0.232 0.0354 35.02 36.30  78  46  745000 1241000   240 10.25
0.242 0.0336 35.18 36.30  78  46  745000 1241000   240 10.25
0.252 0.0357 35.35 36.30  78  46  745000 1241000   240 10.25
0.262 0.0356 35.53 36.30  78  46  745000 1241000   240 10.25
0.272 0.0356 35.72 36.30  78  46  745000 1241000   240 10.25
0.282 0.0355 35.89 36.30  78  46  745000 1241000   240 10.25
0.292 0.0357 36.06 36.30  78  46  745000 1241000   240 10.25
0.302 0.0359 36.21 36.30  78  46  745000 1241000   240 10.25
0.312 0.0365 36.35 36.30  78  46  745000 1241000   240 10.25
0.323 0.0373 36.46 36.30  78  46  745000 1241000   240 10.25
0.332 0.0376 36.54 36.30  78  46  745000 1241000   240 10.25
0.342 0.0364 36.60 36.30  78  46  745000 1241000   240 10.25
0.350 0.0369 36.63 36.30  78  46  745000 1241000   240 10.25
0.359 0.0379 36.63 36.30  78  46  745000 1241000   240 10.25
0.367 0.0364 36.60 36.30  78  46  745000 1241000   240 10.25
0.375 0.0374 36.56 36.30  78  46  745000 1241000   240 10.25
0.383 0.0367 36.49 36.30  78  46  745000 1241000   240 10.25
0.390 0.0370 36.42 36.30  78  46  745000 1241000   240 10.25
0.397 0.0366 36.33 36.30  78  46  745000 1241000   240 10.25
0.404 0.0365 36.25 36.30  78  46  745000 1241000   240 10.25
0.410 0.0357 36.18 36.30  78  46  745000 1241000   240 10.25
0.416 0.0359 36.13 36.30  78  46  745000 1241000   240 10.25
0.422 0.0352 36.10 36.30  78  46  745000 1241000   240 10.25
0.428 0.0354 36.11 36.30  78  46  745000 1241000   240 10.25
0.433 0.0358 36.15 36.30  78  46  745000 1241000   240 10.25
0.438 0.0356 36.24 36.30  78  46  745000 1241000   240 10.25
0.443 0.0361 36.37 36.30  78  46  745000 1241000   240 10.25
0.448 0.0345 36.52 36.30  78  46  745000 1241000   240 10.25
0.453 0.0373 36.71 36.30  78  46  745000 1241000   240 10.25
0.457 0.0366 36.92 36.30  78  46  745000 1241000   240 10.25
0.461 0.0371 37.14 36.30  78  46  745000 1241000   240 10.25
0.465 0.0357 37.36 36.30  78  46  745000 1241000   240 10.25
0.469 0.0374 37.60 36.30  78  46  745000 1241000   240 10.25
0.473 0.0387 37.84 36.30  78  46  745000 1241000   240 10.25
0.477 0.0397 38.08 36.30  78  46  745000 1241000   240 10.25
0.480 0.0388 38.32 36.30  78  46  745000 1241000   240 10.25
0.483 0.0375 38.55 36.30  78  46  745000 1241000   240 10.25
0.487 0.0391 38.78 36.30  78  46  745000 1241000   240 10.25
0.490 0.0435 39.00 36.30  78  46  745000 1241000   240 10.25
0.493 0.0386 39.20 36.30  78  46  745000 1241000   240 10.25
0.495 0.0397 39.38 36.30  78  46  745000 1241000   240 10.25
0.498 0.0406 39.53 36.30  78  46  745000 1241000   240 10.25
0.501 0.0390 39.66 36.30  78  46  745000 1241000   240 10.25
0.503 0.0372 39.76 36.30  78  46  745000 1241000   240 10.25
0.506 0.0402 39.85 36.30  78  46  745000 1241000   240 10.25
0.508 0.0371 39.91 36.30  78  46  745000 1241000   240 10.25
0.510 0.0400 39.96 36.30  78  46  745000 1241000   240 10.25
0.512 0.0402 39.99 36.30  78  46  745000 1241000   240 10.25
0.514 0.0398 40.02 36.30  78  46  745000 1241000   240 10.25
0.516 0.0399 40.03 36.30  78  46  745000 1241000   240 10.25
0.518 0.0404 40.05 36.30  78  46  745000 1241000   240 10.25
0.520 0.0437 40.07 36.30  78  46  745000 1241000   240 10.25
0.522 0.0393 40.08 36.30  78  46  745000 1241000   240 10.25
0.524 0.0393 40.10 36.30  78  46  745000 1241000   240 10.25
0.526 0.0411 40.13 36.30  78  46  745000 1241000   240 10.25
0.528 0.0397 40.14 36.30  78  46  745000 1241000   240 10.25
0.530 0.0406 40.16 36.30  78  46  745000 1241000   240 10.25
0.532 0.0413 40.17 36.30  78  46  745000 1241000   240 10.25
0.534 0.0364 40.17 36.30  78  46  745000 1241000   240 10.25
0.536 0.0403 40.17 36.30  78  46  745000 1241000   240 10.25
0.538 0.0418 40.16 36.30  78  46  745000 1241000   240 10.25
0.540 0.0400 40.14 36.30  78  46  745000 1241000   240 10.25
0.542 0.0410 40.11 36.30  78  46  745000 1241000   240 10.25
0.544 0.0416 40.07 36.30  78  46  745000 1241000   240 10.25
0.546 0.0367 40.02 36.30  78  46  745000 1241000   240 10.25
0.548 0.0388 39.98 36.30  78  46  745000 1241000   240 10.25
0.550 0.0427 39.95 36.30  78  46  745000 1241000   240 10.25
0.552 0.0397 39.93 36.30  78  46  745000 1241000   240 10.25
0.554 0.0396 39.92 36.30  78  46  745000 1241000   240 10.25
0.556 0.0400 39.94 36.30  78  46  745000 1241000   240 10.25
0.558 0.0403 39.97 36.30  78  46  745000 1241000   240 10.25
0.560 0.0375 40.01 36.30  78  46  745000 1241000   240 10.25
0.562 0.0435 40.05 36.30  78  46  745000 1241000   240 10.25
0.565 0.0392 40.10 36.30  78  46  745000 1241000   240 10.25
0.567 0.0401 40.15 36.30  78  46  745000 1241000   240 10.25
0.569 0.0403 40.21 36.30  78  46  745000 1241000   240 10.25
0.571 0.0419 40.28 36.30  78  46  745000 1241000   240 10.25
0.573 0.0383 40.37 36.30  78  46  745000 1241000   240 10.25
0.575 0.0424 40.49 36.30  78  46  745000 1241000   240 10.25
0.577 0.0390 40.62 36.30  78  46  745000 1241000   240 10.25
0.579 0.0351 40.78 36.30  78  46  745000 1241000   240 10.25
0.581 0.0444 40.95 36.30  78  46  745000 1241000   240 10.25
0.583 0.0423 41.14 36.30  78  46  745000 1241000   240 10.25
0.585 0.0419 41.35 36.30  78  46  745000 1241000   240 10.25
0.587 0.0412 41.56 36.30  78  46  745000 1241000   240 10.25
0.589 0.0432 41.79 36.30  78  46  745000 1241000   240 10.25
0.591 0.0420 42.02 36.30  78  46  745000 1241000   240 10.25
0.593 0.0422 42.26 36.30  78  46  745000 1241000   240 10.25
0.595 0.0409 42.50 36.30  78  46  745000 1241000   240 10.25
0.597 0.0447 42.73 36.30  78  46  745000 1241000   240 10.25
0.599 0.0360 42.96 36.30  78  46  745000 1241000   240 10.25
0.601 0.0444 43.19 36.30  78  46  745000 1241000   240 10.25
0.603 0.0470 43.41 36.30  78  46  745000 1241000   240 10.25
0.605 0.0448 43.62 36.30  78  46  745000 1241000   240 10.25
0.607 0.0441 43.82 36.30  78  46  745000 1241000   240 10.25
0.609 0.0464 44.00 36.30  78  46  745000 1241000   240 10.25
0.611 0.0436 44.17 36.30  78  46  745000 1241000   240 10.25
0.613 0.0436 44.34 36.30  78  46  745000 1241000   240 10.25
0.615 0.0421 44.51 36.30  78  46  745000 1241000   240 10.25
0.617 0.0473 44.67 36.30  78  46  745000 1241000   240 10.25
0.619 0.0430 44.84 36.30  78  46  745000 1241000   240 10.25
0.621 0.0487 45.01 36.30  78  46  745000 1241000   240 10.25
0.623 0.0425 45.20 36.30  78  46  745000 1241000   240 10.25
0.625 0.0425 45.42 36.30  78  46  745000 1241000   240 10.25
0.627 0.0474 45.65 36.30  78  46  745000 1241000   240 10.25
0.629 0.0467 45.89 36.30  78  46  745000 1241000   240 10.25
0.631 0.0464 46.16 36.30  78  46  745000 1241000   240 10.25
0.633 0.0453 46.44 36.30  78  46  745000 1241000   240 10.25
0.635 0.0461 46.74 36.30  78  46  745000 1241000   240 10.25
0.637 0.0501 47.05 36.30  78  46  745000 1241000   240 10.25
0.639 0.0451 47.37 36.30  78  46  745000 1241000   240 10.25
0.641 0.0415 47.71 36.30  78  46  745000 1241000   240 10.25
0.643 0.0527 48.07 36.30  78  46  745000 1241000   240 10.25
0.645 0.0483 48.44 36.30  78  46  745000 1241000   240 10.25
0.647 0.0511 48.83 36.30  78  46  745000 1241000   240 10.25
0.649 0.0486 49.23 36.30  78  46  745000 1241000   240 10.25
0.651 0.0499 49.64 36.30  78  46  745000 1241000   240 10.25
0.653 0.0488 50.05 36.30  78  46  745000 1241000   240 10.25
0.655 0.0490 50.47 36.30  78  46  745000 1241000   240 10.25
0.657 0.0536 50.89 36.30  78  46  745000 1241000   240 10.25
0.659 0.0550 51.33 36.30  78  46  745000 1241000   240 10.25
0.661 0.0531 51.78 36.30  78  46  745000 1241000   240 10.25
0.663 0.0488 52.23 36.30  78  46  745000 1241000   240 10.25
0.665 0.0517 52.70 36.30  78  46  745000 1241000   240 10.25
0.667 0.0515 53.17 36.30  78  46  745000 1241000   240 10.25
0.669 0.0534 53.64 36.30  78  46  745000 1241000   240 10.25
0.671 0.0508 54.10 36.30  78  46  745000 1241000   240 10.25
0.673 0.0553 54.55 36.30  78  46  745000 1241000   240 10.25
0.675 0.0556 55.00 36.30  78  46  745000 1241000   240 10.25
0.677 0.0575 55.44 36.30  78  46  745000 1241000   240 10.25
0.679 0.0566 55.89 36.30  78  46  745000 1241000   240 10.25
0.681 0.0598 56.34 36.30  78  46  745000 1241000   240 10.25
0.683 0.0535 56.79 36.30  78  46  745000 1241000   240 10.25
0.685 0.0558 57.24 36.30  78  46  745000 1241000   240 10.25
0.688 0.0585 57.67 36.30  78  46  745000 1241000   240 10.25
0.690 0.0574 58.08 36.30  78  46  745000 1241000   240 10.25
0.692 0.0590 58.46 36.30  78  46  745000 1241000   240 10.25
0.694 0.0615 58.82 36.30  78  46  745000 1241000   240 10.25
0.696 0.0570 59.16 36.30  78  46  745000 1241000   240 10.25
0.698 0.0639 59.49 36.30  78  46  745000 1241000   240 10.25
0.700 0.0563 59.82 36.30  78  46  745000 1241000   240 10.25
0.702 0.0631 60.15 36.30  78  46  745000 1241000   240 10.25
0.704 0.0592 60.47 36.30  78  46  745000 1241000   240 10.25
0.706 0.0593 60.81 36.30  78  46  745000 1241000   240 10.25
0.708 0.0586 61.16 36.30  78  46  745000 1241000   240 10.25
0.710 0.0633 61.55 36.30  78  46  745000 1241000   240 10.25
0.712 0.0608 61.96 36.30  78  46  745000 1241000   240 10.25
0.714 0.0687 62.40 36.30  78  46  745000 1241000   240 10.25
0.716 0.0579 62.85 36.30  78  46  745000 1241000   240 10.25
0.718 0.0636 63.31 36.30  78  46  745000 1241000   240 10.25
0.720 0.0630 63.79 36.30  78  46  745000 1241000   240 10.25
0.722 0.0615 64.26 36.30  78  46  745000 1241000   240 10.25
0.724 0.0609 64.74 36.30  78  46  745000 1241000   240 10.25
0.726 0.0657 65.21 36.30  78  46  745000 1241000   240 10.25
0.728 0.0665 65.67 36.30  78  46  745000 1241000   240 10.25
0.730 0.0705 66.13 36.30  78  46  745000 1241000   240 10.25
0.732 0.0651 66.56 36.30  78  46  745000 1241000   240 10.25
0.734 0.0700 66.99 36.30  78  46  745000 1241000   240 10.25
0.736 0.0707 67.39 36.30  78  46  745000 1241000   240 10.25
0.738 0.0661 67.77 36.30  78  46  745000 1241000   240 10.25
0.740 0.0644 68.12 36.30  78  46  745000 1241000   240 10.25
0.742 0.0704 68.44 36.30  78  46  745000 1241000   240 10.25
0.744 0.0714 68.72 36.30  78  46  745000 1241000   240 10.25
0.746 0.0689 68.96 36.30  78  46  745000 1241000   240 10.25
0.748 0.0682 69.16 36.30  78  46  745000 1241000   240 10.25
0.750 0.0640 69.31 36.30  78  46  745000 1241000   240 10.25
0.752 0.0716 69.42 36.30  78  46  745000 1241000   240 10.25
0.754 0.0728 69.48 36.30  78  46  745000 1241000   240 10.25
0.756 0.0674 69.51 36.30  78  46  745000 1241000   240 10.25
0.758 0.0742 69.49 36.30  78  46  745000 1241000   240 10.25
0.760 0.0639 69.44 36.30  78  46  745000 1241000   240 10.25
0.762 0.0668 69.38 36.30  78  46  745000 1241000   240 10.25
0.764 0.0713 69.30 36.30  78  46  745000 1241000   240 10.25
0.766 0.0700 69.21 36.30  78  46  745000 1241000   240 10.25
0.768 0.0691 69.11 36.30  78  46  745000 1241000   240 10.25
0.770 0.0733 69.00 36.30  78  46  745000 1241000   240 10.25
0.772 0.0688 68.87 36.30  78  46  745000 1241000   240 10.25
0.774 0.0697 68.73 36.30  78  46  745000 1241000   240 10.25
0.776 0.0661 68.56 36.30  78  46  745000 1241000   240 10.25
0.778 0.0665 68.38 36.30  78  46  745000 1241000   240 10.25
0.780 0.0679 68.20 36.30  78  46  745000 1241000   240 10.25
0.782 0.0711 68.02 36.30  78  46  745000 1241000   240 10.25
0.784 0.0647 67.86 36.30  78  46  745000 1241000   240 10.25
0.786 0.0686 67.72 36.30  78  46  745000 1241000   240 10.25
0.788 0.0685 67.61 36.30  78  46  745000 1241000   240 10.25
0.790 0.0702 67.53 36.30  78  46  745000 1241000   240 10.25
0.792 0.0654 67.49 36.30  78  46  745000 1241000   240 10.25
0.794 0.0657 67.50 36.30  78  46  745000 1241000   240 10.25
0.796 0.0652 67.54 36.30  78  46  745000 1241000   240 10.25
0.798 0.0706 67.60 36.30  78  46  745000 1241000   240 10.25
0.800 0.0687 67.70 36.30  78  46  745000 1241000   240 10.25
0.802 0.0635 67.82 36.30  78  46  745000 1241000   240 10.25
0.804 0.0665 67.98 36.30  78  46  745000 1241000   240 10.25
0.806 0.0696 68.16 36.30  78  46  745000 1241000   240 10.25
0.808 0.0695 68.37 36.30  78  46  745000 1241000   240 10.25
0.810 0.0677 68.61 36.30  78  46  745000 1241000   240 10.25
0.812 0.0686 68.88 36.30  78  46  745000 1241000   240 10.25
0.815 0.0723 69.17 36.30  78  46  745000 1241000   240 10.25
0.817 0.0651 69.48 36.30  78  46  745000 1241000   240 10.25
0.819 0.0729 69.82 36.30  78  46  745000 1241000   240 10.25
0.821 0.0739 70.18 36.30  78  46  745000 1241000   240 10.25
0.823 0.0706 70.54 36.30  78  46  745000 1241000   240 10.25
0.825 0.0680 70.91 36.30  78  46  745000 1241000   240 10.25
0.827 0.0702 71.24 36.30  78  46  745000 1241000   240 10.25
0.829 0.0728 71.55 36.30  78  46  745000 1241000   240 10.25
0.831 0.0695 71.83 36.30  78  46  745000 1241000   240 10.25
0.833 0.0727 72.06 36.30  78  46  745000 1241000   240 10.25
0.835 0.0718 72.26 36.30  78  46  745000 1241000   240 10.25
0.837 0.0701 72.42 36.30  78  46  745000 1241000   240 10.25
0.839 0.0717 72.55 36.30  78  46  745000 1241000   240 10.25
0.841 0.0769 72.67 36.30  78  46  745000 1241000   240 10.25
0.843 0.0744 72.77 36.30  78  46  745000 1241000   240 10.25
0.845 0.0738 72.85 36.30  78  46  745000 1241000   240 10.25
0.847 0.0755 72.92 36.30  78  46  745000 1241000   240 10.25
0.849 0.0745 73.00 36.30  78  46  745000 1241000   240 10.25
0.851 0.0714 73.07 36.30  78  46  745000 1241000   240 10.25
0.853 0.0727 73.14 36.30  78  46  745000 1241000   240 10.25
0.855 0.0752 73.20 36.30  78  46  745000 1241000   240 10.25
0.857 0.0666 73.27 36.30  78  46  745000 1241000   240 10.25
0.859 0.0747 73.32 36.30  78  46  745000 1241000   240 10.25
0.861 0.0743 73.38 36.30  78  46  745000 1241000   240 10.25
0.863 0.0688 73.44 36.30  78  46  745000 1241000   240 10.25
0.865 0.0750 73.50 36.30  78  46  745000 1241000   240 10.25
0.867 0.0728 73.56 36.30  78  46  745000 1241000   240 10.25
0.869 0.0747 73.63 36.30  78  46  745000 1241000   240 10.25
0.871 0.0766 73.74 36.30  78  46  745000 1241000   240 10.25
0.873 0.0687 73.88 36.30  78  46  745000 1241000   240 10.25
0.875 0.0780 74.05 36.30  78  46  745000 1241000   240 10.25
0.877 0.0748 74.26 36.30  78  46  745000 1241000   240 10.25
0.879 0.0725 74.50 36.30  78  46  745000 1241000   240 10.25
0.881 0.0760 74.74 36.30  78  46  745000 1241000   240 10.25
0.883 0.0722 74.99 36.30  78  46  745000 1241000   240 10.25
0.885 0.0774 75.23 36.30  78  46  745000 1241000   240 10.25
0.887 0.0783 75.44 36.30  78  46  745000 1241000   240 10.25
0.889 0.0720 75.62 36.30  78  46  745000 1241000   240 10.25
0.891 0.0771 75.77 36.30  78  46  745000 1241000   240 10.25
0.893 0.0751 75.88 36.30  78  46  745000 1241000   240 10.25
0.895 0.0714 75.97 36.30  78  46  745000 1241000   240 10.25
0.897 0.0822 76.03 36.30  78  46  745000 1241000   240 10.25
0.899 0.0781 76.08 36.30  78  46  745000 1241000   240 10.25
0.901 0.0702 76.10 36.30  78  46  745000 1241000   240 10.25
0.903 0.0751 76.11 36.30  78  46  745000 1241000   240 10.25
0.905 0.0831 76.11 36.30  78  46  745000 1241000   240 10.25
0.907 0.0757 76.10 36.30  78  46  745000 1241000   240 10.25
0.909 0.0775 76.08 36.30  78  46  745000 1241000   240 10.25
0.911 0.0782 76.04 36.30  78  46  745000 1241000   240 10.25
0.913 0.0694 75.98 36.30  78  46  745000 1241000   240 10.25
0.915 0.0781 75.91 36.30  78  46  745000 1241000   240 10.25
0.917 0.0725 75.84 36.30  78  46  745000 1241000   240 10.25
0.919 0.0776 75.77 36.30  78  46  745000 1241000   240 10.25
0.921 0.0747 75.70 36.30  78  46  745000 1241000   240 10.25
0.923 0.0759 75.62 36.30  78  46  745000 1241000   240 10.25
0.925 0.0766 75.54 36.30  78  46  745000 1241000   240 10.25
0.927 0.0754 75.47 36.30  78  46  745000 1241000   240 10.25
0.929 0.0710 75.39 36.30  78  46  745000 1241000   240 10.25
0.931 0.0780 75.30 36.30  78  46  745000 1241000   240 10.25
0.933 0.0791 75.20 36.30  78  46  745000 1241000   240 10.25
0.935 0.0734 75.11 36.30  78  46  745000 1241000   240 10.25
0.938 0.0717 75.01 36.30  78  46  745000 1241000   240 10.25
0.940 0.0765 74.93 36.30  78  46  745000 1241000   240 10.25
0.942 0.0774 74.85 36.30  78  46  745000 1241000   240 10.25
0.944 0.0753 74.80 36.30  78  46  745000 1241000   240 10.25
0.946 0.0742 74.75 36.30  78  46  745000 1241000   240 10.25
0.948 0.0717 74.72 36.30  78  46  745000 1241000   240 10.25
0.950 0.0745 74.70 36.30  78  46  745000 1241000   240 10.25
0.952 0.0771 74.69 36.30  78  46  745000 1241000   240 10.25
0.954 0.0806 74.69 36.30  78  46  745000 1241000   240 10.25
0.956 0.0721 74.71 36.30  78  46  745000 1241000   240 10.25
0.958 0.0719 74.75 36.30  78  46  745000 1241000   240 10.25
0.960 0.0678 74.81 36.30  78  46  745000 1241000   240 10.25
0.962 0.0790 74.88 36.30  78  46  745000 1241000   240 10.25
0.964 0.0764 74.95 36.30  78  46  745000 1241000   240 10.25
0.966 0.0737 75.01 36.30  78  46  745000 1241000   240 10.25
0.968 0.0700 75.06 36.30  78  46  745000 1241000   240 10.25
0.970 0.0765 75.11 36.30  78  46  745000 1241000   240 10.25
0.972 0.0754 75.16 36.30  78  46  745000 1241000   240 10.25
0.974 0.0787 75.21 36.30  78  46  745000 1241000   240 10.25
0.976 0.0793 75.27 36.30  78  46  745000 1241000   240 10.25
0.978 0.0745 75.33 36.30  78  46  745000 1241000   240 10.25
0.980 0.0763 75.40 36.30  78  46  745000 1241000   240 10.25
0.982 0.0734 75.48 36.30  78  46  745000 1241000   240 10.25
0.984 0.0743 75.56 36.30  78  46  745000 1241000   240 10.25
0.986 0.0784 75.63 36.30  78  46  745000 1241000   240 10.25
0.988 0.0750 75.69 36.30  78  46  745000 1241000   240 10.25
0.990 0.0745 75.74 36.30  78  46  745000 1241000   240 10.25
0.992 0.0799 75.78 36.30  78  46  745000 1241000   240 10.25
0.994 0.0704 75.80 36.30  78  46  745000 1241000   240 10.25
0.996 0.0757 75.79 36.30  78  46  745000 1241000   240 10.25
0.998 0.0752 75.77 36.30  78  46  745000 1241000   240 10.25
1.000 0.0735 75.73 36.30  78  46  745000 1241000   240 10.25
1.002 0.0750 75.69 36.30  78  46  745000 1241000   240 10.25
1.004 0.0727 75.66 36.30  78  46  745000 1241000   240 10.25
1.006 0.0849 75.63 36.30  78  46  745000 1241000   240 10.25
1.008 0.0757 75.61 36.30  78  46  745000 1241000   240 10.25
1.010 0.0742 75.62 36.30  78  46  745000 1241000   240 10.25
1.012 0.0766 75.65 36.30  78  46  745000 1241000   240 10.25
1.014 0.0776 75.70 36.30  78  46  745000 1241000   240 10.25
1.016 0.0741 75.77 36.30  78  46  745000 1241000   240 10.25
1.018 0.0730 75.85 36.30  78  46  745000 1241000   240 10.25
1.020 0.0784 75.92 36.30  78  46  745000 1241000   240 10.25
1.022 0.0755 76.00 36.30  78  46  745000 1241000   240 10.25
1.024 0.0746 76.08 36.30  78  46  745000 1241000   240 10.25
1.026 0.0764 76.16 36.30  78  46  745000 1241000   240 10.25
1.028 0.0760 76.22 36.30  78  46  745000 1241000   240 10.25
1.030 0.0727 76.25 36.30  78  46  745000 1241000   240 10.25
1.032 0.0760 76.27 36.30  78  46  745000 1241000   240 10.25
1.034 0.0793 76.26 36.30  78  46  745000 1241000   240 10.25
1.036 0.0750 76.25 36.30  78  46  745000 1241000   240 10.25
1.038 0.0753 76.23 36.30  78  46  745000 1241000   240 10.25
1.040 0.0748 76.22 36.30  78  46  745000 1241000   240 10.25
1.042 0.0805 76.23 36.30  78  46  745000 1241000   240 10.25
1.044 0.0808 76.24 36.30  78  46  745000 1241000   240 10.25
1.046 0.0738 76.26 36.30  78  46  745000 1241000   240 10.25
1.048 0.0785 76.28 36.30  78  46  745000 1241000   240 10.25
1.050 0.0774 76.28 36.30  78  46  745000 1241000   240 10.25
1.052 0.0713 76.25 36.30  78  46  745000 1241000   240 10.25
1.054 0.0800 76.20 36.30  78  46  745000 1241000   240 10.25
1.056 0.0765 76.13 36.30  78  46  745000 1241000   240 10.25
1.058 0.0722 76.05 36.30  78  46  745000 1241000   240 10.25
1.060 0.0730 75.96 36.30  78  46  745000 1241000   240 10.25
1.062 0.0784 75.87 36.30  78  46  745000 1241000   240 10.25
1.065 0.0739 75.79 36.30  78  46  745000 1241000   240 10.25
1.067 0.0759 75.71 36.30  78  46  745000 1241000   240 10.25
1.069 0.0732 75.66 36.30  78  46  745000 1241000   240 10.25
1.071 0.0802 75.64 36.30  78  46  745000 1241000   240 10.25
1.073 0.0753 75.65 36.30  78  46  745000 1241000   240 10.25
1.075 0.0787 75.70 36.30  78  46  745000 1241000   240 10.25
1.077 0.0746 75.79 36.30  78  46  745000 1241000   240 10.25
1.079 0.0776 75.90 36.30  78  46  745000 1241000   240 10.25
1.081 0.0741 76.04 36.30  78  46  745000 1241000   240 10.25
1.083 0.0745 76.20 36.30  78  46  745000 1241000   240 10.25
1.085 0.0748 76.37 36.30  78  46  745000 1241000   240 10.25
1.087 0.0780 76.54 36.30  78  46  745000 1241000   240 10.25
1.089 0.0735 76.70 36.30  78  46  745000 1241000   240 10.25
1.091 0.0720 76.86 36.30  78  46  745000 1241000   240 10.25
1.093 0.0841 77.00 36.30  78  46  745000 1241000   240 10.25
1.095 0.0796 77.11 36.30  78  46  745000 1241000   240 10.25
1.097 0.0735 77.21 36.30  78  46  745000 1241000   240 10.25
1.099 0.0786 77.28 36.30  78  46  745000 1241000   240 10.25
1.101 0.0778 77.33 36.30  78  46  745000 1241000   240 10.25
1.103 0.0780 77.36 36.30  78  46  745000 1241000   240 10.25
1.105 0.0791 77.38 36.30  78  46  745000 1241000   240 10.25
1.107 0.0756 77.40 36.30  78  46  745000 1241000   240 10.25
1.109 0.0803 77.41 36.30  78  46  745000 1241000   240 10.25
1.111 0.0795 77.42 36.30  78  46  745000 1241000   240 10.25
1.113 0.0698 77.42 36.30  78  46  745000 1241000   240 10.25
1.115 0.0850 77.41 36.30  78  46  745000 1241000   240 10.25
1.117 0.0747 77.40 36.30  78  46  745000 1241000   240 10.25
1.119 0.0780 77.38 36.30  78  46  745000 1241000   240 10.25
1.121 0.0796 77.36 36.30  78  46  745000 1241000   240 10.25
1.123 0.0725 77.36 36.30  78  46  745000 1241000   240 10.25
1.125 0.0787 77.37 36.30  78  46  745000 1241000   240 10.25
1.127 0.0773 77.39 36.30  78  46  745000 1241000   240 10.25
1.129 0.0732 77.43 36.30  78  46  745000 1241000   240 10.25
1.131 0.0772 77.48 36.30  78  46  745000 1241000   240 10.25
1.133 0.0739 77.55 36.30  78  46  745000 1241000   240 10.25
1.135 0.0805 77.63 36.30  78  46  745000 1241000   240 10.25
1.137 0.0812 77.72 36.30  78  46  745000 1241000   240 10.25
1.139 0.0774 77.82 36.30  78  46  745000 1241000   240 10.25
1.141 0.0765 77.94 36.30  78  46  745000 1241000   240 10.25
1.143 0.0835 78.07 36.30  78  46  745000 1241000   240 10.25
1.145 0.0758 78.20 36.30  78  46  745000 1241000   240 10.25
1.147 0.0791 78.34 36.30  78  46  745000 1241000   240 10.25
1.149 0.0788 78.48 36.30  78  46  745000 1241000   240 10.25
1.151 0.0748 78.62 36.30  78  46  745000 1241000   240 10.25
1.153 0.0851 78.77 36.30  78  46  745000 1241000   240 10.25
1.155 0.0758 78.91 36.30  78  46  745000 1241000   240 10.25
1.157 0.0785 79.03 36.30  78  46  745000 1241000   240 10.25
1.159 0.0795 79.15 36.30  78  46  745000 1241000   240 10.25
1.161 0.0778 79.25 36.30  78  46  745000 1241000   240 10.25
1.163 0.0792 79.34 36.30  78  46  745000 1241000   240 10.25
1.165 0.0766 79.42 36.30  78  46  745000 1241000   240 10.25
1.167 0.0809 79.49 36.30  78  46  745000 1241000   240 10.25
1.169 0.0793 79.57 36.30  78  46  745000 1241000   240 10.25
1.171 0.0813 79.66 36.30  78  46  745000 1241000   240 10.25
1.173 0.0792 79.76 36.30  78  46  745000 1241000   240 10.25
1.175 0.0835 79.87 36.30  78  46  745000 1241000   240 10.25
1.177 0.0769 79.97 36.30  78  46  745000 1241000   240 10.25
1.179 0.0793 80.06 36.30  78  46  745000 1241000   240 10.25
1.181 0.0798 80.14 36.30  78  46  745000 1241000   240 10.25
1.183 0.0810 80.19 36.30  78  46  745000 1241000   240 10.25
1.185 0.0823 80.22 36.30  78  46  745000 1241000   240 10.25
1.188 0.0824 80.24 36.30  78  46  745000 1241000   240 10.25
1.190 0.0789 80.25 36.30  78  46  745000 1241000   240 10.25
1.192 0.0784 80.25 36.30  78  46  745000 1241000   240 10.25
1.194 0.0789 80.24 36.30  78  46  745000 1241000   240 10.25
1.196 0.0789 80.22 36.30  78  46  745000 1241000   240 10.25
1.198 0.0856 80.20 36.30  78  46  745000 1241000   240 10.25
1.200 0.0785 80.17 36.30  78  46  745000 1241000   240 10.25
1.202 0.0796 80.14 36.30  78  46  745000 1241000   240 10.25
1.204 0.0780 80.11 36.30  78  46  745000 1241000   240 10.25
1.206 0.0833 80.08 36.30  78  46  745000 1241000   240 10.25
1.208 0.0790 80.05 36.30  78  46  745000 1241000   240 10.25
1.210 0.0799 80.03 36.30  78  46  745000 1241000   240 10.25
1.212 0.0787 80.01 36.30  78  46  745000 1241000   240 10.25
1.214 0.0785 80.00 36.30  78  46  745000 1241000   240 10.25
1.216 0.0801 79.99 36.30  78  46  745000 1241000   240 10.25
1.218 0.0802 79.98 36.30  78  46  745000 1241000   240 10.25
1.220 0.0819 79.97 36.30  78  46  745000 1241000   240 10.25
1.222 0.0782 79.97 36.30  78  46  745000 1241000   240 10.25
1.224 0.0828 79.98 36.30  78  46  745000 1241000   240 10.25
1.226 0.0798 79.98 36.30  78  46  745000 1241000   240 10.25
1.228 0.0811 79.98 36.30  78  46  745000 1241000   240 10.25
1.230 0.0779 79.96 36.30  78  46  745000 1241000   240 10.25
1.232 0.0789 79.94 36.30  78  46  745000 1241000   240 10.25
1.234 0.0812 79.92 36.30  78  46  745000 1241000   240 10.25
1.236 0.0796 79.90 36.30  78  46  745000 1241000   240 10.25
1.238 0.0798 79.87 36.30  78  46  745000 1241000   240 10.25
1.240 0.0811 79.85 36.30  78  46  745000 1241000   240 10.25
1.242 0.0769 79.82 36.30  78  46  745000 1241000   240 10.25
1.244 0.0815 79.80 36.30  78  46  745000 1241000   240 10.25
1.246 0.0790 79.78 36.30  78  46  745000 1241000   240 10.25
1.248 0.0829 79.77 36.30  78  46  745000 1241000   240 10.25
1.250 0.0802 79.77 36.30  78  46  745000 1241000   240 10.25
1.252 0.0783 79.77 36.30  78  46  745000 1241000   240 10.25
1.254 0.0781 79.79 36.30  78  46  745000 1241000   240 10.25
1.256 0.0799 79.83 36.30  78  46  745000 1241000   240 10.25
1.258 0.0823 79.90 36.30  78  46  745000 1241000   240 10.25
1.260 0.0763 79.99 36.30  78  46  745000 1241000   240 10.25
1.262 0.0797 80.09 36.30  78  46  745000 1241000   240 10.25
1.264 0.0823 80.20 36.30  78  46  745000 1241000   240 10.25
1.266 0.0779 80.32 36.30  78  46  745000 1241000   240 10.25
1.268 0.0820 80.46 36.30  78  46  745000 1241000   240 10.25
1.270 0.0832 80.61 36.30  78  46  745000 1241000   240 10.25
1.272 0.0769 80.78 36.30  78  46  745000 1241000   240 10.25
1.274 0.0826 80.98 36.30  78  46  745000 1241000   240 10.25
1.276 0.0809 81.19 36.30  78  46  745000 1241000   240 10.25
1.278 0.0844 81.43 36.30  78  46  745000 1241000   240 10.25
1.280 0.0780 81.70 36.30  78  46  745000 1241000   240 10.25
1.282 0.0819 81.99 36.30  78  46  745000 1241000   240 10.25
1.284 0.0834 82.31 36.30  78  46  745000 1241000   240 10.25
1.286 0.0805 82.64 36.30  78  46  745000 1241000   240 10.25
1.288 0.0842 82.98 36.30  78  46  745000 1241000   240 10.25
1.290 0.0864 83.32 36.30  78  46  745000 1241000   240 10.25
1.292 0.0791 83.66 36.30  78  46  745000 1241000   240 10.25
1.294 0.0877 83.98 36.30  78  46  745000 1241000   240 10.25
1.296 0.0819 84.31 36.30  78  46  745000 1241000   240 10.25
1.298 0.0848 84.63 36.30  78  46  745000 1241000   240 10.25
1.300 0.0812 84.95 36.30  78  46  745000 1241000   240 10.25
1.302 0.0864 85.26 36.30  78  46  745000 1241000   240 10.25
1.304 0.0884 85.56 36.30  78  46  745000 1241000   240 10.25
1.306 0.0868 85.84 36.30  78  46  745000 1241000   240 10.25
1.308 0.0834 86.11 36.30  78  46  745000 1241000   240 10.25
1.310 0.0899 86.37 36.30  78  46  745000 1241000   240 10.25
1.312 0.0850 86.60 36.30  78  46  745000 1241000   240 10.25
1.315 0.0885 86.82 36.30  78  46  745000 1241000   240 10.25
1.317 0.0891 87.02 36.30  78  46  745000 1241000   240 10.25
1.319 0.0863 87.20 36.30  78  46  745000 1241000   240 10.25
1.321 0.0872 87.36 36.30  78  46  745000 1241000   240 10.25
1.323 0.0846 87.49 36.30  78  46  745000 1241000   240 10.25
1.325 0.0864 87.60 36.30  78  46  745000 1241000   240 10.25
1.327 0.0886 87.69 36.30  78  46  745000 1241000   240 10.25
1.329 0.0882 87.75 36.30  78  46  745000 1241000   240 10.25
1.331 0.0875 87.80 36.30  78  46  745000 1241000   240 10.25
1.333 0.0881 87.83 36.30  78  46  745000 1241000   240 10.25
1.335 0.0889 87.84 36.30  78  46  745000 1241000   240 10.25
1.337 0.0887 87.84 36.30  78  46  745000 1241000   240 10.25
1.339 0.0861 87.85 36.30  78  46  745000 1241000   240 10.25
1.341 0.0886 87.86 36.30  78  46  745000 1241000   240 10.25
1.343 0.0844 87.87 36.30  78  46  745000 1241000   240 10.25
1.345 0.0930 87.88 36.30  78  46  745000 1241000   240 10.25
1.347 0.0852 87.86 36.30  78  46  745000 1241000   240 10.25
1.349 0.0893 87.83 36.30  78  46  745000 1241000   240 10.25
1.351 0.0873 87.77 36.30  78  46  745000 1241000   240 10.25
1.353 0.0876 87.69 36.30  78  46  745000 1241000   240 10.25
1.355 0.0858 87.58 36.30  78  46  745000 1241000   240 10.25
1.357 0.0888 87.44 36.30  78  46  745000 1241000   240 10.25
1.359 0.0862 87.26 36.30  78  46  745000 1241000   240 10.25
1.361 0.0868 87.07 36.30  78  46  745000 1241000   240 10.25
1.363 0.0869 86.85 36.30  78  46  745000 1241000   240 10.25
1.365 0.0871 86.63 36.30  78  46  745000 1241000   240 10.25
1.367 0.0899 86.42 36.30  78  46  745000 1241000   240 10.25
1.369 0.0874 86.21 36.30  78  46  745000 1241000   240 10.25
1.371 0.0817 86.00 36.30  78  46  745000 1241000   240 10.25
1.373 0.0886 85.80 36.30  78  46  745000 1241000   240 10.25
1.375 0.0878 85.59 36.30  78  46  745000 1241000   240 10.25
1.377 0.0852 85.39 36.30  78  46  745000 1241000   240 10.25
1.379 0.0807 85.18 36.30  78  46  745000 1241000   240 10.25
1.381 0.0847 84.99 36.30  78  46  745000 1241000   240 10.25
1.383 0.0816 84.79 36.30  78  46  745000 1241000   240 10.25
1.385 0.0873 84.61 36.30  78  46  745000 1241000   240 10.25
1.387 0.0851 84.44 36.30  78  46  745000 1241000   240 10.25
1.389 0.0855 84.28 36.30  78  46  745000 1241000   240 10.25
1.391 0.0788 84.12 36.30  78  46  745000 1241000   240 10.25
1.393 0.0884 83.98 36.30  78  46  745000 1241000   240 10.25
1.395 0.0818 83.85 36.30  78  46  745000 1241000   240 10.25
1.397 0.0835 83.74 36.30  78  46  745000 1241000   240 10.25
1.399 0.0851 83.63 36.30  78  46  745000 1241000   240 10.25
1.401 0.0852 83.54 36.30  78  46  745000 1241000   240 10.25
1.403 0.0887 83.45 36.30  78  46  745000 1241000   240 10.25
1.405 0.0773 83.38 36.30  78  46  745000 1241000   240 10.25
1.407 0.0825 83.31 36.30  78  46  745000 1241000   240 10.25
1.409 0.0849 83.26 36.30  78  46  745000 1241000   240 10.25
1.411 0.0805 83.20 36.30  78  46  745000 1241000   240 10.25
1.413 0.0857 83.15 36.30  78  46  745000 1241000   240 10.25
1.415 0.0838 83.10 36.30  78  46  745000 1241000   240 10.25
1.417 0.0812 83.06 36.30  78  46  745000 1241000   240 10.25
1.419 0.0843 83.02 36.30  78  46  745000 1241000   240 10.25
1.421 0.0845 83.00 36.30  78  46  745000 1241000   240 10.25
1.423 0.0807 83.00 36.30  78  46  745000 1241000   240 10.25
1.425 0.0801 83.02 36.30  78  46  745000 1241000   240 10.25
1.427 0.0889 83.05 36.30  78  46  745000 1241000   240 10.25
1.429 0.0791 83.12 36.30  78  46  745000 1241000   240 10.25
1.431 0.0803 83.20 36.30  78  46  745000 1241000   240 10.25
1.433 0.0875 83.31 36.30  78  46  745000 1241000   240 10.25
1.435 0.0817 83.43 36.30  78  46  745000 1241000   240 10.25
1.438 0.0835 83.57 36.30  78  46  745000 1241000   240 10.25
1.440 0.0833 83.70 36.30  78  46  745000 1241000   240 10.25
1.442 0.0851 83.83 36.30  78  46  745000 1241000   240 10.25
1.444 0.0901 83.97 36.30  78  46  745000 1241000   240 10.25
1.446 0.0774 84.09 36.30  78  46  745000 1241000   240 10.25
1.448 0.0856 84.23 36.30  78  46  745000 1241000   240 10.25
1.450 0.0843 84.36 36.30  78  46  745000 1241000   240 10.25
1.452 0.0813 84.52 36.30  78  46  745000 1241000   240 10.25
1.454 0.0876 84.68 36.30  78  46  745000 1241000   240 10.25
1.456 0.0865 84.85 36.30  78  46  745000 1241000   240 10.25
1.458 0.0844 85.04 36.30  78  46  745000 1241000   240 10.25
1.460 0.0860 85.25 36.30  78  46  745000 1241000   240 10.25
1.462 0.0850 85.46 36.30  78  46  745000 1241000   240 10.25
1.464 0.0853 85.68 36.30  78  46  745000 1241000   240 10.25
1.466 0.0849 85.89 36.30  78  46  745000 1241000   240 10.25
1.468 0.0888 86.11 36.30  78  46  745000 1241000   240 10.25
1.470 0.0867 86.35 36.30  78  46  745000 1241000   240 10.25
1.472 0.0812 86.60 36.30  78  46  745000 1241000   240 10.25
1.474 0.0840 86.86 36.30  78  46  745000 1241000   240 10.25
1.476 0.0898 87.13 36.30  78  46  745000 1241000   240 10.25
1.478 0.0878 87.40 36.30  78  46  745000 1241000   240 10.25
1.480 0.0866 87.68 36.30  78  46  745000 1241000   240 10.25
1.482 0.0935 87.97 36.30  78  46  745000 1241000   240 10.25
1.484 0.0857 88.25 36.30  78  46  745000 1241000   240 10.25
1.486 0.0882 88.53 36.30  78  46  745000 1241000   240 10.25
1.488 0.0911 88.80 36.30  78  46  745000 1241000   240 10.25
1.490 0.0864 89.06 36.30  78  46  745000 1241000   240 10.25
1.492 0.0920 89.30 36.30  78  46  745000 1241000   240 10.25
1.494 0.0880 89.53 36.30  78  46  745000 1241000   240 10.25
1.496 0.0933 89.74 36.30  78  46  745000 1241000   240 10.25
1.498 0.0859 89.92 36.30  78  46  745000 1241000   240 10.25
1.500 0.0868 90.09 36.30  78  46  745000 1241000   240 10.25
1.502 0.0912 90.23 36.30  78  46  745000 1241000   240 10.25
1.504 0.0907 90.36 36.30  78  46  745000 1241000   240 10.25
1.506 0.0980 90.50 36.30  78  46  745000 1241000   240 10.25
1.508 0.0904 90.63 36.30  78  46  745000 1241000   240 10.25
1.510 0.0882 90.77 36.30  78  46  745000 1241000   240 10.25
1.512 0.0855 90.91 36.30  78  46  745000 1241000   240 10.25
1.514 0.0956 91.05 36.30  78  46  745000 1241000   240 10.25
1.516 0.0918 91.20 36.30  78  46  745000 1241000   240 10.25
1.518 0.0925 91.36 36.30  78  46  745000 1241000   240 10.25
1.520 0.0877 91.53 36.30  78  46  745000 1241000   240 10.25
1.522 0.0916 91.70 36.30  78  46  745000 1241000   240 10.25
1.524 0.0912 91.89 36.30  78  46  745000 1241000   240 10.25
1.526 0.0946 92.10 36.30  78  46  745000 1241000   240 10.25
1.528 0.0861 92.32 36.30  78  46  745000 1241000   240 10.25
1.530 0.0954 92.56 36.30  78  46  745000 1241000   240 10.25
1.532 0.0932 92.82 36.30  78  46  745000 1241000   240 10.25
1.534 0.0991 93.09 36.30  78  46  745000 1241000   240 10.25
1.536 0.0900 93.39 36.30  78  46  745000 1241000   240 10.25
1.538 0.0932 93.71 36.30  78  46  745000 1241000   240 10.25
1.540 0.0942 94.08 36.30  78  46  745000 1241000   240 10.25
1.542 0.0944 94.48 36.30  78  46  745000 1241000   240 10.25
1.544 0.1003 94.90 36.30  78  46  745000 1241000   240 10.25
1.546 0.0869 95.33 36.30  78  46  745000 1241000   240 10.25
1.548 0.0941 95.75 36.30  78  46  745000 1241000   240 10.25
1.550 0.0956 96.16 36.30  78  46  745000 1241000   240 10.25
1.552 0.0973 96.55 36.30  78  46  745000 1241000   240 10.25
1.554 0.1041 96.94 36.30  78  46  745000 1241000   240 10.25
1.556 0.0919 97.33 36.30  78  46  745000 1241000   240 10.25
1.558 0.1026 97.71 36.30  78  46  745000 1241000   240 10.25
1.560 0.0938 98.09 36.30  78  46  745000 1241000   240 10.25
1.562 0.1030 98.48 36.30  78  46  745000 1241000   240 10.25
1.565 0.0956 98.88 36.30  78  46  745000 1241000   240 10.25
1.567 0.0994 99.32 36.30  78  46  745000 1241000   240 10.25
1.569 0.0980 99.77 36.30  78  46  745000 1241000   240 10.25
1.571 0.1036 100.24 36.30  78  46  745000 1241000   240 10.25
1.573 0.1011 100.72 36.30  78  46  745000 1241000   240 10.25
1.575 0.1049 101.20 36.30  78  46  745000 1241000   240 10.25
1.577 0.0998 101.67 36.30  78  46  745000 1241000   240 10.25
1.579 0.1063 102.14 36.30  78  46  745000 1241000   240 10.25
1.581 0.0944 102.61 36.30  78  46  745000 1241000   240 10.25
1.583 0.0954 103.09 36.30  78  46  745000 1241000   240 10.25
1.585 0.1083 103.57 36.30  78  46  745000 1241000   240 10.25
1.587 0.1045 104.06 36.30  78  46  745000 1241000   240 10.25
1.589 0.1038 104.55 36.30  78  46  745000 1241000   240 10.25
1.591 0.1111 105.06 36.30  78  46  745000 1241000   240 10.25
1.593 0.1022 105.59 36.30  78  46  745000 1241000   240 10.25
1.595 0.1059 106.13 36.30  78  46  745000 1241000   240 10.25
1.597 0.1048 106.68 36.30  78  46  745000 1241000   240 10.25
1.599 0.1129 107.21 36.30  78  46  745000 1241000   240 10.25
1.601 0.1107 107.75 36.30  78  46  745000 1241000   240 10.25
1.603 0.1094 108.28 36.30  78  46  745000 1241000   240 10.25
1.605 0.1028 108.81 36.30  78  46  745000 1241000   240 10.25
1.607 0.1091 109.34 36.30  78  46  745000 1241000   240 10.25
1.609 0.1040 109.87 36.30  78  46  745000 1241000   240 10.25
1.611 0.1166 110.38 36.30  78  46  745000 1241000   240 10.25
1.613 0.1105 110.88 36.30  78  46  745000 1241000   240 10.25
1.615 0.1095 111.36 36.30  78  46  745000 1241000   240 10.25
1.617 0.1188 111.84 36.30  78  46  745000 1241000   240 10.25
1.619 0.1134 112.32 36.30  78  46  745000 1241000   240 10.25
1.621 0.1041 112.80 36.30  78  46  745000 1241000   240 10.25
1.623 0.1100 113.31 36.30  78  46  745000 1241000   240 10.25
1.625 0.1212 113.85 36.30  78  46  745000 1241000   240 10.25
1.627 0.1156 114.42 36.30  78  46  745000 1241000   240 10.25
1.629 0.1109 115.02 36.30  78  46  745000 1241000   240 10.25
1.631 0.1192 115.61 36.30  78  46  745000 1241000   240 10.25
1.633 0.1124 116.20 36.30  78  46  745000 1241000   240 10.25
1.635 0.1185 116.79 36.30  78  46  745000 1241000   240 10.25
1.637 0.1157 117.37 36.30  78  46  745000 1241000   240 10.25
1.639 0.1148 117.93 36.30  78  46  745000 1241000   240 10.25
1.641 0.1245 118.47 36.30  78  46  745000 1241000   240 10.25
1.643 0.1189 119.01 36.30  78  46  745000 1241000   240 10.25
1.645 0.1179 119.54 36.30  78  46  745000 1241000   240 10.25
1.647 0.1174 120.07 36.30  78  46  745000 1241000   240 10.25
1.649 0.1198 120.60 36.30  78  46  745000 1241000   240 10.25
1.651 0.1281 121.14 36.30  78  46  745000 1241000   240 10.25
1.653 0.1200 121.67 36.30  78  46  745000 1241000   240 10.25
1.655 0.1220 122.18 36.30  78  46  745000 1241000   240 10.25
1.657 0.1252 122.68 36.30  78  46  745000 1241000   240 10.25
1.659 0.1198 123.17 36.30  78  46  745000 1241000   240 10.25
1.661 0.1249 123.64 36.30  78  46  745000 1241000   240 10.25
1.663 0.1268 124.09 36.30  78  46  745000 1241000   240 10.25
1.665 0.1148 124.53 36.30  78  46  745000 1241000   240 10.25
1.667 0.1307 124.94 36.30  78  46  745000 1241000   240 10.25
1.669 0.1234 125.33 36.30  78  46  745000 1241000   240 10.25
1.671 0.1228 125.70 36.30  78  46  745000 1241000   240 10.25
1.673 0.1307 126.07 36.30  78  46  745000 1241000   240 10.25
1.675 0.1237 126.43 36.30  78  46  745000 1241000   240 10.25
1.677 0.1300 126.77 36.30  78  46  745000 1241000   240 10.25
1.679 0.1255 127.11 36.30  78  46  745000 1241000   240 10.25
1.681 0.1335 127.44 36.30  78  46  745000 1241000   240 10.25
1.683 0.1241 127.78 36.30  78  46  745000 1241000   240 10.25
1.685 0.1283 128.10 36.30  78  46  745000 1241000   240 10.25
1.688 0.1234 128.42 36.30  78  46  745000 1241000   240 10.25
1.690 0.1322 128.74 36.30  78  46  745000 1241000   240 10.25
1.692 0.1266 129.04 36.30  78  46  745000 1241000   240 10.25
1.694 0.1327 129.32 36.30  78  46  745000 1241000   240 10.25
1.696 0.1304 129.57 36.30  78  46  745000 1241000   240 10.25
1.698 0.1322 129.79 36.30  78  46  745000 1241000   240 10.25
1.700 0.1167 129.98 36.30  78  46  745000 1241000   240 10.25
1.702 0.1370 130.12 36.30  78  46  745000 1241000   240 10.25
1.704 0.1278 130.22 36.30  78  46  745000 1241000   240 10.25
1.706 0.1325 130.28 36.30  78  46  745000 1241000   240 10.25
1.708 0.1336 130.29 36.30  78  46  745000 1241000   240 10.25
1.710 0.1311 130.25 36.30  78  46  745000 1241000   240 10.25
1.712 0.1295 130.17 36.30  78  46  745000 1241000   240 10.25
1.714 0.1222 130.04 36.30  78  46  745000 1241000   240 10.25
1.716 0.1326 129.85 36.30  78  46  745000 1241000   240 10.25
1.718 0.1392 129.61 36.30  78  46  745000 1241000   240 10.25
1.720 0.1284 129.32 36.30  78  46  745000 1241000   240 10.25
1.722 0.1237 128.99 36.30  78  46  745000 1241000   240 10.25
1.724 0.1352 128.61 36.30  78  46  745000 1241000   240 10.25
1.726 0.1248 128.21 36.30  78  46  745000 1241000   240 10.25
1.728 0.1292 127.79 36.30  78  46  745000 1241000   240 10.25
1.730 0.1241 127.36 36.30  78  46  745000 1241000   240 10.25
1.732 0.1280 126.94 36.30  78  46  745000 1241000   240 10.25
1.735 0.1327 126.51 36.30  78  46  745000 1241000   240 10.25
1.737 0.1162 126.09 36.30  78  46  745000 1241000   240 10.25
1.740 0.1273 125.68 36.30  78  46  745000 1241000   240 10.25
1.743 0.1260 125.26 36.30  78  46  745000 1241000   240 10.25
1.745 0.1162 124.87 36.30  78  46  745000 1241000   240 10.25
1.748 0.1322 124.49 36.30  78  46  745000 1241000   240 10.25
1.751 0.1216 124.13 36.30  78  46  745000 1241000   240 10.25
1.754 0.1254 123.77 36.30  78  46  745000 1241000   240 10.25
1.758 0.1191 123.41 36.30  78  46  745000 1241000   240 10.25
1.761 0.1226 123.05 36.30  78  46  745000 1241000   240 10.25
1.765 0.1235 122.66 36.30  78  46  745000 1241000   240 10.25
1.769 0.1239 122.25 36.30  78  46  745000 1241000   240 10.25
1.772 0.1225 121.80 36.30  78  46  745000 1241000   240 10.25
1.777 0.1205 121.28 36.30  78  46  745000 1241000   240 10.25
1.781 0.1216 120.67 36.30  78  46  745000 1241000   240 10.25
1.785 0.1212 119.94 36.30  78  46  745000 1241000   240 10.25
1.790 0.1200 119.08 36.30  78  46  745000 1241000   240 10.25
1.795 0.1177 118.08 36.30  78  46  745000 1241000   240 10.25
1.800 0.1157 116.93 36.30  78  46  745000 1241000   240 10.25
1.805 0.1173 115.61 36.30  78  46  745000 1241000   240 10.25
1.810 0.1140 114.13 36.30  78  46  745000 1241000   240 10.25
1.816 0.1133 112.49 36.30  78  46  745000 1241000   240 10.25
1.822 0.1131 110.71 36.30  78  46  745000 1241000   240 10.25
1.828 0.1117 108.81 36.30  78  46  745000 1241000   240 10.25
1.834 0.1095 106.81 36.30  78  46  745000 1241000   240 10.25
1.841 0.1030 104.74 36.30  78  46  745000 1241000   240 10.25
1.848 0.1075 102.63 36.30  78  46  745000 1241000   240 10.25
1.855 0.1016 100.50 36.30  78  46  745000 1241000   240 10.25
1.863 0.0976 98.38 36.30  78  46  745000 1241000   240 10.25
1.871 0.0953 96.30 36.30  78  46  745000 1241000   240 10.25
1.879 0.0950 94.28 36.30  78  46  745000 1241000   240 10.25
1.887 0.0888 92.35 36.30  78  46  745000 1241000   240 10.25
1.896 0.0904 90.52 36.30  78  46  745000 1241000   240 10.25
1.906 0.0865 88.80 36.30  78  46  745000 1241000   240 10.25
1.915 0.0849 87.23 36.30  78  46  745000 1241000   240 10.25
1.925 0.0827 85.82 36.30  78  46  745000 1241000   240 10.25
1.935 0.0816 84.59 36.30  78  46  745000 1241000   240 10.25
1.946 0.0836 83.54 36.30  78  46  745000 1241000   240 10.25
1.956 0.0826 82.69 36.30  78  46  745000 1241000   240 10.25
1.966 0.0810 82.05 36.30  78  46  745000 1241000   240 10.25
1.976 0.0814 81.62 36.30  78  46  745000 1241000   240 10.25
1.986 0.0836 81.39 36.30  78  46  745000 1241000   240 10.25
1.996 0.0821 81.37 36.30  78  46  745000 1241000   240 10.25
2.006 0.0829 81.54 36.30  78  46  745000 1241000   240 10.25
2.016 0.0816 81.87 36.30  78  46  745000 1241000   240 10.25
2.026 0.0827 82.35 36.30  78  46  745000 1241000   240 10.25
2.036 0.0843 82.97 36.30  78  46  745000 1241000   240 10.25
2.046 0.0825 83.74 36.30  78  46  745000 1241000   240 10.25
2.056 0.0837 84.64 36.30  78  46  745000 1241000   240 10.25
2.067 0.0849 85.69 36.30  78  46  745000 1241000   240 10.25
2.077 0.0876 86.90 36.30  78  46  745000 1241000   240 10.25
2.087 0.0894 88.26 36.30  78  46  745000 1241000   240 10.25
2.097 0.0907 89.78 36.30  78  46  745000 1241000   240 10.25
2.107 0.0891 91.45 36.30  78  46  745000 1241000   240 10.25
2.117 0.0937 93.24 36.30  78  46  745000 1241000   240 10.25
2.127 0.0932 95.14 36.30  78  46  745000 1241000   240 10.25
2.137 0.0982 97.12 36.30  78  46  745000 1241000   240 10.25
2.147 0.0970 99.17 36.30  78  46  745000 1241000   240 10.25
2.157 0.1018 101.28 36.30  78  46  745000 1241000   240 10.25
2.167 0.1019 103.42 36.30  78  46  745000 1241000   240 10.25
2.177 0.1064 105.60 36.30  78  46  745000 1241000   240 10.25
2.188 0.1095 107.81 36.30  78  46  745000 1241000   240 10.25
2.198 0.1055 110.06 36.30  78  46  745000 1241000   240 10.25
2.208 0.1149 112.37 36.30  78  46  745000 1241000   240 10.25
2.218 0.1211 114.73 36.30  78  46  745000 1241000   240 10.25
2.228 0.1221 117.17 36.30  78  46  745000 1241000   240 10.25
2.238 0.1247 119.67 36.30  78  46  745000 1241000   240 10.25
2.248 0.1276 122.24 36.30  78  46  745000 1241000   240 10.25
2.258 0.1301 124.85 36.30  78  46  745000 1241000   240 10.25
2.268 0.1277 127.51 36.30  78  46  745000 1241000   240 10.25
2.278 0.1285 130.23 36.30  78  46  745000 1241000   240 10.25
2.288 0.1330 133.03 36.30  78  46  745000 1241000   240 10.25
2.298 0.1345 136.09 36.30  78  46  745000 1241000   240 10.25
2.308 0.1388 140.88 36.30  78  46  745000 1241000   240 10.25
2.319 0.1437 148.72 36.30  78  46  745000 1241000   240 10.25
2.329 0.1508 157.71 36.30  78  46  745000 1241000   240 10.25
2.339 0.1582 166.73 36.30  78  46  745000 1241000   240 10.25
2.349 0.1632 175.37 36.30  78  46  745000 1241000   240 10.25
2.359 0.1657 183.49 36.30  78  46  745000 1241000   240 10.25
2.369 0.1767 191.09 36.30  78  46  745000 1241000   240 10.25
2.379 0.1859 198.18 36.30  78  46  745000 1241000   240 10.25
2.389 0.1907 204.80 36.30  78  46  745000 1241000   240 10.25
2.399 0.1948 211.01 36.30  78  46  745000 1241000   240 10.25
2.409 0.2104 216.83 36.30  78  46  745000 1241000   240 10.25
2.419 0.2167 222.33 36.30  78  46  745000 1241000   240 10.25
2.429 0.2313 227.51 36.30  78  46  745000 1241000   240 10.25
2.440 0.2424 232.41 36.30  78  46  745000 1241000   240 10.25
2.450 0.2701 237.05 36.30  78  46  745000 1241000   240 10.25
2.460 0.2979 241.42 36.30  78  46  745000 1241000   240 10.25
2.470 0.3200 245.52 36.30  78  46  745000 1241000   240 10.25
2.480 0.3478 249.36 36.30  78  46  745000 1241000   240 10.25
2.490 0.3853 252.91 36.30  78  46  745000 1241000   240 10.25
2.500 0.4195 256.14 36.30  78  46  745000 1241000   240 10.25
2.510 0.4333 259.02 36.30  78  46  745000 1241000   240 10.25
2.520 0.0000 261.50 36.30  78  46  745000 1241000   240 10.25
2.530 0.0000 263.51 36.30  78  46  745000 1241000   240 10.25
