     x     qy smooth tpara  cd  zL     xTr    xCpl frame tma
-1.020 0.2698 239.27 44.00  78  46  605000 1198000   240 9.86
-1.012 0.2614 223.58 44.00  78  46  605000 1198000   240 9.86
-1.003 0.2395 208.70 44.00  78  46  605000 1198000   240 9.86
-0.995 0.2317 194.60 44.00  78  46  605000 1198000   240 9.86
-0.987 0.1923 181.26 44.00  78  46  605000 1198000   240 9.86
-0.978 0.0872 168.66 44.00  78  46  605000 1198000   240 9.86
-0.970 0.1218 156.78 44.00  78  46  605000 1198000   240 9.86
-0.961 0.1153 145.60 44.00  78  46  605000 1198000   240 9.86
-0.953 0.1074 135.12 44.00  78  46  605000 1198000   240 9.86
-0.944 0.1005 125.32 44.00  78  46  605000 1198000   240 9.86
-0.936 0.0960 116.19 44.00  78  46  605000 1198000   240 9.86
-0.927 0.0908 107.73 44.00  78  46  605000 1198000   240 9.86
-0.919 0.0886 99.93 44.00  78  46  605000 1198000   240 9.86
-0.911 0.0845 92.80 44.00  78  46  605000 1198000   240 9.86
-0.902 0.0822 86.34 44.00  78  46  605000 1198000   240 9.86
-0.894 0.0787 80.58 44.00  78  46  605000 1198000   240 9.86
-0.885 0.0762 75.53 44.00  78  46  605000 1198000   240 9.86
-0.877 0.0732 71.23 44.00  78  46  605000 1198000   240 9.86
-0.868 0.0730 67.72 44.00  78  46  605000 1198000   240 9.86
-0.860 0.0700 65.07 44.00  78  46  605000 1198000   240 9.86
-0.852 0.0688 63.34 44.00  78  46  605000 1198000   240 9.86
-0.843 0.0659 62.59 44.00  78  46  605000 1198000   240 9.86
-0.835 0.0664 62.68 44.00  78  46  605000 1198000   240 9.86
-0.826 0.0637 62.89 44.00  78  46  605000 1198000   240 9.86
-0.818 0.0633 62.13 44.00  78  46  605000 1198000   240 9.86
-0.809 0.0623 61.21 44.00  78  46  605000 1198000   240 9.86
-0.801 0.0605 60.21 44.00  78  46  605000 1198000   240 9.86
-0.793 0.0600 59.25 44.00  78  46  605000 1198000   240 9.86
-0.784 0.0587 58.37 44.00  78  46  605000 1198000   240 9.86
-0.776 0.0581 57.56 44.00  78  46  605000 1198000   240 9.86
-0.767 0.0561 56.83 44.00  78  46  605000 1198000   240 9.86
-0.759 0.0566 56.16 44.00  78  46  605000 1198000   240 9.86
-0.750 0.0560 55.58 44.00  78  46  605000 1198000   240 9.86
-0.742 0.0561 55.07 44.00  78  46  605000 1198000   240 9.86
-0.734 0.0548 54.63 44.00  78  46  605000 1198000   240 9.86
-0.725 0.0541 54.26 44.00  78  46  605000 1198000   240 9.86
-0.717 0.0543 53.95 44.00  78  46  605000 1198000   240 9.86
-0.708 0.0520 53.69 44.00  78  46  605000 1198000   240 9.86
-0.700 0.0511 53.49 44.00  78  46  605000 1198000   240 9.86
-0.691 0.0531 53.33 44.00  78  46  605000 1198000   240 9.86
-0.683 0.0524 53.21 44.00  78  46  605000 1198000   240 9.86
-0.675 0.0517 53.13 44.00  78  46  605000 1198000   240 9.86
-0.666 0.0541 53.08 44.00  78  46  605000 1198000   240 9.86
-0.658 0.0543 53.06 44.00  78  46  605000 1198000   240 9.86
-0.649 0.0530 53.06 44.00  78  46  605000 1198000   240 9.86
-0.641 0.0545 53.08 44.00  78  46  605000 1198000   240 9.86
-0.632 0.0542 53.11 44.00  78  46  605000 1198000   240 9.86
-0.624 0.0536 53.15 44.00  78  46  605000 1198000   240 9.86
-0.616 0.0544 53.19 44.00  78  46  605000 1198000   240 9.86
-0.607 0.0542 53.22 44.00  78  46  605000 1198000   240 9.86
-0.599 0.0527 53.23 44.00  78  46  605000 1198000   240 9.86
-0.590 0.0530 53.24 44.00  78  46  605000 1198000   240 9.86
-0.582 0.0523 53.22 44.00  78  46  605000 1198000   240 9.86
-0.573 0.0527 53.18 44.00  78  46  605000 1198000   240 9.86
-0.565 0.0528 53.11 44.00  78  46  605000 1198000   240 9.86
-0.556 0.0532 53.02 44.00  78  46  605000 1198000   240 9.86
-0.548 0.0528 52.91 44.00  78  46  605000 1198000   240 9.86
-0.540 0.0528 52.78 44.00  78  46  605000 1198000   240 9.86
-0.531 0.0538 52.64 44.00  78  46  605000 1198000   240 9.86
-0.523 0.0527 52.50 44.00  78  46  605000 1198000   240 9.86
-0.514 0.0524 52.37 44.00  78  46  605000 1198000   240 9.86
-0.506 0.0520 52.24 44.00  78  46  605000 1198000   240 9.86
-0.497 0.0518 52.12 44.00  78  46  605000 1198000   240 9.86
-0.489 0.0517 52.01 44.00  78  46  605000 1198000   240 9.86
-0.481 0.0520 51.90 44.00  78  46  605000 1198000   240 9.86
-0.472 0.0523 51.79 44.00  78  46  605000 1198000   240 9.86
-0.464 0.0517 51.68 44.00  78  46  605000 1198000   240 9.86
-0.455 0.0511 51.57 44.00  78  46  605000 1198000   240 9.86
-0.447 0.0511 51.46 44.00  78  46  605000 1198000   240 9.86
-0.438 0.0515 51.34 44.00  78  46  605000 1198000   240 9.86
-0.430 0.0518 51.22 44.00  78  46  605000 1198000   240 9.86
-0.422 0.0503 51.11 44.00  78  46  605000 1198000   240 9.86
-0.413 0.0512 51.00 44.00  78  46  605000 1198000   240 9.86
-0.405 0.0501 50.90 44.00  78  46  605000 1198000   240 9.86
-0.396 0.0515 50.80 44.00  78  46  605000 1198000   240 9.86
-0.388 0.0512 50.72 44.00  78  46  605000 1198000   240 9.86
-0.379 0.0508 50.64 44.00  78  46  605000 1198000   240 9.86
-0.371 0.0501 50.58 44.00  78  46  605000 1198000   240 9.86
-0.363 0.0503 50.51 44.00  78  46  605000 1198000   240 9.86
-0.354 0.0509 50.44 44.00  78  46  605000 1198000   240 9.86
-0.346 0.0506 50.37 44.00  78  46  605000 1198000   240 9.86
-0.337 0.0493 50.29 44.00  78  46  605000 1198000   240 9.86
-0.329 0.0504 50.19 44.00  78  46  605000 1198000   240 9.86
-0.320 0.0497 50.09 44.00  78  46  605000 1198000   240 9.86
-0.312 0.0507 49.99 44.00  78  46  605000 1198000   240 9.86
-0.304 0.0491 49.89 44.00  78  46  605000 1198000   240 9.86
-0.295 0.0504 49.81 44.00  78  46  605000 1198000   240 9.86
-0.287 0.0505 49.73 44.00  78  46  605000 1198000   240 9.86
-0.278 0.0495 49.68 44.00  78  46  605000 1198000   240 9.86
-0.270 0.0503 49.65 44.00  78  46  605000 1198000   240 9.86
-0.261 0.0499 49.64 44.00  78  46  605000 1198000   240 9.86
-0.253 0.0492 49.65 44.00  78  46  605000 1198000   240 9.86
-0.245 0.0503 49.67 44.00  78  46  605000 1198000   240 9.86
-0.236 0.0481 49.71 44.00  78  46  605000 1198000   240 9.86
-0.228 0.0507 49.74 44.00  78  46  605000 1198000   240 9.86
-0.219 0.0481 49.78 44.00  78  46  605000 1198000   240 9.86
-0.211 0.0495 49.81 44.00  78  46  605000 1198000   240 9.86
-0.202 0.0478 49.85 44.00  78  46  605000 1198000   240 9.86
-0.194 0.0489 49.88 44.00  78  46  605000 1198000   240 9.86
-0.185 0.0496 49.92 44.00  78  46  605000 1198000   240 9.86
-0.177 0.0505 49.98 44.00  78  46  605000 1198000   240 9.86
-0.169 0.0505 50.03 44.00  78  46  605000 1198000   240 9.86
-0.160 0.0522 50.10 44.00  78  46  605000 1198000   240 9.86
-0.152 0.0521 50.17 44.00  78  46  605000 1198000   240 9.86
-0.143 0.0506 50.23 44.00  78  46  605000 1198000   240 9.86
-0.135 0.0508 50.28 44.00  78  46  605000 1198000   240 9.86
-0.126 0.0490 50.29 44.00  78  46  605000 1198000   240 9.86
-0.118 0.0494 50.26 44.00  78  46  605000 1198000   240 9.86
-0.110 0.0493 50.18 44.00  78  46  605000 1198000   240 9.86
-0.101 0.0493 50.02 44.00  78  46  605000 1198000   240 9.86
-0.093 0.0485 49.79 44.00  78  46  605000 1198000   240 9.86
-0.084 0.0484 49.48 44.00  78  46  605000 1198000   240 9.86
-0.076 0.0494 49.07 44.00  78  46  605000 1198000   240 9.86
-0.067 0.0488 48.58 44.00  78  46  605000 1198000   240 9.86
-0.059 0.0499 48.00 44.00  78  46  605000 1198000   240 9.86
-0.051 0.0497 47.34 44.00  78  46  605000 1198000   240 9.86
-0.042 0.0487 46.61 44.00  78  46  605000 1198000   240 9.86
-0.034 0.0473 45.81 44.00  78  46  605000 1198000   240 9.86
-0.025 0.0464 44.98 44.00  78  46  605000 1198000   240 9.86
-0.017 0.0444 44.10 44.00  78  46  605000 1198000   240 9.86
-0.008 0.0435 43.20 44.00  78  46  605000 1198000   240 9.86
0.000 0.0430 42.28 44.00  78  46  605000 1198000   240 9.86
0.008 0.0401 41.34 44.00  78  46  605000 1198000   240 9.86
0.017 0.0407 40.39 44.00  78  46  605000 1198000   240 9.86
0.025 0.0371 39.44 44.00  78  46  605000 1198000   240 9.86
0.034 0.0379 38.49 44.00  78  46  605000 1198000   240 9.86
0.042 0.0370 37.57 44.00  78  46  605000 1198000   240 9.86
0.051 0.0363 36.68 44.00  78  46  605000 1198000   240 9.86
0.059 0.0351 35.84 44.00  78  46  605000 1198000   240 9.86
0.067 0.0345 35.07 44.00  78  46  605000 1198000   240 9.86
0.076 0.0321 34.37 44.00  78  46  605000 1198000   240 9.86
0.084 0.0328 33.76 44.00  78  46  605000 1198000   240 9.86
0.093 0.0342 33.25 44.00  78  46  605000 1198000   240 9.86
0.101 0.0320 32.84 44.00  78  46  605000 1198000   240 9.86
0.110 0.0341 32.53 44.00  78  46  605000 1198000   240 9.86
0.118 0.0331 32.31 44.00  78  46  605000 1198000   240 9.86
0.126 0.0327 32.18 44.00  78  46  605000 1198000   240 9.86
0.135 0.0315 32.11 44.00  78  46  605000 1198000   240 9.86
0.143 0.0320 32.10 44.00  78  46  605000 1198000   240 9.86
0.152 0.0321 32.15 44.00  78  46  605000 1198000   240 9.86
0.160 0.0322 32.23 44.00  78  46  605000 1198000   240 9.86
0.169 0.0309 32.35 44.00  78  46  605000 1198000   240 9.86
0.177 0.0317 32.49 44.00  78  46  605000 1198000   240 9.86
0.185 0.0326 32.63 44.00  78  46  605000 1198000   240 9.86
0.194 0.0314 32.79 44.00  78  46  605000 1198000   240 9.86
0.202 0.0339 32.95 44.00  78  46  605000 1198000   240 9.86
0.211 0.0333 33.12 44.00  78  46  605000 1198000   240 9.86
0.219 0.0347 33.29 44.00  78  46  605000 1198000   240 9.86
0.228 0.0346 33.48 44.00  78  46  605000 1198000   240 9.86
0.236 0.0352 33.68 44.00  78  46  605000 1198000   240 9.86
0.245 0.0339 33.90 44.00  78  46  605000 1198000   240 9.86
0.253 0.0352 34.12 44.00  78  46  605000 1198000   240 9.86
0.261 0.0347 34.37 44.00  78  46  605000 1198000   240 9.86
0.270 0.0339 34.62 44.00  78  46  605000 1198000   240 9.86
0.278 0.0347 34.87 44.00  78  46  605000 1198000   240 9.86
0.287 0.0349 35.12 44.00  78  46  605000 1198000   240 9.86
0.295 0.0341 35.35 44.00  78  46  605000 1198000   240 9.86
0.304 0.0350 35.57 44.00  78  46  605000 1198000   240 9.86
0.312 0.0353 35.77 44.00  78  46  605000 1198000   240 9.86
0.320 0.0349 35.95 44.00  78  46  605000 1198000   240 9.86
0.329 0.0355 36.13 44.00  78  46  605000 1198000   240 9.86
0.337 0.0352 36.31 44.00  78  46  605000 1198000   240 9.86
0.346 0.0381 36.49 44.00  78  46  605000 1198000   240 9.86
0.354 0.0371 36.67 44.00  78  46  605000 1198000   240 9.86
0.363 0.0390 36.88 44.00  78  46  605000 1198000   240 9.86
0.371 0.0378 37.09 44.00  78  46  605000 1198000   240 9.86
0.379 0.0379 37.31 44.00  78  46  605000 1198000   240 9.86
0.388 0.0378 37.54 44.00  78  46  605000 1198000   240 9.86
0.396 0.0379 37.76 44.00  78  46  605000 1198000   240 9.86
0.405 0.0372 37.97 44.00  78  46  605000 1198000   240 9.86
0.413 0.0383 38.17 44.00  78  46  605000 1198000   240 9.86
0.422 0.0380 38.34 44.00  78  46  605000 1198000   240 9.86
0.430 0.0376 38.49 44.00  78  46  605000 1198000   240 9.86
0.438 0.0375 38.62 44.00  78  46  605000 1198000   240 9.86
0.447 0.0377 38.73 44.00  78  46  605000 1198000   240 9.86
0.455 0.0395 38.83 44.00  78  46  605000 1198000   240 9.86
0.464 0.0388 38.92 44.00  78  46  605000 1198000   240 9.86
0.472 0.0403 39.01 44.00  78  46  605000 1198000   240 9.86
0.481 0.0394 39.11 44.00  78  46  605000 1198000   240 9.86
0.489 0.0408 39.23 44.00  78  46  605000 1198000   240 9.86
0.497 0.0402 39.38 44.00  78  46  605000 1198000   240 9.86
0.506 0.0404 39.55 44.00  78  46  605000 1198000   240 9.86
0.514 0.0397 39.76 44.00  78  46  605000 1198000   240 9.86
0.522 0.0399 40.00 44.00  78  46  605000 1198000   240 9.86
0.529 0.0396 40.27 44.00  78  46  605000 1198000   240 9.86
0.536 0.0401 40.58 44.00  78  46  605000 1198000   240 9.86
0.543 0.0403 40.91 44.00  78  46  605000 1198000   240 9.86
0.550 0.0390 41.29 44.00  78  46  605000 1198000   240 9.86
0.556 0.0423 41.71 44.00  78  46  605000 1198000   240 9.86
0.562 0.0421 42.16 44.00  78  46  605000 1198000   240 9.86
0.568 0.0423 42.66 44.00  78  46  605000 1198000   240 9.86
0.574 0.0423 43.20 44.00  78  46  605000 1198000   240 9.86
0.579 0.0429 43.79 44.00  78  46  605000 1198000   240 9.86
0.584 0.0440 44.42 44.00  78  46  605000 1198000   240 9.86
0.589 0.0460 45.11 44.00  78  46  605000 1198000   240 9.86
0.594 0.0473 45.84 44.00  78  46  605000 1198000   240 9.86
0.598 0.0457 46.61 44.00  78  46  605000 1198000   240 9.86
0.603 0.0483 47.41 44.00  78  46  605000 1198000   240 9.86
0.607 0.0472 48.24 44.00  78  46  605000 1198000   240 9.86
0.611 0.0491 49.09 44.00  78  46  605000 1198000   240 9.86
0.615 0.0501 49.95 44.00  78  46  605000 1198000   240 9.86
0.618 0.0528 50.81 44.00  78  46  605000 1198000   240 9.86
0.622 0.0517 51.66 44.00  78  46  605000 1198000   240 9.86
0.625 0.0522 52.49 44.00  78  46  605000 1198000   240 9.86
0.629 0.0518 53.32 44.00  78  46  605000 1198000   240 9.86
0.632 0.0539 54.15 44.00  78  46  605000 1198000   240 9.86
0.635 0.0581 54.98 44.00  78  46  605000 1198000   240 9.86
0.638 0.0547 55.80 44.00  78  46  605000 1198000   240 9.86
0.640 0.0552 56.62 44.00  78  46  605000 1198000   240 9.86
0.643 0.0552 57.44 44.00  78  46  605000 1198000   240 9.86
0.646 0.0614 58.25 44.00  78  46  605000 1198000   240 9.86
0.648 0.0631 59.06 44.00  78  46  605000 1198000   240 9.86
0.650 0.0567 59.86 44.00  78  46  605000 1198000   240 9.86
0.653 0.0601 60.66 44.00  78  46  605000 1198000   240 9.86
0.655 0.0596 61.47 44.00  78  46  605000 1198000   240 9.86
0.657 0.0651 62.27 44.00  78  46  605000 1198000   240 9.86
0.659 0.0633 63.09 44.00  78  46  605000 1198000   240 9.86
0.661 0.0630 63.91 44.00  78  46  605000 1198000   240 9.86
0.663 0.0649 64.74 44.00  78  46  605000 1198000   240 9.86
0.664 0.0632 65.59 44.00  78  46  605000 1198000   240 9.86
0.666 0.0656 66.45 44.00  78  46  605000 1198000   240 9.86
0.668 0.0682 67.33 44.00  78  46  605000 1198000   240 9.86
0.669 0.0725 68.24 44.00  78  46  605000 1198000   240 9.86
0.671 0.0710 69.16 44.00  78  46  605000 1198000   240 9.86
0.673 0.0666 70.12 44.00  78  46  605000 1198000   240 9.86
0.675 0.0702 71.10 44.00  78  46  605000 1198000   240 9.86
0.676 0.0687 72.09 44.00  78  46  605000 1198000   240 9.86
0.678 0.0759 73.07 44.00  78  46  605000 1198000   240 9.86
0.680 0.0741 74.06 44.00  78  46  605000 1198000   240 9.86
0.681 0.0712 75.05 44.00  78  46  605000 1198000   240 9.86
0.683 0.0812 76.04 44.00  78  46  605000 1198000   240 9.86
0.685 0.0721 77.04 44.00  78  46  605000 1198000   240 9.86
0.686 0.0790 78.05 44.00  78  46  605000 1198000   240 9.86
0.688 0.0854 79.07 44.00  78  46  605000 1198000   240 9.86
0.690 0.0763 80.10 44.00  78  46  605000 1198000   240 9.86
0.691 0.0821 81.14 44.00  78  46  605000 1198000   240 9.86
0.693 0.0805 82.20 44.00  78  46  605000 1198000   240 9.86
0.695 0.0860 83.27 44.00  78  46  605000 1198000   240 9.86
0.696 0.0816 84.35 44.00  78  46  605000 1198000   240 9.86
0.698 0.0883 85.45 44.00  78  46  605000 1198000   240 9.86
0.700 0.0878 86.57 44.00  78  46  605000 1198000   240 9.86
0.702 0.0858 87.71 44.00  78  46  605000 1198000   240 9.86
0.703 0.0891 88.83 44.00  78  46  605000 1198000   240 9.86
0.705 0.0868 89.93 44.00  78  46  605000 1198000   240 9.86
0.707 0.0894 90.98 44.00  78  46  605000 1198000   240 9.86
0.708 0.0837 91.99 44.00  78  46  605000 1198000   240 9.86
0.710 0.0972 92.95 44.00  78  46  605000 1198000   240 9.86
0.712 0.0989 93.88 44.00  78  46  605000 1198000   240 9.86
0.713 0.0984 94.78 44.00  78  46  605000 1198000   240 9.86
0.715 0.0931 95.65 44.00  78  46  605000 1198000   240 9.86
0.717 0.0931 96.46 44.00  78  46  605000 1198000   240 9.86
0.718 0.1032 97.21 44.00  78  46  605000 1198000   240 9.86
0.720 0.0993 97.91 44.00  78  46  605000 1198000   240 9.86
0.722 0.0926 98.55 44.00  78  46  605000 1198000   240 9.86
0.723 0.1034 99.15 44.00  78  46  605000 1198000   240 9.86
0.725 0.1016 99.71 44.00  78  46  605000 1198000   240 9.86
0.727 0.1027 100.23 44.00  78  46  605000 1198000   240 9.86
0.728 0.0994 100.73 44.00  78  46  605000 1198000   240 9.86
0.730 0.1010 101.16 44.00  78  46  605000 1198000   240 9.86
0.732 0.1040 101.50 44.00  78  46  605000 1198000   240 9.86
0.734 0.0963 101.75 44.00  78  46  605000 1198000   240 9.86
0.735 0.0898 101.88 44.00  78  46  605000 1198000   240 9.86
0.737 0.1061 101.93 44.00  78  46  605000 1198000   240 9.86
0.739 0.1087 101.90 44.00  78  46  605000 1198000   240 9.86
0.740 0.1011 101.82 44.00  78  46  605000 1198000   240 9.86
0.742 0.1010 101.69 44.00  78  46  605000 1198000   240 9.86
0.744 0.1029 101.54 44.00  78  46  605000 1198000   240 9.86
0.745 0.1034 101.36 44.00  78  46  605000 1198000   240 9.86
0.747 0.1013 101.16 44.00  78  46  605000 1198000   240 9.86
0.749 0.0943 100.94 44.00  78  46  605000 1198000   240 9.86
0.750 0.1030 100.70 44.00  78  46  605000 1198000   240 9.86
0.752 0.1111 100.45 44.00  78  46  605000 1198000   240 9.86
0.754 0.1025 100.18 44.00  78  46  605000 1198000   240 9.86
0.755 0.1009 99.88 44.00  78  46  605000 1198000   240 9.86
0.757 0.0971 99.55 44.00  78  46  605000 1198000   240 9.86
0.759 0.0990 99.20 44.00  78  46  605000 1198000   240 9.86
0.761 0.0844 98.81 44.00  78  46  605000 1198000   240 9.86
0.762 0.0911 98.38 44.00  78  46  605000 1198000   240 9.86
0.764 0.0991 97.90 44.00  78  46  605000 1198000   240 9.86
0.766 0.1011 97.38 44.00  78  46  605000 1198000   240 9.86
0.767 0.1040 96.82 44.00  78  46  605000 1198000   240 9.86
0.769 0.0911 96.24 44.00  78  46  605000 1198000   240 9.86
0.771 0.1077 95.65 44.00  78  46  605000 1198000   240 9.86
0.772 0.0874 95.05 44.00  78  46  605000 1198000   240 9.86
0.774 0.0935 94.43 44.00  78  46  605000 1198000   240 9.86
0.776 0.1020 93.79 44.00  78  46  605000 1198000   240 9.86
0.777 0.0917 93.15 44.00  78  46  605000 1198000   240 9.86
0.779 0.0888 92.51 44.00  78  46  605000 1198000   240 9.86
0.781 0.0990 91.86 44.00  78  46  605000 1198000   240 9.86
0.782 0.0855 91.20 44.00  78  46  605000 1198000   240 9.86
0.784 0.0905 90.51 44.00  78  46  605000 1198000   240 9.86
0.786 0.0887 89.79 44.00  78  46  605000 1198000   240 9.86
0.788 0.0898 89.03 44.00  78  46  605000 1198000   240 9.86
0.789 0.0924 88.23 44.00  78  46  605000 1198000   240 9.86
0.791 0.0881 87.40 44.00  78  46  605000 1198000   240 9.86
0.793 0.0783 86.57 44.00  78  46  605000 1198000   240 9.86
0.794 0.0809 85.75 44.00  78  46  605000 1198000   240 9.86
0.796 0.0861 84.96 44.00  78  46  605000 1198000   240 9.86
0.798 0.0871 84.22 44.00  78  46  605000 1198000   240 9.86
0.799 0.0856 83.51 44.00  78  46  605000 1198000   240 9.86
0.801 0.0827 82.85 44.00  78  46  605000 1198000   240 9.86
0.803 0.0819 82.21 44.00  78  46  605000 1198000   240 9.86
0.804 0.0818 81.59 44.00  78  46  605000 1198000   240 9.86
0.806 0.0846 81.00 44.00  78  46  605000 1198000   240 9.86
0.808 0.0842 80.47 44.00  78  46  605000 1198000   240 9.86
0.809 0.0788 79.98 44.00  78  46  605000 1198000   240 9.86
0.811 0.0774 79.54 44.00  78  46  605000 1198000   240 9.86
0.813 0.0741 79.12 44.00  78  46  605000 1198000   240 9.86
0.815 0.0791 78.72 44.00  78  46  605000 1198000   240 9.86
0.816 0.0783 78.33 44.00  78  46  605000 1198000   240 9.86
0.818 0.0767 77.96 44.00  78  46  605000 1198000   240 9.86
0.820 0.0793 77.59 44.00  78  46  605000 1198000   240 9.86
0.821 0.0790 77.23 44.00  78  46  605000 1198000   240 9.86
0.823 0.0769 76.88 44.00  78  46  605000 1198000   240 9.86
0.825 0.0713 76.55 44.00  78  46  605000 1198000   240 9.86
0.826 0.0749 76.23 44.00  78  46  605000 1198000   240 9.86
0.828 0.0768 75.92 44.00  78  46  605000 1198000   240 9.86
0.830 0.0754 75.64 44.00  78  46  605000 1198000   240 9.86
0.831 0.0828 75.39 44.00  78  46  605000 1198000   240 9.86
0.833 0.0728 75.16 44.00  78  46  605000 1198000   240 9.86
0.835 0.0783 74.93 44.00  78  46  605000 1198000   240 9.86
0.836 0.0723 74.70 44.00  78  46  605000 1198000   240 9.86
0.838 0.0778 74.47 44.00  78  46  605000 1198000   240 9.86
0.840 0.0764 74.24 44.00  78  46  605000 1198000   240 9.86
0.841 0.0745 73.99 44.00  78  46  605000 1198000   240 9.86
0.843 0.0607 73.72 44.00  78  46  605000 1198000   240 9.86
0.845 0.0751 73.45 44.00  78  46  605000 1198000   240 9.86
0.847 0.0786 73.18 44.00  78  46  605000 1198000   240 9.86
0.848 0.0705 72.93 44.00  78  46  605000 1198000   240 9.86
0.850 0.0740 72.69 44.00  78  46  605000 1198000   240 9.86
0.852 0.0729 72.47 44.00  78  46  605000 1198000   240 9.86
0.853 0.0744 72.27 44.00  78  46  605000 1198000   240 9.86
0.855 0.0719 72.10 44.00  78  46  605000 1198000   240 9.86
0.857 0.0683 71.95 44.00  78  46  605000 1198000   240 9.86
0.858 0.0733 71.84 44.00  78  46  605000 1198000   240 9.86
0.860 0.0706 71.78 44.00  78  46  605000 1198000   240 9.86
0.862 0.0708 71.78 44.00  78  46  605000 1198000   240 9.86
0.863 0.0758 71.82 44.00  78  46  605000 1198000   240 9.86
0.865 0.0704 71.90 44.00  78  46  605000 1198000   240 9.86
0.867 0.0728 71.98 44.00  78  46  605000 1198000   240 9.86
0.868 0.0678 72.07 44.00  78  46  605000 1198000   240 9.86
0.870 0.0741 72.16 44.00  78  46  605000 1198000   240 9.86
0.872 0.0724 72.24 44.00  78  46  605000 1198000   240 9.86
0.874 0.0706 72.34 44.00  78  46  605000 1198000   240 9.86
0.875 0.0735 72.45 44.00  78  46  605000 1198000   240 9.86
0.877 0.0752 72.59 44.00  78  46  605000 1198000   240 9.86
0.879 0.0714 72.77 44.00  78  46  605000 1198000   240 9.86
0.880 0.0686 72.99 44.00  78  46  605000 1198000   240 9.86
0.882 0.0777 73.24 44.00  78  46  605000 1198000   240 9.86
0.884 0.0729 73.49 44.00  78  46  605000 1198000   240 9.86
0.885 0.0766 73.73 44.00  78  46  605000 1198000   240 9.86
0.887 0.0695 73.98 44.00  78  46  605000 1198000   240 9.86
0.889 0.0765 74.22 44.00  78  46  605000 1198000   240 9.86
0.890 0.0789 74.44 44.00  78  46  605000 1198000   240 9.86
0.892 0.0735 74.66 44.00  78  46  605000 1198000   240 9.86
0.894 0.0682 74.86 44.00  78  46  605000 1198000   240 9.86
0.895 0.0762 75.04 44.00  78  46  605000 1198000   240 9.86
0.897 0.0713 75.20 44.00  78  46  605000 1198000   240 9.86
0.899 0.0772 75.33 44.00  78  46  605000 1198000   240 9.86
0.901 0.0747 75.43 44.00  78  46  605000 1198000   240 9.86
0.902 0.0811 75.52 44.00  78  46  605000 1198000   240 9.86
0.904 0.0762 75.59 44.00  78  46  605000 1198000   240 9.86
0.906 0.0769 75.64 44.00  78  46  605000 1198000   240 9.86
0.907 0.0804 75.69 44.00  78  46  605000 1198000   240 9.86
0.909 0.0743 75.73 44.00  78  46  605000 1198000   240 9.86
0.911 0.0719 75.77 44.00  78  46  605000 1198000   240 9.86
0.912 0.0725 75.79 44.00  78  46  605000 1198000   240 9.86
0.914 0.0767 75.81 44.00  78  46  605000 1198000   240 9.86
0.916 0.0752 75.82 44.00  78  46  605000 1198000   240 9.86
0.917 0.0796 75.81 44.00  78  46  605000 1198000   240 9.86
0.919 0.0755 75.81 44.00  78  46  605000 1198000   240 9.86
0.921 0.0719 75.82 44.00  78  46  605000 1198000   240 9.86
0.922 0.0791 75.83 44.00  78  46  605000 1198000   240 9.86
0.924 0.0727 75.86 44.00  78  46  605000 1198000   240 9.86
0.926 0.0762 75.89 44.00  78  46  605000 1198000   240 9.86
0.927 0.0747 75.92 44.00  78  46  605000 1198000   240 9.86
0.929 0.0751 75.94 44.00  78  46  605000 1198000   240 9.86
0.931 0.0774 75.96 44.00  78  46  605000 1198000   240 9.86
0.933 0.0780 75.98 44.00  78  46  605000 1198000   240 9.86
0.934 0.0740 76.00 44.00  78  46  605000 1198000   240 9.86
0.936 0.0780 76.01 44.00  78  46  605000 1198000   240 9.86
0.938 0.0749 76.01 44.00  78  46  605000 1198000   240 9.86
0.939 0.0754 75.98 44.00  78  46  605000 1198000   240 9.86
0.941 0.0786 75.93 44.00  78  46  605000 1198000   240 9.86
0.943 0.0776 75.84 44.00  78  46  605000 1198000   240 9.86
0.944 0.0722 75.74 44.00  78  46  605000 1198000   240 9.86
0.946 0.0756 75.64 44.00  78  46  605000 1198000   240 9.86
0.948 0.0760 75.54 44.00  78  46  605000 1198000   240 9.86
0.949 0.0818 75.46 44.00  78  46  605000 1198000   240 9.86
0.951 0.0757 75.41 44.00  78  46  605000 1198000   240 9.86
0.953 0.0785 75.38 44.00  78  46  605000 1198000   240 9.86
0.954 0.0666 75.38 44.00  78  46  605000 1198000   240 9.86
0.956 0.0750 75.41 44.00  78  46  605000 1198000   240 9.86
0.958 0.0731 75.46 44.00  78  46  605000 1198000   240 9.86
0.960 0.0677 75.54 44.00  78  46  605000 1198000   240 9.86
0.961 0.0796 75.63 44.00  78  46  605000 1198000   240 9.86
0.963 0.0813 75.76 44.00  78  46  605000 1198000   240 9.86
0.965 0.0816 75.91 44.00  78  46  605000 1198000   240 9.86
0.966 0.0711 76.08 44.00  78  46  605000 1198000   240 9.86
0.968 0.0724 76.24 44.00  78  46  605000 1198000   240 9.86
0.970 0.0730 76.41 44.00  78  46  605000 1198000   240 9.86
0.971 0.0786 76.58 44.00  78  46  605000 1198000   240 9.86
0.973 0.0787 76.77 44.00  78  46  605000 1198000   240 9.86
0.975 0.0752 76.96 44.00  78  46  605000 1198000   240 9.86
0.976 0.0808 77.15 44.00  78  46  605000 1198000   240 9.86
0.978 0.0816 77.35 44.00  78  46  605000 1198000   240 9.86
0.980 0.0769 77.54 44.00  78  46  605000 1198000   240 9.86
0.981 0.0782 77.73 44.00  78  46  605000 1198000   240 9.86
0.983 0.0796 77.89 44.00  78  46  605000 1198000   240 9.86
0.985 0.0790 78.02 44.00  78  46  605000 1198000   240 9.86
0.987 0.0709 78.11 44.00  78  46  605000 1198000   240 9.86
0.988 0.0769 78.17 44.00  78  46  605000 1198000   240 9.86
0.990 0.0796 78.20 44.00  78  46  605000 1198000   240 9.86
0.992 0.0773 78.23 44.00  78  46  605000 1198000   240 9.86
0.993 0.0797 78.23 44.00  78  46  605000 1198000   240 9.86
0.995 0.0794 78.23 44.00  78  46  605000 1198000   240 9.86
0.997 0.0764 78.21 44.00  78  46  605000 1198000   240 9.86
0.998 0.0748 78.18 44.00  78  46  605000 1198000   240 9.86
1.000 0.0776 78.14 44.00  78  46  605000 1198000   240 9.86
1.002 0.0845 78.10 44.00  78  46  605000 1198000   240 9.86
1.003 0.0816 78.07 44.00  78  46  605000 1198000   240 9.86
1.005 0.0773 78.08 44.00  78  46  605000 1198000   240 9.86
1.007 0.0773 78.11 44.00  78  46  605000 1198000   240 9.86
1.008 0.0764 78.14 44.00  78  46  605000 1198000   240 9.86
1.010 0.0796 78.17 44.00  78  46  605000 1198000   240 9.86
1.012 0.0762 78.19 44.00  78  46  605000 1198000   240 9.86
1.013 0.0771 78.20 44.00  78  46  605000 1198000   240 9.86
1.015 0.0789 78.20 44.00  78  46  605000 1198000   240 9.86
1.017 0.0753 78.18 44.00  78  46  605000 1198000   240 9.86
1.019 0.0800 78.18 44.00  78  46  605000 1198000   240 9.86
1.020 0.0795 78.19 44.00  78  46  605000 1198000   240 9.86
1.022 0.0748 78.22 44.00  78  46  605000 1198000   240 9.86
1.024 0.0811 78.28 44.00  78  46  605000 1198000   240 9.86
1.025 0.0740 78.37 44.00  78  46  605000 1198000   240 9.86
1.027 0.0791 78.47 44.00  78  46  605000 1198000   240 9.86
1.029 0.0865 78.57 44.00  78  46  605000 1198000   240 9.86
1.030 0.0743 78.67 44.00  78  46  605000 1198000   240 9.86
1.032 0.0818 78.76 44.00  78  46  605000 1198000   240 9.86
1.034 0.0760 78.84 44.00  78  46  605000 1198000   240 9.86
1.035 0.0759 78.90 44.00  78  46  605000 1198000   240 9.86
1.037 0.0809 78.94 44.00  78  46  605000 1198000   240 9.86
1.039 0.0792 78.96 44.00  78  46  605000 1198000   240 9.86
1.040 0.0772 78.96 44.00  78  46  605000 1198000   240 9.86
1.042 0.0771 78.96 44.00  78  46  605000 1198000   240 9.86
1.044 0.0877 78.96 44.00  78  46  605000 1198000   240 9.86
1.046 0.0769 78.97 44.00  78  46  605000 1198000   240 9.86
1.047 0.0781 78.99 44.00  78  46  605000 1198000   240 9.86
1.049 0.0811 79.02 44.00  78  46  605000 1198000   240 9.86
1.051 0.0793 79.06 44.00  78  46  605000 1198000   240 9.86
1.052 0.0805 79.12 44.00  78  46  605000 1198000   240 9.86
1.054 0.0779 79.18 44.00  78  46  605000 1198000   240 9.86
1.056 0.0743 79.26 44.00  78  46  605000 1198000   240 9.86
1.057 0.0781 79.33 44.00  78  46  605000 1198000   240 9.86
1.059 0.0768 79.41 44.00  78  46  605000 1198000   240 9.86
1.061 0.0804 79.48 44.00  78  46  605000 1198000   240 9.86
1.062 0.0807 79.55 44.00  78  46  605000 1198000   240 9.86
1.064 0.0776 79.61 44.00  78  46  605000 1198000   240 9.86
1.066 0.0823 79.66 44.00  78  46  605000 1198000   240 9.86
1.067 0.0829 79.69 44.00  78  46  605000 1198000   240 9.86
1.069 0.0790 79.72 44.00  78  46  605000 1198000   240 9.86
1.071 0.0795 79.76 44.00  78  46  605000 1198000   240 9.86
1.073 0.0843 79.81 44.00  78  46  605000 1198000   240 9.86
1.074 0.0791 79.86 44.00  78  46  605000 1198000   240 9.86
1.076 0.0761 79.92 44.00  78  46  605000 1198000   240 9.86
1.078 0.0810 79.98 44.00  78  46  605000 1198000   240 9.86
1.079 0.0830 80.04 44.00  78  46  605000 1198000   240 9.86
1.081 0.0765 80.09 44.00  78  46  605000 1198000   240 9.86
1.083 0.0816 80.12 44.00  78  46  605000 1198000   240 9.86
1.084 0.0829 80.13 44.00  78  46  605000 1198000   240 9.86
1.086 0.0777 80.12 44.00  78  46  605000 1198000   240 9.86
1.088 0.0766 80.11 44.00  78  46  605000 1198000   240 9.86
1.089 0.0807 80.10 44.00  78  46  605000 1198000   240 9.86
1.091 0.0799 80.11 44.00  78  46  605000 1198000   240 9.86
1.093 0.0806 80.14 44.00  78  46  605000 1198000   240 9.86
1.094 0.0800 80.21 44.00  78  46  605000 1198000   240 9.86
1.096 0.0785 80.29 44.00  78  46  605000 1198000   240 9.86
1.098 0.0783 80.41 44.00  78  46  605000 1198000   240 9.86
1.099 0.0847 80.56 44.00  78  46  605000 1198000   240 9.86
1.101 0.0835 80.73 44.00  78  46  605000 1198000   240 9.86
1.103 0.0828 80.92 44.00  78  46  605000 1198000   240 9.86
1.105 0.0776 81.11 44.00  78  46  605000 1198000   240 9.86
1.106 0.0799 81.28 44.00  78  46  605000 1198000   240 9.86
1.108 0.0826 81.45 44.00  78  46  605000 1198000   240 9.86
1.110 0.0839 81.60 44.00  78  46  605000 1198000   240 9.86
1.111 0.0782 81.72 44.00  78  46  605000 1198000   240 9.86
1.113 0.0787 81.81 44.00  78  46  605000 1198000   240 9.86
1.115 0.0834 81.85 44.00  78  46  605000 1198000   240 9.86
1.116 0.0786 81.86 44.00  78  46  605000 1198000   240 9.86
1.118 0.0851 81.83 44.00  78  46  605000 1198000   240 9.86
1.120 0.0853 81.77 44.00  78  46  605000 1198000   240 9.86
1.121 0.0876 81.70 44.00  78  46  605000 1198000   240 9.86
1.123 0.0751 81.62 44.00  78  46  605000 1198000   240 9.86
1.125 0.0827 81.55 44.00  78  46  605000 1198000   240 9.86
1.126 0.0801 81.49 44.00  78  46  605000 1198000   240 9.86
1.128 0.0826 81.45 44.00  78  46  605000 1198000   240 9.86
1.130 0.0900 81.40 44.00  78  46  605000 1198000   240 9.86
1.132 0.0814 81.37 44.00  78  46  605000 1198000   240 9.86
1.133 0.0706 81.34 44.00  78  46  605000 1198000   240 9.86
1.135 0.0817 81.31 44.00  78  46  605000 1198000   240 9.86
1.137 0.0798 81.29 44.00  78  46  605000 1198000   240 9.86
1.138 0.0809 81.28 44.00  78  46  605000 1198000   240 9.86
1.140 0.0874 81.28 44.00  78  46  605000 1198000   240 9.86
1.142 0.0735 81.30 44.00  78  46  605000 1198000   240 9.86
1.143 0.0800 81.32 44.00  78  46  605000 1198000   240 9.86
1.145 0.0820 81.35 44.00  78  46  605000 1198000   240 9.86
1.147 0.0825 81.42 44.00  78  46  605000 1198000   240 9.86
1.148 0.0860 81.53 44.00  78  46  605000 1198000   240 9.86
1.150 0.0835 81.70 44.00  78  46  605000 1198000   240 9.86
1.152 0.0777 81.89 44.00  78  46  605000 1198000   240 9.86
1.153 0.0850 82.12 44.00  78  46  605000 1198000   240 9.86
1.155 0.0863 82.36 44.00  78  46  605000 1198000   240 9.86
1.157 0.0760 82.61 44.00  78  46  605000 1198000   240 9.86
1.159 0.0863 82.86 44.00  78  46  605000 1198000   240 9.86
1.160 0.0829 83.10 44.00  78  46  605000 1198000   240 9.86
1.162 0.0736 83.32 44.00  78  46  605000 1198000   240 9.86
1.164 0.0916 83.51 44.00  78  46  605000 1198000   240 9.86
1.165 0.0840 83.67 44.00  78  46  605000 1198000   240 9.86
1.167 0.0858 83.80 44.00  78  46  605000 1198000   240 9.86
1.169 0.0806 83.92 44.00  78  46  605000 1198000   240 9.86
1.170 0.0840 84.04 44.00  78  46  605000 1198000   240 9.86
1.172 0.0800 84.17 44.00  78  46  605000 1198000   240 9.86
1.174 0.0835 84.30 44.00  78  46  605000 1198000   240 9.86
1.175 0.0845 84.42 44.00  78  46  605000 1198000   240 9.86
1.177 0.0911 84.53 44.00  78  46  605000 1198000   240 9.86
1.179 0.0967 84.63 44.00  78  46  605000 1198000   240 9.86
1.180 0.0779 84.70 44.00  78  46  605000 1198000   240 9.86
1.182 0.0778 84.75 44.00  78  46  605000 1198000   240 9.86
1.184 0.0828 84.77 44.00  78  46  605000 1198000   240 9.86
1.185 0.0882 84.75 44.00  78  46  605000 1198000   240 9.86
1.187 0.0900 84.71 44.00  78  46  605000 1198000   240 9.86
1.189 0.0798 84.67 44.00  78  46  605000 1198000   240 9.86
1.191 0.0783 84.62 44.00  78  46  605000 1198000   240 9.86
1.192 0.0877 84.57 44.00  78  46  605000 1198000   240 9.86
1.194 0.0872 84.52 44.00  78  46  605000 1198000   240 9.86
1.196 0.0820 84.47 44.00  78  46  605000 1198000   240 9.86
1.197 0.0914 84.43 44.00  78  46  605000 1198000   240 9.86
1.199 0.0836 84.40 44.00  78  46  605000 1198000   240 9.86
1.201 0.0828 84.36 44.00  78  46  605000 1198000   240 9.86
1.202 0.0848 84.33 44.00  78  46  605000 1198000   240 9.86
1.204 0.0820 84.30 44.00  78  46  605000 1198000   240 9.86
1.206 0.0813 84.27 44.00  78  46  605000 1198000   240 9.86
1.207 0.0800 84.23 44.00  78  46  605000 1198000   240 9.86
1.209 0.0887 84.18 44.00  78  46  605000 1198000   240 9.86
1.211 0.0838 84.13 44.00  78  46  605000 1198000   240 9.86
1.212 0.0826 84.06 44.00  78  46  605000 1198000   240 9.86
1.214 0.0864 83.98 44.00  78  46  605000 1198000   240 9.86
1.216 0.0885 83.89 44.00  78  46  605000 1198000   240 9.86
1.218 0.0839 83.79 44.00  78  46  605000 1198000   240 9.86
1.219 0.0823 83.70 44.00  78  46  605000 1198000   240 9.86
1.221 0.0861 83.63 44.00  78  46  605000 1198000   240 9.86
1.223 0.0834 83.56 44.00  78  46  605000 1198000   240 9.86
1.224 0.0796 83.48 44.00  78  46  605000 1198000   240 9.86
1.226 0.0832 83.41 44.00  78  46  605000 1198000   240 9.86
1.228 0.0813 83.34 44.00  78  46  605000 1198000   240 9.86
1.229 0.0855 83.27 44.00  78  46  605000 1198000   240 9.86
1.231 0.0855 83.20 44.00  78  46  605000 1198000   240 9.86
1.233 0.0833 83.14 44.00  78  46  605000 1198000   240 9.86
1.234 0.0772 83.08 44.00  78  46  605000 1198000   240 9.86
1.236 0.0838 83.02 44.00  78  46  605000 1198000   240 9.86
1.238 0.0814 82.96 44.00  78  46  605000 1198000   240 9.86
1.239 0.0831 82.91 44.00  78  46  605000 1198000   240 9.86
1.241 0.0899 82.86 44.00  78  46  605000 1198000   240 9.86
1.243 0.0835 82.84 44.00  78  46  605000 1198000   240 9.86
1.245 0.0790 82.82 44.00  78  46  605000 1198000   240 9.86
1.246 0.0825 82.82 44.00  78  46  605000 1198000   240 9.86
1.248 0.0795 82.82 44.00  78  46  605000 1198000   240 9.86
1.250 0.0855 82.82 44.00  78  46  605000 1198000   240 9.86
1.251 0.0858 82.82 44.00  78  46  605000 1198000   240 9.86
1.253 0.0813 82.83 44.00  78  46  605000 1198000   240 9.86
1.255 0.0816 82.84 44.00  78  46  605000 1198000   240 9.86
1.256 0.0841 82.85 44.00  78  46  605000 1198000   240 9.86
1.258 0.0829 82.86 44.00  78  46  605000 1198000   240 9.86
1.260 0.0843 82.87 44.00  78  46  605000 1198000   240 9.86
1.261 0.0831 82.90 44.00  78  46  605000 1198000   240 9.86
1.263 0.0872 82.92 44.00  78  46  605000 1198000   240 9.86
1.265 0.0753 82.96 44.00  78  46  605000 1198000   240 9.86
1.266 0.0808 82.99 44.00  78  46  605000 1198000   240 9.86
1.268 0.0796 83.01 44.00  78  46  605000 1198000   240 9.86
1.270 0.0858 83.02 44.00  78  46  605000 1198000   240 9.86
1.272 0.0846 83.03 44.00  78  46  605000 1198000   240 9.86
1.273 0.0858 83.04 44.00  78  46  605000 1198000   240 9.86
1.275 0.0843 83.05 44.00  78  46  605000 1198000   240 9.86
1.277 0.0804 83.06 44.00  78  46  605000 1198000   240 9.86
1.278 0.0854 83.07 44.00  78  46  605000 1198000   240 9.86
1.280 0.0850 83.09 44.00  78  46  605000 1198000   240 9.86
1.282 0.0812 83.13 44.00  78  46  605000 1198000   240 9.86
1.283 0.0859 83.18 44.00  78  46  605000 1198000   240 9.86
1.285 0.0809 83.26 44.00  78  46  605000 1198000   240 9.86
1.287 0.0813 83.35 44.00  78  46  605000 1198000   240 9.86
1.288 0.0847 83.45 44.00  78  46  605000 1198000   240 9.86
1.290 0.0834 83.56 44.00  78  46  605000 1198000   240 9.86
1.292 0.0815 83.67 44.00  78  46  605000 1198000   240 9.86
1.293 0.0888 83.78 44.00  78  46  605000 1198000   240 9.86
1.295 0.0816 83.89 44.00  78  46  605000 1198000   240 9.86
1.297 0.0792 84.01 44.00  78  46  605000 1198000   240 9.86
1.298 0.0854 84.14 44.00  78  46  605000 1198000   240 9.86
1.300 0.0810 84.28 44.00  78  46  605000 1198000   240 9.86
1.302 0.0859 84.44 44.00  78  46  605000 1198000   240 9.86
1.304 0.0874 84.64 44.00  78  46  605000 1198000   240 9.86
1.305 0.0871 84.86 44.00  78  46  605000 1198000   240 9.86
1.307 0.0854 85.09 44.00  78  46  605000 1198000   240 9.86
1.309 0.0831 85.31 44.00  78  46  605000 1198000   240 9.86
1.310 0.0874 85.53 44.00  78  46  605000 1198000   240 9.86
1.312 0.0850 85.74 44.00  78  46  605000 1198000   240 9.86
1.314 0.0869 85.94 44.00  78  46  605000 1198000   240 9.86
1.315 0.0863 86.13 44.00  78  46  605000 1198000   240 9.86
1.317 0.0858 86.31 44.00  78  46  605000 1198000   240 9.86
1.319 0.0887 86.49 44.00  78  46  605000 1198000   240 9.86
1.320 0.0832 86.65 44.00  78  46  605000 1198000   240 9.86
1.322 0.0828 86.81 44.00  78  46  605000 1198000   240 9.86
1.324 0.0902 86.96 44.00  78  46  605000 1198000   240 9.86
1.325 0.0885 87.09 44.00  78  46  605000 1198000   240 9.86
1.327 0.0893 87.20 44.00  78  46  605000 1198000   240 9.86
1.329 0.0815 87.31 44.00  78  46  605000 1198000   240 9.86
1.331 0.0935 87.42 44.00  78  46  605000 1198000   240 9.86
1.332 0.0855 87.54 44.00  78  46  605000 1198000   240 9.86
1.334 0.0874 87.67 44.00  78  46  605000 1198000   240 9.86
1.336 0.0892 87.82 44.00  78  46  605000 1198000   240 9.86
1.337 0.0857 87.97 44.00  78  46  605000 1198000   240 9.86
1.339 0.0873 88.13 44.00  78  46  605000 1198000   240 9.86
1.341 0.0885 88.28 44.00  78  46  605000 1198000   240 9.86
1.342 0.0912 88.42 44.00  78  46  605000 1198000   240 9.86
1.344 0.0870 88.57 44.00  78  46  605000 1198000   240 9.86
1.346 0.0888 88.71 44.00  78  46  605000 1198000   240 9.86
1.347 0.0925 88.86 44.00  78  46  605000 1198000   240 9.86
1.349 0.0842 89.00 44.00  78  46  605000 1198000   240 9.86
1.351 0.0923 89.15 44.00  78  46  605000 1198000   240 9.86
1.352 0.0855 89.30 44.00  78  46  605000 1198000   240 9.86
1.354 0.0924 89.45 44.00  78  46  605000 1198000   240 9.86
1.356 0.0811 89.63 44.00  78  46  605000 1198000   240 9.86
1.358 0.0969 89.82 44.00  78  46  605000 1198000   240 9.86
1.359 0.0932 90.03 44.00  78  46  605000 1198000   240 9.86
1.361 0.0872 90.26 44.00  78  46  605000 1198000   240 9.86
1.363 0.0945 90.49 44.00  78  46  605000 1198000   240 9.86
1.364 0.0891 90.72 44.00  78  46  605000 1198000   240 9.86
1.366 0.0866 90.96 44.00  78  46  605000 1198000   240 9.86
1.368 0.0917 91.21 44.00  78  46  605000 1198000   240 9.86
1.369 0.0934 91.46 44.00  78  46  605000 1198000   240 9.86
1.371 0.0893 91.71 44.00  78  46  605000 1198000   240 9.86
1.373 0.0948 91.96 44.00  78  46  605000 1198000   240 9.86
1.374 0.0923 92.22 44.00  78  46  605000 1198000   240 9.86
1.376 0.0903 92.50 44.00  78  46  605000 1198000   240 9.86
1.378 0.0909 92.79 44.00  78  46  605000 1198000   240 9.86
1.379 0.0961 93.09 44.00  78  46  605000 1198000   240 9.86
1.381 0.0948 93.40 44.00  78  46  605000 1198000   240 9.86
1.383 0.0926 93.71 44.00  78  46  605000 1198000   240 9.86
1.384 0.0944 94.04 44.00  78  46  605000 1198000   240 9.86
1.386 0.0960 94.38 44.00  78  46  605000 1198000   240 9.86
1.388 0.0941 94.74 44.00  78  46  605000 1198000   240 9.86
1.390 0.0952 95.11 44.00  78  46  605000 1198000   240 9.86
1.391 0.0915 95.50 44.00  78  46  605000 1198000   240 9.86
1.393 0.0944 95.88 44.00  78  46  605000 1198000   240 9.86
1.395 0.1011 96.24 44.00  78  46  605000 1198000   240 9.86
1.396 0.0946 96.58 44.00  78  46  605000 1198000   240 9.86
1.398 0.0953 96.90 44.00  78  46  605000 1198000   240 9.86
1.400 0.0980 97.21 44.00  78  46  605000 1198000   240 9.86
1.401 0.0957 97.49 44.00  78  46  605000 1198000   240 9.86
1.403 0.0978 97.76 44.00  78  46  605000 1198000   240 9.86
1.405 0.1043 98.01 44.00  78  46  605000 1198000   240 9.86
1.406 0.0986 98.25 44.00  78  46  605000 1198000   240 9.86
1.408 0.0975 98.48 44.00  78  46  605000 1198000   240 9.86
1.410 0.0951 98.70 44.00  78  46  605000 1198000   240 9.86
1.411 0.1022 98.91 44.00  78  46  605000 1198000   240 9.86
1.413 0.0963 99.11 44.00  78  46  605000 1198000   240 9.86
1.415 0.1034 99.31 44.00  78  46  605000 1198000   240 9.86
1.417 0.1024 99.50 44.00  78  46  605000 1198000   240 9.86
1.418 0.0966 99.70 44.00  78  46  605000 1198000   240 9.86
1.420 0.1008 99.92 44.00  78  46  605000 1198000   240 9.86
1.422 0.0981 100.14 44.00  78  46  605000 1198000   240 9.86
1.423 0.0976 100.39 44.00  78  46  605000 1198000   240 9.86
1.425 0.0978 100.65 44.00  78  46  605000 1198000   240 9.86
1.427 0.1052 100.94 44.00  78  46  605000 1198000   240 9.86
1.428 0.1003 101.25 44.00  78  46  605000 1198000   240 9.86
1.430 0.1015 101.57 44.00  78  46  605000 1198000   240 9.86
1.432 0.1015 101.92 44.00  78  46  605000 1198000   240 9.86
1.433 0.0970 102.27 44.00  78  46  605000 1198000   240 9.86
1.435 0.1053 102.65 44.00  78  46  605000 1198000   240 9.86
1.437 0.1069 103.04 44.00  78  46  605000 1198000   240 9.86
1.438 0.1033 103.43 44.00  78  46  605000 1198000   240 9.86
1.440 0.1036 103.83 44.00  78  46  605000 1198000   240 9.86
1.442 0.1026 104.22 44.00  78  46  605000 1198000   240 9.86
1.444 0.1041 104.60 44.00  78  46  605000 1198000   240 9.86
1.445 0.1052 104.97 44.00  78  46  605000 1198000   240 9.86
1.447 0.1085 105.34 44.00  78  46  605000 1198000   240 9.86
1.449 0.1082 105.70 44.00  78  46  605000 1198000   240 9.86
1.450 0.1045 106.03 44.00  78  46  605000 1198000   240 9.86
1.452 0.1118 106.34 44.00  78  46  605000 1198000   240 9.86
1.454 0.0954 106.62 44.00  78  46  605000 1198000   240 9.86
1.455 0.1127 106.88 44.00  78  46  605000 1198000   240 9.86
1.457 0.1044 107.12 44.00  78  46  605000 1198000   240 9.86
1.459 0.1060 107.36 44.00  78  46  605000 1198000   240 9.86
1.460 0.1111 107.60 44.00  78  46  605000 1198000   240 9.86
1.462 0.1050 107.85 44.00  78  46  605000 1198000   240 9.86
1.464 0.1096 108.09 44.00  78  46  605000 1198000   240 9.86
1.465 0.1118 108.34 44.00  78  46  605000 1198000   240 9.86
1.467 0.1028 108.59 44.00  78  46  605000 1198000   240 9.86
1.469 0.1138 108.86 44.00  78  46  605000 1198000   240 9.86
1.470 0.1050 109.14 44.00  78  46  605000 1198000   240 9.86
1.472 0.1105 109.44 44.00  78  46  605000 1198000   240 9.86
1.474 0.1125 109.76 44.00  78  46  605000 1198000   240 9.86
1.476 0.1094 110.10 44.00  78  46  605000 1198000   240 9.86
1.477 0.1089 110.48 44.00  78  46  605000 1198000   240 9.86
1.479 0.1123 110.88 44.00  78  46  605000 1198000   240 9.86
1.481 0.1097 111.30 44.00  78  46  605000 1198000   240 9.86
1.482 0.1116 111.74 44.00  78  46  605000 1198000   240 9.86
1.484 0.1100 112.19 44.00  78  46  605000 1198000   240 9.86
1.486 0.1130 112.64 44.00  78  46  605000 1198000   240 9.86
1.487 0.1137 113.11 44.00  78  46  605000 1198000   240 9.86
1.489 0.1201 113.59 44.00  78  46  605000 1198000   240 9.86
1.491 0.1085 114.10 44.00  78  46  605000 1198000   240 9.86
1.492 0.1158 114.63 44.00  78  46  605000 1198000   240 9.86
1.494 0.1129 115.17 44.00  78  46  605000 1198000   240 9.86
1.496 0.1131 115.72 44.00  78  46  605000 1198000   240 9.86
1.497 0.1189 116.27 44.00  78  46  605000 1198000   240 9.86
1.499 0.1177 116.82 44.00  78  46  605000 1198000   240 9.86
1.501 0.1196 117.38 44.00  78  46  605000 1198000   240 9.86
1.503 0.1177 117.95 44.00  78  46  605000 1198000   240 9.86
1.504 0.1179 118.54 44.00  78  46  605000 1198000   240 9.86
1.506 0.1231 119.16 44.00  78  46  605000 1198000   240 9.86
1.508 0.1173 119.82 44.00  78  46  605000 1198000   240 9.86
1.509 0.1213 120.50 44.00  78  46  605000 1198000   240 9.86
1.511 0.1179 121.22 44.00  78  46  605000 1198000   240 9.86
1.513 0.1206 121.95 44.00  78  46  605000 1198000   240 9.86
1.514 0.1239 122.71 44.00  78  46  605000 1198000   240 9.86
1.516 0.1258 123.48 44.00  78  46  605000 1198000   240 9.86
1.518 0.1206 124.26 44.00  78  46  605000 1198000   240 9.86
1.519 0.1247 125.06 44.00  78  46  605000 1198000   240 9.86
1.521 0.1300 125.86 44.00  78  46  605000 1198000   240 9.86
1.523 0.1249 126.67 44.00  78  46  605000 1198000   240 9.86
1.524 0.1206 127.47 44.00  78  46  605000 1198000   240 9.86
1.526 0.1298 128.26 44.00  78  46  605000 1198000   240 9.86
1.528 0.1300 129.06 44.00  78  46  605000 1198000   240 9.86
1.530 0.1336 129.87 44.00  78  46  605000 1198000   240 9.86
1.531 0.1266 130.68 44.00  78  46  605000 1198000   240 9.86
1.533 0.1413 131.50 44.00  78  46  605000 1198000   240 9.86
1.535 0.1279 132.31 44.00  78  46  605000 1198000   240 9.86
1.536 0.1380 133.13 44.00  78  46  605000 1198000   240 9.86
1.538 0.1332 133.95 44.00  78  46  605000 1198000   240 9.86
1.540 0.1343 134.78 44.00  78  46  605000 1198000   240 9.86
1.541 0.1328 135.61 44.00  78  46  605000 1198000   240 9.86
1.543 0.1367 136.43 44.00  78  46  605000 1198000   240 9.86
1.545 0.1327 137.26 44.00  78  46  605000 1198000   240 9.86
1.546 0.1374 138.09 44.00  78  46  605000 1198000   240 9.86
1.548 0.1445 138.93 44.00  78  46  605000 1198000   240 9.86
1.550 0.1404 139.78 44.00  78  46  605000 1198000   240 9.86
1.551 0.1340 140.63 44.00  78  46  605000 1198000   240 9.86
1.553 0.1445 141.48 44.00  78  46  605000 1198000   240 9.86
1.555 0.1377 142.34 44.00  78  46  605000 1198000   240 9.86
1.556 0.1460 143.22 44.00  78  46  605000 1198000   240 9.86
1.558 0.1418 144.10 44.00  78  46  605000 1198000   240 9.86
1.560 0.1564 144.99 44.00  78  46  605000 1198000   240 9.86
1.562 0.1374 145.87 44.00  78  46  605000 1198000   240 9.86
1.563 0.1440 146.75 44.00  78  46  605000 1198000   240 9.86
1.565 0.1509 147.63 44.00  78  46  605000 1198000   240 9.86
1.567 0.1569 148.50 44.00  78  46  605000 1198000   240 9.86
1.568 0.1440 149.38 44.00  78  46  605000 1198000   240 9.86
1.570 0.1522 150.27 44.00  78  46  605000 1198000   240 9.86
1.572 0.1529 151.14 44.00  78  46  605000 1198000   240 9.86
1.573 0.1456 152.02 44.00  78  46  605000 1198000   240 9.86
1.575 0.1508 152.89 44.00  78  46  605000 1198000   240 9.86
1.577 0.1618 153.78 44.00  78  46  605000 1198000   240 9.86
1.578 0.1520 154.68 44.00  78  46  605000 1198000   240 9.86
1.580 0.1545 155.59 44.00  78  46  605000 1198000   240 9.86
1.582 0.1573 156.51 44.00  78  46  605000 1198000   240 9.86
1.583 0.1555 157.43 44.00  78  46  605000 1198000   240 9.86
1.585 0.1535 158.37 44.00  78  46  605000 1198000   240 9.86
1.587 0.1654 159.32 44.00  78  46  605000 1198000   240 9.86
1.589 0.1566 160.30 44.00  78  46  605000 1198000   240 9.86
1.590 0.1583 161.30 44.00  78  46  605000 1198000   240 9.86
1.592 0.1643 162.34 44.00  78  46  605000 1198000   240 9.86
1.594 0.1607 163.40 44.00  78  46  605000 1198000   240 9.86
1.595 0.1714 164.48 44.00  78  46  605000 1198000   240 9.86
1.597 0.1711 165.56 44.00  78  46  605000 1198000   240 9.86
1.599 0.1656 166.64 44.00  78  46  605000 1198000   240 9.86
1.600 0.1632 167.70 44.00  78  46  605000 1198000   240 9.86
1.602 0.1685 168.72 44.00  78  46  605000 1198000   240 9.86
1.604 0.1661 169.69 44.00  78  46  605000 1198000   240 9.86
1.605 0.1649 170.61 44.00  78  46  605000 1198000   240 9.86
1.607 0.1867 171.50 44.00  78  46  605000 1198000   240 9.86
1.609 0.1657 172.34 44.00  78  46  605000 1198000   240 9.86
1.610 0.1681 173.14 44.00  78  46  605000 1198000   240 9.86
1.612 0.1752 173.92 44.00  78  46  605000 1198000   240 9.86
1.614 0.1838 174.66 44.00  78  46  605000 1198000   240 9.86
1.616 0.1691 175.39 44.00  78  46  605000 1198000   240 9.86
1.617 0.1789 176.11 44.00  78  46  605000 1198000   240 9.86
1.619 0.1809 176.83 44.00  78  46  605000 1198000   240 9.86
1.621 0.1776 177.53 44.00  78  46  605000 1198000   240 9.86
1.622 0.1713 178.24 44.00  78  46  605000 1198000   240 9.86
1.624 0.1870 178.92 44.00  78  46  605000 1198000   240 9.86
1.626 0.1763 179.58 44.00  78  46  605000 1198000   240 9.86
1.627 0.1790 180.20 44.00  78  46  605000 1198000   240 9.86
1.629 0.1691 180.79 44.00  78  46  605000 1198000   240 9.86
1.631 0.1889 181.33 44.00  78  46  605000 1198000   240 9.86
1.632 0.1810 181.83 44.00  78  46  605000 1198000   240 9.86
1.634 0.1783 182.28 44.00  78  46  605000 1198000   240 9.86
1.636 0.1866 182.69 44.00  78  46  605000 1198000   240 9.86
1.637 0.1851 183.09 44.00  78  46  605000 1198000   240 9.86
1.639 0.1864 183.50 44.00  78  46  605000 1198000   240 9.86
1.641 0.1828 183.90 44.00  78  46  605000 1198000   240 9.86
1.642 0.1838 184.32 44.00  78  46  605000 1198000   240 9.86
1.644 0.1881 184.73 44.00  78  46  605000 1198000   240 9.86
1.646 0.1873 185.13 44.00  78  46  605000 1198000   240 9.86
1.648 0.1859 185.51 44.00  78  46  605000 1198000   240 9.86
1.649 0.1804 185.86 44.00  78  46  605000 1198000   240 9.86
1.651 0.1847 186.19 44.00  78  46  605000 1198000   240 9.86
1.653 0.1862 186.47 44.00  78  46  605000 1198000   240 9.86
1.654 0.1884 186.71 44.00  78  46  605000 1198000   240 9.86
1.656 0.1846 186.91 44.00  78  46  605000 1198000   240 9.86
1.658 0.1809 187.07 44.00  78  46  605000 1198000   240 9.86
1.659 0.1950 187.22 44.00  78  46  605000 1198000   240 9.86
1.661 0.1851 187.35 44.00  78  46  605000 1198000   240 9.86
1.663 0.1874 187.49 44.00  78  46  605000 1198000   240 9.86
1.664 0.1910 187.64 44.00  78  46  605000 1198000   240 9.86
1.666 0.1812 187.80 44.00  78  46  605000 1198000   240 9.86
1.668 0.1912 187.96 44.00  78  46  605000 1198000   240 9.86
1.669 0.1934 188.11 44.00  78  46  605000 1198000   240 9.86
1.671 0.1876 188.23 44.00  78  46  605000 1198000   240 9.86
1.673 0.1936 188.32 44.00  78  46  605000 1198000   240 9.86
1.675 0.1793 188.35 44.00  78  46  605000 1198000   240 9.86
1.676 0.1845 188.33 44.00  78  46  605000 1198000   240 9.86
1.678 0.1882 188.25 44.00  78  46  605000 1198000   240 9.86
1.680 0.1892 188.10 44.00  78  46  605000 1198000   240 9.86
1.681 0.1908 187.88 44.00  78  46  605000 1198000   240 9.86
1.683 0.1873 187.59 44.00  78  46  605000 1198000   240 9.86
1.685 0.1844 187.23 44.00  78  46  605000 1198000   240 9.86
1.687 0.1861 186.80 44.00  78  46  605000 1198000   240 9.86
1.689 0.1898 186.29 44.00  78  46  605000 1198000   240 9.86
1.691 0.1832 185.70 44.00  78  46  605000 1198000   240 9.86
1.694 0.1906 185.03 44.00  78  46  605000 1198000   240 9.86
1.696 0.1860 184.27 44.00  78  46  605000 1198000   240 9.86
1.698 0.1807 183.43 44.00  78  46  605000 1198000   240 9.86
1.701 0.1831 182.51 44.00  78  46  605000 1198000   240 9.86
1.704 0.1751 181.50 44.00  78  46  605000 1198000   240 9.86
1.706 0.1843 180.40 44.00  78  46  605000 1198000   240 9.86
1.709 0.1780 179.22 44.00  78  46  605000 1198000   240 9.86
1.712 0.1774 177.92 44.00  78  46  605000 1198000   240 9.86
1.715 0.1763 176.50 44.00  78  46  605000 1198000   240 9.86
1.719 0.1747 174.91 44.00  78  46  605000 1198000   240 9.86
1.722 0.1751 173.13 44.00  78  46  605000 1198000   240 9.86
1.726 0.1673 171.13 44.00  78  46  605000 1198000   240 9.86
1.729 0.1704 168.89 44.00  78  46  605000 1198000   240 9.86
1.733 0.1639 166.39 44.00  78  46  605000 1198000   240 9.86
1.737 0.1632 163.59 44.00  78  46  605000 1198000   240 9.86
1.741 0.1613 160.49 44.00  78  46  605000 1198000   240 9.86
1.746 0.1595 157.09 44.00  78  46  605000 1198000   240 9.86
1.750 0.1548 153.40 44.00  78  46  605000 1198000   240 9.86
1.755 0.1527 149.44 44.00  78  46  605000 1198000   240 9.86
1.760 0.1509 145.24 44.00  78  46  605000 1198000   240 9.86
1.765 0.1491 140.83 44.00  78  46  605000 1198000   240 9.86
1.770 0.1421 136.26 44.00  78  46  605000 1198000   240 9.86
1.776 0.1374 131.58 44.00  78  46  605000 1198000   240 9.86
1.782 0.1283 126.84 44.00  78  46  605000 1198000   240 9.86
1.788 0.1231 122.10 44.00  78  46  605000 1198000   240 9.86
1.794 0.1186 117.43 44.00  78  46  605000 1198000   240 9.86
1.801 0.1095 112.88 44.00  78  46  605000 1198000   240 9.86
1.808 0.1037 108.51 44.00  78  46  605000 1198000   240 9.86
1.815 0.0963 104.37 44.00  78  46  605000 1198000   240 9.86
1.822 0.0962 100.51 44.00  78  46  605000 1198000   240 9.86
1.830 0.0925 96.99 44.00  78  46  605000 1198000   240 9.86
1.838 0.0894 93.86 44.00  78  46  605000 1198000   240 9.86
1.847 0.0886 91.15 44.00  78  46  605000 1198000   240 9.86
1.855 0.0867 88.90 44.00  78  46  605000 1198000   240 9.86
1.863 0.0843 87.14 44.00  78  46  605000 1198000   240 9.86
1.872 0.0844 85.89 44.00  78  46  605000 1198000   240 9.86
1.880 0.0853 85.14 44.00  78  46  605000 1198000   240 9.86
1.889 0.0829 84.88 44.00  78  46  605000 1198000   240 9.86
1.897 0.0851 85.10 44.00  78  46  605000 1198000   240 9.86
1.906 0.0856 85.74 44.00  78  46  605000 1198000   240 9.86
1.914 0.0886 86.77 44.00  78  46  605000 1198000   240 9.86
1.922 0.0891 88.13 44.00  78  46  605000 1198000   240 9.86
1.931 0.0894 89.75 44.00  78  46  605000 1198000   240 9.86
1.939 0.0897 91.56 44.00  78  46  605000 1198000   240 9.86
1.948 0.0943 93.51 44.00  78  46  605000 1198000   240 9.86
1.956 0.0967 95.54 44.00  78  46  605000 1198000   240 9.86
1.965 0.0995 97.61 44.00  78  46  605000 1198000   240 9.86
1.973 0.1001 99.71 44.00  78  46  605000 1198000   240 9.86
1.981 0.1020 101.82 44.00  78  46  605000 1198000   240 9.86
1.990 0.1042 103.97 44.00  78  46  605000 1198000   240 9.86
1.998 0.1088 106.17 44.00  78  46  605000 1198000   240 9.86
2.007 0.1115 108.45 44.00  78  46  605000 1198000   240 9.86
2.015 0.1151 110.84 44.00  78  46  605000 1198000   240 9.86
2.024 0.1156 113.36 44.00  78  46  605000 1198000   240 9.86
2.032 0.1181 116.05 44.00  78  46  605000 1198000   240 9.86
2.040 0.1222 118.92 44.00  78  46  605000 1198000   240 9.86
2.049 0.1199 121.98 44.00  78  46  605000 1198000   240 9.86
2.057 0.1272 125.23 44.00  78  46  605000 1198000   240 9.86
2.066 0.1298 128.63 44.00  78  46  605000 1198000   240 9.86
2.074 0.1242 132.16 44.00  78  46  605000 1198000   240 9.86
2.083 0.1287 135.78 44.00  78  46  605000 1198000   240 9.86
2.091 0.1324 139.44 44.00  78  46  605000 1198000   240 9.86
2.099 0.1340 143.08 44.00  78  46  605000 1198000   240 9.86
2.108 0.1426 146.67 44.00  78  46  605000 1198000   240 9.86
2.116 0.1500 150.16 44.00  78  46  605000 1198000   240 9.86
2.125 0.1552 153.51 44.00  78  46  605000 1198000   240 9.86
2.133 0.1659 156.72 44.00  78  46  605000 1198000   240 9.86
2.142 0.1695 159.78 44.00  78  46  605000 1198000   240 9.86
2.150 0.1759 162.71 44.00  78  46  605000 1198000   240 9.86
2.159 0.1760 165.72 44.00  78  46  605000 1198000   240 9.86
2.167 0.1793 169.84 44.00  78  46  605000 1198000   240 9.86
2.175 0.1875 177.21 44.00  78  46  605000 1198000   240 9.86
2.184 0.1885 185.91 44.00  78  46  605000 1198000   240 9.86
2.192 0.1904 194.73 44.00  78  46  605000 1198000   240 9.86
2.201 0.1872 203.18 44.00  78  46  605000 1198000   240 9.86
2.209 0.1908 211.07 44.00  78  46  605000 1198000   240 9.86
2.218 0.1975 218.38 44.00  78  46  605000 1198000   240 9.86
2.226 0.2000 225.10 44.00  78  46  605000 1198000   240 9.86
2.234 0.1990 231.29 44.00  78  46  605000 1198000   240 9.86
2.243 0.2154 236.97 44.00  78  46  605000 1198000   240 9.86
2.251 0.2208 242.20 44.00  78  46  605000 1198000   240 9.86
2.260 0.2323 247.02 44.00  78  46  605000 1198000   240 9.86
2.268 0.2478 251.47 44.00  78  46  605000 1198000   240 9.86
2.277 0.2674 255.57 44.00  78  46  605000 1198000   240 9.86
2.285 0.2878 259.34 44.00  78  46  605000 1198000   240 9.86
2.293 0.3142 262.80 44.00  78  46  605000 1198000   240 9.86
2.302 0.3450 265.95 44.00  78  46  605000 1198000   240 9.86
2.310 0.3761 268.78 44.00  78  46  605000 1198000   240 9.86
2.319 0.4183 271.29 44.00  78  46  605000 1198000   240 9.86
2.327 0.4533 273.45 44.00  78  46  605000 1198000   240 9.86
2.336 0.4689 275.23 44.00  78  46  605000 1198000   240 9.86
2.344 0.0000 276.58 44.00  78  46  605000 1198000   240 9.86
2.352 0.0000 277.42 44.00  78  46  605000 1198000   240 9.86
