     x     qy smooth tpara  cd  zL     xTr    xCpl frame tma
-1.300 0.2566 222.87 55.00  59  46  590000 1044000   200 7.78
-1.289 0.2458 208.75 55.00  59  46  590000 1044000   200 7.78
-1.278 0.1998 195.33 55.00  59  46  590000 1044000   200 7.78
-1.267 0.2075 182.60 55.00  59  46  590000 1044000   200 7.78
-1.256 0.1752 170.54 55.00  59  46  590000 1044000   200 7.78
-1.244 0.1153 159.14 55.00  59  46  590000 1044000   200 7.78
-1.233 0.1202 148.39 55.00  59  46  590000 1044000   200 7.78
-1.222 0.1130 138.26 55.00  59  46  590000 1044000   200 7.78
-1.211 0.1030 128.74 55.00  59  46  590000 1044000   200 7.78
-1.200 0.0982 119.83 55.00  59  46  590000 1044000   200 7.78
-1.189 0.0939 111.52 55.00  59  46  590000 1044000   200 7.78
-1.178 0.0879 103.81 55.00  59  46  590000 1044000   200 7.78
-1.167 0.0854 96.68 55.00  59  46  590000 1044000   200 7.78
-1.156 0.0818 90.15 55.00  59  46  590000 1044000   200 7.78
-1.145 0.0798 84.21 55.00  59  46  590000 1044000   200 7.78
-1.134 0.0768 78.89 55.00  59  46  590000 1044000   200 7.78
-1.123 0.0744 74.21 55.00  59  46  590000 1044000   200 7.78
-1.112 0.0729 70.17 55.00  59  46  590000 1044000   200 7.78
-1.101 0.0703 66.84 55.00  59  46  590000 1044000   200 7.78
-1.090 0.0678 64.25 55.00  59  46  590000 1044000   200 7.78
-1.079 0.0661 62.47 55.00  59  46  590000 1044000   200 7.78
-1.068 0.0659 61.53 55.00  59  46  590000 1044000   200 7.78
-1.057 0.0643 61.33 55.00  59  46  590000 1044000   200 7.78
-1.046 0.0621 61.30 55.00  59  46  590000 1044000   200 7.78
-1.035 0.0615 60.53 55.00  59  46  590000 1044000   200 7.78
-1.024 0.0603 59.68 55.00  59  46  590000 1044000   200 7.78
-1.013 0.0598 58.77 55.00  59  46  590000 1044000   200 7.78
-1.002 0.0579 57.86 55.00  59  46  590000 1044000   200 7.78
-0.991 0.0579 57.00 55.00  59  46  590000 1044000   200 7.78
-0.980 0.0563 56.18 55.00  59  46  590000 1044000   200 7.78
-0.969 0.0565 55.42 55.00  59  46  590000 1044000   200 7.78
-0.958 0.0554 54.71 55.00  59  46  590000 1044000   200 7.78
-0.947 0.0547 54.08 55.00  59  46  590000 1044000   200 7.78
-0.936 0.0537 53.50 55.00  59  46  590000 1044000   200 7.78
-0.925 0.0532 53.00 55.00  59  46  590000 1044000   200 7.78
-0.914 0.0516 52.55 55.00  59  46  590000 1044000   200 7.78
-0.903 0.0523 52.16 55.00  59  46  590000 1044000   200 7.78
-0.892 0.0515 51.83 55.00  59  46  590000 1044000   200 7.78
-0.881 0.0499 51.56 55.00  59  46  590000 1044000   200 7.78
-0.870 0.0496 51.33 55.00  59  46  590000 1044000   200 7.78
-0.859 0.0514 51.14 55.00  59  46  590000 1044000   200 7.78
-0.848 0.0507 51.01 55.00  59  46  590000 1044000   200 7.78
-0.837 0.0512 50.92 55.00  59  46  590000 1044000   200 7.78
-0.826 0.0497 50.86 55.00  59  46  590000 1044000   200 7.78
-0.815 0.0523 50.85 55.00  59  46  590000 1044000   200 7.78
-0.804 0.0509 50.86 55.00  59  46  590000 1044000   200 7.78
-0.793 0.0504 50.90 55.00  59  46  590000 1044000   200 7.78
-0.782 0.0523 50.96 55.00  59  46  590000 1044000   200 7.78
-0.771 0.0522 51.02 55.00  59  46  590000 1044000   200 7.78
-0.760 0.0516 51.09 55.00  59  46  590000 1044000   200 7.78
-0.749 0.0516 51.16 55.00  59  46  590000 1044000   200 7.78
-0.738 0.0514 51.22 55.00  59  46  590000 1044000   200 7.78
-0.727 0.0509 51.25 55.00  59  46  590000 1044000   200 7.78
-0.716 0.0508 51.26 55.00  59  46  590000 1044000   200 7.78
-0.705 0.0505 51.24 55.00  59  46  590000 1044000   200 7.78
-0.694 0.0517 51.20 55.00  59  46  590000 1044000   200 7.78
-0.683 0.0515 51.14 55.00  59  46  590000 1044000   200 7.78
-0.672 0.0510 51.05 55.00  59  46  590000 1044000   200 7.78
-0.661 0.0509 50.96 55.00  59  46  590000 1044000   200 7.78
-0.650 0.0518 50.85 55.00  59  46  590000 1044000   200 7.78
-0.639 0.0512 50.74 55.00  59  46  590000 1044000   200 7.78
-0.628 0.0506 50.63 55.00  59  46  590000 1044000   200 7.78
-0.617 0.0502 50.52 55.00  59  46  590000 1044000   200 7.78
-0.606 0.0502 50.41 55.00  59  46  590000 1044000   200 7.78
-0.595 0.0504 50.29 55.00  59  46  590000 1044000   200 7.78
-0.584 0.0496 50.17 55.00  59  46  590000 1044000   200 7.78
-0.573 0.0497 50.05 55.00  59  46  590000 1044000   200 7.78
-0.562 0.0498 49.92 55.00  59  46  590000 1044000   200 7.78
-0.551 0.0500 49.80 55.00  59  46  590000 1044000   200 7.78
-0.540 0.0497 49.68 55.00  59  46  590000 1044000   200 7.78
-0.529 0.0488 49.56 55.00  59  46  590000 1044000   200 7.78
-0.518 0.0489 49.44 55.00  59  46  590000 1044000   200 7.78
-0.507 0.0501 49.33 55.00  59  46  590000 1044000   200 7.78
-0.496 0.0500 49.23 55.00  59  46  590000 1044000   200 7.78
-0.485 0.0492 49.13 55.00  59  46  590000 1044000   200 7.78
-0.474 0.0490 49.04 55.00  59  46  590000 1044000   200 7.78
-0.463 0.0494 48.96 55.00  59  46  590000 1044000   200 7.78
-0.452 0.0489 48.88 55.00  59  46  590000 1044000   200 7.78
-0.441 0.0484 48.80 55.00  59  46  590000 1044000   200 7.78
-0.430 0.0486 48.72 55.00  59  46  590000 1044000   200 7.78
-0.419 0.0479 48.63 55.00  59  46  590000 1044000   200 7.78
-0.407 0.0480 48.51 55.00  59  46  590000 1044000   200 7.78
-0.396 0.0482 48.38 55.00  59  46  590000 1044000   200 7.78
-0.385 0.0489 48.23 55.00  59  46  590000 1044000   200 7.78
-0.374 0.0491 48.07 55.00  59  46  590000 1044000   200 7.78
-0.363 0.0482 47.91 55.00  59  46  590000 1044000   200 7.78
-0.352 0.0481 47.75 55.00  59  46  590000 1044000   200 7.78
-0.341 0.0486 47.61 55.00  59  46  590000 1044000   200 7.78
-0.330 0.0477 47.50 55.00  59  46  590000 1044000   200 7.78
-0.319 0.0473 47.42 55.00  59  46  590000 1044000   200 7.78
-0.308 0.0479 47.39 55.00  59  46  590000 1044000   200 7.78
-0.297 0.0475 47.41 55.00  59  46  590000 1044000   200 7.78
-0.286 0.0465 47.48 55.00  59  46  590000 1044000   200 7.78
-0.275 0.0470 47.60 55.00  59  46  590000 1044000   200 7.78
-0.264 0.0489 47.77 55.00  59  46  590000 1044000   200 7.78
-0.253 0.0465 47.99 55.00  59  46  590000 1044000   200 7.78
-0.242 0.0458 48.24 55.00  59  46  590000 1044000   200 7.78
-0.231 0.0464 48.53 55.00  59  46  590000 1044000   200 7.78
-0.220 0.0469 48.83 55.00  59  46  590000 1044000   200 7.78
-0.209 0.0469 49.15 55.00  59  46  590000 1044000   200 7.78
-0.198 0.0485 49.46 55.00  59  46  590000 1044000   200 7.78
-0.187 0.0494 49.76 55.00  59  46  590000 1044000   200 7.78
-0.176 0.0517 50.02 55.00  59  46  590000 1044000   200 7.78
-0.165 0.0522 50.24 55.00  59  46  590000 1044000   200 7.78
-0.154 0.0506 50.39 55.00  59  46  590000 1044000   200 7.78
-0.143 0.0525 50.45 55.00  59  46  590000 1044000   200 7.78
-0.132 0.0508 50.41 55.00  59  46  590000 1044000   200 7.78
-0.121 0.0519 50.25 55.00  59  46  590000 1044000   200 7.78
-0.110 0.0520 49.95 55.00  59  46  590000 1044000   200 7.78
-0.099 0.0501 49.50 55.00  59  46  590000 1044000   200 7.78
-0.088 0.0494 48.90 55.00  59  46  590000 1044000   200 7.78
-0.077 0.0487 48.13 55.00  59  46  590000 1044000   200 7.78
-0.066 0.0482 47.20 55.00  59  46  590000 1044000   200 7.78
-0.055 0.0479 46.12 55.00  59  46  590000 1044000   200 7.78
-0.044 0.0473 44.89 55.00  59  46  590000 1044000   200 7.78
-0.033 0.0425 43.55 55.00  59  46  590000 1044000   200 7.78
-0.022 0.0433 42.11 55.00  59  46  590000 1044000   200 7.78
-0.011 0.0402 40.61 55.00  59  46  590000 1044000   200 7.78
0.000 0.0394 39.09 55.00  59  46  590000 1044000   200 7.78
0.011 0.0385 37.57 55.00  59  46  590000 1044000   200 7.78
0.022 0.0364 36.10 55.00  59  46  590000 1044000   200 7.78
0.033 0.0347 34.70 55.00  59  46  590000 1044000   200 7.78
0.044 0.0319 33.39 55.00  59  46  590000 1044000   200 7.78
0.055 0.0311 32.19 55.00  59  46  590000 1044000   200 7.78
0.066 0.0302 31.11 55.00  59  46  590000 1044000   200 7.78
0.077 0.0285 30.17 55.00  59  46  590000 1044000   200 7.78
0.088 0.0268 29.38 55.00  59  46  590000 1044000   200 7.78
0.099 0.0266 28.74 55.00  59  46  590000 1044000   200 7.78
0.110 0.0267 28.25 55.00  59  46  590000 1044000   200 7.78
0.121 0.0261 27.91 55.00  59  46  590000 1044000   200 7.78
0.132 0.0259 27.70 55.00  59  46  590000 1044000   200 7.78
0.143 0.0265 27.62 55.00  59  46  590000 1044000   200 7.78
0.154 0.0276 27.65 55.00  59  46  590000 1044000   200 7.78
0.165 0.0280 27.78 55.00  59  46  590000 1044000   200 7.78
0.176 0.0289 27.99 55.00  59  46  590000 1044000   200 7.78
0.187 0.0294 28.25 55.00  59  46  590000 1044000   200 7.78
0.198 0.0292 28.55 55.00  59  46  590000 1044000   200 7.78
0.209 0.0310 28.87 55.00  59  46  590000 1044000   200 7.78
0.220 0.0308 29.19 55.00  59  46  590000 1044000   200 7.78
0.231 0.0298 29.51 55.00  59  46  590000 1044000   200 7.78
0.242 0.0319 29.82 55.00  59  46  590000 1044000   200 7.78
0.253 0.0312 30.12 55.00  59  46  590000 1044000   200 7.78
0.264 0.0305 30.42 55.00  59  46  590000 1044000   200 7.78
0.275 0.0323 30.72 55.00  59  46  590000 1044000   200 7.78
0.286 0.0312 31.04 55.00  59  46  590000 1044000   200 7.78
0.297 0.0314 31.38 55.00  59  46  590000 1044000   200 7.78
0.308 0.0307 31.75 55.00  59  46  590000 1044000   200 7.78
0.319 0.0327 32.16 55.00  59  46  590000 1044000   200 7.78
0.330 0.0310 32.59 55.00  59  46  590000 1044000   200 7.78
0.341 0.0310 33.06 55.00  59  46  590000 1044000   200 7.78
0.352 0.0321 33.54 55.00  59  46  590000 1044000   200 7.78
0.363 0.0330 34.04 55.00  59  46  590000 1044000   200 7.78
0.374 0.0332 34.56 55.00  59  46  590000 1044000   200 7.78
0.385 0.0342 35.10 55.00  59  46  590000 1044000   200 7.78
0.396 0.0342 35.65 55.00  59  46  590000 1044000   200 7.78
0.407 0.0358 36.23 55.00  59  46  590000 1044000   200 7.78
0.419 0.0368 36.82 55.00  59  46  590000 1044000   200 7.78
0.430 0.0410 37.45 55.00  59  46  590000 1044000   200 7.78
0.441 0.0401 38.11 55.00  59  46  590000 1044000   200 7.78
0.452 0.0430 38.80 55.00  59  46  590000 1044000   200 7.78
0.463 0.0430 39.55 55.00  59  46  590000 1044000   200 7.78
0.474 0.0423 40.35 55.00  59  46  590000 1044000   200 7.78
0.485 0.0417 41.21 55.00  59  46  590000 1044000   200 7.78
0.496 0.0419 42.14 55.00  59  46  590000 1044000   200 7.78
0.507 0.0421 43.13 55.00  59  46  590000 1044000   200 7.78
0.518 0.0413 44.20 55.00  59  46  590000 1044000   200 7.78
0.529 0.0414 45.34 55.00  59  46  590000 1044000   200 7.78
0.540 0.0436 46.56 55.00  59  46  590000 1044000   200 7.78
0.551 0.0455 47.86 55.00  59  46  590000 1044000   200 7.78
0.562 0.0474 49.23 55.00  59  46  590000 1044000   200 7.78
0.573 0.0501 50.67 55.00  59  46  590000 1044000   200 7.78
0.584 0.0508 52.17 55.00  59  46  590000 1044000   200 7.78
0.595 0.0524 53.72 55.00  59  46  590000 1044000   200 7.78
0.606 0.0560 55.32 55.00  59  46  590000 1044000   200 7.78
0.617 0.0573 56.96 55.00  59  46  590000 1044000   200 7.78
0.628 0.0593 58.62 55.00  59  46  590000 1044000   200 7.78
0.639 0.0597 60.26 55.00  59  46  590000 1044000   200 7.78
0.650 0.0628 61.87 55.00  59  46  590000 1044000   200 7.78
0.661 0.0666 63.41 55.00  59  46  590000 1044000   200 7.78
0.672 0.0673 64.86 55.00  59  46  590000 1044000   200 7.78
0.683 0.0674 66.21 55.00  59  46  590000 1044000   200 7.78
0.694 0.0691 67.43 55.00  59  46  590000 1044000   200 7.78
0.704 0.0714 68.52 55.00  59  46  590000 1044000   200 7.78
0.715 0.0693 69.48 55.00  59  46  590000 1044000   200 7.78
0.724 0.0714 70.33 55.00  59  46  590000 1044000   200 7.78
0.734 0.0718 71.05 55.00  59  46  590000 1044000   200 7.78
0.743 0.0713 71.68 55.00  59  46  590000 1044000   200 7.78
0.751 0.0723 72.24 55.00  59  46  590000 1044000   200 7.78
0.759 0.0731 72.72 55.00  59  46  590000 1044000   200 7.78
0.767 0.0692 73.16 55.00  59  46  590000 1044000   200 7.78
0.775 0.0728 73.56 55.00  59  46  590000 1044000   200 7.78
0.782 0.0769 73.93 55.00  59  46  590000 1044000   200 7.78
0.789 0.0739 74.28 55.00  59  46  590000 1044000   200 7.78
0.796 0.0731 74.62 55.00  59  46  590000 1044000   200 7.78
0.802 0.0720 74.97 55.00  59  46  590000 1044000   200 7.78
0.809 0.0726 75.33 55.00  59  46  590000 1044000   200 7.78
0.815 0.0756 75.73 55.00  59  46  590000 1044000   200 7.78
0.820 0.0786 76.17 55.00  59  46  590000 1044000   200 7.78
0.826 0.0768 76.65 55.00  59  46  590000 1044000   200 7.78
0.831 0.0784 77.16 55.00  59  46  590000 1044000   200 7.78
0.836 0.0784 77.69 55.00  59  46  590000 1044000   200 7.78
0.841 0.0753 78.23 55.00  59  46  590000 1044000   200 7.78
0.845 0.0775 78.75 55.00  59  46  590000 1044000   200 7.78
0.850 0.0837 79.25 55.00  59  46  590000 1044000   200 7.78
0.854 0.0768 79.71 55.00  59  46  590000 1044000   200 7.78
0.858 0.0802 80.13 55.00  59  46  590000 1044000   200 7.78
0.862 0.0832 80.51 55.00  59  46  590000 1044000   200 7.78
0.866 0.0781 80.87 55.00  59  46  590000 1044000   200 7.78
0.870 0.0811 81.20 55.00  59  46  590000 1044000   200 7.78
0.873 0.0848 81.52 55.00  59  46  590000 1044000   200 7.78
0.876 0.0766 81.82 55.00  59  46  590000 1044000   200 7.78
0.880 0.0826 82.11 55.00  59  46  590000 1044000   200 7.78
0.883 0.0867 82.37 55.00  59  46  590000 1044000   200 7.78
0.886 0.0851 82.60 55.00  59  46  590000 1044000   200 7.78
0.888 0.0872 82.80 55.00  59  46  590000 1044000   200 7.78
0.891 0.0800 82.98 55.00  59  46  590000 1044000   200 7.78
0.894 0.0791 83.11 55.00  59  46  590000 1044000   200 7.78
0.896 0.0865 83.21 55.00  59  46  590000 1044000   200 7.78
0.899 0.0759 83.24 55.00  59  46  590000 1044000   200 7.78
0.901 0.0804 83.22 55.00  59  46  590000 1044000   200 7.78
0.903 0.0832 83.14 55.00  59  46  590000 1044000   200 7.78
0.905 0.0869 83.02 55.00  59  46  590000 1044000   200 7.78
0.907 0.0794 82.86 55.00  59  46  590000 1044000   200 7.78
0.910 0.0836 82.68 55.00  59  46  590000 1044000   200 7.78
0.912 0.0892 82.48 55.00  59  46  590000 1044000   200 7.78
0.914 0.0902 82.28 55.00  59  46  590000 1044000   200 7.78
0.916 0.0772 82.06 55.00  59  46  590000 1044000   200 7.78
0.919 0.0860 81.84 55.00  59  46  590000 1044000   200 7.78
0.921 0.0759 81.61 55.00  59  46  590000 1044000   200 7.78
0.923 0.0804 81.38 55.00  59  46  590000 1044000   200 7.78
0.925 0.0823 81.16 55.00  59  46  590000 1044000   200 7.78
0.927 0.0772 80.95 55.00  59  46  590000 1044000   200 7.78
0.930 0.0858 80.77 55.00  59  46  590000 1044000   200 7.78
0.932 0.0747 80.61 55.00  59  46  590000 1044000   200 7.78
0.934 0.0810 80.47 55.00  59  46  590000 1044000   200 7.78
0.936 0.0766 80.32 55.00  59  46  590000 1044000   200 7.78
0.938 0.0803 80.17 55.00  59  46  590000 1044000   200 7.78
0.941 0.0833 80.03 55.00  59  46  590000 1044000   200 7.78
0.943 0.0765 79.92 55.00  59  46  590000 1044000   200 7.78
0.945 0.0824 79.84 55.00  59  46  590000 1044000   200 7.78
0.947 0.0808 79.80 55.00  59  46  590000 1044000   200 7.78
0.949 0.0825 79.78 55.00  59  46  590000 1044000   200 7.78
0.952 0.0742 79.76 55.00  59  46  590000 1044000   200 7.78
0.954 0.0840 79.75 55.00  59  46  590000 1044000   200 7.78
0.956 0.0773 79.75 55.00  59  46  590000 1044000   200 7.78
0.958 0.0777 79.75 55.00  59  46  590000 1044000   200 7.78
0.960 0.0822 79.75 55.00  59  46  590000 1044000   200 7.78
0.963 0.0831 79.76 55.00  59  46  590000 1044000   200 7.78
0.965 0.0803 79.77 55.00  59  46  590000 1044000   200 7.78
0.967 0.0851 79.78 55.00  59  46  590000 1044000   200 7.78
0.969 0.0790 79.78 55.00  59  46  590000 1044000   200 7.78
0.971 0.0767 79.77 55.00  59  46  590000 1044000   200 7.78
0.974 0.0759 79.74 55.00  59  46  590000 1044000   200 7.78
0.976 0.0770 79.68 55.00  59  46  590000 1044000   200 7.78
0.978 0.0751 79.61 55.00  59  46  590000 1044000   200 7.78
0.980 0.0780 79.52 55.00  59  46  590000 1044000   200 7.78
0.982 0.0861 79.45 55.00  59  46  590000 1044000   200 7.78
0.985 0.0841 79.38 55.00  59  46  590000 1044000   200 7.78
0.987 0.0757 79.31 55.00  59  46  590000 1044000   200 7.78
0.989 0.0752 79.23 55.00  59  46  590000 1044000   200 7.78
0.991 0.0781 79.14 55.00  59  46  590000 1044000   200 7.78
0.993 0.0840 79.03 55.00  59  46  590000 1044000   200 7.78
0.996 0.0853 78.93 55.00  59  46  590000 1044000   200 7.78
0.998 0.0808 78.82 55.00  59  46  590000 1044000   200 7.78
1.000 0.0791 78.72 55.00  59  46  590000 1044000   200 7.78
1.002 0.0754 78.60 55.00  59  46  590000 1044000   200 7.78
1.004 0.0750 78.47 55.00  59  46  590000 1044000   200 7.78
1.007 0.0772 78.31 55.00  59  46  590000 1044000   200 7.78
1.009 0.0733 78.12 55.00  59  46  590000 1044000   200 7.78
1.011 0.0801 77.91 55.00  59  46  590000 1044000   200 7.78
1.013 0.0796 77.70 55.00  59  46  590000 1044000   200 7.78
1.015 0.0809 77.51 55.00  59  46  590000 1044000   200 7.78
1.018 0.0751 77.34 55.00  59  46  590000 1044000   200 7.78
1.020 0.0780 77.22 55.00  59  46  590000 1044000   200 7.78
1.022 0.0846 77.17 55.00  59  46  590000 1044000   200 7.78
1.024 0.0720 77.18 55.00  59  46  590000 1044000   200 7.78
1.026 0.0732 77.26 55.00  59  46  590000 1044000   200 7.78
1.029 0.0749 77.37 55.00  59  46  590000 1044000   200 7.78
1.031 0.0771 77.51 55.00  59  46  590000 1044000   200 7.78
1.033 0.0791 77.66 55.00  59  46  590000 1044000   200 7.78
1.035 0.0778 77.82 55.00  59  46  590000 1044000   200 7.78
1.037 0.0816 78.00 55.00  59  46  590000 1044000   200 7.78
1.040 0.0768 78.18 55.00  59  46  590000 1044000   200 7.78
1.042 0.0700 78.34 55.00  59  46  590000 1044000   200 7.78
1.044 0.0800 78.48 55.00  59  46  590000 1044000   200 7.78
1.046 0.0802 78.60 55.00  59  46  590000 1044000   200 7.78
1.048 0.0804 78.71 55.00  59  46  590000 1044000   200 7.78
1.051 0.0828 78.81 55.00  59  46  590000 1044000   200 7.78
1.053 0.0807 78.90 55.00  59  46  590000 1044000   200 7.78
1.055 0.0811 78.99 55.00  59  46  590000 1044000   200 7.78
1.057 0.0798 79.09 55.00  59  46  590000 1044000   200 7.78
1.059 0.0747 79.20 55.00  59  46  590000 1044000   200 7.78
1.062 0.0786 79.30 55.00  59  46  590000 1044000   200 7.78
1.064 0.0874 79.40 55.00  59  46  590000 1044000   200 7.78
1.066 0.0766 79.49 55.00  59  46  590000 1044000   200 7.78
1.068 0.0730 79.57 55.00  59  46  590000 1044000   200 7.78
1.070 0.0787 79.63 55.00  59  46  590000 1044000   200 7.78
1.073 0.0764 79.69 55.00  59  46  590000 1044000   200 7.78
1.075 0.0869 79.74 55.00  59  46  590000 1044000   200 7.78
1.077 0.0744 79.78 55.00  59  46  590000 1044000   200 7.78
1.079 0.0846 79.81 55.00  59  46  590000 1044000   200 7.78
1.081 0.0760 79.79 55.00  59  46  590000 1044000   200 7.78
1.084 0.0771 79.73 55.00  59  46  590000 1044000   200 7.78
1.086 0.0846 79.65 55.00  59  46  590000 1044000   200 7.78
1.088 0.0737 79.56 55.00  59  46  590000 1044000   200 7.78
1.090 0.0836 79.48 55.00  59  46  590000 1044000   200 7.78
1.093 0.0790 79.43 55.00  59  46  590000 1044000   200 7.78
1.095 0.0788 79.39 55.00  59  46  590000 1044000   200 7.78
1.097 0.0928 79.37 55.00  59  46  590000 1044000   200 7.78
1.099 0.0845 79.36 55.00  59  46  590000 1044000   200 7.78
1.101 0.0716 79.36 55.00  59  46  590000 1044000   200 7.78
1.104 0.0715 79.37 55.00  59  46  590000 1044000   200 7.78
1.106 0.0834 79.40 55.00  59  46  590000 1044000   200 7.78
1.108 0.0790 79.43 55.00  59  46  590000 1044000   200 7.78
1.110 0.0762 79.45 55.00  59  46  590000 1044000   200 7.78
1.112 0.0756 79.46 55.00  59  46  590000 1044000   200 7.78
1.115 0.0824 79.44 55.00  59  46  590000 1044000   200 7.78
1.117 0.0773 79.41 55.00  59  46  590000 1044000   200 7.78
1.119 0.0712 79.36 55.00  59  46  590000 1044000   200 7.78
1.121 0.0815 79.30 55.00  59  46  590000 1044000   200 7.78
1.123 0.0781 79.22 55.00  59  46  590000 1044000   200 7.78
1.126 0.0768 79.14 55.00  59  46  590000 1044000   200 7.78
1.128 0.0964 79.07 55.00  59  46  590000 1044000   200 7.78
1.130 0.0836 79.03 55.00  59  46  590000 1044000   200 7.78
1.132 0.0751 79.03 55.00  59  46  590000 1044000   200 7.78
1.134 0.0798 79.05 55.00  59  46  590000 1044000   200 7.78
1.137 0.0782 79.08 55.00  59  46  590000 1044000   200 7.78
1.139 0.0783 79.12 55.00  59  46  590000 1044000   200 7.78
1.141 0.0805 79.15 55.00  59  46  590000 1044000   200 7.78
1.143 0.0803 79.17 55.00  59  46  590000 1044000   200 7.78
1.145 0.0760 79.17 55.00  59  46  590000 1044000   200 7.78
1.148 0.0769 79.18 55.00  59  46  590000 1044000   200 7.78
1.150 0.0745 79.19 55.00  59  46  590000 1044000   200 7.78
1.152 0.0775 79.22 55.00  59  46  590000 1044000   200 7.78
1.154 0.0775 79.25 55.00  59  46  590000 1044000   200 7.78
1.156 0.0824 79.29 55.00  59  46  590000 1044000   200 7.78
1.159 0.0761 79.34 55.00  59  46  590000 1044000   200 7.78
1.161 0.0764 79.41 55.00  59  46  590000 1044000   200 7.78
1.163 0.0895 79.52 55.00  59  46  590000 1044000   200 7.78
1.165 0.0802 79.65 55.00  59  46  590000 1044000   200 7.78
1.167 0.0756 79.82 55.00  59  46  590000 1044000   200 7.78
1.170 0.0809 80.01 55.00  59  46  590000 1044000   200 7.78
1.172 0.0906 80.21 55.00  59  46  590000 1044000   200 7.78
1.174 0.0757 80.40 55.00  59  46  590000 1044000   200 7.78
1.176 0.0768 80.57 55.00  59  46  590000 1044000   200 7.78
1.178 0.0794 80.70 55.00  59  46  590000 1044000   200 7.78
1.181 0.0842 80.83 55.00  59  46  590000 1044000   200 7.78
1.183 0.0837 80.94 55.00  59  46  590000 1044000   200 7.78
1.185 0.0843 81.03 55.00  59  46  590000 1044000   200 7.78
1.187 0.0775 81.09 55.00  59  46  590000 1044000   200 7.78
1.189 0.0780 81.12 55.00  59  46  590000 1044000   200 7.78
1.192 0.0784 81.12 55.00  59  46  590000 1044000   200 7.78
1.194 0.0761 81.12 55.00  59  46  590000 1044000   200 7.78
1.196 0.0846 81.13 55.00  59  46  590000 1044000   200 7.78
1.198 0.0777 81.18 55.00  59  46  590000 1044000   200 7.78
1.200 0.0899 81.26 55.00  59  46  590000 1044000   200 7.78
1.203 0.0803 81.38 55.00  59  46  590000 1044000   200 7.78
1.205 0.0799 81.52 55.00  59  46  590000 1044000   200 7.78
1.207 0.0803 81.68 55.00  59  46  590000 1044000   200 7.78
1.209 0.0849 81.86 55.00  59  46  590000 1044000   200 7.78
1.211 0.0868 82.05 55.00  59  46  590000 1044000   200 7.78
1.214 0.0772 82.22 55.00  59  46  590000 1044000   200 7.78
1.216 0.0798 82.37 55.00  59  46  590000 1044000   200 7.78
1.218 0.0861 82.50 55.00  59  46  590000 1044000   200 7.78
1.220 0.0811 82.61 55.00  59  46  590000 1044000   200 7.78
1.222 0.0839 82.68 55.00  59  46  590000 1044000   200 7.78
1.225 0.0796 82.72 55.00  59  46  590000 1044000   200 7.78
1.227 0.0776 82.73 55.00  59  46  590000 1044000   200 7.78
1.229 0.0858 82.71 55.00  59  46  590000 1044000   200 7.78
1.231 0.0839 82.66 55.00  59  46  590000 1044000   200 7.78
1.233 0.0813 82.59 55.00  59  46  590000 1044000   200 7.78
1.236 0.0948 82.52 55.00  59  46  590000 1044000   200 7.78
1.238 0.0848 82.47 55.00  59  46  590000 1044000   200 7.78
1.240 0.0781 82.44 55.00  59  46  590000 1044000   200 7.78
1.242 0.0783 82.44 55.00  59  46  590000 1044000   200 7.78
1.244 0.0794 82.46 55.00  59  46  590000 1044000   200 7.78
1.247 0.0853 82.48 55.00  59  46  590000 1044000   200 7.78
1.249 0.0832 82.50 55.00  59  46  590000 1044000   200 7.78
1.251 0.0822 82.52 55.00  59  46  590000 1044000   200 7.78
1.253 0.0818 82.56 55.00  59  46  590000 1044000   200 7.78
1.256 0.0767 82.61 55.00  59  46  590000 1044000   200 7.78
1.258 0.0839 82.68 55.00  59  46  590000 1044000   200 7.78
1.260 0.0844 82.78 55.00  59  46  590000 1044000   200 7.78
1.262 0.0869 82.91 55.00  59  46  590000 1044000   200 7.78
1.264 0.0790 83.09 55.00  59  46  590000 1044000   200 7.78
1.267 0.0813 83.31 55.00  59  46  590000 1044000   200 7.78
1.269 0.0836 83.56 55.00  59  46  590000 1044000   200 7.78
1.271 0.0903 83.84 55.00  59  46  590000 1044000   200 7.78
1.273 0.0793 84.16 55.00  59  46  590000 1044000   200 7.78
1.275 0.0857 84.50 55.00  59  46  590000 1044000   200 7.78
1.278 0.0862 84.83 55.00  59  46  590000 1044000   200 7.78
1.280 0.0843 85.14 55.00  59  46  590000 1044000   200 7.78
1.282 0.0898 85.42 55.00  59  46  590000 1044000   200 7.78
1.284 0.0818 85.66 55.00  59  46  590000 1044000   200 7.78
1.286 0.0835 85.87 55.00  59  46  590000 1044000   200 7.78
1.289 0.0836 86.06 55.00  59  46  590000 1044000   200 7.78
1.291 0.0912 86.25 55.00  59  46  590000 1044000   200 7.78
1.293 0.0866 86.45 55.00  59  46  590000 1044000   200 7.78
1.295 0.0896 86.67 55.00  59  46  590000 1044000   200 7.78
1.297 0.0892 86.93 55.00  59  46  590000 1044000   200 7.78
1.300 0.0857 87.22 55.00  59  46  590000 1044000   200 7.78
1.302 0.0876 87.56 55.00  59  46  590000 1044000   200 7.78
1.304 0.0844 87.94 55.00  59  46  590000 1044000   200 7.78
1.306 0.0902 88.34 55.00  59  46  590000 1044000   200 7.78
1.308 0.0912 88.76 55.00  59  46  590000 1044000   200 7.78
1.311 0.0806 89.20 55.00  59  46  590000 1044000   200 7.78
1.313 0.0896 89.65 55.00  59  46  590000 1044000   200 7.78
1.315 0.0955 90.13 55.00  59  46  590000 1044000   200 7.78
1.317 0.0860 90.61 55.00  59  46  590000 1044000   200 7.78
1.319 0.0843 91.09 55.00  59  46  590000 1044000   200 7.78
1.322 0.0937 91.57 55.00  59  46  590000 1044000   200 7.78
1.324 0.0937 92.07 55.00  59  46  590000 1044000   200 7.78
1.326 0.0960 92.58 55.00  59  46  590000 1044000   200 7.78
1.328 0.0912 93.10 55.00  59  46  590000 1044000   200 7.78
1.330 0.0979 93.62 55.00  59  46  590000 1044000   200 7.78
1.333 0.0944 94.11 55.00  59  46  590000 1044000   200 7.78
1.335 0.0971 94.56 55.00  59  46  590000 1044000   200 7.78
1.337 0.0978 94.95 55.00  59  46  590000 1044000   200 7.78
1.339 0.0944 95.25 55.00  59  46  590000 1044000   200 7.78
1.341 0.0904 95.44 55.00  59  46  590000 1044000   200 7.78
1.344 0.0942 95.52 55.00  59  46  590000 1044000   200 7.78
1.346 0.0921 95.50 55.00  59  46  590000 1044000   200 7.78
1.348 0.0988 95.39 55.00  59  46  590000 1044000   200 7.78
1.350 0.0944 95.20 55.00  59  46  590000 1044000   200 7.78
1.352 0.1012 94.97 55.00  59  46  590000 1044000   200 7.78
1.355 0.0966 94.69 55.00  59  46  590000 1044000   200 7.78
1.357 0.0880 94.39 55.00  59  46  590000 1044000   200 7.78
1.359 0.0975 94.07 55.00  59  46  590000 1044000   200 7.78
1.361 0.0953 93.73 55.00  59  46  590000 1044000   200 7.78
1.363 0.0981 93.38 55.00  59  46  590000 1044000   200 7.78
1.366 0.0973 93.03 55.00  59  46  590000 1044000   200 7.78
1.368 0.0837 92.68 55.00  59  46  590000 1044000   200 7.78
1.370 0.0919 92.32 55.00  59  46  590000 1044000   200 7.78
1.372 0.0843 91.96 55.00  59  46  590000 1044000   200 7.78
1.374 0.0925 91.60 55.00  59  46  590000 1044000   200 7.78
1.377 0.0869 91.25 55.00  59  46  590000 1044000   200 7.78
1.379 0.0960 90.90 55.00  59  46  590000 1044000   200 7.78
1.381 0.0903 90.56 55.00  59  46  590000 1044000   200 7.78
1.383 0.0885 90.24 55.00  59  46  590000 1044000   200 7.78
1.385 0.0896 89.94 55.00  59  46  590000 1044000   200 7.78
1.388 0.0963 89.68 55.00  59  46  590000 1044000   200 7.78
1.390 0.0921 89.46 55.00  59  46  590000 1044000   200 7.78
1.392 0.0877 89.28 55.00  59  46  590000 1044000   200 7.78
1.394 0.0906 89.13 55.00  59  46  590000 1044000   200 7.78
1.396 0.0864 88.97 55.00  59  46  590000 1044000   200 7.78
1.399 0.0866 88.80 55.00  59  46  590000 1044000   200 7.78
1.401 0.0832 88.61 55.00  59  46  590000 1044000   200 7.78
1.403 0.0905 88.40 55.00  59  46  590000 1044000   200 7.78
1.405 0.0911 88.16 55.00  59  46  590000 1044000   200 7.78
1.407 0.0869 87.89 55.00  59  46  590000 1044000   200 7.78
1.410 0.0876 87.59 55.00  59  46  590000 1044000   200 7.78
1.412 0.0904 87.25 55.00  59  46  590000 1044000   200 7.78
1.414 0.0890 86.87 55.00  59  46  590000 1044000   200 7.78
1.416 0.0832 86.48 55.00  59  46  590000 1044000   200 7.78
1.419 0.0894 86.10 55.00  59  46  590000 1044000   200 7.78
1.421 0.0791 85.73 55.00  59  46  590000 1044000   200 7.78
1.423 0.0906 85.38 55.00  59  46  590000 1044000   200 7.78
1.425 0.0842 85.05 55.00  59  46  590000 1044000   200 7.78
1.427 0.0858 84.75 55.00  59  46  590000 1044000   200 7.78
1.430 0.0883 84.47 55.00  59  46  590000 1044000   200 7.78
1.432 0.0843 84.20 55.00  59  46  590000 1044000   200 7.78
1.434 0.0738 83.96 55.00  59  46  590000 1044000   200 7.78
1.436 0.0896 83.74 55.00  59  46  590000 1044000   200 7.78
1.438 0.0810 83.53 55.00  59  46  590000 1044000   200 7.78
1.441 0.0820 83.34 55.00  59  46  590000 1044000   200 7.78
1.443 0.0875 83.19 55.00  59  46  590000 1044000   200 7.78
1.445 0.0847 83.08 55.00  59  46  590000 1044000   200 7.78
1.447 0.0759 83.02 55.00  59  46  590000 1044000   200 7.78
1.449 0.0829 83.01 55.00  59  46  590000 1044000   200 7.78
1.452 0.0815 83.03 55.00  59  46  590000 1044000   200 7.78
1.454 0.0810 83.07 55.00  59  46  590000 1044000   200 7.78
1.456 0.0830 83.13 55.00  59  46  590000 1044000   200 7.78
1.458 0.0889 83.20 55.00  59  46  590000 1044000   200 7.78
1.460 0.0878 83.28 55.00  59  46  590000 1044000   200 7.78
1.463 0.0834 83.36 55.00  59  46  590000 1044000   200 7.78
1.465 0.0797 83.44 55.00  59  46  590000 1044000   200 7.78
1.467 0.0850 83.52 55.00  59  46  590000 1044000   200 7.78
1.469 0.0863 83.61 55.00  59  46  590000 1044000   200 7.78
1.471 0.0768 83.69 55.00  59  46  590000 1044000   200 7.78
1.474 0.0861 83.77 55.00  59  46  590000 1044000   200 7.78
1.476 0.0868 83.84 55.00  59  46  590000 1044000   200 7.78
1.478 0.0830 83.90 55.00  59  46  590000 1044000   200 7.78
1.480 0.0790 83.95 55.00  59  46  590000 1044000   200 7.78
1.482 0.0841 83.98 55.00  59  46  590000 1044000   200 7.78
1.485 0.0914 84.00 55.00  59  46  590000 1044000   200 7.78
1.487 0.0848 84.00 55.00  59  46  590000 1044000   200 7.78
1.489 0.0837 84.00 55.00  59  46  590000 1044000   200 7.78
1.491 0.0756 84.00 55.00  59  46  590000 1044000   200 7.78
1.493 0.0855 84.02 55.00  59  46  590000 1044000   200 7.78
1.496 0.0868 84.05 55.00  59  46  590000 1044000   200 7.78
1.498 0.0825 84.11 55.00  59  46  590000 1044000   200 7.78
1.500 0.0827 84.19 55.00  59  46  590000 1044000   200 7.78
1.502 0.0879 84.27 55.00  59  46  590000 1044000   200 7.78
1.504 0.0813 84.36 55.00  59  46  590000 1044000   200 7.78
1.507 0.0904 84.45 55.00  59  46  590000 1044000   200 7.78
1.509 0.0824 84.55 55.00  59  46  590000 1044000   200 7.78
1.511 0.0854 84.66 55.00  59  46  590000 1044000   200 7.78
1.513 0.0860 84.77 55.00  59  46  590000 1044000   200 7.78
1.515 0.0829 84.88 55.00  59  46  590000 1044000   200 7.78
1.518 0.0809 84.99 55.00  59  46  590000 1044000   200 7.78
1.520 0.0836 85.11 55.00  59  46  590000 1044000   200 7.78
1.522 0.0849 85.23 55.00  59  46  590000 1044000   200 7.78
1.524 0.0882 85.35 55.00  59  46  590000 1044000   200 7.78
1.526 0.0851 85.48 55.00  59  46  590000 1044000   200 7.78
1.529 0.0919 85.62 55.00  59  46  590000 1044000   200 7.78
1.531 0.0812 85.75 55.00  59  46  590000 1044000   200 7.78
1.533 0.0894 85.87 55.00  59  46  590000 1044000   200 7.78
1.535 0.0848 85.99 55.00  59  46  590000 1044000   200 7.78
1.537 0.0803 86.12 55.00  59  46  590000 1044000   200 7.78
1.540 0.0889 86.27 55.00  59  46  590000 1044000   200 7.78
1.542 0.0874 86.43 55.00  59  46  590000 1044000   200 7.78
1.544 0.0868 86.60 55.00  59  46  590000 1044000   200 7.78
1.546 0.0914 86.77 55.00  59  46  590000 1044000   200 7.78
1.548 0.0855 86.94 55.00  59  46  590000 1044000   200 7.78
1.551 0.0812 87.10 55.00  59  46  590000 1044000   200 7.78
1.553 0.0892 87.24 55.00  59  46  590000 1044000   200 7.78
1.555 0.0852 87.36 55.00  59  46  590000 1044000   200 7.78
1.557 0.0872 87.47 55.00  59  46  590000 1044000   200 7.78
1.559 0.0899 87.58 55.00  59  46  590000 1044000   200 7.78
1.562 0.0919 87.72 55.00  59  46  590000 1044000   200 7.78
1.564 0.0890 87.87 55.00  59  46  590000 1044000   200 7.78
1.566 0.0803 88.05 55.00  59  46  590000 1044000   200 7.78
1.568 0.0934 88.24 55.00  59  46  590000 1044000   200 7.78
1.570 0.0864 88.44 55.00  59  46  590000 1044000   200 7.78
1.573 0.0864 88.64 55.00  59  46  590000 1044000   200 7.78
1.575 0.0885 88.84 55.00  59  46  590000 1044000   200 7.78
1.577 0.0975 89.05 55.00  59  46  590000 1044000   200 7.78
1.579 0.0874 89.25 55.00  59  46  590000 1044000   200 7.78
1.581 0.0859 89.45 55.00  59  46  590000 1044000   200 7.78
1.584 0.0878 89.67 55.00  59  46  590000 1044000   200 7.78
1.586 0.0917 89.88 55.00  59  46  590000 1044000   200 7.78
1.588 0.0895 90.11 55.00  59  46  590000 1044000   200 7.78
1.590 0.0889 90.33 55.00  59  46  590000 1044000   200 7.78
1.593 0.0888 90.55 55.00  59  46  590000 1044000   200 7.78
1.595 0.0905 90.79 55.00  59  46  590000 1044000   200 7.78
1.597 0.0952 91.05 55.00  59  46  590000 1044000   200 7.78
1.599 0.0970 91.35 55.00  59  46  590000 1044000   200 7.78
1.601 0.0877 91.67 55.00  59  46  590000 1044000   200 7.78
1.604 0.0922 92.00 55.00  59  46  590000 1044000   200 7.78
1.606 0.0925 92.33 55.00  59  46  590000 1044000   200 7.78
1.608 0.0856 92.66 55.00  59  46  590000 1044000   200 7.78
1.610 0.0978 92.97 55.00  59  46  590000 1044000   200 7.78
1.612 0.0916 93.28 55.00  59  46  590000 1044000   200 7.78
1.615 0.0980 93.60 55.00  59  46  590000 1044000   200 7.78
1.617 0.0896 93.93 55.00  59  46  590000 1044000   200 7.78
1.619 0.0936 94.26 55.00  59  46  590000 1044000   200 7.78
1.621 0.0970 94.61 55.00  59  46  590000 1044000   200 7.78
1.623 0.0890 94.96 55.00  59  46  590000 1044000   200 7.78
1.626 0.1050 95.31 55.00  59  46  590000 1044000   200 7.78
1.628 0.0907 95.66 55.00  59  46  590000 1044000   200 7.78
1.630 0.0979 96.03 55.00  59  46  590000 1044000   200 7.78
1.632 0.0967 96.42 55.00  59  46  590000 1044000   200 7.78
1.634 0.0952 96.83 55.00  59  46  590000 1044000   200 7.78
1.637 0.1009 97.25 55.00  59  46  590000 1044000   200 7.78
1.639 0.1005 97.67 55.00  59  46  590000 1044000   200 7.78
1.641 0.0933 98.10 55.00  59  46  590000 1044000   200 7.78
1.643 0.0889 98.52 55.00  59  46  590000 1044000   200 7.78
1.645 0.1059 98.93 55.00  59  46  590000 1044000   200 7.78
1.648 0.0965 99.34 55.00  59  46  590000 1044000   200 7.78
1.650 0.1019 99.75 55.00  59  46  590000 1044000   200 7.78
1.652 0.1009 100.17 55.00  59  46  590000 1044000   200 7.78
1.654 0.0990 100.61 55.00  59  46  590000 1044000   200 7.78
1.656 0.1062 101.05 55.00  59  46  590000 1044000   200 7.78
1.659 0.1039 101.46 55.00  59  46  590000 1044000   200 7.78
1.661 0.0932 101.84 55.00  59  46  590000 1044000   200 7.78
1.663 0.1045 102.17 55.00  59  46  590000 1044000   200 7.78
1.665 0.1032 102.46 55.00  59  46  590000 1044000   200 7.78
1.667 0.0970 102.71 55.00  59  46  590000 1044000   200 7.78
1.670 0.1070 102.93 55.00  59  46  590000 1044000   200 7.78
1.672 0.1112 103.11 55.00  59  46  590000 1044000   200 7.78
1.674 0.0976 103.25 55.00  59  46  590000 1044000   200 7.78
1.676 0.1046 103.36 55.00  59  46  590000 1044000   200 7.78
1.678 0.1011 103.44 55.00  59  46  590000 1044000   200 7.78
1.681 0.1044 103.50 55.00  59  46  590000 1044000   200 7.78
1.683 0.1074 103.54 55.00  59  46  590000 1044000   200 7.78
1.685 0.1045 103.57 55.00  59  46  590000 1044000   200 7.78
1.687 0.1041 103.60 55.00  59  46  590000 1044000   200 7.78
1.689 0.1071 103.65 55.00  59  46  590000 1044000   200 7.78
1.692 0.0971 103.72 55.00  59  46  590000 1044000   200 7.78
1.694 0.1071 103.81 55.00  59  46  590000 1044000   200 7.78
1.696 0.1016 103.92 55.00  59  46  590000 1044000   200 7.78
1.698 0.0961 104.04 55.00  59  46  590000 1044000   200 7.78
1.700 0.0988 104.18 55.00  59  46  590000 1044000   200 7.78
1.703 0.1098 104.33 55.00  59  46  590000 1044000   200 7.78
1.705 0.1088 104.49 55.00  59  46  590000 1044000   200 7.78
1.707 0.1068 104.67 55.00  59  46  590000 1044000   200 7.78
1.709 0.1019 104.89 55.00  59  46  590000 1044000   200 7.78
1.711 0.1080 105.13 55.00  59  46  590000 1044000   200 7.78
1.714 0.1010 105.41 55.00  59  46  590000 1044000   200 7.78
1.716 0.1091 105.70 55.00  59  46  590000 1044000   200 7.78
1.718 0.1034 106.00 55.00  59  46  590000 1044000   200 7.78
1.720 0.1064 106.31 55.00  59  46  590000 1044000   200 7.78
1.722 0.1077 106.60 55.00  59  46  590000 1044000   200 7.78
1.725 0.1105 106.90 55.00  59  46  590000 1044000   200 7.78
1.727 0.1068 107.18 55.00  59  46  590000 1044000   200 7.78
1.729 0.1053 107.43 55.00  59  46  590000 1044000   200 7.78
1.731 0.1048 107.65 55.00  59  46  590000 1044000   200 7.78
1.733 0.1161 107.85 55.00  59  46  590000 1044000   200 7.78
1.736 0.1055 108.04 55.00  59  46  590000 1044000   200 7.78
1.738 0.1048 108.21 55.00  59  46  590000 1044000   200 7.78
1.740 0.1098 108.39 55.00  59  46  590000 1044000   200 7.78
1.742 0.1073 108.58 55.00  59  46  590000 1044000   200 7.78
1.744 0.1064 108.77 55.00  59  46  590000 1044000   200 7.78
1.747 0.1089 108.98 55.00  59  46  590000 1044000   200 7.78
1.749 0.1157 109.22 55.00  59  46  590000 1044000   200 7.78
1.751 0.1085 109.46 55.00  59  46  590000 1044000   200 7.78
1.753 0.1092 109.70 55.00  59  46  590000 1044000   200 7.78
1.756 0.1105 109.96 55.00  59  46  590000 1044000   200 7.78
1.758 0.1047 110.24 55.00  59  46  590000 1044000   200 7.78
1.760 0.1089 110.53 55.00  59  46  590000 1044000   200 7.78
1.762 0.1178 110.84 55.00  59  46  590000 1044000   200 7.78
1.764 0.1086 111.15 55.00  59  46  590000 1044000   200 7.78
1.767 0.1070 111.47 55.00  59  46  590000 1044000   200 7.78
1.769 0.1168 111.77 55.00  59  46  590000 1044000   200 7.78
1.771 0.1099 112.05 55.00  59  46  590000 1044000   200 7.78
1.773 0.1128 112.32 55.00  59  46  590000 1044000   200 7.78
1.775 0.1168 112.58 55.00  59  46  590000 1044000   200 7.78
1.778 0.1095 112.86 55.00  59  46  590000 1044000   200 7.78
1.780 0.1128 113.14 55.00  59  46  590000 1044000   200 7.78
1.782 0.1123 113.41 55.00  59  46  590000 1044000   200 7.78
1.784 0.1179 113.69 55.00  59  46  590000 1044000   200 7.78
1.786 0.1115 113.98 55.00  59  46  590000 1044000   200 7.78
1.789 0.1146 114.27 55.00  59  46  590000 1044000   200 7.78
1.791 0.1198 114.58 55.00  59  46  590000 1044000   200 7.78
1.793 0.1145 114.90 55.00  59  46  590000 1044000   200 7.78
1.795 0.1119 115.23 55.00  59  46  590000 1044000   200 7.78
1.797 0.1132 115.55 55.00  59  46  590000 1044000   200 7.78
1.800 0.1219 115.89 55.00  59  46  590000 1044000   200 7.78
1.802 0.1084 116.25 55.00  59  46  590000 1044000   200 7.78
1.804 0.1143 116.64 55.00  59  46  590000 1044000   200 7.78
1.806 0.1229 117.06 55.00  59  46  590000 1044000   200 7.78
1.808 0.1134 117.51 55.00  59  46  590000 1044000   200 7.78
1.811 0.1161 117.99 55.00  59  46  590000 1044000   200 7.78
1.813 0.1206 118.50 55.00  59  46  590000 1044000   200 7.78
1.815 0.1267 119.04 55.00  59  46  590000 1044000   200 7.78
1.817 0.1183 119.61 55.00  59  46  590000 1044000   200 7.78
1.819 0.1206 120.21 55.00  59  46  590000 1044000   200 7.78
1.822 0.1139 120.84 55.00  59  46  590000 1044000   200 7.78
1.824 0.1188 121.47 55.00  59  46  590000 1044000   200 7.78
1.826 0.1247 122.10 55.00  59  46  590000 1044000   200 7.78
1.828 0.1284 122.72 55.00  59  46  590000 1044000   200 7.78
1.830 0.1184 123.31 55.00  59  46  590000 1044000   200 7.78
1.833 0.1274 123.89 55.00  59  46  590000 1044000   200 7.78
1.835 0.1251 124.47 55.00  59  46  590000 1044000   200 7.78
1.837 0.1207 125.05 55.00  59  46  590000 1044000   200 7.78
1.839 0.1265 125.64 55.00  59  46  590000 1044000   200 7.78
1.841 0.1288 126.23 55.00  59  46  590000 1044000   200 7.78
1.844 0.1314 126.84 55.00  59  46  590000 1044000   200 7.78
1.846 0.1213 127.46 55.00  59  46  590000 1044000   200 7.78
1.848 0.1312 128.11 55.00  59  46  590000 1044000   200 7.78
1.850 0.1288 128.78 55.00  59  46  590000 1044000   200 7.78
1.852 0.1275 129.46 55.00  59  46  590000 1044000   200 7.78
1.855 0.1296 130.13 55.00  59  46  590000 1044000   200 7.78
1.857 0.1343 130.79 55.00  59  46  590000 1044000   200 7.78
1.859 0.1286 131.44 55.00  59  46  590000 1044000   200 7.78
1.861 0.1287 132.09 55.00  59  46  590000 1044000   200 7.78
1.863 0.1364 132.72 55.00  59  46  590000 1044000   200 7.78
1.866 0.1247 133.34 55.00  59  46  590000 1044000   200 7.78
1.868 0.1317 133.96 55.00  59  46  590000 1044000   200 7.78
1.870 0.1400 134.58 55.00  59  46  590000 1044000   200 7.78
1.872 0.1388 135.21 55.00  59  46  590000 1044000   200 7.78
1.874 0.1428 135.83 55.00  59  46  590000 1044000   200 7.78
1.877 0.1399 136.45 55.00  59  46  590000 1044000   200 7.78
1.879 0.1312 137.06 55.00  59  46  590000 1044000   200 7.78
1.881 0.1331 137.68 55.00  59  46  590000 1044000   200 7.78
1.883 0.1397 138.29 55.00  59  46  590000 1044000   200 7.78
1.885 0.1415 138.90 55.00  59  46  590000 1044000   200 7.78
1.888 0.1389 139.50 55.00  59  46  590000 1044000   200 7.78
1.890 0.1397 140.08 55.00  59  46  590000 1044000   200 7.78
1.892 0.1413 140.65 55.00  59  46  590000 1044000   200 7.78
1.894 0.1333 141.20 55.00  59  46  590000 1044000   200 7.78
1.896 0.1434 141.75 55.00  59  46  590000 1044000   200 7.78
1.899 0.1471 142.29 55.00  59  46  590000 1044000   200 7.78
1.901 0.1467 142.83 55.00  59  46  590000 1044000   200 7.78
1.903 0.1394 143.38 55.00  59  46  590000 1044000   200 7.78
1.905 0.1402 143.94 55.00  59  46  590000 1044000   200 7.78
1.907 0.1415 144.50 55.00  59  46  590000 1044000   200 7.78
1.910 0.1552 145.09 55.00  59  46  590000 1044000   200 7.78
1.912 0.1394 145.69 55.00  59  46  590000 1044000   200 7.78
1.914 0.1453 146.30 55.00  59  46  590000 1044000   200 7.78
1.916 0.1545 146.92 55.00  59  46  590000 1044000   200 7.78
1.919 0.1446 147.53 55.00  59  46  590000 1044000   200 7.78
1.921 0.1451 148.12 55.00  59  46  590000 1044000   200 7.78
1.923 0.1495 148.68 55.00  59  46  590000 1044000   200 7.78
1.925 0.1553 149.21 55.00  59  46  590000 1044000   200 7.78
1.927 0.1445 149.74 55.00  59  46  590000 1044000   200 7.78
1.930 0.1439 150.27 55.00  59  46  590000 1044000   200 7.78
1.932 0.1586 150.81 55.00  59  46  590000 1044000   200 7.78
1.934 0.1522 151.34 55.00  59  46  590000 1044000   200 7.78
1.936 0.1480 151.87 55.00  59  46  590000 1044000   200 7.78
1.938 0.1573 152.41 55.00  59  46  590000 1044000   200 7.78
1.941 0.1473 152.97 55.00  59  46  590000 1044000   200 7.78
1.943 0.1562 153.52 55.00  59  46  590000 1044000   200 7.78
1.945 0.1535 154.06 55.00  59  46  590000 1044000   200 7.78
1.947 0.1532 154.58 55.00  59  46  590000 1044000   200 7.78
1.949 0.1541 155.08 55.00  59  46  590000 1044000   200 7.78
1.952 0.1543 155.56 55.00  59  46  590000 1044000   200 7.78
1.954 0.1647 156.02 55.00  59  46  590000 1044000   200 7.78
1.956 0.1495 156.47 55.00  59  46  590000 1044000   200 7.78
1.958 0.1560 156.89 55.00  59  46  590000 1044000   200 7.78
1.960 0.1613 157.28 55.00  59  46  590000 1044000   200 7.78
1.963 0.1509 157.64 55.00  59  46  590000 1044000   200 7.78
1.965 0.1609 157.96 55.00  59  46  590000 1044000   200 7.78
1.967 0.1616 158.24 55.00  59  46  590000 1044000   200 7.78
1.969 0.1611 158.51 55.00  59  46  590000 1044000   200 7.78
1.971 0.1586 158.75 55.00  59  46  590000 1044000   200 7.78
1.974 0.1602 158.98 55.00  59  46  590000 1044000   200 7.78
1.976 0.1591 159.19 55.00  59  46  590000 1044000   200 7.78
1.978 0.1603 159.40 55.00  59  46  590000 1044000   200 7.78
1.980 0.1542 159.61 55.00  59  46  590000 1044000   200 7.78
1.982 0.1686 159.81 55.00  59  46  590000 1044000   200 7.78
1.985 0.1470 160.03 55.00  59  46  590000 1044000   200 7.78
1.987 0.1618 160.28 55.00  59  46  590000 1044000   200 7.78
1.989 0.1660 160.57 55.00  59  46  590000 1044000   200 7.78
1.991 0.1638 160.91 55.00  59  46  590000 1044000   200 7.78
1.993 0.1563 161.30 55.00  59  46  590000 1044000   200 7.78
1.996 0.1575 161.74 55.00  59  46  590000 1044000   200 7.78
1.998 0.1720 162.23 55.00  59  46  590000 1044000   200 7.78
2.000 0.1558 162.76 55.00  59  46  590000 1044000   200 7.78
2.002 0.1571 163.33 55.00  59  46  590000 1044000   200 7.78
2.004 0.1681 163.96 55.00  59  46  590000 1044000   200 7.78
2.007 0.1661 164.64 55.00  59  46  590000 1044000   200 7.78
2.009 0.1640 165.38 55.00  59  46  590000 1044000   200 7.78
2.011 0.1665 166.13 55.00  59  46  590000 1044000   200 7.78
2.013 0.1661 166.90 55.00  59  46  590000 1044000   200 7.78
2.015 0.1640 167.66 55.00  59  46  590000 1044000   200 7.78
2.018 0.1783 168.40 55.00  59  46  590000 1044000   200 7.78
2.020 0.1625 169.11 55.00  59  46  590000 1044000   200 7.78
2.022 0.1739 169.81 55.00  59  46  590000 1044000   200 7.78
2.024 0.1679 170.50 55.00  59  46  590000 1044000   200 7.78
2.026 0.1722 171.17 55.00  59  46  590000 1044000   200 7.78
2.029 0.1769 171.83 55.00  59  46  590000 1044000   200 7.78
2.031 0.1740 172.46 55.00  59  46  590000 1044000   200 7.78
2.033 0.1686 173.09 55.00  59  46  590000 1044000   200 7.78
2.035 0.1711 173.71 55.00  59  46  590000 1044000   200 7.78
2.037 0.1770 174.33 55.00  59  46  590000 1044000   200 7.78
2.040 0.1718 174.93 55.00  59  46  590000 1044000   200 7.78
2.042 0.1832 175.51 55.00  59  46  590000 1044000   200 7.78
2.044 0.1711 176.09 55.00  59  46  590000 1044000   200 7.78
2.046 0.1811 176.65 55.00  59  46  590000 1044000   200 7.78
2.048 0.1747 177.19 55.00  59  46  590000 1044000   200 7.78
2.051 0.1807 177.72 55.00  59  46  590000 1044000   200 7.78
2.053 0.1566 178.25 55.00  59  46  590000 1044000   200 7.78
2.055 0.1943 178.78 55.00  59  46  590000 1044000   200 7.78
2.057 0.1771 179.33 55.00  59  46  590000 1044000   200 7.78
2.059 0.1789 179.89 55.00  59  46  590000 1044000   200 7.78
2.062 0.1861 180.49 55.00  59  46  590000 1044000   200 7.78
2.064 0.1849 181.12 55.00  59  46  590000 1044000   200 7.78
2.066 0.1754 181.77 55.00  59  46  590000 1044000   200 7.78
2.068 0.1837 182.44 55.00  59  46  590000 1044000   200 7.78
2.070 0.1794 183.13 55.00  59  46  590000 1044000   200 7.78
2.073 0.1910 183.82 55.00  59  46  590000 1044000   200 7.78
2.075 0.1871 184.50 55.00  59  46  590000 1044000   200 7.78
2.077 0.1832 185.17 55.00  59  46  590000 1044000   200 7.78
2.079 0.1807 185.82 55.00  59  46  590000 1044000   200 7.78
2.081 0.1833 186.45 55.00  59  46  590000 1044000   200 7.78
2.084 0.1814 187.06 55.00  59  46  590000 1044000   200 7.78
2.086 0.1921 187.63 55.00  59  46  590000 1044000   200 7.78
2.088 0.1926 188.18 55.00  59  46  590000 1044000   200 7.78
2.090 0.1785 188.71 55.00  59  46  590000 1044000   200 7.78
2.093 0.2067 189.22 55.00  59  46  590000 1044000   200 7.78
2.095 0.1842 189.73 55.00  59  46  590000 1044000   200 7.78
2.097 0.1915 190.26 55.00  59  46  590000 1044000   200 7.78
2.099 0.1920 190.80 55.00  59  46  590000 1044000   200 7.78
2.101 0.1928 191.35 55.00  59  46  590000 1044000   200 7.78
2.104 0.1915 191.92 55.00  59  46  590000 1044000   200 7.78
2.106 0.1961 192.49 55.00  59  46  590000 1044000   200 7.78
2.108 0.1842 193.06 55.00  59  46  590000 1044000   200 7.78
2.110 0.1925 193.66 55.00  59  46  590000 1044000   200 7.78
2.112 0.1999 194.26 55.00  59  46  590000 1044000   200 7.78
2.115 0.1919 194.88 55.00  59  46  590000 1044000   200 7.78
2.117 0.1887 195.51 55.00  59  46  590000 1044000   200 7.78
2.119 0.2016 196.14 55.00  59  46  590000 1044000   200 7.78
2.121 0.1961 196.78 55.00  59  46  590000 1044000   200 7.78
2.123 0.1957 197.42 55.00  59  46  590000 1044000   200 7.78
2.126 0.1937 198.08 55.00  59  46  590000 1044000   200 7.78
2.128 0.2057 198.77 55.00  59  46  590000 1044000   200 7.78
2.130 0.1978 199.49 55.00  59  46  590000 1044000   200 7.78
2.132 0.2026 200.22 55.00  59  46  590000 1044000   200 7.78
2.134 0.1980 200.95 55.00  59  46  590000 1044000   200 7.78
2.137 0.2012 201.67 55.00  59  46  590000 1044000   200 7.78
2.139 0.2044 202.37 55.00  59  46  590000 1044000   200 7.78
2.141 0.2069 203.04 55.00  59  46  590000 1044000   200 7.78
2.143 0.1974 203.67 55.00  59  46  590000 1044000   200 7.78
2.145 0.2097 204.29 55.00  59  46  590000 1044000   200 7.78
2.148 0.2068 204.91 55.00  59  46  590000 1044000   200 7.78
2.150 0.2069 205.52 55.00  59  46  590000 1044000   200 7.78
2.152 0.2066 206.11 55.00  59  46  590000 1044000   200 7.78
2.154 0.2011 206.68 55.00  59  46  590000 1044000   200 7.78
2.156 0.2013 207.25 55.00  59  46  590000 1044000   200 7.78
2.159 0.2171 207.79 55.00  59  46  590000 1044000   200 7.78
2.161 0.1979 208.30 55.00  59  46  590000 1044000   200 7.78
2.163 0.2160 208.76 55.00  59  46  590000 1044000   200 7.78
2.165 0.2072 209.19 55.00  59  46  590000 1044000   200 7.78
2.167 0.2111 209.58 55.00  59  46  590000 1044000   200 7.78
2.170 0.2080 209.95 55.00  59  46  590000 1044000   200 7.78
2.172 0.2055 210.30 55.00  59  46  590000 1044000   200 7.78
2.174 0.2185 210.64 55.00  59  46  590000 1044000   200 7.78
2.176 0.2106 210.96 55.00  59  46  590000 1044000   200 7.78
2.178 0.2045 211.25 55.00  59  46  590000 1044000   200 7.78
2.181 0.2183 211.51 55.00  59  46  590000 1044000   200 7.78
2.183 0.2103 211.76 55.00  59  46  590000 1044000   200 7.78
2.185 0.2195 211.99 55.00  59  46  590000 1044000   200 7.78
2.187 0.2167 212.19 55.00  59  46  590000 1044000   200 7.78
2.189 0.2083 212.34 55.00  59  46  590000 1044000   200 7.78
2.192 0.2027 212.44 55.00  59  46  590000 1044000   200 7.78
2.194 0.2096 212.47 55.00  59  46  590000 1044000   200 7.78
2.196 0.2177 212.43 55.00  59  46  590000 1044000   200 7.78
2.198 0.2165 212.34 55.00  59  46  590000 1044000   200 7.78
2.200 0.2066 212.18 55.00  59  46  590000 1044000   200 7.78
2.203 0.2046 211.98 55.00  59  46  590000 1044000   200 7.78
2.205 0.2150 211.75 55.00  59  46  590000 1044000   200 7.78
2.207 0.2182 211.50 55.00  59  46  590000 1044000   200 7.78
2.209 0.2167 211.26 55.00  59  46  590000 1044000   200 7.78
2.211 0.2096 211.02 55.00  59  46  590000 1044000   200 7.78
2.214 0.2135 210.80 55.00  59  46  590000 1044000   200 7.78
2.216 0.2067 210.60 55.00  59  46  590000 1044000   200 7.78
2.218 0.2071 210.43 55.00  59  46  590000 1044000   200 7.78
2.220 0.2077 210.28 55.00  59  46  590000 1044000   200 7.78
2.222 0.2190 210.16 55.00  59  46  590000 1044000   200 7.78
2.225 0.2155 210.06 55.00  59  46  590000 1044000   200 7.78
2.227 0.1989 210.00 55.00  59  46  590000 1044000   200 7.78
2.229 0.2068 209.97 55.00  59  46  590000 1044000   200 7.78
2.232 0.2084 209.96 55.00  59  46  590000 1044000   200 7.78
2.234 0.2085 209.97 55.00  59  46  590000 1044000   200 7.78
2.237 0.2081 210.00 55.00  59  46  590000 1044000   200 7.78
2.239 0.2156 210.04 55.00  59  46  590000 1044000   200 7.78
2.242 0.2018 210.10 55.00  59  46  590000 1044000   200 7.78
2.245 0.2105 210.17 55.00  59  46  590000 1044000   200 7.78
2.248 0.2134 210.21 55.00  59  46  590000 1044000   200 7.78
2.251 0.2206 210.23 55.00  59  46  590000 1044000   200 7.78
2.255 0.2047 210.22 55.00  59  46  590000 1044000   200 7.78
2.258 0.2090 210.17 55.00  59  46  590000 1044000   200 7.78
2.262 0.2098 210.06 55.00  59  46  590000 1044000   200 7.78
2.266 0.2096 209.87 55.00  59  46  590000 1044000   200 7.78
2.269 0.2086 209.59 55.00  59  46  590000 1044000   200 7.78
2.274 0.2137 209.22 55.00  59  46  590000 1044000   200 7.78
2.278 0.2109 208.76 55.00  59  46  590000 1044000   200 7.78
2.282 0.2069 208.21 55.00  59  46  590000 1044000   200 7.78
2.287 0.2135 207.56 55.00  59  46  590000 1044000   200 7.78
2.292 0.2053 206.82 55.00  59  46  590000 1044000   200 7.78
2.297 0.2059 205.99 55.00  59  46  590000 1044000   200 7.78
2.302 0.2026 205.07 55.00  59  46  590000 1044000   200 7.78
2.307 0.2002 204.12 55.00  59  46  590000 1044000   200 7.78
2.313 0.2016 203.15 55.00  59  46  590000 1044000   200 7.78
2.319 0.1998 202.18 55.00  59  46  590000 1044000   200 7.78
2.325 0.2038 201.22 55.00  59  46  590000 1044000   200 7.78
2.332 0.1972 200.27 55.00  59  46  590000 1044000   200 7.78
2.338 0.2009 199.33 55.00  59  46  590000 1044000   200 7.78
2.345 0.1980 198.35 55.00  59  46  590000 1044000   200 7.78
2.353 0.1940 197.28 55.00  59  46  590000 1044000   200 7.78
2.360 0.1961 196.04 55.00  59  46  590000 1044000   200 7.78
2.368 0.1909 194.56 55.00  59  46  590000 1044000   200 7.78
2.377 0.1891 192.77 55.00  59  46  590000 1044000   200 7.78
2.385 0.1891 190.61 55.00  59  46  590000 1044000   200 7.78
2.394 0.1871 188.02 55.00  59  46  590000 1044000   200 7.78
2.403 0.1870 184.96 55.00  59  46  590000 1044000   200 7.78
2.413 0.1837 181.42 55.00  59  46  590000 1044000   200 7.78
2.423 0.1830 177.39 55.00  59  46  590000 1044000   200 7.78
2.434 0.1804 172.90 55.00  59  46  590000 1044000   200 7.78
2.445 0.1772 168.03 55.00  59  46  590000 1044000   200 7.78
2.456 0.1742 162.83 55.00  59  46  590000 1044000   200 7.78
2.467 0.1696 157.41 55.00  59  46  590000 1044000   200 7.78
2.478 0.1632 151.86 55.00  59  46  590000 1044000   200 7.78
2.489 0.1549 146.29 55.00  59  46  590000 1044000   200 7.78
2.500 0.1470 140.79 55.00  59  46  590000 1044000   200 7.78
2.511 0.1332 135.44 55.00  59  46  590000 1044000   200 7.78
2.522 0.1241 130.34 55.00  59  46  590000 1044000   200 7.78
2.533 0.1123 125.57 55.00  59  46  590000 1044000   200 7.78
2.544 0.1092 121.20 55.00  59  46  590000 1044000   200 7.78
2.555 0.1055 117.30 55.00  59  46  590000 1044000   200 7.78
2.566 0.1029 113.94 55.00  59  46  590000 1044000   200 7.78
2.577 0.0996 111.19 55.00  59  46  590000 1044000   200 7.78
2.588 0.1033 109.10 55.00  59  46  590000 1044000   200 7.78
2.599 0.0970 107.73 55.00  59  46  590000 1044000   200 7.78
2.610 0.1054 107.12 55.00  59  46  590000 1044000   200 7.78
2.621 0.1100 107.29 55.00  59  46  590000 1044000   200 7.78
2.632 0.1106 108.25 55.00  59  46  590000 1044000   200 7.78
2.643 0.1101 110.00 55.00  59  46  590000 1044000   200 7.78
2.654 0.1185 112.49 55.00  59  46  590000 1044000   200 7.78
2.665 0.1207 115.66 55.00  59  46  590000 1044000   200 7.78
2.676 0.1203 119.41 55.00  59  46  590000 1044000   200 7.78
2.687 0.1247 123.62 55.00  59  46  590000 1044000   200 7.78
2.698 0.1297 128.17 55.00  59  46  590000 1044000   200 7.78
2.709 0.1301 132.92 55.00  59  46  590000 1044000   200 7.78
2.720 0.1367 137.74 55.00  59  46  590000 1044000   200 7.78
2.731 0.1405 142.53 55.00  59  46  590000 1044000   200 7.78
2.742 0.1446 147.19 55.00  59  46  590000 1044000   200 7.78
2.753 0.1459 151.65 55.00  59  46  590000 1044000   200 7.78
2.764 0.1548 155.84 55.00  59  46  590000 1044000   200 7.78
2.775 0.1578 159.72 55.00  59  46  590000 1044000   200 7.78
2.786 0.1674 163.24 55.00  59  46  590000 1044000   200 7.78
2.797 0.1700 166.38 55.00  59  46  590000 1044000   200 7.78
2.808 0.1832 169.10 55.00  59  46  590000 1044000   200 7.78
2.819 0.1841 171.40 55.00  59  46  590000 1044000   200 7.78
2.830 0.1863 173.29 55.00  59  46  590000 1044000   200 7.78
2.841 0.1905 174.85 55.00  59  46  590000 1044000   200 7.78
2.852 0.1927 176.31 55.00  59  46  590000 1044000   200 7.78
2.863 0.1854 178.76 55.00  59  46  590000 1044000   200 7.78
2.874 0.1915 185.14 55.00  59  46  590000 1044000   200 7.78
2.885 0.1886 193.39 55.00  59  46  590000 1044000   200 7.78
2.896 0.1896 202.09 55.00  59  46  590000 1044000   200 7.78
2.907 0.1858 210.63 55.00  59  46  590000 1044000   200 7.78
2.919 0.1926 218.77 55.00  59  46  590000 1044000   200 7.78
2.930 0.1984 226.44 55.00  59  46  590000 1044000   200 7.78
2.941 0.1993 233.64 55.00  59  46  590000 1044000   200 7.78
2.952 0.2025 240.41 55.00  59  46  590000 1044000   200 7.78
2.963 0.2116 246.79 55.00  59  46  590000 1044000   200 7.78
2.974 0.2270 252.84 55.00  59  46  590000 1044000   200 7.78
2.985 0.2343 258.59 55.00  59  46  590000 1044000   200 7.78
2.996 0.2541 264.11 55.00  59  46  590000 1044000   200 7.78
3.007 0.2719 269.41 55.00  59  46  590000 1044000   200 7.78
3.018 0.3024 274.54 55.00  59  46  590000 1044000   200 7.78
3.029 0.3286 279.50 55.00  59  46  590000 1044000   200 7.78
3.040 0.3742 284.32 55.00  59  46  590000 1044000   200 7.78
3.051 0.4150 288.99 55.00  59  46  590000 1044000   200 7.78
3.062 0.4603 293.49 55.00  59  46  590000 1044000   200 7.78
3.073 0.4960 297.82 55.00  59  46  590000 1044000   200 7.78
3.084 0.5349 301.93 55.00  59  46  590000 1044000   200 7.78
3.095 0.0000 305.78 55.00  59  46  590000 1044000   200 7.78
3.106 0.0000 309.29 55.00  59  46  590000 1044000   200 7.78
