     x     qy smooth tpara  cd  zL     xTr    xCpl frame tma
-2.884 0.2252 196.49 34.00  80  46  992000 1336000   260 9.88
-2.869 0.2292 184.23 34.00  80  46  992000 1336000   260 9.88
-2.855 0.1653 172.56 34.00  80  46  992000 1336000   260 9.88
-2.840 0.1790 161.49 34.00  80  46  992000 1336000   260 9.88
-2.826 0.1423 150.99 34.00  80  46  992000 1336000   260 9.88
-2.811 0.1152 141.06 34.00  80  46  992000 1336000   260 9.88
-2.797 0.1074 131.67 34.00  80  46  992000 1336000   260 9.88
-2.782 0.1003 122.81 34.00  80  46  992000 1336000   260 9.88
-2.767 0.0952 114.49 34.00  80  46  992000 1336000   260 9.88
-2.753 0.0902 106.68 34.00  80  46  992000 1336000   260 9.88
-2.738 0.0836 99.39 34.00  80  46  992000 1336000   260 9.88
-2.724 0.0821 92.60 34.00  80  46  992000 1336000   260 9.88
-2.709 0.0755 86.32 34.00  80  46  992000 1336000   260 9.88
-2.695 0.0729 80.55 34.00  80  46  992000 1336000   260 9.88
-2.680 0.0695 75.30 34.00  80  46  992000 1336000   260 9.88
-2.666 0.0708 70.57 34.00  80  46  992000 1336000   260 9.88
-2.651 0.0667 66.39 34.00  80  46  992000 1336000   260 9.88
-2.637 0.0636 62.77 34.00  80  46  992000 1336000   260 9.88
-2.622 0.0630 59.74 34.00  80  46  992000 1336000   260 9.88
-2.608 0.0618 57.34 34.00  80  46  992000 1336000   260 9.88
-2.593 0.0588 55.63 34.00  80  46  992000 1336000   260 9.88
-2.578 0.0574 54.62 34.00  80  46  992000 1336000   260 9.88
-2.564 0.0564 54.21 34.00  80  46  992000 1336000   260 9.88
-2.549 0.0547 53.92 34.00  80  46  992000 1336000   260 9.88
-2.535 0.0540 53.04 34.00  80  46  992000 1336000   260 9.88
-2.520 0.0528 52.12 34.00  80  46  992000 1336000   260 9.88
-2.506 0.0519 51.19 34.00  80  46  992000 1336000   260 9.88
-2.491 0.0508 50.27 34.00  80  46  992000 1336000   260 9.88
-2.477 0.0495 49.40 34.00  80  46  992000 1336000   260 9.88
-2.462 0.0497 48.58 34.00  80  46  992000 1336000   260 9.88
-2.448 0.0481 47.82 34.00  80  46  992000 1336000   260 9.88
-2.433 0.0474 47.12 34.00  80  46  992000 1336000   260 9.88
-2.419 0.0472 46.48 34.00  80  46  992000 1336000   260 9.88
-2.404 0.0456 45.91 34.00  80  46  992000 1336000   260 9.88
-2.390 0.0457 45.41 34.00  80  46  992000 1336000   260 9.88
-2.375 0.0448 44.97 34.00  80  46  992000 1336000   260 9.88
-2.360 0.0441 44.60 34.00  80  46  992000 1336000   260 9.88
-2.346 0.0434 44.29 34.00  80  46  992000 1336000   260 9.88
-2.331 0.0432 44.04 34.00  80  46  992000 1336000   260 9.88
-2.317 0.0433 43.85 34.00  80  46  992000 1336000   260 9.88
-2.302 0.0423 43.72 34.00  80  46  992000 1336000   260 9.88
-2.288 0.0437 43.65 34.00  80  46  992000 1336000   260 9.88
-2.273 0.0443 43.62 34.00  80  46  992000 1336000   260 9.88
-2.259 0.0435 43.65 34.00  80  46  992000 1336000   260 9.88
-2.244 0.0441 43.72 34.00  80  46  992000 1336000   260 9.88
-2.230 0.0443 43.83 34.00  80  46  992000 1336000   260 9.88
-2.215 0.0439 43.96 34.00  80  46  992000 1336000   260 9.88
-2.201 0.0444 44.12 34.00  80  46  992000 1336000   260 9.88
-2.186 0.0455 44.28 34.00  80  46  992000 1336000   260 9.88
-2.172 0.0439 44.44 34.00  80  46  992000 1336000   260 9.88
-2.157 0.0445 44.59 34.00  80  46  992000 1336000   260 9.88
-2.142 0.0447 44.73 34.00  80  46  992000 1336000   260 9.88
-2.128 0.0449 44.85 34.00  80  46  992000 1336000   260 9.88
-2.113 0.0450 44.95 34.00  80  46  992000 1336000   260 9.88
-2.099 0.0458 45.03 34.00  80  46  992000 1336000   260 9.88
-2.084 0.0453 45.09 34.00  80  46  992000 1336000   260 9.88
-2.070 0.0457 45.13 34.00  80  46  992000 1336000   260 9.88
-2.055 0.0460 45.16 34.00  80  46  992000 1336000   260 9.88
-2.041 0.0453 45.18 34.00  80  46  992000 1336000   260 9.88
-2.026 0.0458 45.19 34.00  80  46  992000 1336000   260 9.88
-2.012 0.0446 45.20 34.00  80  46  992000 1336000   260 9.88
-1.997 0.0451 45.20 34.00  80  46  992000 1336000   260 9.88
-1.983 0.0451 45.20 34.00  80  46  992000 1336000   260 9.88
-1.968 0.0442 45.19 34.00  80  46  992000 1336000   260 9.88
-1.953 0.0447 45.18 34.00  80  46  992000 1336000   260 9.88
-1.939 0.0455 45.16 34.00  80  46  992000 1336000   260 9.88
-1.924 0.0449 45.14 34.00  80  46  992000 1336000   260 9.88
-1.910 0.0437 45.13 34.00  80  46  992000 1336000   260 9.88
-1.895 0.0453 45.12 34.00  80  46  992000 1336000   260 9.88
-1.881 0.0463 45.12 34.00  80  46  992000 1336000   260 9.88
-1.866 0.0453 45.13 34.00  80  46  992000 1336000   260 9.88
-1.852 0.0453 45.16 34.00  80  46  992000 1336000   260 9.88
-1.837 0.0462 45.21 34.00  80  46  992000 1336000   260 9.88
-1.823 0.0448 45.27 34.00  80  46  992000 1336000   260 9.88
-1.808 0.0459 45.35 34.00  80  46  992000 1336000   260 9.88
-1.794 0.0451 45.43 34.00  80  46  992000 1336000   260 9.88
-1.779 0.0449 45.53 34.00  80  46  992000 1336000   260 9.88
-1.765 0.0452 45.63 34.00  80  46  992000 1336000   260 9.88
-1.750 0.0456 45.73 34.00  80  46  992000 1336000   260 9.88
-1.735 0.0451 45.82 34.00  80  46  992000 1336000   260 9.88
-1.721 0.0459 45.91 34.00  80  46  992000 1336000   260 9.88
-1.706 0.0458 45.98 34.00  80  46  992000 1336000   260 9.88
-1.692 0.0461 46.04 34.00  80  46  992000 1336000   260 9.88
-1.677 0.0461 46.08 34.00  80  46  992000 1336000   260 9.88
-1.663 0.0465 46.11 34.00  80  46  992000 1336000   260 9.88
-1.648 0.0465 46.14 34.00  80  46  992000 1336000   260 9.88
-1.634 0.0462 46.16 34.00  80  46  992000 1336000   260 9.88
-1.619 0.0467 46.17 34.00  80  46  992000 1336000   260 9.88
-1.605 0.0474 46.18 34.00  80  46  992000 1336000   260 9.88
-1.590 0.0465 46.19 34.00  80  46  992000 1336000   260 9.88
-1.576 0.0465 46.21 34.00  80  46  992000 1336000   260 9.88
-1.561 0.0462 46.22 34.00  80  46  992000 1336000   260 9.88
-1.547 0.0456 46.23 34.00  80  46  992000 1336000   260 9.88
-1.532 0.0467 46.23 34.00  80  46  992000 1336000   260 9.88
-1.517 0.0465 46.23 34.00  80  46  992000 1336000   260 9.88
-1.503 0.0457 46.22 34.00  80  46  992000 1336000   260 9.88
-1.488 0.0447 46.21 34.00  80  46  992000 1336000   260 9.88
-1.474 0.0450 46.20 34.00  80  46  992000 1336000   260 9.88
-1.459 0.0464 46.19 34.00  80  46  992000 1336000   260 9.88
-1.445 0.0450 46.18 34.00  80  46  992000 1336000   260 9.88
-1.430 0.0457 46.17 34.00  80  46  992000 1336000   260 9.88
-1.416 0.0474 46.17 34.00  80  46  992000 1336000   260 9.88
-1.401 0.0462 46.17 34.00  80  46  992000 1336000   260 9.88
-1.387 0.0476 46.17 34.00  80  46  992000 1336000   260 9.88
-1.372 0.0462 46.18 34.00  80  46  992000 1336000   260 9.88
-1.358 0.0463 46.18 34.00  80  46  992000 1336000   260 9.88
-1.343 0.0467 46.18 34.00  80  46  992000 1336000   260 9.88
-1.328 0.0470 46.17 34.00  80  46  992000 1336000   260 9.88
-1.314 0.0458 46.15 34.00  80  46  992000 1336000   260 9.88
-1.299 0.0461 46.12 34.00  80  46  992000 1336000   260 9.88
-1.285 0.0455 46.07 34.00  80  46  992000 1336000   260 9.88
-1.270 0.0456 46.01 34.00  80  46  992000 1336000   260 9.88
-1.256 0.0457 45.94 34.00  80  46  992000 1336000   260 9.88
-1.241 0.0460 45.86 34.00  80  46  992000 1336000   260 9.88
-1.227 0.0456 45.78 34.00  80  46  992000 1336000   260 9.88
-1.212 0.0465 45.69 34.00  80  46  992000 1336000   260 9.88
-1.198 0.0455 45.61 34.00  80  46  992000 1336000   260 9.88
-1.183 0.0454 45.53 34.00  80  46  992000 1336000   260 9.88
-1.169 0.0452 45.45 34.00  80  46  992000 1336000   260 9.88
-1.154 0.0451 45.39 34.00  80  46  992000 1336000   260 9.88
-1.140 0.0453 45.32 34.00  80  46  992000 1336000   260 9.88
-1.125 0.0449 45.26 34.00  80  46  992000 1336000   260 9.88
-1.110 0.0449 45.20 34.00  80  46  992000 1336000   260 9.88
-1.096 0.0455 45.13 34.00  80  46  992000 1336000   260 9.88
-1.081 0.0449 45.06 34.00  80  46  992000 1336000   260 9.88
-1.067 0.0444 44.98 34.00  80  46  992000 1336000   260 9.88
-1.052 0.0450 44.90 34.00  80  46  992000 1336000   260 9.88
-1.038 0.0451 44.82 34.00  80  46  992000 1336000   260 9.88
-1.023 0.0455 44.74 34.00  80  46  992000 1336000   260 9.88
-1.009 0.0452 44.66 34.00  80  46  992000 1336000   260 9.88
-0.994 0.0448 44.59 34.00  80  46  992000 1336000   260 9.88
-0.980 0.0451 44.51 34.00  80  46  992000 1336000   260 9.88
-0.965 0.0438 44.44 34.00  80  46  992000 1336000   260 9.88
-0.951 0.0451 44.37 34.00  80  46  992000 1336000   260 9.88
-0.936 0.0438 44.30 34.00  80  46  992000 1336000   260 9.88
-0.922 0.0444 44.23 34.00  80  46  992000 1336000   260 9.88
-0.907 0.0429 44.17 34.00  80  46  992000 1336000   260 9.88
-0.892 0.0439 44.10 34.00  80  46  992000 1336000   260 9.88
-0.878 0.0438 44.03 34.00  80  46  992000 1336000   260 9.88
-0.863 0.0433 43.97 34.00  80  46  992000 1336000   260 9.88
-0.849 0.0442 43.91 34.00  80  46  992000 1336000   260 9.88
-0.834 0.0438 43.87 34.00  80  46  992000 1336000   260 9.88
-0.820 0.0440 43.83 34.00  80  46  992000 1336000   260 9.88
-0.805 0.0454 43.80 34.00  80  46  992000 1336000   260 9.88
-0.791 0.0445 43.78 34.00  80  46  992000 1336000   260 9.88
-0.776 0.0429 43.77 34.00  80  46  992000 1336000   260 9.88
-0.762 0.0430 43.77 34.00  80  46  992000 1336000   260 9.88
-0.747 0.0435 43.78 34.00  80  46  992000 1336000   260 9.88
-0.733 0.0448 43.79 34.00  80  46  992000 1336000   260 9.88
-0.718 0.0427 43.80 34.00  80  46  992000 1336000   260 9.88
-0.703 0.0440 43.80 34.00  80  46  992000 1336000   260 9.88
-0.689 0.0436 43.79 34.00  80  46  992000 1336000   260 9.88
-0.674 0.0438 43.78 34.00  80  46  992000 1336000   260 9.88
-0.660 0.0444 43.75 34.00  80  46  992000 1336000   260 9.88
-0.645 0.0436 43.72 34.00  80  46  992000 1336000   260 9.88
-0.631 0.0433 43.69 34.00  80  46  992000 1336000   260 9.88
-0.616 0.0444 43.66 34.00  80  46  992000 1336000   260 9.88
-0.602 0.0439 43.63 34.00  80  46  992000 1336000   260 9.88
-0.587 0.0433 43.60 34.00  80  46  992000 1336000   260 9.88
-0.573 0.0436 43.58 34.00  80  46  992000 1336000   260 9.88
-0.558 0.0438 43.58 34.00  80  46  992000 1336000   260 9.88
-0.544 0.0445 43.58 34.00  80  46  992000 1336000   260 9.88
-0.529 0.0430 43.59 34.00  80  46  992000 1336000   260 9.88
-0.515 0.0436 43.61 34.00  80  46  992000 1336000   260 9.88
-0.500 0.0429 43.63 34.00  80  46  992000 1336000   260 9.88
-0.485 0.0435 43.66 34.00  80  46  992000 1336000   260 9.88
-0.471 0.0431 43.69 34.00  80  46  992000 1336000   260 9.88
-0.456 0.0441 43.74 34.00  80  46  992000 1336000   260 9.88
-0.442 0.0430 43.80 34.00  80  46  992000 1336000   260 9.88
-0.427 0.0431 43.86 34.00  80  46  992000 1336000   260 9.88
-0.413 0.0449 43.92 34.00  80  46  992000 1336000   260 9.88
-0.398 0.0429 43.98 34.00  80  46  992000 1336000   260 9.88
-0.384 0.0445 44.04 34.00  80  46  992000 1336000   260 9.88
-0.369 0.0443 44.10 34.00  80  46  992000 1336000   260 9.88
-0.355 0.0446 44.15 34.00  80  46  992000 1336000   260 9.88
-0.340 0.0443 44.19 34.00  80  46  992000 1336000   260 9.88
-0.326 0.0446 44.22 34.00  80  46  992000 1336000   260 9.88
-0.311 0.0445 44.23 34.00  80  46  992000 1336000   260 9.88
-0.297 0.0448 44.23 34.00  80  46  992000 1336000   260 9.88
-0.282 0.0440 44.21 34.00  80  46  992000 1336000   260 9.88
-0.267 0.0442 44.18 34.00  80  46  992000 1336000   260 9.88
-0.253 0.0444 44.13 34.00  80  46  992000 1336000   260 9.88
-0.239 0.0441 44.07 34.00  80  46  992000 1336000   260 9.88
-0.226 0.0448 44.00 34.00  80  46  992000 1336000   260 9.88
-0.213 0.0439 43.91 34.00  80  46  992000 1336000   260 9.88
-0.200 0.0441 43.82 34.00  80  46  992000 1336000   260 9.88
-0.189 0.0425 43.72 34.00  80  46  992000 1336000   260 9.88
-0.177 0.0437 43.61 34.00  80  46  992000 1336000   260 9.88
-0.166 0.0416 43.52 34.00  80  46  992000 1336000   260 9.88
-0.156 0.0446 43.43 34.00  80  46  992000 1336000   260 9.88
-0.146 0.0432 43.35 34.00  80  46  992000 1336000   260 9.88
-0.136 0.0440 43.29 34.00  80  46  992000 1336000   260 9.88
-0.127 0.0423 43.23 34.00  80  46  992000 1336000   260 9.88
-0.118 0.0426 43.17 34.00  80  46  992000 1336000   260 9.88
-0.110 0.0435 43.11 34.00  80  46  992000 1336000   260 9.88
-0.101 0.0414 43.05 34.00  80  46  992000 1336000   260 9.88
-0.094 0.0438 42.98 34.00  80  46  992000 1336000   260 9.88
-0.086 0.0438 42.89 34.00  80  46  992000 1336000   260 9.88
-0.079 0.0427 42.79 34.00  80  46  992000 1336000   260 9.88
-0.072 0.0431 42.66 34.00  80  46  992000 1336000   260 9.88
-0.065 0.0415 42.50 34.00  80  46  992000 1336000   260 9.88
-0.059 0.0401 42.31 34.00  80  46  992000 1336000   260 9.88
-0.053 0.0449 42.09 34.00  80  46  992000 1336000   260 9.88
-0.047 0.0432 41.84 34.00  80  46  992000 1336000   260 9.88
-0.041 0.0407 41.56 34.00  80  46  992000 1336000   260 9.88
-0.036 0.0425 41.25 34.00  80  46  992000 1336000   260 9.88
-0.031 0.0424 40.92 34.00  80  46  992000 1336000   260 9.88
-0.026 0.0415 40.57 34.00  80  46  992000 1336000   260 9.88
-0.021 0.0402 40.21 34.00  80  46  992000 1336000   260 9.88
-0.016 0.0396 39.85 34.00  80  46  992000 1336000   260 9.88
-0.012 0.0372 39.49 34.00  80  46  992000 1336000   260 9.88
-0.008 0.0396 39.13 34.00  80  46  992000 1336000   260 9.88
-0.004 0.0375 38.77 34.00  80  46  992000 1336000   260 9.88
0.000 0.0392 38.41 34.00  80  46  992000 1336000   260 9.88
0.004 0.0388 38.06 34.00  80  46  992000 1336000   260 9.88
0.007 0.0370 37.72 34.00  80  46  992000 1336000   260 9.88
0.011 0.0352 37.41 34.00  80  46  992000 1336000   260 9.88
0.014 0.0355 37.12 34.00  80  46  992000 1336000   260 9.88
0.017 0.0369 36.85 34.00  80  46  992000 1336000   260 9.88
0.020 0.0384 36.61 34.00  80  46  992000 1336000   260 9.88
0.023 0.0360 36.40 34.00  80  46  992000 1336000   260 9.88
0.026 0.0383 36.21 34.00  80  46  992000 1336000   260 9.88
0.029 0.0343 36.05 34.00  80  46  992000 1336000   260 9.88
0.032 0.0348 35.90 34.00  80  46  992000 1336000   260 9.88
0.035 0.0364 35.77 34.00  80  46  992000 1336000   260 9.88
0.038 0.0360 35.63 34.00  80  46  992000 1336000   260 9.88
0.041 0.0378 35.49 34.00  80  46  992000 1336000   260 9.88
0.044 0.0366 35.35 34.00  80  46  992000 1336000   260 9.88
0.047 0.0330 35.19 34.00  80  46  992000 1336000   260 9.88
0.049 0.0325 35.02 34.00  80  46  992000 1336000   260 9.88
0.052 0.0357 34.84 34.00  80  46  992000 1336000   260 9.88
0.055 0.0344 34.67 34.00  80  46  992000 1336000   260 9.88
0.058 0.0361 34.50 34.00  80  46  992000 1336000   260 9.88
0.061 0.0356 34.34 34.00  80  46  992000 1336000   260 9.88
0.064 0.0347 34.18 34.00  80  46  992000 1336000   260 9.88
0.067 0.0350 34.02 34.00  80  46  992000 1336000   260 9.88
0.070 0.0320 33.87 34.00  80  46  992000 1336000   260 9.88
0.073 0.0326 33.72 34.00  80  46  992000 1336000   260 9.88
0.076 0.0359 33.59 34.00  80  46  992000 1336000   260 9.88
0.078 0.0318 33.45 34.00  80  46  992000 1336000   260 9.88
0.081 0.0322 33.32 34.00  80  46  992000 1336000   260 9.88
0.084 0.0317 33.18 34.00  80  46  992000 1336000   260 9.88
0.087 0.0330 33.04 34.00  80  46  992000 1336000   260 9.88
0.090 0.0356 32.90 34.00  80  46  992000 1336000   260 9.88
0.093 0.0317 32.76 34.00  80  46  992000 1336000   260 9.88
0.096 0.0307 32.62 34.00  80  46  992000 1336000   260 9.88
0.099 0.0330 32.47 34.00  80  46  992000 1336000   260 9.88
0.102 0.0335 32.32 34.00  80  46  992000 1336000   260 9.88
0.105 0.0345 32.18 34.00  80  46  992000 1336000   260 9.88
0.108 0.0336 32.05 34.00  80  46  992000 1336000   260 9.88
0.110 0.0321 31.93 34.00  80  46  992000 1336000   260 9.88
0.113 0.0286 31.84 34.00  80  46  992000 1336000   260 9.88
0.116 0.0332 31.77 34.00  80  46  992000 1336000   260 9.88
0.119 0.0313 31.70 34.00  80  46  992000 1336000   260 9.88
0.122 0.0321 31.64 34.00  80  46  992000 1336000   260 9.88
0.125 0.0303 31.57 34.00  80  46  992000 1336000   260 9.88
0.128 0.0303 31.51 34.00  80  46  992000 1336000   260 9.88
0.131 0.0327 31.46 34.00  80  46  992000 1336000   260 9.88
0.134 0.0298 31.41 34.00  80  46  992000 1336000   260 9.88
0.137 0.0315 31.38 34.00  80  46  992000 1336000   260 9.88
0.140 0.0323 31.35 34.00  80  46  992000 1336000   260 9.88
0.142 0.0302 31.33 34.00  80  46  992000 1336000   260 9.88
0.145 0.0303 31.31 34.00  80  46  992000 1336000   260 9.88
0.148 0.0301 31.30 34.00  80  46  992000 1336000   260 9.88
0.151 0.0328 31.29 34.00  80  46  992000 1336000   260 9.88
0.154 0.0339 31.27 34.00  80  46  992000 1336000   260 9.88
0.157 0.0314 31.26 34.00  80  46  992000 1336000   260 9.88
0.160 0.0339 31.26 34.00  80  46  992000 1336000   260 9.88
0.163 0.0296 31.26 34.00  80  46  992000 1336000   260 9.88
0.166 0.0310 31.27 34.00  80  46  992000 1336000   260 9.88
0.169 0.0331 31.29 34.00  80  46  992000 1336000   260 9.88
0.172 0.0283 31.31 34.00  80  46  992000 1336000   260 9.88
0.174 0.0316 31.35 34.00  80  46  992000 1336000   260 9.88
0.177 0.0315 31.40 34.00  80  46  992000 1336000   260 9.88
0.180 0.0316 31.47 34.00  80  46  992000 1336000   260 9.88
0.183 0.0333 31.55 34.00  80  46  992000 1336000   260 9.88
0.186 0.0302 31.65 34.00  80  46  992000 1336000   260 9.88
0.189 0.0305 31.76 34.00  80  46  992000 1336000   260 9.88
0.192 0.0305 31.88 34.00  80  46  992000 1336000   260 9.88
0.195 0.0302 32.01 34.00  80  46  992000 1336000   260 9.88
0.198 0.0320 32.15 34.00  80  46  992000 1336000   260 9.88
0.201 0.0336 32.30 34.00  80  46  992000 1336000   260 9.88
0.203 0.0314 32.45 34.00  80  46  992000 1336000   260 9.88
0.206 0.0321 32.61 34.00  80  46  992000 1336000   260 9.88
0.209 0.0345 32.78 34.00  80  46  992000 1336000   260 9.88
0.212 0.0358 32.93 34.00  80  46  992000 1336000   260 9.88
0.215 0.0340 33.07 34.00  80  46  992000 1336000   260 9.88
0.218 0.0322 33.19 34.00  80  46  992000 1336000   260 9.88
0.221 0.0348 33.29 34.00  80  46  992000 1336000   260 9.88
0.224 0.0315 33.37 34.00  80  46  992000 1336000   260 9.88
0.227 0.0334 33.43 34.00  80  46  992000 1336000   260 9.88
0.230 0.0330 33.46 34.00  80  46  992000 1336000   260 9.88
0.233 0.0349 33.47 34.00  80  46  992000 1336000   260 9.88
0.235 0.0349 33.47 34.00  80  46  992000 1336000   260 9.88
0.238 0.0326 33.44 34.00  80  46  992000 1336000   260 9.88
0.241 0.0315 33.40 34.00  80  46  992000 1336000   260 9.88
0.244 0.0321 33.35 34.00  80  46  992000 1336000   260 9.88
0.247 0.0349 33.28 34.00  80  46  992000 1336000   260 9.88
0.250 0.0334 33.22 34.00  80  46  992000 1336000   260 9.88
0.253 0.0339 33.17 34.00  80  46  992000 1336000   260 9.88
0.256 0.0330 33.14 34.00  80  46  992000 1336000   260 9.88
0.259 0.0326 33.12 34.00  80  46  992000 1336000   260 9.88
0.262 0.0328 33.11 34.00  80  46  992000 1336000   260 9.88
0.265 0.0315 33.12 34.00  80  46  992000 1336000   260 9.88
0.267 0.0331 33.15 34.00  80  46  992000 1336000   260 9.88
0.270 0.0357 33.19 34.00  80  46  992000 1336000   260 9.88
0.273 0.0316 33.24 34.00  80  46  992000 1336000   260 9.88
0.276 0.0343 33.29 34.00  80  46  992000 1336000   260 9.88
0.279 0.0328 33.35 34.00  80  46  992000 1336000   260 9.88
0.282 0.0321 33.41 34.00  80  46  992000 1336000   260 9.88
0.285 0.0350 33.50 34.00  80  46  992000 1336000   260 9.88
0.288 0.0323 33.60 34.00  80  46  992000 1336000   260 9.88
0.291 0.0363 33.71 34.00  80  46  992000 1336000   260 9.88
0.294 0.0319 33.85 34.00  80  46  992000 1336000   260 9.88
0.297 0.0331 33.99 34.00  80  46  992000 1336000   260 9.88
0.299 0.0354 34.14 34.00  80  46  992000 1336000   260 9.88
0.302 0.0348 34.28 34.00  80  46  992000 1336000   260 9.88
0.305 0.0338 34.43 34.00  80  46  992000 1336000   260 9.88
0.308 0.0335 34.57 34.00  80  46  992000 1336000   260 9.88
0.311 0.0356 34.69 34.00  80  46  992000 1336000   260 9.88
0.314 0.0344 34.79 34.00  80  46  992000 1336000   260 9.88
0.317 0.0349 34.87 34.00  80  46  992000 1336000   260 9.88
0.320 0.0368 34.93 34.00  80  46  992000 1336000   260 9.88
0.323 0.0321 34.99 34.00  80  46  992000 1336000   260 9.88
0.326 0.0363 35.04 34.00  80  46  992000 1336000   260 9.88
0.328 0.0326 35.09 34.00  80  46  992000 1336000   260 9.88
0.331 0.0398 35.15 34.00  80  46  992000 1336000   260 9.88
0.334 0.0355 35.23 34.00  80  46  992000 1336000   260 9.88
0.337 0.0369 35.32 34.00  80  46  992000 1336000   260 9.88
0.340 0.0350 35.43 34.00  80  46  992000 1336000   260 9.88
0.343 0.0357 35.55 34.00  80  46  992000 1336000   260 9.88
0.346 0.0355 35.67 34.00  80  46  992000 1336000   260 9.88
0.349 0.0337 35.80 34.00  80  46  992000 1336000   260 9.88
0.352 0.0342 35.93 34.00  80  46  992000 1336000   260 9.88
0.355 0.0350 36.05 34.00  80  46  992000 1336000   260 9.88
0.358 0.0344 36.17 34.00  80  46  992000 1336000   260 9.88
0.360 0.0376 36.28 34.00  80  46  992000 1336000   260 9.88
0.363 0.0355 36.39 34.00  80  46  992000 1336000   260 9.88
0.366 0.0347 36.50 34.00  80  46  992000 1336000   260 9.88
0.369 0.0384 36.61 34.00  80  46  992000 1336000   260 9.88
0.372 0.0380 36.73 34.00  80  46  992000 1336000   260 9.88
0.375 0.0388 36.86 34.00  80  46  992000 1336000   260 9.88
0.378 0.0373 37.00 34.00  80  46  992000 1336000   260 9.88
0.381 0.0403 37.14 34.00  80  46  992000 1336000   260 9.88
0.384 0.0376 37.29 34.00  80  46  992000 1336000   260 9.88
0.387 0.0371 37.44 34.00  80  46  992000 1336000   260 9.88
0.390 0.0364 37.59 34.00  80  46  992000 1336000   260 9.88
0.392 0.0355 37.72 34.00  80  46  992000 1336000   260 9.88
0.395 0.0382 37.83 34.00  80  46  992000 1336000   260 9.88
0.398 0.0374 37.91 34.00  80  46  992000 1336000   260 9.88
0.401 0.0373 37.97 34.00  80  46  992000 1336000   260 9.88
0.404 0.0355 38.00 34.00  80  46  992000 1336000   260 9.88
0.407 0.0394 38.03 34.00  80  46  992000 1336000   260 9.88
0.410 0.0378 38.06 34.00  80  46  992000 1336000   260 9.88
0.413 0.0401 38.08 34.00  80  46  992000 1336000   260 9.88
0.416 0.0367 38.12 34.00  80  46  992000 1336000   260 9.88
0.419 0.0410 38.17 34.00  80  46  992000 1336000   260 9.88
0.422 0.0378 38.25 34.00  80  46  992000 1336000   260 9.88
0.424 0.0395 38.34 34.00  80  46  992000 1336000   260 9.88
0.427 0.0371 38.46 34.00  80  46  992000 1336000   260 9.88
0.430 0.0393 38.58 34.00  80  46  992000 1336000   260 9.88
0.433 0.0387 38.71 34.00  80  46  992000 1336000   260 9.88
0.436 0.0382 38.84 34.00  80  46  992000 1336000   260 9.88
0.439 0.0390 38.96 34.00  80  46  992000 1336000   260 9.88
0.442 0.0384 39.08 34.00  80  46  992000 1336000   260 9.88
0.445 0.0389 39.20 34.00  80  46  992000 1336000   260 9.88
0.448 0.0387 39.32 34.00  80  46  992000 1336000   260 9.88
0.451 0.0382 39.45 34.00  80  46  992000 1336000   260 9.88
0.453 0.0406 39.59 34.00  80  46  992000 1336000   260 9.88
0.456 0.0406 39.75 34.00  80  46  992000 1336000   260 9.88
0.459 0.0397 39.93 34.00  80  46  992000 1336000   260 9.88
0.462 0.0412 40.12 34.00  80  46  992000 1336000   260 9.88
0.465 0.0397 40.33 34.00  80  46  992000 1336000   260 9.88
0.468 0.0395 40.56 34.00  80  46  992000 1336000   260 9.88
0.471 0.0412 40.81 34.00  80  46  992000 1336000   260 9.88
0.474 0.0443 41.06 34.00  80  46  992000 1336000   260 9.88
0.477 0.0402 41.32 34.00  80  46  992000 1336000   260 9.88
0.480 0.0391 41.57 34.00  80  46  992000 1336000   260 9.88
0.483 0.0429 41.82 34.00  80  46  992000 1336000   260 9.88
0.485 0.0402 42.06 34.00  80  46  992000 1336000   260 9.88
0.488 0.0421 42.30 34.00  80  46  992000 1336000   260 9.88
0.491 0.0432 42.52 34.00  80  46  992000 1336000   260 9.88
0.494 0.0458 42.74 34.00  80  46  992000 1336000   260 9.88
0.497 0.0408 42.96 34.00  80  46  992000 1336000   260 9.88
0.500 0.0433 43.18 34.00  80  46  992000 1336000   260 9.88
0.503 0.0445 43.40 34.00  80  46  992000 1336000   260 9.88
0.506 0.0422 43.63 34.00  80  46  992000 1336000   260 9.88
0.509 0.0448 43.86 34.00  80  46  992000 1336000   260 9.88
0.512 0.0428 44.09 34.00  80  46  992000 1336000   260 9.88
0.515 0.0466 44.34 34.00  80  46  992000 1336000   260 9.88
0.517 0.0445 44.59 34.00  80  46  992000 1336000   260 9.88
0.520 0.0438 44.85 34.00  80  46  992000 1336000   260 9.88
0.523 0.0475 45.10 34.00  80  46  992000 1336000   260 9.88
0.526 0.0436 45.35 34.00  80  46  992000 1336000   260 9.88
0.529 0.0437 45.61 34.00  80  46  992000 1336000   260 9.88
0.532 0.0435 45.86 34.00  80  46  992000 1336000   260 9.88
0.535 0.0484 46.11 34.00  80  46  992000 1336000   260 9.88
0.538 0.0469 46.36 34.00  80  46  992000 1336000   260 9.88
0.541 0.0470 46.60 34.00  80  46  992000 1336000   260 9.88
0.544 0.0459 46.86 34.00  80  46  992000 1336000   260 9.88
0.547 0.0475 47.12 34.00  80  46  992000 1336000   260 9.88
0.549 0.0474 47.41 34.00  80  46  992000 1336000   260 9.88
0.552 0.0501 47.71 34.00  80  46  992000 1336000   260 9.88
0.555 0.0490 48.03 34.00  80  46  992000 1336000   260 9.88
0.558 0.0452 48.37 34.00  80  46  992000 1336000   260 9.88
0.561 0.0475 48.73 34.00  80  46  992000 1336000   260 9.88
0.564 0.0524 49.10 34.00  80  46  992000 1336000   260 9.88
0.567 0.0514 49.48 34.00  80  46  992000 1336000   260 9.88
0.570 0.0479 49.88 34.00  80  46  992000 1336000   260 9.88
0.573 0.0480 50.28 34.00  80  46  992000 1336000   260 9.88
0.576 0.0486 50.71 34.00  80  46  992000 1336000   260 9.88
0.578 0.0546 51.15 34.00  80  46  992000 1336000   260 9.88
0.581 0.0491 51.60 34.00  80  46  992000 1336000   260 9.88
0.584 0.0519 52.06 34.00  80  46  992000 1336000   260 9.88
0.587 0.0519 52.53 34.00  80  46  992000 1336000   260 9.88
0.590 0.0545 53.01 34.00  80  46  992000 1336000   260 9.88
0.593 0.0515 53.51 34.00  80  46  992000 1336000   260 9.88
0.596 0.0536 54.01 34.00  80  46  992000 1336000   260 9.88
0.599 0.0610 54.50 34.00  80  46  992000 1336000   260 9.88
0.602 0.0526 54.99 34.00  80  46  992000 1336000   260 9.88
0.605 0.0554 55.48 34.00  80  46  992000 1336000   260 9.88
0.608 0.0587 55.96 34.00  80  46  992000 1336000   260 9.88
0.610 0.0497 56.44 34.00  80  46  992000 1336000   260 9.88
0.613 0.0602 56.92 34.00  80  46  992000 1336000   260 9.88
0.616 0.0567 57.39 34.00  80  46  992000 1336000   260 9.88
0.619 0.0570 57.84 34.00  80  46  992000 1336000   260 9.88
0.622 0.0605 58.28 34.00  80  46  992000 1336000   260 9.88
0.625 0.0608 58.69 34.00  80  46  992000 1336000   260 9.88
0.628 0.0569 59.07 34.00  80  46  992000 1336000   260 9.88
0.631 0.0625 59.42 34.00  80  46  992000 1336000   260 9.88
0.634 0.0568 59.76 34.00  80  46  992000 1336000   260 9.88
0.637 0.0574 60.09 34.00  80  46  992000 1336000   260 9.88
0.640 0.0609 60.41 34.00  80  46  992000 1336000   260 9.88
0.642 0.0616 60.74 34.00  80  46  992000 1336000   260 9.88
0.645 0.0625 61.07 34.00  80  46  992000 1336000   260 9.88
0.648 0.0591 61.42 34.00  80  46  992000 1336000   260 9.88
0.651 0.0638 61.78 34.00  80  46  992000 1336000   260 9.88
0.654 0.0623 62.15 34.00  80  46  992000 1336000   260 9.88
0.657 0.0620 62.51 34.00  80  46  992000 1336000   260 9.88
0.660 0.0667 62.88 34.00  80  46  992000 1336000   260 9.88
0.663 0.0626 63.25 34.00  80  46  992000 1336000   260 9.88
0.666 0.0617 63.60 34.00  80  46  992000 1336000   260 9.88
0.669 0.0638 63.95 34.00  80  46  992000 1336000   260 9.88
0.672 0.0612 64.30 34.00  80  46  992000 1336000   260 9.88
0.674 0.0618 64.64 34.00  80  46  992000 1336000   260 9.88
0.677 0.0626 64.98 34.00  80  46  992000 1336000   260 9.88
0.680 0.0694 65.31 34.00  80  46  992000 1336000   260 9.88
0.683 0.0672 65.62 34.00  80  46  992000 1336000   260 9.88
0.686 0.0664 65.92 34.00  80  46  992000 1336000   260 9.88
0.689 0.0698 66.20 34.00  80  46  992000 1336000   260 9.88
0.692 0.0643 66.47 34.00  80  46  992000 1336000   260 9.88
0.695 0.0664 66.73 34.00  80  46  992000 1336000   260 9.88
0.698 0.0676 66.96 34.00  80  46  992000 1336000   260 9.88
0.701 0.0687 67.17 34.00  80  46  992000 1336000   260 9.88
0.703 0.0693 67.35 34.00  80  46  992000 1336000   260 9.88
0.706 0.0608 67.50 34.00  80  46  992000 1336000   260 9.88
0.709 0.0670 67.60 34.00  80  46  992000 1336000   260 9.88
0.712 0.0706 67.65 34.00  80  46  992000 1336000   260 9.88
0.715 0.0705 67.66 34.00  80  46  992000 1336000   260 9.88
0.718 0.0650 67.62 34.00  80  46  992000 1336000   260 9.88
0.721 0.0662 67.55 34.00  80  46  992000 1336000   260 9.88
0.724 0.0695 67.46 34.00  80  46  992000 1336000   260 9.88
0.727 0.0687 67.36 34.00  80  46  992000 1336000   260 9.88
0.730 0.0688 67.27 34.00  80  46  992000 1336000   260 9.88
0.733 0.0659 67.20 34.00  80  46  992000 1336000   260 9.88
0.735 0.0699 67.15 34.00  80  46  992000 1336000   260 9.88
0.738 0.0619 67.12 34.00  80  46  992000 1336000   260 9.88
0.741 0.0700 67.12 34.00  80  46  992000 1336000   260 9.88
0.744 0.0673 67.13 34.00  80  46  992000 1336000   260 9.88
0.747 0.0661 67.16 34.00  80  46  992000 1336000   260 9.88
0.750 0.0651 67.19 34.00  80  46  992000 1336000   260 9.88
0.753 0.0661 67.25 34.00  80  46  992000 1336000   260 9.88
0.756 0.0673 67.32 34.00  80  46  992000 1336000   260 9.88
0.759 0.0646 67.40 34.00  80  46  992000 1336000   260 9.88
0.762 0.0727 67.51 34.00  80  46  992000 1336000   260 9.88
0.765 0.0624 67.63 34.00  80  46  992000 1336000   260 9.88
0.767 0.0660 67.76 34.00  80  46  992000 1336000   260 9.88
0.770 0.0696 67.91 34.00  80  46  992000 1336000   260 9.88
0.773 0.0732 68.07 34.00  80  46  992000 1336000   260 9.88
0.776 0.0706 68.23 34.00  80  46  992000 1336000   260 9.88
0.779 0.0659 68.39 34.00  80  46  992000 1336000   260 9.88
0.782 0.0668 68.53 34.00  80  46  992000 1336000   260 9.88
0.785 0.0701 68.67 34.00  80  46  992000 1336000   260 9.88
0.788 0.0704 68.78 34.00  80  46  992000 1336000   260 9.88
0.791 0.0656 68.86 34.00  80  46  992000 1336000   260 9.88
0.794 0.0696 68.93 34.00  80  46  992000 1336000   260 9.88
0.797 0.0719 68.97 34.00  80  46  992000 1336000   260 9.88
0.799 0.0677 68.99 34.00  80  46  992000 1336000   260 9.88
0.802 0.0694 69.01 34.00  80  46  992000 1336000   260 9.88
0.805 0.0684 69.01 34.00  80  46  992000 1336000   260 9.88
0.808 0.0702 69.01 34.00  80  46  992000 1336000   260 9.88
0.811 0.0667 68.99 34.00  80  46  992000 1336000   260 9.88
0.814 0.0695 68.97 34.00  80  46  992000 1336000   260 9.88
0.817 0.0695 68.95 34.00  80  46  992000 1336000   260 9.88
0.820 0.0677 68.93 34.00  80  46  992000 1336000   260 9.88
0.823 0.0697 68.91 34.00  80  46  992000 1336000   260 9.88
0.826 0.0675 68.90 34.00  80  46  992000 1336000   260 9.88
0.828 0.0707 68.90 34.00  80  46  992000 1336000   260 9.88
0.831 0.0673 68.91 34.00  80  46  992000 1336000   260 9.88
0.834 0.0685 68.92 34.00  80  46  992000 1336000   260 9.88
0.837 0.0698 68.92 34.00  80  46  992000 1336000   260 9.88
0.840 0.0699 68.93 34.00  80  46  992000 1336000   260 9.88
0.843 0.0693 68.95 34.00  80  46  992000 1336000   260 9.88
0.846 0.0688 68.98 34.00  80  46  992000 1336000   260 9.88
0.849 0.0703 69.02 34.00  80  46  992000 1336000   260 9.88
0.852 0.0672 69.07 34.00  80  46  992000 1336000   260 9.88
0.855 0.0713 69.12 34.00  80  46  992000 1336000   260 9.88
0.858 0.0695 69.19 34.00  80  46  992000 1336000   260 9.88
0.860 0.0661 69.25 34.00  80  46  992000 1336000   260 9.88
0.863 0.0666 69.33 34.00  80  46  992000 1336000   260 9.88
0.866 0.0705 69.41 34.00  80  46  992000 1336000   260 9.88
0.869 0.0713 69.49 34.00  80  46  992000 1336000   260 9.88
0.872 0.0708 69.59 34.00  80  46  992000 1336000   260 9.88
0.875 0.0692 69.69 34.00  80  46  992000 1336000   260 9.88
0.878 0.0687 69.80 34.00  80  46  992000 1336000   260 9.88
0.881 0.0702 69.92 34.00  80  46  992000 1336000   260 9.88
0.884 0.0697 70.05 34.00  80  46  992000 1336000   260 9.88
0.887 0.0714 70.18 34.00  80  46  992000 1336000   260 9.88
0.890 0.0699 70.31 34.00  80  46  992000 1336000   260 9.88
0.892 0.0686 70.44 34.00  80  46  992000 1336000   260 9.88
0.895 0.0719 70.56 34.00  80  46  992000 1336000   260 9.88
0.898 0.0717 70.67 34.00  80  46  992000 1336000   260 9.88
0.901 0.0719 70.78 34.00  80  46  992000 1336000   260 9.88
0.904 0.0677 70.87 34.00  80  46  992000 1336000   260 9.88
0.907 0.0720 70.95 34.00  80  46  992000 1336000   260 9.88
0.910 0.0748 71.01 34.00  80  46  992000 1336000   260 9.88
0.913 0.0667 71.07 34.00  80  46  992000 1336000   260 9.88
0.916 0.0715 71.13 34.00  80  46  992000 1336000   260 9.88
0.919 0.0766 71.19 34.00  80  46  992000 1336000   260 9.88
0.922 0.0664 71.26 34.00  80  46  992000 1336000   260 9.88
0.924 0.0709 71.33 34.00  80  46  992000 1336000   260 9.88
0.927 0.0756 71.40 34.00  80  46  992000 1336000   260 9.88
0.930 0.0682 71.48 34.00  80  46  992000 1336000   260 9.88
0.933 0.0717 71.55 34.00  80  46  992000 1336000   260 9.88
0.936 0.0733 71.63 34.00  80  46  992000 1336000   260 9.88
0.939 0.0688 71.71 34.00  80  46  992000 1336000   260 9.88
0.942 0.0714 71.81 34.00  80  46  992000 1336000   260 9.88
0.945 0.0719 71.91 34.00  80  46  992000 1336000   260 9.88
0.948 0.0728 72.03 34.00  80  46  992000 1336000   260 9.88
0.951 0.0729 72.16 34.00  80  46  992000 1336000   260 9.88
0.953 0.0698 72.29 34.00  80  46  992000 1336000   260 9.88
0.956 0.0742 72.43 34.00  80  46  992000 1336000   260 9.88
0.959 0.0740 72.57 34.00  80  46  992000 1336000   260 9.88
0.962 0.0708 72.72 34.00  80  46  992000 1336000   260 9.88
0.965 0.0735 72.87 34.00  80  46  992000 1336000   260 9.88
0.968 0.0745 73.02 34.00  80  46  992000 1336000   260 9.88
0.971 0.0731 73.17 34.00  80  46  992000 1336000   260 9.88
0.974 0.0731 73.32 34.00  80  46  992000 1336000   260 9.88
0.977 0.0706 73.47 34.00  80  46  992000 1336000   260 9.88
0.980 0.0748 73.61 34.00  80  46  992000 1336000   260 9.88
0.983 0.0736 73.74 34.00  80  46  992000 1336000   260 9.88
0.985 0.0744 73.87 34.00  80  46  992000 1336000   260 9.88
0.988 0.0752 73.98 34.00  80  46  992000 1336000   260 9.88
0.991 0.0746 74.08 34.00  80  46  992000 1336000   260 9.88
0.994 0.0738 74.17 34.00  80  46  992000 1336000   260 9.88
0.997 0.0752 74.26 34.00  80  46  992000 1336000   260 9.88
1.000 0.0729 74.35 34.00  80  46  992000 1336000   260 9.88
1.003 0.0738 74.45 34.00  80  46  992000 1336000   260 9.88
1.006 0.0743 74.55 34.00  80  46  992000 1336000   260 9.88
1.009 0.0746 74.65 34.00  80  46  992000 1336000   260 9.88
1.012 0.0739 74.77 34.00  80  46  992000 1336000   260 9.88
1.015 0.0786 74.89 34.00  80  46  992000 1336000   260 9.88
1.017 0.0738 75.01 34.00  80  46  992000 1336000   260 9.88
1.020 0.0762 75.15 34.00  80  46  992000 1336000   260 9.88
1.023 0.0725 75.29 34.00  80  46  992000 1336000   260 9.88
1.026 0.0755 75.43 34.00  80  46  992000 1336000   260 9.88
1.029 0.0784 75.57 34.00  80  46  992000 1336000   260 9.88
1.032 0.0752 75.72 34.00  80  46  992000 1336000   260 9.88
1.035 0.0702 75.86 34.00  80  46  992000 1336000   260 9.88
1.038 0.0778 76.02 34.00  80  46  992000 1336000   260 9.88
1.041 0.0788 76.18 34.00  80  46  992000 1336000   260 9.88
1.044 0.0756 76.36 34.00  80  46  992000 1336000   260 9.88
1.047 0.0755 76.54 34.00  80  46  992000 1336000   260 9.88
1.049 0.0779 76.73 34.00  80  46  992000 1336000   260 9.88
1.052 0.0784 76.92 34.00  80  46  992000 1336000   260 9.88
1.055 0.0794 77.13 34.00  80  46  992000 1336000   260 9.88
1.058 0.0737 77.35 34.00  80  46  992000 1336000   260 9.88
1.061 0.0763 77.57 34.00  80  46  992000 1336000   260 9.88
1.064 0.0811 77.79 34.00  80  46  992000 1336000   260 9.88
1.067 0.0767 78.03 34.00  80  46  992000 1336000   260 9.88
1.070 0.0778 78.26 34.00  80  46  992000 1336000   260 9.88
1.073 0.0766 78.49 34.00  80  46  992000 1336000   260 9.88
1.076 0.0823 78.72 34.00  80  46  992000 1336000   260 9.88
1.078 0.0749 78.94 34.00  80  46  992000 1336000   260 9.88
1.081 0.0794 79.17 34.00  80  46  992000 1336000   260 9.88
1.084 0.0794 79.40 34.00  80  46  992000 1336000   260 9.88
1.087 0.0804 79.65 34.00  80  46  992000 1336000   260 9.88
1.090 0.0811 79.90 34.00  80  46  992000 1336000   260 9.88
1.093 0.0822 80.17 34.00  80  46  992000 1336000   260 9.88
1.096 0.0790 80.45 34.00  80  46  992000 1336000   260 9.88
1.099 0.0804 80.75 34.00  80  46  992000 1336000   260 9.88
1.102 0.0805 81.05 34.00  80  46  992000 1336000   260 9.88
1.105 0.0809 81.36 34.00  80  46  992000 1336000   260 9.88
1.108 0.0849 81.67 34.00  80  46  992000 1336000   260 9.88
1.110 0.0779 81.97 34.00  80  46  992000 1336000   260 9.88
1.113 0.0812 82.27 34.00  80  46  992000 1336000   260 9.88
1.116 0.0833 82.56 34.00  80  46  992000 1336000   260 9.88
1.119 0.0835 82.82 34.00  80  46  992000 1336000   260 9.88
1.122 0.0818 83.08 34.00  80  46  992000 1336000   260 9.88
1.125 0.0847 83.31 34.00  80  46  992000 1336000   260 9.88
1.128 0.0816 83.53 34.00  80  46  992000 1336000   260 9.88
1.131 0.0877 83.73 34.00  80  46  992000 1336000   260 9.88
1.134 0.0811 83.91 34.00  80  46  992000 1336000   260 9.88
1.137 0.0866 84.08 34.00  80  46  992000 1336000   260 9.88
1.140 0.0834 84.24 34.00  80  46  992000 1336000   260 9.88
1.142 0.0854 84.38 34.00  80  46  992000 1336000   260 9.88
1.145 0.0829 84.50 34.00  80  46  992000 1336000   260 9.88
1.148 0.0865 84.60 34.00  80  46  992000 1336000   260 9.88
1.151 0.0853 84.69 34.00  80  46  992000 1336000   260 9.88
1.154 0.0843 84.74 34.00  80  46  992000 1336000   260 9.88
1.157 0.0843 84.77 34.00  80  46  992000 1336000   260 9.88
1.160 0.0835 84.77 34.00  80  46  992000 1336000   260 9.88
1.163 0.0851 84.76 34.00  80  46  992000 1336000   260 9.88
1.166 0.0856 84.72 34.00  80  46  992000 1336000   260 9.88
1.169 0.0837 84.67 34.00  80  46  992000 1336000   260 9.88
1.172 0.0844 84.61 34.00  80  46  992000 1336000   260 9.88
1.174 0.0832 84.55 34.00  80  46  992000 1336000   260 9.88
1.177 0.0848 84.50 34.00  80  46  992000 1336000   260 9.88
1.180 0.0859 84.45 34.00  80  46  992000 1336000   260 9.88
1.183 0.0854 84.41 34.00  80  46  992000 1336000   260 9.88
1.186 0.0823 84.36 34.00  80  46  992000 1336000   260 9.88
1.189 0.0854 84.32 34.00  80  46  992000 1336000   260 9.88
1.192 0.0855 84.27 34.00  80  46  992000 1336000   260 9.88
1.195 0.0868 84.23 34.00  80  46  992000 1336000   260 9.88
1.198 0.0782 84.18 34.00  80  46  992000 1336000   260 9.88
1.201 0.0861 84.13 34.00  80  46  992000 1336000   260 9.88
1.203 0.0836 84.07 34.00  80  46  992000 1336000   260 9.88
1.206 0.0851 84.00 34.00  80  46  992000 1336000   260 9.88
1.209 0.0812 83.92 34.00  80  46  992000 1336000   260 9.88
1.212 0.0809 83.82 34.00  80  46  992000 1336000   260 9.88
1.215 0.0916 83.70 34.00  80  46  992000 1336000   260 9.88
1.218 0.0796 83.57 34.00  80  46  992000 1336000   260 9.88
1.221 0.0854 83.41 34.00  80  46  992000 1336000   260 9.88
1.224 0.0809 83.26 34.00  80  46  992000 1336000   260 9.88
1.227 0.0884 83.12 34.00  80  46  992000 1336000   260 9.88
1.230 0.0835 82.99 34.00  80  46  992000 1336000   260 9.88
1.233 0.0789 82.88 34.00  80  46  992000 1336000   260 9.88
1.235 0.0814 82.78 34.00  80  46  992000 1336000   260 9.88
1.238 0.0873 82.71 34.00  80  46  992000 1336000   260 9.88
1.241 0.0798 82.65 34.00  80  46  992000 1336000   260 9.88
1.244 0.0831 82.61 34.00  80  46  992000 1336000   260 9.88
1.247 0.0850 82.59 34.00  80  46  992000 1336000   260 9.88
1.250 0.0787 82.58 34.00  80  46  992000 1336000   260 9.88
1.253 0.0844 82.59 34.00  80  46  992000 1336000   260 9.88
1.256 0.0791 82.59 34.00  80  46  992000 1336000   260 9.88
1.259 0.0832 82.60 34.00  80  46  992000 1336000   260 9.88
1.262 0.0839 82.62 34.00  80  46  992000 1336000   260 9.88
1.265 0.0766 82.65 34.00  80  46  992000 1336000   260 9.88
1.267 0.0844 82.68 34.00  80  46  992000 1336000   260 9.88
1.270 0.0838 82.73 34.00  80  46  992000 1336000   260 9.88
1.273 0.0826 82.80 34.00  80  46  992000 1336000   260 9.88
1.276 0.0875 82.89 34.00  80  46  992000 1336000   260 9.88
1.279 0.0868 82.99 34.00  80  46  992000 1336000   260 9.88
1.282 0.0830 83.11 34.00  80  46  992000 1336000   260 9.88
1.285 0.0815 83.22 34.00  80  46  992000 1336000   260 9.88
1.288 0.0769 83.33 34.00  80  46  992000 1336000   260 9.88
1.291 0.0891 83.43 34.00  80  46  992000 1336000   260 9.88
1.294 0.0827 83.51 34.00  80  46  992000 1336000   260 9.88
1.297 0.0828 83.57 34.00  80  46  992000 1336000   260 9.88
1.299 0.0830 83.62 34.00  80  46  992000 1336000   260 9.88
1.302 0.0859 83.66 34.00  80  46  992000 1336000   260 9.88
1.305 0.0797 83.69 34.00  80  46  992000 1336000   260 9.88
1.308 0.0796 83.71 34.00  80  46  992000 1336000   260 9.88
1.311 0.0868 83.71 34.00  80  46  992000 1336000   260 9.88
1.314 0.0841 83.70 34.00  80  46  992000 1336000   260 9.88
1.317 0.0861 83.68 34.00  80  46  992000 1336000   260 9.88
1.320 0.0805 83.67 34.00  80  46  992000 1336000   260 9.88
1.323 0.0905 83.65 34.00  80  46  992000 1336000   260 9.88
1.326 0.0827 83.63 34.00  80  46  992000 1336000   260 9.88
1.328 0.0818 83.60 34.00  80  46  992000 1336000   260 9.88
1.331 0.0885 83.56 34.00  80  46  992000 1336000   260 9.88
1.334 0.0766 83.51 34.00  80  46  992000 1336000   260 9.88
1.337 0.0828 83.45 34.00  80  46  992000 1336000   260 9.88
1.340 0.0867 83.38 34.00  80  46  992000 1336000   260 9.88
1.343 0.0780 83.29 34.00  80  46  992000 1336000   260 9.88
1.346 0.0862 83.21 34.00  80  46  992000 1336000   260 9.88
1.349 0.0873 83.14 34.00  80  46  992000 1336000   260 9.88
1.352 0.0815 83.07 34.00  80  46  992000 1336000   260 9.88
1.355 0.0836 83.02 34.00  80  46  992000 1336000   260 9.88
1.358 0.0833 82.97 34.00  80  46  992000 1336000   260 9.88
1.360 0.0795 82.92 34.00  80  46  992000 1336000   260 9.88
1.363 0.0839 82.90 34.00  80  46  992000 1336000   260 9.88
1.366 0.0765 82.89 34.00  80  46  992000 1336000   260 9.88
1.369 0.0882 82.89 34.00  80  46  992000 1336000   260 9.88
1.372 0.0837 82.92 34.00  80  46  992000 1336000   260 9.88
1.375 0.0838 82.97 34.00  80  46  992000 1336000   260 9.88
1.378 0.0773 83.02 34.00  80  46  992000 1336000   260 9.88
1.381 0.0838 83.08 34.00  80  46  992000 1336000   260 9.88
1.384 0.0865 83.13 34.00  80  46  992000 1336000   260 9.88
1.387 0.0854 83.19 34.00  80  46  992000 1336000   260 9.88
1.390 0.0846 83.25 34.00  80  46  992000 1336000   260 9.88
1.392 0.0824 83.31 34.00  80  46  992000 1336000   260 9.88
1.395 0.0824 83.37 34.00  80  46  992000 1336000   260 9.88
1.398 0.0809 83.43 34.00  80  46  992000 1336000   260 9.88
1.401 0.0843 83.49 34.00  80  46  992000 1336000   260 9.88
1.404 0.0857 83.53 34.00  80  46  992000 1336000   260 9.88
1.407 0.0811 83.56 34.00  80  46  992000 1336000   260 9.88
1.410 0.0830 83.57 34.00  80  46  992000 1336000   260 9.88
1.413 0.0857 83.57 34.00  80  46  992000 1336000   260 9.88
1.416 0.0829 83.55 34.00  80  46  992000 1336000   260 9.88
1.419 0.0838 83.53 34.00  80  46  992000 1336000   260 9.88
1.422 0.0845 83.52 34.00  80  46  992000 1336000   260 9.88
1.424 0.0827 83.52 34.00  80  46  992000 1336000   260 9.88
1.427 0.0850 83.54 34.00  80  46  992000 1336000   260 9.88
1.430 0.0851 83.58 34.00  80  46  992000 1336000   260 9.88
1.433 0.0791 83.63 34.00  80  46  992000 1336000   260 9.88
1.436 0.0855 83.68 34.00  80  46  992000 1336000   260 9.88
1.439 0.0817 83.75 34.00  80  46  992000 1336000   260 9.88
1.442 0.0875 83.82 34.00  80  46  992000 1336000   260 9.88
1.445 0.0818 83.89 34.00  80  46  992000 1336000   260 9.88
1.448 0.0812 83.96 34.00  80  46  992000 1336000   260 9.88
1.451 0.0862 84.02 34.00  80  46  992000 1336000   260 9.88
1.453 0.0829 84.09 34.00  80  46  992000 1336000   260 9.88
1.456 0.0840 84.16 34.00  80  46  992000 1336000   260 9.88
1.459 0.0847 84.24 34.00  80  46  992000 1336000   260 9.88
1.462 0.0829 84.33 34.00  80  46  992000 1336000   260 9.88
1.465 0.0893 84.43 34.00  80  46  992000 1336000   260 9.88
1.468 0.0840 84.53 34.00  80  46  992000 1336000   260 9.88
1.471 0.0808 84.62 34.00  80  46  992000 1336000   260 9.88
1.474 0.0867 84.72 34.00  80  46  992000 1336000   260 9.88
1.477 0.0875 84.80 34.00  80  46  992000 1336000   260 9.88
1.480 0.0854 84.88 34.00  80  46  992000 1336000   260 9.88
1.483 0.0820 84.95 34.00  80  46  992000 1336000   260 9.88
1.485 0.0858 85.01 34.00  80  46  992000 1336000   260 9.88
1.488 0.0815 85.07 34.00  80  46  992000 1336000   260 9.88
1.491 0.0886 85.13 34.00  80  46  992000 1336000   260 9.88
1.494 0.0854 85.19 34.00  80  46  992000 1336000   260 9.88
1.497 0.0838 85.25 34.00  80  46  992000 1336000   260 9.88
1.500 0.0843 85.31 34.00  80  46  992000 1336000   260 9.88
1.503 0.0898 85.37 34.00  80  46  992000 1336000   260 9.88
1.506 0.0829 85.44 34.00  80  46  992000 1336000   260 9.88
1.509 0.0860 85.54 34.00  80  46  992000 1336000   260 9.88
1.512 0.0878 85.66 34.00  80  46  992000 1336000   260 9.88
1.515 0.0819 85.80 34.00  80  46  992000 1336000   260 9.88
1.517 0.0872 85.97 34.00  80  46  992000 1336000   260 9.88
1.520 0.0860 86.16 34.00  80  46  992000 1336000   260 9.88
1.523 0.0831 86.36 34.00  80  46  992000 1336000   260 9.88
1.526 0.0892 86.58 34.00  80  46  992000 1336000   260 9.88
1.529 0.0867 86.80 34.00  80  46  992000 1336000   260 9.88
1.532 0.0879 87.04 34.00  80  46  992000 1336000   260 9.88
1.535 0.0865 87.29 34.00  80  46  992000 1336000   260 9.88
1.538 0.0878 87.53 34.00  80  46  992000 1336000   260 9.88
1.541 0.0865 87.77 34.00  80  46  992000 1336000   260 9.88
1.544 0.0892 88.00 34.00  80  46  992000 1336000   260 9.88
1.547 0.0869 88.23 34.00  80  46  992000 1336000   260 9.88
1.549 0.0864 88.46 34.00  80  46  992000 1336000   260 9.88
1.552 0.0879 88.67 34.00  80  46  992000 1336000   260 9.88
1.555 0.0936 88.85 34.00  80  46  992000 1336000   260 9.88
1.558 0.0903 89.02 34.00  80  46  992000 1336000   260 9.88
1.561 0.0901 89.19 34.00  80  46  992000 1336000   260 9.88
1.564 0.0889 89.34 34.00  80  46  992000 1336000   260 9.88
1.567 0.0896 89.48 34.00  80  46  992000 1336000   260 9.88
1.570 0.0862 89.62 34.00  80  46  992000 1336000   260 9.88
1.573 0.0958 89.75 34.00  80  46  992000 1336000   260 9.88
1.576 0.0826 89.86 34.00  80  46  992000 1336000   260 9.88
1.578 0.0922 89.97 34.00  80  46  992000 1336000   260 9.88
1.581 0.0939 90.07 34.00  80  46  992000 1336000   260 9.88
1.584 0.0888 90.18 34.00  80  46  992000 1336000   260 9.88
1.587 0.0892 90.29 34.00  80  46  992000 1336000   260 9.88
1.590 0.0856 90.40 34.00  80  46  992000 1336000   260 9.88
1.593 0.0930 90.51 34.00  80  46  992000 1336000   260 9.88
1.596 0.0919 90.62 34.00  80  46  992000 1336000   260 9.88
1.599 0.0904 90.74 34.00  80  46  992000 1336000   260 9.88
1.602 0.0875 90.85 34.00  80  46  992000 1336000   260 9.88
1.605 0.0916 90.97 34.00  80  46  992000 1336000   260 9.88
1.608 0.0924 91.08 34.00  80  46  992000 1336000   260 9.88
1.610 0.0902 91.18 34.00  80  46  992000 1336000   260 9.88
1.613 0.0938 91.28 34.00  80  46  992000 1336000   260 9.88
1.616 0.0961 91.35 34.00  80  46  992000 1336000   260 9.88
1.619 0.0879 91.41 34.00  80  46  992000 1336000   260 9.88
1.622 0.0874 91.43 34.00  80  46  992000 1336000   260 9.88
1.625 0.0925 91.43 34.00  80  46  992000 1336000   260 9.88
1.628 0.0909 91.40 34.00  80  46  992000 1336000   260 9.88
1.631 0.0904 91.33 34.00  80  46  992000 1336000   260 9.88
1.634 0.0963 91.21 34.00  80  46  992000 1336000   260 9.88
1.637 0.0938 91.04 34.00  80  46  992000 1336000   260 9.88
1.640 0.0870 90.82 34.00  80  46  992000 1336000   260 9.88
1.642 0.0907 90.55 34.00  80  46  992000 1336000   260 9.88
1.645 0.0886 90.24 34.00  80  46  992000 1336000   260 9.88
1.648 0.0920 89.90 34.00  80  46  992000 1336000   260 9.88
1.651 0.0897 89.54 34.00  80  46  992000 1336000   260 9.88
1.654 0.0881 89.17 34.00  80  46  992000 1336000   260 9.88
1.657 0.0911 88.79 34.00  80  46  992000 1336000   260 9.88
1.660 0.0843 88.39 34.00  80  46  992000 1336000   260 9.88
1.663 0.0900 88.00 34.00  80  46  992000 1336000   260 9.88
1.666 0.0909 87.62 34.00  80  46  992000 1336000   260 9.88
1.669 0.0871 87.25 34.00  80  46  992000 1336000   260 9.88
1.672 0.0885 86.90 34.00  80  46  992000 1336000   260 9.88
1.674 0.0838 86.56 34.00  80  46  992000 1336000   260 9.88
1.677 0.0842 86.24 34.00  80  46  992000 1336000   260 9.88
1.680 0.0852 85.94 34.00  80  46  992000 1336000   260 9.88
1.683 0.0859 85.66 34.00  80  46  992000 1336000   260 9.88
1.686 0.0811 85.42 34.00  80  46  992000 1336000   260 9.88
1.689 0.0852 85.21 34.00  80  46  992000 1336000   260 9.88
1.692 0.0862 85.02 34.00  80  46  992000 1336000   260 9.88
1.695 0.0873 84.84 34.00  80  46  992000 1336000   260 9.88
1.698 0.0845 84.67 34.00  80  46  992000 1336000   260 9.88
1.701 0.0876 84.49 34.00  80  46  992000 1336000   260 9.88
1.703 0.0835 84.33 34.00  80  46  992000 1336000   260 9.88
1.706 0.0821 84.18 34.00  80  46  992000 1336000   260 9.88
1.709 0.0820 84.06 34.00  80  46  992000 1336000   260 9.88
1.712 0.0876 83.95 34.00  80  46  992000 1336000   260 9.88
1.715 0.0821 83.87 34.00  80  46  992000 1336000   260 9.88
1.718 0.0862 83.81 34.00  80  46  992000 1336000   260 9.88
1.721 0.0905 83.80 34.00  80  46  992000 1336000   260 9.88
1.724 0.0759 83.81 34.00  80  46  992000 1336000   260 9.88
1.727 0.0833 83.85 34.00  80  46  992000 1336000   260 9.88
1.730 0.0873 83.91 34.00  80  46  992000 1336000   260 9.88
1.733 0.0806 83.97 34.00  80  46  992000 1336000   260 9.88
1.735 0.0831 84.04 34.00  80  46  992000 1336000   260 9.88
1.738 0.0885 84.11 34.00  80  46  992000 1336000   260 9.88
1.741 0.0809 84.18 34.00  80  46  992000 1336000   260 9.88
1.744 0.0835 84.26 34.00  80  46  992000 1336000   260 9.88
1.747 0.0759 84.34 34.00  80  46  992000 1336000   260 9.88
1.750 0.0859 84.43 34.00  80  46  992000 1336000   260 9.88
1.753 0.0909 84.53 34.00  80  46  992000 1336000   260 9.88
1.756 0.0827 84.63 34.00  80  46  992000 1336000   260 9.88
1.759 0.0894 84.73 34.00  80  46  992000 1336000   260 9.88
1.762 0.0833 84.85 34.00  80  46  992000 1336000   260 9.88
1.765 0.0902 84.97 34.00  80  46  992000 1336000   260 9.88
1.767 0.0852 85.12 34.00  80  46  992000 1336000   260 9.88
1.770 0.0830 85.29 34.00  80  46  992000 1336000   260 9.88
1.773 0.0893 85.47 34.00  80  46  992000 1336000   260 9.88
1.777 0.0879 85.67 34.00  80  46  992000 1336000   260 9.88
1.780 0.0807 85.87 34.00  80  46  992000 1336000   260 9.88
1.783 0.0832 86.08 34.00  80  46  992000 1336000   260 9.88
1.787 0.0850 86.29 34.00  80  46  992000 1336000   260 9.88
1.791 0.0828 86.51 34.00  80  46  992000 1336000   260 9.88
1.794 0.0861 86.74 34.00  80  46  992000 1336000   260 9.88
1.798 0.0889 86.99 34.00  80  46  992000 1336000   260 9.88
1.803 0.0921 87.26 34.00  80  46  992000 1336000   260 9.88
1.807 0.0855 87.58 34.00  80  46  992000 1336000   260 9.88
1.812 0.0868 87.94 34.00  80  46  992000 1336000   260 9.88
1.816 0.0884 88.37 34.00  80  46  992000 1336000   260 9.88
1.821 0.0915 88.87 34.00  80  46  992000 1336000   260 9.88
1.827 0.0883 89.45 34.00  80  46  992000 1336000   260 9.88
1.832 0.0904 90.09 34.00  80  46  992000 1336000   260 9.88
1.838 0.0908 90.79 34.00  80  46  992000 1336000   260 9.88
1.843 0.0923 91.52 34.00  80  46  992000 1336000   260 9.88
1.850 0.0922 92.27 34.00  80  46  992000 1336000   260 9.88
1.856 0.0907 93.02 34.00  80  46  992000 1336000   260 9.88
1.863 0.0933 93.77 34.00  80  46  992000 1336000   260 9.88
1.870 0.0948 94.49 34.00  80  46  992000 1336000   260 9.88
1.877 0.0920 95.17 34.00  80  46  992000 1336000   260 9.88
1.884 0.0939 95.81 34.00  80  46  992000 1336000   260 9.88
1.892 0.0961 96.41 34.00  80  46  992000 1336000   260 9.88
1.900 0.0964 96.97 34.00  80  46  992000 1336000   260 9.88
1.909 0.1004 97.49 34.00  80  46  992000 1336000   260 9.88
1.918 0.0967 97.98 34.00  80  46  992000 1336000   260 9.88
1.927 0.1038 98.42 34.00  80  46  992000 1336000   260 9.88
1.936 0.0974 98.81 34.00  80  46  992000 1336000   260 9.88
1.947 0.1023 99.14 34.00  80  46  992000 1336000   260 9.88
1.957 0.1009 99.39 34.00  80  46  992000 1336000   260 9.88
1.968 0.1001 99.57 34.00  80  46  992000 1336000   260 9.88
1.979 0.1000 99.66 34.00  80  46  992000 1336000   260 9.88
1.991 0.0991 99.63 34.00  80  46  992000 1336000   260 9.88
2.003 0.0970 99.49 34.00  80  46  992000 1336000   260 9.88
2.016 0.0983 99.21 34.00  80  46  992000 1336000   260 9.88
2.030 0.0976 98.78 34.00  80  46  992000 1336000   260 9.88
2.044 0.0985 98.22 34.00  80  46  992000 1336000   260 9.88
2.058 0.0956 97.51 34.00  80  46  992000 1336000   260 9.88
2.073 0.0969 96.68 34.00  80  46  992000 1336000   260 9.88
2.087 0.0972 95.75 34.00  80  46  992000 1336000   260 9.88
2.102 0.0969 94.74 34.00  80  46  992000 1336000   260 9.88
2.116 0.0968 93.66 34.00  80  46  992000 1336000   260 9.88
2.131 0.0945 92.55 34.00  80  46  992000 1336000   260 9.88
2.145 0.0931 91.42 34.00  80  46  992000 1336000   260 9.88
2.160 0.0917 90.28 34.00  80  46  992000 1336000   260 9.88
2.174 0.0916 89.15 34.00  80  46  992000 1336000   260 9.88
2.189 0.0873 88.05 34.00  80  46  992000 1336000   260 9.88
2.203 0.0870 86.97 34.00  80  46  992000 1336000   260 9.88
2.218 0.0837 85.93 34.00  80  46  992000 1336000   260 9.88
2.233 0.0817 84.94 34.00  80  46  992000 1336000   260 9.88
2.247 0.0824 84.00 34.00  80  46  992000 1336000   260 9.88
2.262 0.0811 83.14 34.00  80  46  992000 1336000   260 9.88
2.276 0.0790 82.36 34.00  80  46  992000 1336000   260 9.88
2.291 0.0806 81.68 34.00  80  46  992000 1336000   260 9.88
2.305 0.0807 81.11 34.00  80  46  992000 1336000   260 9.88
2.320 0.0803 80.67 34.00  80  46  992000 1336000   260 9.88
2.334 0.0815 80.35 34.00  80  46  992000 1336000   260 9.88
2.349 0.0803 80.15 34.00  80  46  992000 1336000   260 9.88
2.363 0.0814 80.08 34.00  80  46  992000 1336000   260 9.88
2.378 0.0816 80.12 34.00  80  46  992000 1336000   260 9.88
2.392 0.0808 80.26 34.00  80  46  992000 1336000   260 9.88
2.407 0.0821 80.49 34.00  80  46  992000 1336000   260 9.88
2.422 0.0817 80.80 34.00  80  46  992000 1336000   260 9.88
2.436 0.0818 81.20 34.00  80  46  992000 1336000   260 9.88
2.451 0.0840 81.68 34.00  80  46  992000 1336000   260 9.88
2.465 0.0826 82.24 34.00  80  46  992000 1336000   260 9.88
2.480 0.0842 82.91 34.00  80  46  992000 1336000   260 9.88
2.494 0.0850 83.70 34.00  80  46  992000 1336000   260 9.88
2.509 0.0854 84.61 34.00  80  46  992000 1336000   260 9.88
2.523 0.0876 85.68 34.00  80  46  992000 1336000   260 9.88
2.538 0.0874 86.93 34.00  80  46  992000 1336000   260 9.88
2.552 0.0910 88.39 34.00  80  46  992000 1336000   260 9.88
2.567 0.0916 90.10 34.00  80  46  992000 1336000   260 9.88
2.581 0.0919 92.10 34.00  80  46  992000 1336000   260 9.88
2.596 0.0956 94.56 34.00  80  46  992000 1336000   260 9.88
2.610 0.0977 98.90 34.00  80  46  992000 1336000   260 9.88
2.625 0.1025 105.81 34.00  80  46  992000 1336000   260 9.88
2.640 0.1063 113.64 34.00  80  46  992000 1336000   260 9.88
2.654 0.1108 121.48 34.00  80  46  992000 1336000   260 9.88
2.669 0.1137 129.01 34.00  80  46  992000 1336000   260 9.88
2.683 0.1242 136.13 34.00  80  46  992000 1336000   260 9.88
2.698 0.1286 142.86 34.00  80  46  992000 1336000   260 9.88
2.712 0.1346 149.21 34.00  80  46  992000 1336000   260 9.88
2.727 0.1450 155.23 34.00  80  46  992000 1336000   260 9.88
2.741 0.1534 160.96 34.00  80  46  992000 1336000   260 9.88
2.756 0.1594 166.44 34.00  80  46  992000 1336000   260 9.88
2.770 0.1744 171.70 34.00  80  46  992000 1336000   260 9.88
2.785 0.1859 176.76 34.00  80  46  992000 1336000   260 9.88
2.799 0.2048 181.65 34.00  80  46  992000 1336000   260 9.88
2.814 0.2201 186.37 34.00  80  46  992000 1336000   260 9.88
2.828 0.2368 190.94 34.00  80  46  992000 1336000   260 9.88
2.843 0.2570 195.33 34.00  80  46  992000 1336000   260 9.88
2.858 0.2899 199.55 34.00  80  46  992000 1336000   260 9.88
2.872 0.3040 203.58 34.00  80  46  992000 1336000   260 9.88
2.887 0.3364 207.39 34.00  80  46  992000 1336000   260 9.88
2.901 0.3430 210.95 34.00  80  46  992000 1336000   260 9.88
2.916 0.0000 214.21 34.00  80  46  992000 1336000   260 9.88
2.930 0.0000 217.13 34.00  80  46  992000 1336000   260 9.88
