     x     qy smooth tpara  cd  zL     xTr    xCpl frame tma
-1.052 0.2115 188.19 56.10  70  46  610000 1190000   250 9.89
-1.043 0.2181 176.02 56.10  70  46  610000 1190000   250 9.89
-1.034 0.2023 164.46 56.10  70  46  610000 1190000   250 9.89
-1.026 0.1525 153.51 56.10  70  46  610000 1190000   250 9.89
-1.017 0.1260 143.15 56.10  70  46  610000 1190000   250 9.89
-1.009 0.0978 133.37 56.10  70  46  610000 1190000   250 9.89
-1.000 0.0970 124.14 56.10  70  46  610000 1190000   250 9.89
-0.991 0.0925 115.47 56.10  70  46  610000 1190000   250 9.89
-0.983 0.0853 107.33 56.10  70  46  610000 1190000   250 9.89
-0.974 0.0822 99.71 56.10  70  46  610000 1190000   250 9.89
-0.966 0.0778 92.62 56.10  70  46  610000 1190000   250 9.89
-0.957 0.0729 86.05 56.10  70  46  610000 1190000   250 9.89
-0.948 0.0697 79.99 56.10  70  46  610000 1190000   250 9.89
-0.940 0.0678 74.45 56.10  70  46  610000 1190000   250 9.89
-0.931 0.0646 69.44 56.10  70  46  610000 1190000   250 9.89
-0.922 0.0636 64.96 56.10  70  46  610000 1190000   250 9.89
-0.914 0.0612 61.05 56.10  70  46  610000 1190000   250 9.89
-0.905 0.0596 57.71 56.10  70  46  610000 1190000   250 9.89
-0.897 0.0591 54.99 56.10  70  46  610000 1190000   250 9.89
-0.888 0.0566 52.93 56.10  70  46  610000 1190000   250 9.89
-0.879 0.0558 51.58 56.10  70  46  610000 1190000   250 9.89
-0.871 0.0542 50.97 56.10  70  46  610000 1190000   250 9.89
-0.862 0.0535 50.98 56.10  70  46  610000 1190000   250 9.89
-0.853 0.0516 51.02 56.10  70  46  610000 1190000   250 9.89
-0.845 0.0521 50.32 56.10  70  46  610000 1190000   250 9.89
-0.836 0.0510 49.52 56.10  70  46  610000 1190000   250 9.89
-0.828 0.0487 48.69 56.10  70  46  610000 1190000   250 9.89
-0.819 0.0486 47.89 56.10  70  46  610000 1190000   250 9.89
-0.810 0.0469 47.12 56.10  70  46  610000 1190000   250 9.89
-0.802 0.0467 46.39 56.10  70  46  610000 1190000   250 9.89
-0.793 0.0466 45.71 56.10  70  46  610000 1190000   250 9.89
-0.784 0.0452 45.06 56.10  70  46  610000 1190000   250 9.89
-0.776 0.0451 44.47 56.10  70  46  610000 1190000   250 9.89
-0.767 0.0440 43.94 56.10  70  46  610000 1190000   250 9.89
-0.759 0.0439 43.47 56.10  70  46  610000 1190000   250 9.89
-0.750 0.0421 43.05 56.10  70  46  610000 1190000   250 9.89
-0.741 0.0421 42.70 56.10  70  46  610000 1190000   250 9.89
-0.733 0.0412 42.40 56.10  70  46  610000 1190000   250 9.89
-0.724 0.0407 42.17 56.10  70  46  610000 1190000   250 9.89
-0.716 0.0409 41.98 56.10  70  46  610000 1190000   250 9.89
-0.707 0.0408 41.84 56.10  70  46  610000 1190000   250 9.89
-0.698 0.0425 41.75 56.10  70  46  610000 1190000   250 9.89
-0.690 0.0418 41.69 56.10  70  46  610000 1190000   250 9.89
-0.681 0.0426 41.66 56.10  70  46  610000 1190000   250 9.89
-0.672 0.0425 41.66 56.10  70  46  610000 1190000   250 9.89
-0.664 0.0414 41.68 56.10  70  46  610000 1190000   250 9.89
-0.655 0.0422 41.71 56.10  70  46  610000 1190000   250 9.89
-0.647 0.0429 41.74 56.10  70  46  610000 1190000   250 9.89
-0.638 0.0418 41.79 56.10  70  46  610000 1190000   250 9.89
-0.629 0.0417 41.83 56.10  70  46  610000 1190000   250 9.89
-0.621 0.0430 41.86 56.10  70  46  610000 1190000   250 9.89
-0.612 0.0420 41.88 56.10  70  46  610000 1190000   250 9.89
-0.603 0.0419 41.88 56.10  70  46  610000 1190000   250 9.89
-0.595 0.0421 41.87 56.10  70  46  610000 1190000   250 9.89
-0.586 0.0420 41.84 56.10  70  46  610000 1190000   250 9.89
-0.578 0.0417 41.79 56.10  70  46  610000 1190000   250 9.89
-0.569 0.0419 41.73 56.10  70  46  610000 1190000   250 9.89
-0.560 0.0418 41.66 56.10  70  46  610000 1190000   250 9.89
-0.552 0.0396 41.59 56.10  70  46  610000 1190000   250 9.89
-0.543 0.0417 41.51 56.10  70  46  610000 1190000   250 9.89
-0.534 0.0419 41.44 56.10  70  46  610000 1190000   250 9.89
-0.526 0.0412 41.37 56.10  70  46  610000 1190000   250 9.89
-0.517 0.0413 41.31 56.10  70  46  610000 1190000   250 9.89
-0.509 0.0412 41.25 56.10  70  46  610000 1190000   250 9.89
-0.500 0.0412 41.19 56.10  70  46  610000 1190000   250 9.89
-0.491 0.0417 41.13 56.10  70  46  610000 1190000   250 9.89
-0.483 0.0411 41.07 56.10  70  46  610000 1190000   250 9.89
-0.474 0.0406 41.01 56.10  70  46  610000 1190000   250 9.89
-0.466 0.0408 40.96 56.10  70  46  610000 1190000   250 9.89
-0.457 0.0410 40.90 56.10  70  46  610000 1190000   250 9.89
-0.448 0.0409 40.85 56.10  70  46  610000 1190000   250 9.89
-0.440 0.0411 40.79 56.10  70  46  610000 1190000   250 9.89
-0.431 0.0411 40.73 56.10  70  46  610000 1190000   250 9.89
-0.422 0.0408 40.67 56.10  70  46  610000 1190000   250 9.89
-0.414 0.0403 40.60 56.10  70  46  610000 1190000   250 9.89
-0.405 0.0407 40.53 56.10  70  46  610000 1190000   250 9.89
-0.397 0.0397 40.45 56.10  70  46  610000 1190000   250 9.89
-0.388 0.0407 40.36 56.10  70  46  610000 1190000   250 9.89
-0.379 0.0398 40.27 56.10  70  46  610000 1190000   250 9.89
-0.371 0.0403 40.16 56.10  70  46  610000 1190000   250 9.89
-0.362 0.0402 40.05 56.10  70  46  610000 1190000   250 9.89
-0.353 0.0401 39.92 56.10  70  46  610000 1190000   250 9.89
-0.345 0.0402 39.78 56.10  70  46  610000 1190000   250 9.89
-0.336 0.0399 39.62 56.10  70  46  610000 1190000   250 9.89
-0.328 0.0396 39.47 56.10  70  46  610000 1190000   250 9.89
-0.319 0.0400 39.31 56.10  70  46  610000 1190000   250 9.89
-0.310 0.0390 39.17 56.10  70  46  610000 1190000   250 9.89
-0.302 0.0394 39.05 56.10  70  46  610000 1190000   250 9.89
-0.293 0.0400 38.97 56.10  70  46  610000 1190000   250 9.89
-0.284 0.0388 38.92 56.10  70  46  610000 1190000   250 9.89
-0.276 0.0387 38.90 56.10  70  46  610000 1190000   250 9.89
-0.267 0.0389 38.93 56.10  70  46  610000 1190000   250 9.89
-0.259 0.0387 38.99 56.10  70  46  610000 1190000   250 9.89
-0.250 0.0384 39.09 56.10  70  46  610000 1190000   250 9.89
-0.241 0.0388 39.23 56.10  70  46  610000 1190000   250 9.89
-0.233 0.0387 39.41 56.10  70  46  610000 1190000   250 9.89
-0.224 0.0381 39.62 56.10  70  46  610000 1190000   250 9.89
-0.216 0.0382 39.86 56.10  70  46  610000 1190000   250 9.89
-0.207 0.0384 40.14 56.10  70  46  610000 1190000   250 9.89
-0.198 0.0405 40.44 56.10  70  46  610000 1190000   250 9.89
-0.190 0.0401 40.78 56.10  70  46  610000 1190000   250 9.89
-0.181 0.0422 41.14 56.10  70  46  610000 1190000   250 9.89
-0.172 0.0427 41.53 56.10  70  46  610000 1190000   250 9.89
-0.164 0.0444 41.93 56.10  70  46  610000 1190000   250 9.89
-0.155 0.0428 42.33 56.10  70  46  610000 1190000   250 9.89
-0.147 0.0428 42.72 56.10  70  46  610000 1190000   250 9.89
-0.138 0.0427 43.10 56.10  70  46  610000 1190000   250 9.89
-0.129 0.0434 43.44 56.10  70  46  610000 1190000   250 9.89
-0.121 0.0429 43.74 56.10  70  46  610000 1190000   250 9.89
-0.112 0.0431 43.99 56.10  70  46  610000 1190000   250 9.89
-0.103 0.0439 44.16 56.10  70  46  610000 1190000   250 9.89
-0.095 0.0439 44.25 56.10  70  46  610000 1190000   250 9.89
-0.086 0.0445 44.24 56.10  70  46  610000 1190000   250 9.89
-0.078 0.0445 44.14 56.10  70  46  610000 1190000   250 9.89
-0.069 0.0442 43.92 56.10  70  46  610000 1190000   250 9.89
-0.060 0.0441 43.60 56.10  70  46  610000 1190000   250 9.89
-0.052 0.0441 43.17 56.10  70  46  610000 1190000   250 9.89
-0.043 0.0441 42.65 56.10  70  46  610000 1190000   250 9.89
-0.034 0.0425 42.03 56.10  70  46  610000 1190000   250 9.89
-0.026 0.0437 41.34 56.10  70  46  610000 1190000   250 9.89
-0.017 0.0416 40.59 56.10  70  46  610000 1190000   250 9.89
-0.009 0.0403 39.78 56.10  70  46  610000 1190000   250 9.89
0.000 0.0392 38.91 56.10  70  46  610000 1190000   250 9.89
0.009 0.0385 38.02 56.10  70  46  610000 1190000   250 9.89
0.017 0.0378 37.09 56.10  70  46  610000 1190000   250 9.89
0.026 0.0367 36.15 56.10  70  46  610000 1190000   250 9.89
0.034 0.0353 35.22 56.10  70  46  610000 1190000   250 9.89
0.043 0.0328 34.31 56.10  70  46  610000 1190000   250 9.89
0.052 0.0315 33.44 56.10  70  46  610000 1190000   250 9.89
0.060 0.0315 32.63 56.10  70  46  610000 1190000   250 9.89
0.069 0.0299 31.90 56.10  70  46  610000 1190000   250 9.89
0.078 0.0301 31.24 56.10  70  46  610000 1190000   250 9.89
0.086 0.0292 30.67 56.10  70  46  610000 1190000   250 9.89
0.095 0.0294 30.21 56.10  70  46  610000 1190000   250 9.89
0.103 0.0301 29.83 56.10  70  46  610000 1190000   250 9.89
0.112 0.0293 29.56 56.10  70  46  610000 1190000   250 9.89
0.121 0.0286 29.38 56.10  70  46  610000 1190000   250 9.89
0.129 0.0297 29.29 56.10  70  46  610000 1190000   250 9.89
0.138 0.0298 29.27 56.10  70  46  610000 1190000   250 9.89
0.147 0.0295 29.32 56.10  70  46  610000 1190000   250 9.89
0.155 0.0293 29.42 56.10  70  46  610000 1190000   250 9.89
0.164 0.0294 29.56 56.10  70  46  610000 1190000   250 9.89
0.172 0.0296 29.73 56.10  70  46  610000 1190000   250 9.89
0.181 0.0302 29.91 56.10  70  46  610000 1190000   250 9.89
0.190 0.0301 30.10 56.10  70  46  610000 1190000   250 9.89
0.198 0.0316 30.29 56.10  70  46  610000 1190000   250 9.89
0.207 0.0318 30.48 56.10  70  46  610000 1190000   250 9.89
0.216 0.0307 30.66 56.10  70  46  610000 1190000   250 9.89
0.224 0.0310 30.83 56.10  70  46  610000 1190000   250 9.89
0.233 0.0310 31.01 56.10  70  46  610000 1190000   250 9.89
0.241 0.0312 31.19 56.10  70  46  610000 1190000   250 9.89
0.250 0.0322 31.38 56.10  70  46  610000 1190000   250 9.89
0.259 0.0314 31.57 56.10  70  46  610000 1190000   250 9.89
0.267 0.0313 31.76 56.10  70  46  610000 1190000   250 9.89
0.276 0.0322 31.96 56.10  70  46  610000 1190000   250 9.89
0.284 0.0315 32.16 56.10  70  46  610000 1190000   250 9.89
0.293 0.0318 32.35 56.10  70  46  610000 1190000   250 9.89
0.302 0.0319 32.52 56.10  70  46  610000 1190000   250 9.89
0.310 0.0319 32.69 56.10  70  46  610000 1190000   250 9.89
0.319 0.0326 32.86 56.10  70  46  610000 1190000   250 9.89
0.328 0.0339 33.02 56.10  70  46  610000 1190000   250 9.89
0.336 0.0337 33.19 56.10  70  46  610000 1190000   250 9.89
0.345 0.0330 33.38 56.10  70  46  610000 1190000   250 9.89
0.353 0.0348 33.58 56.10  70  46  610000 1190000   250 9.89
0.362 0.0335 33.80 56.10  70  46  610000 1190000   250 9.89
0.371 0.0356 34.04 56.10  70  46  610000 1190000   250 9.89
0.379 0.0345 34.30 56.10  70  46  610000 1190000   250 9.89
0.388 0.0352 34.57 56.10  70  46  610000 1190000   250 9.89
0.397 0.0357 34.85 56.10  70  46  610000 1190000   250 9.89
0.405 0.0343 35.14 56.10  70  46  610000 1190000   250 9.89
0.414 0.0347 35.44 56.10  70  46  610000 1190000   250 9.89
0.422 0.0340 35.73 56.10  70  46  610000 1190000   250 9.89
0.431 0.0357 36.02 56.10  70  46  610000 1190000   250 9.89
0.440 0.0349 36.31 56.10  70  46  610000 1190000   250 9.89
0.448 0.0362 36.60 56.10  70  46  610000 1190000   250 9.89
0.457 0.0360 36.92 56.10  70  46  610000 1190000   250 9.89
0.466 0.0384 37.25 56.10  70  46  610000 1190000   250 9.89
0.474 0.0388 37.62 56.10  70  46  610000 1190000   250 9.89
0.483 0.0397 38.03 56.10  70  46  610000 1190000   250 9.89
0.491 0.0399 38.48 56.10  70  46  610000 1190000   250 9.89
0.500 0.0388 38.97 56.10  70  46  610000 1190000   250 9.89
0.509 0.0408 39.50 56.10  70  46  610000 1190000   250 9.89
0.517 0.0386 40.07 56.10  70  46  610000 1190000   250 9.89
0.525 0.0407 40.69 56.10  70  46  610000 1190000   250 9.89
0.532 0.0407 41.35 56.10  70  46  610000 1190000   250 9.89
0.540 0.0411 42.04 56.10  70  46  610000 1190000   250 9.89
0.547 0.0413 42.76 56.10  70  46  610000 1190000   250 9.89
0.554 0.0421 43.49 56.10  70  46  610000 1190000   250 9.89
0.560 0.0433 44.25 56.10  70  46  610000 1190000   250 9.89
0.566 0.0438 45.01 56.10  70  46  610000 1190000   250 9.89
0.572 0.0457 45.80 56.10  70  46  610000 1190000   250 9.89
0.578 0.0471 46.60 56.10  70  46  610000 1190000   250 9.89
0.583 0.0478 47.42 56.10  70  46  610000 1190000   250 9.89
0.589 0.0507 48.26 56.10  70  46  610000 1190000   250 9.89
0.594 0.0508 49.12 56.10  70  46  610000 1190000   250 9.89
0.598 0.0464 49.98 56.10  70  46  610000 1190000   250 9.89
0.603 0.0519 50.82 56.10  70  46  610000 1190000   250 9.89
0.608 0.0512 51.64 56.10  70  46  610000 1190000   250 9.89
0.612 0.0543 52.42 56.10  70  46  610000 1190000   250 9.89
0.616 0.0523 53.15 56.10  70  46  610000 1190000   250 9.89
0.620 0.0556 53.82 56.10  70  46  610000 1190000   250 9.89
0.624 0.0556 54.43 56.10  70  46  610000 1190000   250 9.89
0.627 0.0533 54.97 56.10  70  46  610000 1190000   250 9.89
0.631 0.0550 55.44 56.10  70  46  610000 1190000   250 9.89
0.634 0.0570 55.86 56.10  70  46  610000 1190000   250 9.89
0.637 0.0534 56.21 56.10  70  46  610000 1190000   250 9.89
0.640 0.0580 56.52 56.10  70  46  610000 1190000   250 9.89
0.643 0.0588 56.79 56.10  70  46  610000 1190000   250 9.89
0.646 0.0586 57.03 56.10  70  46  610000 1190000   250 9.89
0.649 0.0589 57.25 56.10  70  46  610000 1190000   250 9.89
0.652 0.0564 57.45 56.10  70  46  610000 1190000   250 9.89
0.654 0.0556 57.65 56.10  70  46  610000 1190000   250 9.89
0.656 0.0607 57.84 56.10  70  46  610000 1190000   250 9.89
0.659 0.0574 58.03 56.10  70  46  610000 1190000   250 9.89
0.661 0.0523 58.23 56.10  70  46  610000 1190000   250 9.89
0.663 0.0623 58.42 56.10  70  46  610000 1190000   250 9.89
0.665 0.0565 58.62 56.10  70  46  610000 1190000   250 9.89
0.667 0.0584 58.82 56.10  70  46  610000 1190000   250 9.89
0.669 0.0606 59.03 56.10  70  46  610000 1190000   250 9.89
0.671 0.0561 59.24 56.10  70  46  610000 1190000   250 9.89
0.672 0.0600 59.46 56.10  70  46  610000 1190000   250 9.89
0.674 0.0590 59.69 56.10  70  46  610000 1190000   250 9.89
0.676 0.0635 59.92 56.10  70  46  610000 1190000   250 9.89
0.678 0.0571 60.17 56.10  70  46  610000 1190000   250 9.89
0.679 0.0593 60.44 56.10  70  46  610000 1190000   250 9.89
0.681 0.0652 60.74 56.10  70  46  610000 1190000   250 9.89
0.683 0.0613 61.05 56.10  70  46  610000 1190000   250 9.89
0.684 0.0606 61.37 56.10  70  46  610000 1190000   250 9.89
0.686 0.0623 61.69 56.10  70  46  610000 1190000   250 9.89
0.688 0.0604 62.00 56.10  70  46  610000 1190000   250 9.89
0.690 0.0646 62.30 56.10  70  46  610000 1190000   250 9.89
0.691 0.0615 62.58 56.10  70  46  610000 1190000   250 9.89
0.693 0.0650 62.84 56.10  70  46  610000 1190000   250 9.89
0.695 0.0566 63.08 56.10  70  46  610000 1190000   250 9.89
0.697 0.0661 63.32 56.10  70  46  610000 1190000   250 9.89
0.698 0.0593 63.55 56.10  70  46  610000 1190000   250 9.89
0.700 0.0669 63.76 56.10  70  46  610000 1190000   250 9.89
0.702 0.0646 63.94 56.10  70  46  610000 1190000   250 9.89
0.703 0.0621 64.09 56.10  70  46  610000 1190000   250 9.89
0.705 0.0681 64.22 56.10  70  46  610000 1190000   250 9.89
0.707 0.0640 64.34 56.10  70  46  610000 1190000   250 9.89
0.709 0.0632 64.44 56.10  70  46  610000 1190000   250 9.89
0.710 0.0695 64.54 56.10  70  46  610000 1190000   250 9.89
0.712 0.0663 64.64 56.10  70  46  610000 1190000   250 9.89
0.714 0.0579 64.73 56.10  70  46  610000 1190000   250 9.89
0.716 0.0704 64.81 56.10  70  46  610000 1190000   250 9.89
0.717 0.0572 64.90 56.10  70  46  610000 1190000   250 9.89
0.719 0.0706 65.00 56.10  70  46  610000 1190000   250 9.89
0.721 0.0648 65.09 56.10  70  46  610000 1190000   250 9.89
0.722 0.0661 65.20 56.10  70  46  610000 1190000   250 9.89
0.724 0.0617 65.32 56.10  70  46  610000 1190000   250 9.89
0.726 0.0668 65.45 56.10  70  46  610000 1190000   250 9.89
0.728 0.0692 65.61 56.10  70  46  610000 1190000   250 9.89
0.729 0.0660 65.79 56.10  70  46  610000 1190000   250 9.89
0.731 0.0543 66.00 56.10  70  46  610000 1190000   250 9.89
0.733 0.0672 66.24 56.10  70  46  610000 1190000   250 9.89
0.734 0.0695 66.52 56.10  70  46  610000 1190000   250 9.89
0.736 0.0650 66.81 56.10  70  46  610000 1190000   250 9.89
0.738 0.0748 67.12 56.10  70  46  610000 1190000   250 9.89
0.740 0.0649 67.44 56.10  70  46  610000 1190000   250 9.89
0.741 0.0676 67.77 56.10  70  46  610000 1190000   250 9.89
0.743 0.0660 68.10 56.10  70  46  610000 1190000   250 9.89
0.745 0.0684 68.43 56.10  70  46  610000 1190000   250 9.89
0.747 0.0707 68.77 56.10  70  46  610000 1190000   250 9.89
0.748 0.0701 69.09 56.10  70  46  610000 1190000   250 9.89
0.750 0.0709 69.40 56.10  70  46  610000 1190000   250 9.89
0.752 0.0673 69.68 56.10  70  46  610000 1190000   250 9.89
0.753 0.0681 69.95 56.10  70  46  610000 1190000   250 9.89
0.755 0.0737 70.21 56.10  70  46  610000 1190000   250 9.89
0.757 0.0690 70.46 56.10  70  46  610000 1190000   250 9.89
0.759 0.0745 70.72 56.10  70  46  610000 1190000   250 9.89
0.760 0.0670 70.96 56.10  70  46  610000 1190000   250 9.89
0.762 0.0724 71.21 56.10  70  46  610000 1190000   250 9.89
0.764 0.0716 71.45 56.10  70  46  610000 1190000   250 9.89
0.766 0.0718 71.70 56.10  70  46  610000 1190000   250 9.89
0.767 0.0704 71.97 56.10  70  46  610000 1190000   250 9.89
0.769 0.0671 72.24 56.10  70  46  610000 1190000   250 9.89
0.771 0.0768 72.52 56.10  70  46  610000 1190000   250 9.89
0.772 0.0752 72.78 56.10  70  46  610000 1190000   250 9.89
0.774 0.0737 73.02 56.10  70  46  610000 1190000   250 9.89
0.776 0.0692 73.24 56.10  70  46  610000 1190000   250 9.89
0.778 0.0742 73.44 56.10  70  46  610000 1190000   250 9.89
0.779 0.0723 73.62 56.10  70  46  610000 1190000   250 9.89
0.781 0.0732 73.78 56.10  70  46  610000 1190000   250 9.89
0.783 0.0722 73.93 56.10  70  46  610000 1190000   250 9.89
0.784 0.0760 74.05 56.10  70  46  610000 1190000   250 9.89
0.786 0.0791 74.16 56.10  70  46  610000 1190000   250 9.89
0.788 0.0781 74.25 56.10  70  46  610000 1190000   250 9.89
0.790 0.0776 74.32 56.10  70  46  610000 1190000   250 9.89
0.791 0.0703 74.38 56.10  70  46  610000 1190000   250 9.89
0.793 0.0626 74.43 56.10  70  46  610000 1190000   250 9.89
0.795 0.0801 74.45 56.10  70  46  610000 1190000   250 9.89
0.797 0.0844 74.46 56.10  70  46  610000 1190000   250 9.89
0.798 0.0712 74.45 56.10  70  46  610000 1190000   250 9.89
0.800 0.0692 74.44 56.10  70  46  610000 1190000   250 9.89
0.802 0.0708 74.44 56.10  70  46  610000 1190000   250 9.89
0.803 0.0737 74.45 56.10  70  46  610000 1190000   250 9.89
0.805 0.0805 74.47 56.10  70  46  610000 1190000   250 9.89
0.807 0.0726 74.50 56.10  70  46  610000 1190000   250 9.89
0.809 0.0741 74.55 56.10  70  46  610000 1190000   250 9.89
0.810 0.0736 74.62 56.10  70  46  610000 1190000   250 9.89
0.812 0.0767 74.68 56.10  70  46  610000 1190000   250 9.89
0.814 0.0721 74.75 56.10  70  46  610000 1190000   250 9.89
0.816 0.0774 74.82 56.10  70  46  610000 1190000   250 9.89
0.817 0.0739 74.90 56.10  70  46  610000 1190000   250 9.89
0.819 0.0754 74.97 56.10  70  46  610000 1190000   250 9.89
0.821 0.0723 75.04 56.10  70  46  610000 1190000   250 9.89
0.822 0.0795 75.10 56.10  70  46  610000 1190000   250 9.89
0.824 0.0750 75.16 56.10  70  46  610000 1190000   250 9.89
0.826 0.0740 75.22 56.10  70  46  610000 1190000   250 9.89
0.828 0.0727 75.29 56.10  70  46  610000 1190000   250 9.89
0.829 0.0773 75.37 56.10  70  46  610000 1190000   250 9.89
0.831 0.0788 75.48 56.10  70  46  610000 1190000   250 9.89
0.833 0.0784 75.60 56.10  70  46  610000 1190000   250 9.89
0.834 0.0748 75.71 56.10  70  46  610000 1190000   250 9.89
0.836 0.0710 75.82 56.10  70  46  610000 1190000   250 9.89
0.838 0.0754 75.93 56.10  70  46  610000 1190000   250 9.89
0.840 0.0774 76.05 56.10  70  46  610000 1190000   250 9.89
0.841 0.0733 76.16 56.10  70  46  610000 1190000   250 9.89
0.843 0.0754 76.27 56.10  70  46  610000 1190000   250 9.89
0.845 0.0724 76.37 56.10  70  46  610000 1190000   250 9.89
0.847 0.0760 76.46 56.10  70  46  610000 1190000   250 9.89
0.848 0.0808 76.55 56.10  70  46  610000 1190000   250 9.89
0.850 0.0826 76.63 56.10  70  46  610000 1190000   250 9.89
0.852 0.0744 76.72 56.10  70  46  610000 1190000   250 9.89
0.853 0.0766 76.82 56.10  70  46  610000 1190000   250 9.89
0.855 0.0784 76.92 56.10  70  46  610000 1190000   250 9.89
0.857 0.0823 77.02 56.10  70  46  610000 1190000   250 9.89
0.859 0.0739 77.13 56.10  70  46  610000 1190000   250 9.89
0.860 0.0724 77.23 56.10  70  46  610000 1190000   250 9.89
0.862 0.0800 77.32 56.10  70  46  610000 1190000   250 9.89
0.864 0.0766 77.40 56.10  70  46  610000 1190000   250 9.89
0.866 0.0786 77.47 56.10  70  46  610000 1190000   250 9.89
0.867 0.0746 77.52 56.10  70  46  610000 1190000   250 9.89
0.869 0.0745 77.55 56.10  70  46  610000 1190000   250 9.89
0.871 0.0797 77.59 56.10  70  46  610000 1190000   250 9.89
0.872 0.0828 77.64 56.10  70  46  610000 1190000   250 9.89
0.874 0.0774 77.73 56.10  70  46  610000 1190000   250 9.89
0.876 0.0705 77.86 56.10  70  46  610000 1190000   250 9.89
0.878 0.0812 78.02 56.10  70  46  610000 1190000   250 9.89
0.879 0.0772 78.21 56.10  70  46  610000 1190000   250 9.89
0.881 0.0808 78.41 56.10  70  46  610000 1190000   250 9.89
0.883 0.0772 78.62 56.10  70  46  610000 1190000   250 9.89
0.884 0.0845 78.82 56.10  70  46  610000 1190000   250 9.89
0.886 0.0709 79.00 56.10  70  46  610000 1190000   250 9.89
0.888 0.0821 79.16 56.10  70  46  610000 1190000   250 9.89
0.890 0.0773 79.28 56.10  70  46  610000 1190000   250 9.89
0.891 0.0798 79.36 56.10  70  46  610000 1190000   250 9.89
0.893 0.0812 79.41 56.10  70  46  610000 1190000   250 9.89
0.895 0.0765 79.44 56.10  70  46  610000 1190000   250 9.89
0.897 0.0803 79.44 56.10  70  46  610000 1190000   250 9.89
0.898 0.0806 79.43 56.10  70  46  610000 1190000   250 9.89
0.900 0.0849 79.40 56.10  70  46  610000 1190000   250 9.89
0.902 0.0791 79.36 56.10  70  46  610000 1190000   250 9.89
0.903 0.0782 79.29 56.10  70  46  610000 1190000   250 9.89
0.905 0.0836 79.21 56.10  70  46  610000 1190000   250 9.89
0.907 0.0766 79.12 56.10  70  46  610000 1190000   250 9.89
0.909 0.0788 79.01 56.10  70  46  610000 1190000   250 9.89
0.910 0.0719 78.90 56.10  70  46  610000 1190000   250 9.89
0.912 0.0800 78.77 56.10  70  46  610000 1190000   250 9.89
0.914 0.0768 78.64 56.10  70  46  610000 1190000   250 9.89
0.916 0.0818 78.51 56.10  70  46  610000 1190000   250 9.89
0.917 0.0784 78.38 56.10  70  46  610000 1190000   250 9.89
0.919 0.0785 78.24 56.10  70  46  610000 1190000   250 9.89
0.921 0.0783 78.09 56.10  70  46  610000 1190000   250 9.89
0.922 0.0764 77.94 56.10  70  46  610000 1190000   250 9.89
0.924 0.0747 77.80 56.10  70  46  610000 1190000   250 9.89
0.926 0.0830 77.67 56.10  70  46  610000 1190000   250 9.89
0.928 0.0793 77.56 56.10  70  46  610000 1190000   250 9.89
0.929 0.0770 77.46 56.10  70  46  610000 1190000   250 9.89
0.931 0.0744 77.37 56.10  70  46  610000 1190000   250 9.89
0.933 0.0781 77.30 56.10  70  46  610000 1190000   250 9.89
0.934 0.0778 77.24 56.10  70  46  610000 1190000   250 9.89
0.936 0.0777 77.19 56.10  70  46  610000 1190000   250 9.89
0.938 0.0762 77.16 56.10  70  46  610000 1190000   250 9.89
0.940 0.0805 77.14 56.10  70  46  610000 1190000   250 9.89
0.941 0.0797 77.14 56.10  70  46  610000 1190000   250 9.89
0.943 0.0729 77.18 56.10  70  46  610000 1190000   250 9.89
0.945 0.0721 77.25 56.10  70  46  610000 1190000   250 9.89
0.947 0.0800 77.35 56.10  70  46  610000 1190000   250 9.89
0.948 0.0790 77.48 56.10  70  46  610000 1190000   250 9.89
0.950 0.0773 77.61 56.10  70  46  610000 1190000   250 9.89
0.952 0.0695 77.75 56.10  70  46  610000 1190000   250 9.89
0.953 0.0804 77.88 56.10  70  46  610000 1190000   250 9.89
0.955 0.0808 78.00 56.10  70  46  610000 1190000   250 9.89
0.957 0.0798 78.13 56.10  70  46  610000 1190000   250 9.89
0.959 0.0772 78.26 56.10  70  46  610000 1190000   250 9.89
0.960 0.0784 78.41 56.10  70  46  610000 1190000   250 9.89
0.962 0.0779 78.57 56.10  70  46  610000 1190000   250 9.89
0.964 0.0808 78.72 56.10  70  46  610000 1190000   250 9.89
0.966 0.0811 78.87 56.10  70  46  610000 1190000   250 9.89
0.967 0.0804 79.00 56.10  70  46  610000 1190000   250 9.89
0.969 0.0791 79.11 56.10  70  46  610000 1190000   250 9.89
0.971 0.0792 79.20 56.10  70  46  610000 1190000   250 9.89
0.972 0.0781 79.28 56.10  70  46  610000 1190000   250 9.89
0.974 0.0814 79.35 56.10  70  46  610000 1190000   250 9.89
0.976 0.0770 79.40 56.10  70  46  610000 1190000   250 9.89
0.978 0.0788 79.42 56.10  70  46  610000 1190000   250 9.89
0.979 0.0732 79.40 56.10  70  46  610000 1190000   250 9.89
0.981 0.0788 79.35 56.10  70  46  610000 1190000   250 9.89
0.983 0.0835 79.28 56.10  70  46  610000 1190000   250 9.89
0.984 0.0779 79.20 56.10  70  46  610000 1190000   250 9.89
0.986 0.0819 79.12 56.10  70  46  610000 1190000   250 9.89
0.988 0.0797 79.05 56.10  70  46  610000 1190000   250 9.89
0.990 0.0828 79.01 56.10  70  46  610000 1190000   250 9.89
0.991 0.0797 79.00 56.10  70  46  610000 1190000   250 9.89
0.993 0.0761 79.01 56.10  70  46  610000 1190000   250 9.89
0.995 0.0768 79.04 56.10  70  46  610000 1190000   250 9.89
0.997 0.0768 79.08 56.10  70  46  610000 1190000   250 9.89
0.998 0.0816 79.13 56.10  70  46  610000 1190000   250 9.89
1.000 0.0802 79.19 56.10  70  46  610000 1190000   250 9.89
1.002 0.0777 79.25 56.10  70  46  610000 1190000   250 9.89
1.003 0.0824 79.29 56.10  70  46  610000 1190000   250 9.89
1.005 0.0836 79.32 56.10  70  46  610000 1190000   250 9.89
1.007 0.0723 79.33 56.10  70  46  610000 1190000   250 9.89
1.009 0.0727 79.33 56.10  70  46  610000 1190000   250 9.89
1.010 0.0764 79.32 56.10  70  46  610000 1190000   250 9.89
1.012 0.0812 79.30 56.10  70  46  610000 1190000   250 9.89
1.014 0.0822 79.29 56.10  70  46  610000 1190000   250 9.89
1.016 0.0844 79.30 56.10  70  46  610000 1190000   250 9.89
1.017 0.0806 79.31 56.10  70  46  610000 1190000   250 9.89
1.019 0.0844 79.33 56.10  70  46  610000 1190000   250 9.89
1.021 0.0746 79.33 56.10  70  46  610000 1190000   250 9.89
1.022 0.0808 79.32 56.10  70  46  610000 1190000   250 9.89
1.024 0.0795 79.30 56.10  70  46  610000 1190000   250 9.89
1.026 0.0758 79.28 56.10  70  46  610000 1190000   250 9.89
1.028 0.0787 79.25 56.10  70  46  610000 1190000   250 9.89
1.029 0.0817 79.22 56.10  70  46  610000 1190000   250 9.89
1.031 0.0791 79.20 56.10  70  46  610000 1190000   250 9.89
1.033 0.0780 79.18 56.10  70  46  610000 1190000   250 9.89
1.034 0.0756 79.17 56.10  70  46  610000 1190000   250 9.89
1.036 0.0808 79.17 56.10  70  46  610000 1190000   250 9.89
1.038 0.0788 79.18 56.10  70  46  610000 1190000   250 9.89
1.040 0.0808 79.20 56.10  70  46  610000 1190000   250 9.89
1.041 0.0751 79.24 56.10  70  46  610000 1190000   250 9.89
1.043 0.0825 79.32 56.10  70  46  610000 1190000   250 9.89
1.045 0.0810 79.43 56.10  70  46  610000 1190000   250 9.89
1.047 0.0784 79.58 56.10  70  46  610000 1190000   250 9.89
1.048 0.0769 79.75 56.10  70  46  610000 1190000   250 9.89
1.050 0.0811 79.92 56.10  70  46  610000 1190000   250 9.89
1.052 0.0779 80.08 56.10  70  46  610000 1190000   250 9.89
1.053 0.0828 80.22 56.10  70  46  610000 1190000   250 9.89
1.055 0.0824 80.35 56.10  70  46  610000 1190000   250 9.89
1.057 0.0803 80.46 56.10  70  46  610000 1190000   250 9.89
1.059 0.0815 80.56 56.10  70  46  610000 1190000   250 9.89
1.060 0.0791 80.64 56.10  70  46  610000 1190000   250 9.89
1.062 0.0818 80.71 56.10  70  46  610000 1190000   250 9.89
1.064 0.0764 80.76 56.10  70  46  610000 1190000   250 9.89
1.066 0.0854 80.79 56.10  70  46  610000 1190000   250 9.89
1.067 0.0815 80.81 56.10  70  46  610000 1190000   250 9.89
1.069 0.0814 80.84 56.10  70  46  610000 1190000   250 9.89
1.071 0.0804 80.89 56.10  70  46  610000 1190000   250 9.89
1.072 0.0823 80.95 56.10  70  46  610000 1190000   250 9.89
1.074 0.0767 81.04 56.10  70  46  610000 1190000   250 9.89
1.076 0.0839 81.13 56.10  70  46  610000 1190000   250 9.89
1.078 0.0790 81.23 56.10  70  46  610000 1190000   250 9.89
1.079 0.0829 81.34 56.10  70  46  610000 1190000   250 9.89
1.081 0.0760 81.45 56.10  70  46  610000 1190000   250 9.89
1.083 0.0883 81.56 56.10  70  46  610000 1190000   250 9.89
1.084 0.0767 81.69 56.10  70  46  610000 1190000   250 9.89
1.086 0.0824 81.83 56.10  70  46  610000 1190000   250 9.89
1.088 0.0862 81.98 56.10  70  46  610000 1190000   250 9.89
1.090 0.0772 82.13 56.10  70  46  610000 1190000   250 9.89
1.091 0.0813 82.28 56.10  70  46  610000 1190000   250 9.89
1.093 0.0789 82.42 56.10  70  46  610000 1190000   250 9.89
1.095 0.0909 82.55 56.10  70  46  610000 1190000   250 9.89
1.097 0.0821 82.69 56.10  70  46  610000 1190000   250 9.89
1.098 0.0813 82.83 56.10  70  46  610000 1190000   250 9.89
1.100 0.0892 82.98 56.10  70  46  610000 1190000   250 9.89
1.102 0.0840 83.14 56.10  70  46  610000 1190000   250 9.89
1.103 0.0840 83.30 56.10  70  46  610000 1190000   250 9.89
1.105 0.0800 83.46 56.10  70  46  610000 1190000   250 9.89
1.107 0.0743 83.62 56.10  70  46  610000 1190000   250 9.89
1.109 0.0897 83.78 56.10  70  46  610000 1190000   250 9.89
1.110 0.0823 83.94 56.10  70  46  610000 1190000   250 9.89
1.112 0.0872 84.11 56.10  70  46  610000 1190000   250 9.89
1.114 0.0840 84.28 56.10  70  46  610000 1190000   250 9.89
1.116 0.0827 84.46 56.10  70  46  610000 1190000   250 9.89
1.117 0.0865 84.67 56.10  70  46  610000 1190000   250 9.89
1.119 0.0836 84.91 56.10  70  46  610000 1190000   250 9.89
1.121 0.0830 85.17 56.10  70  46  610000 1190000   250 9.89
1.122 0.0849 85.48 56.10  70  46  610000 1190000   250 9.89
1.124 0.0856 85.82 56.10  70  46  610000 1190000   250 9.89
1.126 0.0862 86.19 56.10  70  46  610000 1190000   250 9.89
1.128 0.0916 86.59 56.10  70  46  610000 1190000   250 9.89
1.129 0.0865 86.99 56.10  70  46  610000 1190000   250 9.89
1.131 0.0857 87.39 56.10  70  46  610000 1190000   250 9.89
1.133 0.0876 87.76 56.10  70  46  610000 1190000   250 9.89
1.134 0.0885 88.10 56.10  70  46  610000 1190000   250 9.89
1.136 0.0843 88.41 56.10  70  46  610000 1190000   250 9.89
1.138 0.0905 88.69 56.10  70  46  610000 1190000   250 9.89
1.140 0.0899 88.95 56.10  70  46  610000 1190000   250 9.89
1.141 0.0890 89.19 56.10  70  46  610000 1190000   250 9.89
1.143 0.0872 89.43 56.10  70  46  610000 1190000   250 9.89
1.145 0.0930 89.64 56.10  70  46  610000 1190000   250 9.89
1.147 0.0864 89.83 56.10  70  46  610000 1190000   250 9.89
1.148 0.0965 89.97 56.10  70  46  610000 1190000   250 9.89
1.150 0.0973 90.09 56.10  70  46  610000 1190000   250 9.89
1.152 0.0837 90.18 56.10  70  46  610000 1190000   250 9.89
1.153 0.0861 90.23 56.10  70  46  610000 1190000   250 9.89
1.155 0.0935 90.26 56.10  70  46  610000 1190000   250 9.89
1.157 0.0902 90.27 56.10  70  46  610000 1190000   250 9.89
1.159 0.0880 90.25 56.10  70  46  610000 1190000   250 9.89
1.160 0.0848 90.22 56.10  70  46  610000 1190000   250 9.89
1.162 0.0922 90.16 56.10  70  46  610000 1190000   250 9.89
1.164 0.0911 90.08 56.10  70  46  610000 1190000   250 9.89
1.166 0.0923 89.96 56.10  70  46  610000 1190000   250 9.89
1.167 0.0935 89.82 56.10  70  46  610000 1190000   250 9.89
1.169 0.0865 89.68 56.10  70  46  610000 1190000   250 9.89
1.171 0.0948 89.54 56.10  70  46  610000 1190000   250 9.89
1.172 0.0816 89.42 56.10  70  46  610000 1190000   250 9.89
1.174 0.0945 89.31 56.10  70  46  610000 1190000   250 9.89
1.176 0.0842 89.21 56.10  70  46  610000 1190000   250 9.89
1.178 0.0877 89.13 56.10  70  46  610000 1190000   250 9.89
1.179 0.0918 89.04 56.10  70  46  610000 1190000   250 9.89
1.181 0.0894 88.95 56.10  70  46  610000 1190000   250 9.89
1.183 0.0926 88.85 56.10  70  46  610000 1190000   250 9.89
1.184 0.0853 88.75 56.10  70  46  610000 1190000   250 9.89
1.186 0.0866 88.63 56.10  70  46  610000 1190000   250 9.89
1.188 0.0880 88.49 56.10  70  46  610000 1190000   250 9.89
1.190 0.0925 88.35 56.10  70  46  610000 1190000   250 9.89
1.191 0.0857 88.21 56.10  70  46  610000 1190000   250 9.89
1.193 0.0880 88.06 56.10  70  46  610000 1190000   250 9.89
1.195 0.0837 87.90 56.10  70  46  610000 1190000   250 9.89
1.197 0.0906 87.74 56.10  70  46  610000 1190000   250 9.89
1.198 0.0875 87.58 56.10  70  46  610000 1190000   250 9.89
1.200 0.0871 87.43 56.10  70  46  610000 1190000   250 9.89
1.202 0.0961 87.28 56.10  70  46  610000 1190000   250 9.89
1.203 0.0837 87.13 56.10  70  46  610000 1190000   250 9.89
1.205 0.0871 86.99 56.10  70  46  610000 1190000   250 9.89
1.207 0.0866 86.85 56.10  70  46  610000 1190000   250 9.89
1.209 0.0808 86.70 56.10  70  46  610000 1190000   250 9.89
1.210 0.0886 86.56 56.10  70  46  610000 1190000   250 9.89
1.212 0.0873 86.40 56.10  70  46  610000 1190000   250 9.89
1.214 0.0866 86.24 56.10  70  46  610000 1190000   250 9.89
1.216 0.0850 86.05 56.10  70  46  610000 1190000   250 9.89
1.217 0.0884 85.85 56.10  70  46  610000 1190000   250 9.89
1.219 0.0821 85.62 56.10  70  46  610000 1190000   250 9.89
1.221 0.0829 85.37 56.10  70  46  610000 1190000   250 9.89
1.222 0.0886 85.12 56.10  70  46  610000 1190000   250 9.89
1.224 0.0784 84.87 56.10  70  46  610000 1190000   250 9.89
1.226 0.0930 84.64 56.10  70  46  610000 1190000   250 9.89
1.228 0.0834 84.43 56.10  70  46  610000 1190000   250 9.89
1.229 0.0870 84.24 56.10  70  46  610000 1190000   250 9.89
1.231 0.0829 84.09 56.10  70  46  610000 1190000   250 9.89
1.233 0.0912 83.96 56.10  70  46  610000 1190000   250 9.89
1.234 0.0817 83.86 56.10  70  46  610000 1190000   250 9.89
1.236 0.0791 83.78 56.10  70  46  610000 1190000   250 9.89
1.238 0.0800 83.71 56.10  70  46  610000 1190000   250 9.89
1.240 0.0866 83.65 56.10  70  46  610000 1190000   250 9.89
1.241 0.0761 83.59 56.10  70  46  610000 1190000   250 9.89
1.243 0.0894 83.55 56.10  70  46  610000 1190000   250 9.89
1.245 0.0813 83.53 56.10  70  46  610000 1190000   250 9.89
1.247 0.0816 83.52 56.10  70  46  610000 1190000   250 9.89
1.248 0.0845 83.54 56.10  70  46  610000 1190000   250 9.89
1.250 0.0813 83.58 56.10  70  46  610000 1190000   250 9.89
1.252 0.0890 83.64 56.10  70  46  610000 1190000   250 9.89
1.253 0.0797 83.72 56.10  70  46  610000 1190000   250 9.89
1.255 0.0905 83.83 56.10  70  46  610000 1190000   250 9.89
1.257 0.0825 83.96 56.10  70  46  610000 1190000   250 9.89
1.259 0.0832 84.12 56.10  70  46  610000 1190000   250 9.89
1.260 0.0853 84.29 56.10  70  46  610000 1190000   250 9.89
1.262 0.0834 84.45 56.10  70  46  610000 1190000   250 9.89
1.264 0.0892 84.61 56.10  70  46  610000 1190000   250 9.89
1.266 0.0790 84.75 56.10  70  46  610000 1190000   250 9.89
1.267 0.0862 84.87 56.10  70  46  610000 1190000   250 9.89
1.269 0.0881 84.99 56.10  70  46  610000 1190000   250 9.89
1.271 0.0789 85.10 56.10  70  46  610000 1190000   250 9.89
1.272 0.0831 85.21 56.10  70  46  610000 1190000   250 9.89
1.274 0.0901 85.33 56.10  70  46  610000 1190000   250 9.89
1.276 0.0842 85.46 56.10  70  46  610000 1190000   250 9.89
1.278 0.0901 85.60 56.10  70  46  610000 1190000   250 9.89
1.279 0.0805 85.74 56.10  70  46  610000 1190000   250 9.89
1.281 0.0871 85.90 56.10  70  46  610000 1190000   250 9.89
1.283 0.0881 86.07 56.10  70  46  610000 1190000   250 9.89
1.284 0.0835 86.24 56.10  70  46  610000 1190000   250 9.89
1.286 0.0839 86.42 56.10  70  46  610000 1190000   250 9.89
1.288 0.0930 86.59 56.10  70  46  610000 1190000   250 9.89
1.290 0.0848 86.76 56.10  70  46  610000 1190000   250 9.89
1.291 0.0879 86.92 56.10  70  46  610000 1190000   250 9.89
1.293 0.0842 87.08 56.10  70  46  610000 1190000   250 9.89
1.295 0.0853 87.24 56.10  70  46  610000 1190000   250 9.89
1.297 0.0902 87.39 56.10  70  46  610000 1190000   250 9.89
1.298 0.0913 87.54 56.10  70  46  610000 1190000   250 9.89
1.300 0.0885 87.69 56.10  70  46  610000 1190000   250 9.89
1.302 0.0865 87.84 56.10  70  46  610000 1190000   250 9.89
1.303 0.0832 87.99 56.10  70  46  610000 1190000   250 9.89
1.305 0.0896 88.14 56.10  70  46  610000 1190000   250 9.89
1.307 0.0872 88.29 56.10  70  46  610000 1190000   250 9.89
1.309 0.0861 88.43 56.10  70  46  610000 1190000   250 9.89
1.310 0.0966 88.57 56.10  70  46  610000 1190000   250 9.89
1.312 0.0853 88.70 56.10  70  46  610000 1190000   250 9.89
1.314 0.0858 88.82 56.10  70  46  610000 1190000   250 9.89
1.316 0.0900 88.92 56.10  70  46  610000 1190000   250 9.89
1.317 0.0898 89.03 56.10  70  46  610000 1190000   250 9.89
1.319 0.0891 89.13 56.10  70  46  610000 1190000   250 9.89
1.321 0.0893 89.23 56.10  70  46  610000 1190000   250 9.89
1.322 0.0896 89.34 56.10  70  46  610000 1190000   250 9.89
1.324 0.0943 89.46 56.10  70  46  610000 1190000   250 9.89
1.326 0.0866 89.60 56.10  70  46  610000 1190000   250 9.89
1.328 0.0881 89.75 56.10  70  46  610000 1190000   250 9.89
1.329 0.0924 89.93 56.10  70  46  610000 1190000   250 9.89
1.331 0.0910 90.12 56.10  70  46  610000 1190000   250 9.89
1.333 0.0880 90.33 56.10  70  46  610000 1190000   250 9.89
1.334 0.0897 90.53 56.10  70  46  610000 1190000   250 9.89
1.336 0.0905 90.74 56.10  70  46  610000 1190000   250 9.89
1.338 0.0894 90.96 56.10  70  46  610000 1190000   250 9.89
1.340 0.0939 91.20 56.10  70  46  610000 1190000   250 9.89
1.341 0.0852 91.46 56.10  70  46  610000 1190000   250 9.89
1.343 0.0984 91.74 56.10  70  46  610000 1190000   250 9.89
1.345 0.0887 92.05 56.10  70  46  610000 1190000   250 9.89
1.347 0.0907 92.37 56.10  70  46  610000 1190000   250 9.89
1.348 0.0935 92.70 56.10  70  46  610000 1190000   250 9.89
1.350 0.0950 93.04 56.10  70  46  610000 1190000   250 9.89
1.352 0.0932 93.38 56.10  70  46  610000 1190000   250 9.89
1.353 0.0954 93.73 56.10  70  46  610000 1190000   250 9.89
1.355 0.0961 94.07 56.10  70  46  610000 1190000   250 9.89
1.357 0.0938 94.41 56.10  70  46  610000 1190000   250 9.89
1.359 0.0930 94.74 56.10  70  46  610000 1190000   250 9.89
1.360 0.0948 95.05 56.10  70  46  610000 1190000   250 9.89
1.362 0.0965 95.36 56.10  70  46  610000 1190000   250 9.89
1.364 0.0925 95.66 56.10  70  46  610000 1190000   250 9.89
1.366 0.0972 95.95 56.10  70  46  610000 1190000   250 9.89
1.367 0.0957 96.23 56.10  70  46  610000 1190000   250 9.89
1.369 0.0987 96.50 56.10  70  46  610000 1190000   250 9.89
1.371 0.0985 96.77 56.10  70  46  610000 1190000   250 9.89
1.372 0.0974 97.05 56.10  70  46  610000 1190000   250 9.89
1.374 0.0936 97.34 56.10  70  46  610000 1190000   250 9.89
1.376 0.1013 97.63 56.10  70  46  610000 1190000   250 9.89
1.378 0.0955 97.93 56.10  70  46  610000 1190000   250 9.89
1.379 0.0988 98.23 56.10  70  46  610000 1190000   250 9.89
1.381 0.0943 98.54 56.10  70  46  610000 1190000   250 9.89
1.383 0.0978 98.85 56.10  70  46  610000 1190000   250 9.89
1.384 0.1026 99.17 56.10  70  46  610000 1190000   250 9.89
1.386 0.1047 99.50 56.10  70  46  610000 1190000   250 9.89
1.388 0.0947 99.85 56.10  70  46  610000 1190000   250 9.89
1.390 0.1003 100.22 56.10  70  46  610000 1190000   250 9.89
1.391 0.1042 100.59 56.10  70  46  610000 1190000   250 9.89
1.393 0.0969 100.97 56.10  70  46  610000 1190000   250 9.89
1.395 0.1036 101.37 56.10  70  46  610000 1190000   250 9.89
1.397 0.1028 101.78 56.10  70  46  610000 1190000   250 9.89
1.398 0.0968 102.20 56.10  70  46  610000 1190000   250 9.89
1.400 0.1043 102.63 56.10  70  46  610000 1190000   250 9.89
1.402 0.1076 103.06 56.10  70  46  610000 1190000   250 9.89
1.403 0.1022 103.49 56.10  70  46  610000 1190000   250 9.89
1.405 0.1022 103.91 56.10  70  46  610000 1190000   250 9.89
1.407 0.1020 104.32 56.10  70  46  610000 1190000   250 9.89
1.409 0.1071 104.72 56.10  70  46  610000 1190000   250 9.89
1.410 0.1008 105.13 56.10  70  46  610000 1190000   250 9.89
1.412 0.1109 105.55 56.10  70  46  610000 1190000   250 9.89
1.414 0.1032 105.97 56.10  70  46  610000 1190000   250 9.89
1.416 0.1098 106.41 56.10  70  46  610000 1190000   250 9.89
1.417 0.1079 106.86 56.10  70  46  610000 1190000   250 9.89
1.419 0.1075 107.32 56.10  70  46  610000 1190000   250 9.89
1.421 0.1074 107.78 56.10  70  46  610000 1190000   250 9.89
1.422 0.1083 108.22 56.10  70  46  610000 1190000   250 9.89
1.424 0.1028 108.66 56.10  70  46  610000 1190000   250 9.89
1.426 0.1104 109.07 56.10  70  46  610000 1190000   250 9.89
1.428 0.1143 109.48 56.10  70  46  610000 1190000   250 9.89
1.429 0.1046 109.88 56.10  70  46  610000 1190000   250 9.89
1.431 0.1108 110.25 56.10  70  46  610000 1190000   250 9.89
1.433 0.1118 110.61 56.10  70  46  610000 1190000   250 9.89
1.434 0.1109 110.96 56.10  70  46  610000 1190000   250 9.89
1.436 0.1090 111.29 56.10  70  46  610000 1190000   250 9.89
1.438 0.1156 111.61 56.10  70  46  610000 1190000   250 9.89
1.440 0.1110 111.92 56.10  70  46  610000 1190000   250 9.89
1.441 0.1145 112.21 56.10  70  46  610000 1190000   250 9.89
1.443 0.1141 112.50 56.10  70  46  610000 1190000   250 9.89
1.445 0.1112 112.77 56.10  70  46  610000 1190000   250 9.89
1.447 0.1109 113.04 56.10  70  46  610000 1190000   250 9.89
1.448 0.1135 113.29 56.10  70  46  610000 1190000   250 9.89
1.450 0.1157 113.53 56.10  70  46  610000 1190000   250 9.89
1.452 0.1131 113.76 56.10  70  46  610000 1190000   250 9.89
1.453 0.1136 113.98 56.10  70  46  610000 1190000   250 9.89
1.455 0.1124 114.20 56.10  70  46  610000 1190000   250 9.89
1.457 0.1130 114.41 56.10  70  46  610000 1190000   250 9.89
1.459 0.1172 114.63 56.10  70  46  610000 1190000   250 9.89
1.460 0.1164 114.86 56.10  70  46  610000 1190000   250 9.89
1.462 0.1131 115.10 56.10  70  46  610000 1190000   250 9.89
1.464 0.1144 115.34 56.10  70  46  610000 1190000   250 9.89
1.466 0.1132 115.57 56.10  70  46  610000 1190000   250 9.89
1.467 0.1187 115.82 56.10  70  46  610000 1190000   250 9.89
1.469 0.1179 116.07 56.10  70  46  610000 1190000   250 9.89
1.471 0.1139 116.33 56.10  70  46  610000 1190000   250 9.89
1.472 0.1178 116.58 56.10  70  46  610000 1190000   250 9.89
1.474 0.1142 116.83 56.10  70  46  610000 1190000   250 9.89
1.476 0.1144 117.06 56.10  70  46  610000 1190000   250 9.89
1.478 0.1246 117.28 56.10  70  46  610000 1190000   250 9.89
1.479 0.1137 117.48 56.10  70  46  610000 1190000   250 9.89
1.481 0.1231 117.67 56.10  70  46  610000 1190000   250 9.89
1.483 0.1169 117.85 56.10  70  46  610000 1190000   250 9.89
1.484 0.1141 118.01 56.10  70  46  610000 1190000   250 9.89
1.486 0.1204 118.16 56.10  70  46  610000 1190000   250 9.89
1.488 0.1171 118.30 56.10  70  46  610000 1190000   250 9.89
1.490 0.1191 118.45 56.10  70  46  610000 1190000   250 9.89
1.491 0.1240 118.60 56.10  70  46  610000 1190000   250 9.89
1.493 0.1119 118.77 56.10  70  46  610000 1190000   250 9.89
1.495 0.1166 118.96 56.10  70  46  610000 1190000   250 9.89
1.497 0.1223 119.17 56.10  70  46  610000 1190000   250 9.89
1.498 0.1201 119.40 56.10  70  46  610000 1190000   250 9.89
1.500 0.1239 119.64 56.10  70  46  610000 1190000   250 9.89
1.502 0.1188 119.90 56.10  70  46  610000 1190000   250 9.89
1.503 0.1115 120.17 56.10  70  46  610000 1190000   250 9.89
1.505 0.1229 120.46 56.10  70  46  610000 1190000   250 9.89
1.507 0.1241 120.78 56.10  70  46  610000 1190000   250 9.89
1.509 0.1200 121.11 56.10  70  46  610000 1190000   250 9.89
1.510 0.1167 121.47 56.10  70  46  610000 1190000   250 9.89
1.512 0.1266 121.84 56.10  70  46  610000 1190000   250 9.89
1.514 0.1175 122.22 56.10  70  46  610000 1190000   250 9.89
1.516 0.1290 122.60 56.10  70  46  610000 1190000   250 9.89
1.517 0.1168 123.00 56.10  70  46  610000 1190000   250 9.89
1.519 0.1280 123.41 56.10  70  46  610000 1190000   250 9.89
1.521 0.1295 123.84 56.10  70  46  610000 1190000   250 9.89
1.522 0.1209 124.29 56.10  70  46  610000 1190000   250 9.89
1.524 0.1228 124.76 56.10  70  46  610000 1190000   250 9.89
1.526 0.1278 125.24 56.10  70  46  610000 1190000   250 9.89
1.528 0.1225 125.72 56.10  70  46  610000 1190000   250 9.89
1.529 0.1305 126.19 56.10  70  46  610000 1190000   250 9.89
1.531 0.1181 126.66 56.10  70  46  610000 1190000   250 9.89
1.533 0.1288 127.13 56.10  70  46  610000 1190000   250 9.89
1.534 0.1286 127.59 56.10  70  46  610000 1190000   250 9.89
1.536 0.1329 128.05 56.10  70  46  610000 1190000   250 9.89
1.538 0.1257 128.54 56.10  70  46  610000 1190000   250 9.89
1.540 0.1327 129.04 56.10  70  46  610000 1190000   250 9.89
1.541 0.1195 129.57 56.10  70  46  610000 1190000   250 9.89
1.543 0.1367 130.11 56.10  70  46  610000 1190000   250 9.89
1.545 0.1279 130.66 56.10  70  46  610000 1190000   250 9.89
1.547 0.1360 131.23 56.10  70  46  610000 1190000   250 9.89
1.548 0.1305 131.84 56.10  70  46  610000 1190000   250 9.89
1.550 0.1356 132.48 56.10  70  46  610000 1190000   250 9.89
1.552 0.1307 133.15 56.10  70  46  610000 1190000   250 9.89
1.553 0.1324 133.85 56.10  70  46  610000 1190000   250 9.89
1.555 0.1391 134.57 56.10  70  46  610000 1190000   250 9.89
1.557 0.1287 135.32 56.10  70  46  610000 1190000   250 9.89
1.559 0.1351 136.07 56.10  70  46  610000 1190000   250 9.89
1.560 0.1360 136.83 56.10  70  46  610000 1190000   250 9.89
1.562 0.1361 137.62 56.10  70  46  610000 1190000   250 9.89
1.564 0.1413 138.42 56.10  70  46  610000 1190000   250 9.89
1.566 0.1427 139.23 56.10  70  46  610000 1190000   250 9.89
1.567 0.1401 140.04 56.10  70  46  610000 1190000   250 9.89
1.569 0.1396 140.85 56.10  70  46  610000 1190000   250 9.89
1.571 0.1419 141.66 56.10  70  46  610000 1190000   250 9.89
1.572 0.1372 142.45 56.10  70  46  610000 1190000   250 9.89
1.574 0.1411 143.22 56.10  70  46  610000 1190000   250 9.89
1.576 0.1463 143.97 56.10  70  46  610000 1190000   250 9.89
1.578 0.1491 144.68 56.10  70  46  610000 1190000   250 9.89
1.579 0.1493 145.38 56.10  70  46  610000 1190000   250 9.89
1.581 0.1463 146.04 56.10  70  46  610000 1190000   250 9.89
1.583 0.1469 146.69 56.10  70  46  610000 1190000   250 9.89
1.584 0.1456 147.32 56.10  70  46  610000 1190000   250 9.89
1.586 0.1490 147.94 56.10  70  46  610000 1190000   250 9.89
1.588 0.1495 148.57 56.10  70  46  610000 1190000   250 9.89
1.590 0.1435 149.21 56.10  70  46  610000 1190000   250 9.89
1.591 0.1526 149.88 56.10  70  46  610000 1190000   250 9.89
1.593 0.1530 150.58 56.10  70  46  610000 1190000   250 9.89
1.595 0.1552 151.32 56.10  70  46  610000 1190000   250 9.89
1.597 0.1436 152.10 56.10  70  46  610000 1190000   250 9.89
1.598 0.1523 152.92 56.10  70  46  610000 1190000   250 9.89
1.600 0.1546 153.78 56.10  70  46  610000 1190000   250 9.89
1.602 0.1510 154.66 56.10  70  46  610000 1190000   250 9.89
1.603 0.1621 155.58 56.10  70  46  610000 1190000   250 9.89
1.605 0.1492 156.52 56.10  70  46  610000 1190000   250 9.89
1.607 0.1541 157.50 56.10  70  46  610000 1190000   250 9.89
1.609 0.1640 158.51 56.10  70  46  610000 1190000   250 9.89
1.610 0.1565 159.55 56.10  70  46  610000 1190000   250 9.89
1.612 0.1577 160.60 56.10  70  46  610000 1190000   250 9.89
1.614 0.1737 161.64 56.10  70  46  610000 1190000   250 9.89
1.616 0.1587 162.65 56.10  70  46  610000 1190000   250 9.89
1.617 0.1689 163.63 56.10  70  46  610000 1190000   250 9.89
1.619 0.1548 164.56 56.10  70  46  610000 1190000   250 9.89
1.621 0.1737 165.46 56.10  70  46  610000 1190000   250 9.89
1.622 0.1667 166.33 56.10  70  46  610000 1190000   250 9.89
1.624 0.1666 167.18 56.10  70  46  610000 1190000   250 9.89
1.626 0.1632 168.01 56.10  70  46  610000 1190000   250 9.89
1.628 0.1745 168.83 56.10  70  46  610000 1190000   250 9.89
1.629 0.1695 169.64 56.10  70  46  610000 1190000   250 9.89
1.631 0.1737 170.44 56.10  70  46  610000 1190000   250 9.89
1.633 0.1673 171.23 56.10  70  46  610000 1190000   250 9.89
1.634 0.1664 172.02 56.10  70  46  610000 1190000   250 9.89
1.636 0.1787 172.83 56.10  70  46  610000 1190000   250 9.89
1.638 0.1713 173.65 56.10  70  46  610000 1190000   250 9.89
1.640 0.1758 174.50 56.10  70  46  610000 1190000   250 9.89
1.641 0.1748 175.36 56.10  70  46  610000 1190000   250 9.89
1.643 0.1756 176.24 56.10  70  46  610000 1190000   250 9.89
1.645 0.1678 177.14 56.10  70  46  610000 1190000   250 9.89
1.647 0.1826 178.05 56.10  70  46  610000 1190000   250 9.89
1.648 0.1780 178.98 56.10  70  46  610000 1190000   250 9.89
1.650 0.1804 179.93 56.10  70  46  610000 1190000   250 9.89
1.652 0.1885 180.90 56.10  70  46  610000 1190000   250 9.89
1.653 0.1787 181.89 56.10  70  46  610000 1190000   250 9.89
1.655 0.1863 182.93 56.10  70  46  610000 1190000   250 9.89
1.657 0.1869 183.99 56.10  70  46  610000 1190000   250 9.89
1.659 0.1796 185.08 56.10  70  46  610000 1190000   250 9.89
1.660 0.1909 186.19 56.10  70  46  610000 1190000   250 9.89
1.662 0.1830 187.32 56.10  70  46  610000 1190000   250 9.89
1.664 0.1866 188.50 56.10  70  46  610000 1190000   250 9.89
1.666 0.1892 189.72 56.10  70  46  610000 1190000   250 9.89
1.667 0.1956 190.97 56.10  70  46  610000 1190000   250 9.89
1.669 0.1928 192.25 56.10  70  46  610000 1190000   250 9.89
1.671 0.1858 193.54 56.10  70  46  610000 1190000   250 9.89
1.672 0.1949 194.84 56.10  70  46  610000 1190000   250 9.89
1.674 0.1949 196.13 56.10  70  46  610000 1190000   250 9.89
1.676 0.1942 197.43 56.10  70  46  610000 1190000   250 9.89
1.678 0.2033 198.73 56.10  70  46  610000 1190000   250 9.89
1.679 0.1971 200.03 56.10  70  46  610000 1190000   250 9.89
1.681 0.2130 201.32 56.10  70  46  610000 1190000   250 9.89
1.683 0.1901 202.60 56.10  70  46  610000 1190000   250 9.89
1.684 0.2137 203.85 56.10  70  46  610000 1190000   250 9.89
1.686 0.1967 205.06 56.10  70  46  610000 1190000   250 9.89
1.688 0.2165 206.23 56.10  70  46  610000 1190000   250 9.89
1.690 0.1980 207.34 56.10  70  46  610000 1190000   250 9.89
1.691 0.2151 208.40 56.10  70  46  610000 1190000   250 9.89
1.693 0.2104 209.42 56.10  70  46  610000 1190000   250 9.89
1.695 0.2115 210.38 56.10  70  46  610000 1190000   250 9.89
1.697 0.2256 211.31 56.10  70  46  610000 1190000   250 9.89
1.698 0.2027 212.22 56.10  70  46  610000 1190000   250 9.89
1.700 0.2025 213.12 56.10  70  46  610000 1190000   250 9.89
1.702 0.2144 214.00 56.10  70  46  610000 1190000   250 9.89
1.703 0.2123 214.88 56.10  70  46  610000 1190000   250 9.89
1.705 0.2219 215.76 56.10  70  46  610000 1190000   250 9.89
1.707 0.2219 216.64 56.10  70  46  610000 1190000   250 9.89
1.709 0.2118 217.56 56.10  70  46  610000 1190000   250 9.89
1.710 0.2219 218.52 56.10  70  46  610000 1190000   250 9.89
1.712 0.2087 219.53 56.10  70  46  610000 1190000   250 9.89
1.714 0.2239 220.61 56.10  70  46  610000 1190000   250 9.89
1.716 0.2232 221.75 56.10  70  46  610000 1190000   250 9.89
1.718 0.2238 222.97 56.10  70  46  610000 1190000   250 9.89
1.721 0.2230 224.28 56.10  70  46  610000 1190000   250 9.89
1.723 0.2327 225.67 56.10  70  46  610000 1190000   250 9.89
1.725 0.2152 227.14 56.10  70  46  610000 1190000   250 9.89
1.728 0.2299 228.68 56.10  70  46  610000 1190000   250 9.89
1.730 0.2351 230.28 56.10  70  46  610000 1190000   250 9.89
1.733 0.2270 231.90 56.10  70  46  610000 1190000   250 9.89
1.736 0.2335 233.52 56.10  70  46  610000 1190000   250 9.89
1.739 0.2397 235.10 56.10  70  46  610000 1190000   250 9.89
1.742 0.2263 236.61 56.10  70  46  610000 1190000   250 9.89
1.745 0.2371 238.04 56.10  70  46  610000 1190000   250 9.89
1.749 0.2372 239.36 56.10  70  46  610000 1190000   250 9.89
1.752 0.2426 240.54 56.10  70  46  610000 1190000   250 9.89
1.756 0.2353 241.56 56.10  70  46  610000 1190000   250 9.89
1.759 0.2495 242.38 56.10  70  46  610000 1190000   250 9.89
1.763 0.2456 242.99 56.10  70  46  610000 1190000   250 9.89
1.767 0.2441 243.37 56.10  70  46  610000 1190000   250 9.89
1.772 0.2445 243.52 56.10  70  46  610000 1190000   250 9.89
1.776 0.2448 243.43 56.10  70  46  610000 1190000   250 9.89
1.781 0.2470 243.06 56.10  70  46  610000 1190000   250 9.89
1.786 0.2378 242.37 56.10  70  46  610000 1190000   250 9.89
1.791 0.2449 241.28 56.10  70  46  610000 1190000   250 9.89
1.796 0.2375 239.73 56.10  70  46  610000 1190000   250 9.89
1.801 0.2399 237.63 56.10  70  46  610000 1190000   250 9.89
1.807 0.2289 234.92 56.10  70  46  610000 1190000   250 9.89
1.813 0.2331 231.51 56.10  70  46  610000 1190000   250 9.89
1.819 0.2267 227.38 56.10  70  46  610000 1190000   250 9.89
1.826 0.2212 222.50 56.10  70  46  610000 1190000   250 9.89
1.833 0.2198 216.88 56.10  70  46  610000 1190000   250 9.89
1.840 0.2131 210.56 56.10  70  46  610000 1190000   250 9.89
1.847 0.2113 203.61 56.10  70  46  610000 1190000   250 9.89
1.854 0.2039 196.11 56.10  70  46  610000 1190000   250 9.89
1.862 0.1984 188.18 56.10  70  46  610000 1190000   250 9.89
1.871 0.1947 179.91 56.10  70  46  610000 1190000   250 9.89
1.879 0.1850 171.42 56.10  70  46  610000 1190000   250 9.89
1.888 0.1697 162.82 56.10  70  46  610000 1190000   250 9.89
1.897 0.1590 154.22 56.10  70  46  610000 1190000   250 9.89
1.905 0.1481 145.71 56.10  70  46  610000 1190000   250 9.89
1.914 0.1329 137.41 56.10  70  46  610000 1190000   250 9.89
1.922 0.1198 129.43 56.10  70  46  610000 1190000   250 9.89
1.931 0.1062 121.87 56.10  70  46  610000 1190000   250 9.89
1.940 0.0993 114.81 56.10  70  46  610000 1190000   250 9.89
1.948 0.0935 108.36 56.10  70  46  610000 1190000   250 9.89
1.957 0.0923 102.59 56.10  70  46  610000 1190000   250 9.89
1.966 0.0890 97.56 56.10  70  46  610000 1190000   250 9.89
1.974 0.0877 93.34 56.10  70  46  610000 1190000   250 9.89
1.983 0.0861 89.97 56.10  70  46  610000 1190000   250 9.89
1.991 0.0877 87.45 56.10  70  46  610000 1190000   250 9.89
2.000 0.0880 85.80 56.10  70  46  610000 1190000   250 9.89
2.009 0.0851 84.98 56.10  70  46  610000 1190000   250 9.89
2.017 0.0880 84.97 56.10  70  46  610000 1190000   250 9.89
2.026 0.0885 85.68 56.10  70  46  610000 1190000   250 9.89
2.034 0.0894 87.04 56.10  70  46  610000 1190000   250 9.89
2.043 0.0899 88.94 56.10  70  46  610000 1190000   250 9.89
2.052 0.0916 91.28 56.10  70  46  610000 1190000   250 9.89
2.060 0.0938 93.93 56.10  70  46  610000 1190000   250 9.89
2.069 0.0970 96.81 56.10  70  46  610000 1190000   250 9.89
2.078 0.1001 99.83 56.10  70  46  610000 1190000   250 9.89
2.086 0.1031 102.91 56.10  70  46  610000 1190000   250 9.89
2.095 0.1048 105.99 56.10  70  46  610000 1190000   250 9.89
2.103 0.1078 109.01 56.10  70  46  610000 1190000   250 9.89
2.112 0.1104 111.94 56.10  70  46  610000 1190000   250 9.89
2.121 0.1138 114.71 56.10  70  46  610000 1190000   250 9.89
2.129 0.1158 117.28 56.10  70  46  610000 1190000   250 9.89
2.138 0.1194 119.60 56.10  70  46  610000 1190000   250 9.89
2.147 0.1270 121.62 56.10  70  46  610000 1190000   250 9.89
2.155 0.1269 123.30 56.10  70  46  610000 1190000   250 9.89
2.164 0.1339 124.62 56.10  70  46  610000 1190000   250 9.89
2.172 0.1335 125.54 56.10  70  46  610000 1190000   250 9.89
2.181 0.1362 126.09 56.10  70  46  610000 1190000   250 9.89
2.190 0.1358 126.29 56.10  70  46  610000 1190000   250 9.89
2.198 0.1334 126.32 56.10  70  46  610000 1190000   250 9.89
2.207 0.1363 126.79 56.10  70  46  610000 1190000   250 9.89
2.216 0.1332 129.89 56.10  70  46  610000 1190000   250 9.89
2.224 0.1334 134.35 56.10  70  46  610000 1190000   250 9.89
2.233 0.1322 139.21 56.10  70  46  610000 1190000   250 9.89
2.241 0.1328 144.06 56.10  70  46  610000 1190000   250 9.89
2.250 0.1293 148.71 56.10  70  46  610000 1190000   250 9.89
2.259 0.1299 153.12 56.10  70  46  610000 1190000   250 9.89
2.267 0.1313 157.26 56.10  70  46  610000 1190000   250 9.89
2.276 0.1341 161.17 56.10  70  46  610000 1190000   250 9.89
2.284 0.1408 164.86 56.10  70  46  610000 1190000   250 9.89
2.293 0.1429 168.38 56.10  70  46  610000 1190000   250 9.89
2.302 0.1557 171.74 56.10  70  46  610000 1190000   250 9.89
2.310 0.1643 174.99 56.10  70  46  610000 1190000   250 9.89
2.319 0.1774 178.15 56.10  70  46  610000 1190000   250 9.89
2.328 0.1967 181.24 56.10  70  46  610000 1190000   250 9.89
2.336 0.2147 184.27 56.10  70  46  610000 1190000   250 9.89
2.345 0.2386 187.25 56.10  70  46  610000 1190000   250 9.89
2.353 0.2721 190.18 56.10  70  46  610000 1190000   250 9.89
2.362 0.3018 193.06 56.10  70  46  610000 1190000   250 9.89
2.371 0.3318 195.89 56.10  70  46  610000 1190000   250 9.89
2.379 0.3642 198.63 56.10  70  46  610000 1190000   250 9.89
2.388 0.0000 201.26 56.10  70  46  610000 1190000   250 9.89
2.397 0.0000 203.74 56.10  70  46  610000 1190000   250 9.89
