     x     qy smooth tpara  cd  zL     xTr    xCpl frame tma
-1.141 0.1846 180.26 68.00  58  46  600000 1126000   220 8.22
-1.131 0.1986 168.90 68.00  58  46  600000 1126000   220 8.22
-1.122 0.2085 158.11 68.00  58  46  600000 1126000   220 8.22
-1.112 0.1563 147.87 68.00  58  46  600000 1126000   220 8.22
-1.103 0.1280 138.17 68.00  58  46  600000 1126000   220 8.22
-1.093 0.0970 129.00 68.00  58  46  600000 1126000   220 8.22
-1.084 0.1003 120.34 68.00  58  46  600000 1126000   220 8.22
-1.074 0.0902 112.19 68.00  58  46  600000 1126000   220 8.22
-1.065 0.0854 104.52 68.00  58  46  600000 1126000   220 8.22
-1.055 0.0801 97.34 68.00  58  46  600000 1126000   220 8.22
-1.046 0.0748 90.63 68.00  58  46  600000 1126000   220 8.22
-1.036 0.0711 84.40 68.00  58  46  600000 1126000   220 8.22
-1.027 0.0687 78.63 68.00  58  46  600000 1126000   220 8.22
-1.017 0.0663 73.34 68.00  58  46  600000 1126000   220 8.22
-1.008 0.0632 68.52 68.00  58  46  600000 1126000   220 8.22
-0.998 0.0616 64.18 68.00  58  46  600000 1126000   220 8.22
-0.989 0.0609 60.35 68.00  58  46  600000 1126000   220 8.22
-0.979 0.0590 57.04 68.00  58  46  600000 1126000   220 8.22
-0.970 0.0569 54.29 68.00  58  46  600000 1126000   220 8.22
-0.960 0.0561 52.13 68.00  58  46  600000 1126000   220 8.22
-0.951 0.0538 50.64 68.00  58  46  600000 1126000   220 8.22
-0.941 0.0533 49.87 68.00  58  46  600000 1126000   220 8.22
-0.932 0.0526 49.74 68.00  58  46  600000 1126000   220 8.22
-0.922 0.0513 49.80 68.00  58  46  600000 1126000   220 8.22
-0.913 0.0500 49.17 68.00  58  46  600000 1126000   220 8.22
-0.903 0.0491 48.43 68.00  58  46  600000 1126000   220 8.22
-0.894 0.0483 47.65 68.00  58  46  600000 1126000   220 8.22
-0.884 0.0473 46.87 68.00  58  46  600000 1126000   220 8.22
-0.875 0.0469 46.13 68.00  58  46  600000 1126000   220 8.22
-0.865 0.0461 45.41 68.00  58  46  600000 1126000   220 8.22
-0.856 0.0455 44.74 68.00  58  46  600000 1126000   220 8.22
-0.846 0.0428 44.11 68.00  58  46  600000 1126000   220 8.22
-0.837 0.0449 43.54 68.00  58  46  600000 1126000   220 8.22
-0.827 0.0430 43.02 68.00  58  46  600000 1126000   220 8.22
-0.817 0.0428 42.57 68.00  58  46  600000 1126000   220 8.22
-0.808 0.0414 42.18 68.00  58  46  600000 1126000   220 8.22
-0.798 0.0413 41.84 68.00  58  46  600000 1126000   220 8.22
-0.789 0.0403 41.56 68.00  58  46  600000 1126000   220 8.22
-0.779 0.0404 41.33 68.00  58  46  600000 1126000   220 8.22
-0.770 0.0404 41.14 68.00  58  46  600000 1126000   220 8.22
-0.760 0.0404 40.98 68.00  58  46  600000 1126000   220 8.22
-0.751 0.0397 40.86 68.00  58  46  600000 1126000   220 8.22
-0.741 0.0412 40.76 68.00  58  46  600000 1126000   220 8.22
-0.732 0.0417 40.69 68.00  58  46  600000 1126000   220 8.22
-0.722 0.0414 40.64 68.00  58  46  600000 1126000   220 8.22
-0.713 0.0407 40.60 68.00  58  46  600000 1126000   220 8.22
-0.703 0.0422 40.57 68.00  58  46  600000 1126000   220 8.22
-0.694 0.0406 40.55 68.00  58  46  600000 1126000   220 8.22
-0.684 0.0419 40.52 68.00  58  46  600000 1126000   220 8.22
-0.675 0.0413 40.50 68.00  58  46  600000 1126000   220 8.22
-0.665 0.0403 40.46 68.00  58  46  600000 1126000   220 8.22
-0.656 0.0401 40.41 68.00  58  46  600000 1126000   220 8.22
-0.646 0.0415 40.34 68.00  58  46  600000 1126000   220 8.22
-0.637 0.0404 40.26 68.00  58  46  600000 1126000   220 8.22
-0.627 0.0391 40.16 68.00  58  46  600000 1126000   220 8.22
-0.618 0.0388 40.05 68.00  58  46  600000 1126000   220 8.22
-0.608 0.0402 39.94 68.00  58  46  600000 1126000   220 8.22
-0.599 0.0404 39.82 68.00  58  46  600000 1126000   220 8.22
-0.589 0.0386 39.71 68.00  58  46  600000 1126000   220 8.22
-0.580 0.0392 39.62 68.00  58  46  600000 1126000   220 8.22
-0.570 0.0400 39.55 68.00  58  46  600000 1126000   220 8.22
-0.561 0.0401 39.50 68.00  58  46  600000 1126000   220 8.22
-0.551 0.0395 39.48 68.00  58  46  600000 1126000   220 8.22
-0.542 0.0389 39.48 68.00  58  46  600000 1126000   220 8.22
-0.532 0.0399 39.50 68.00  58  46  600000 1126000   220 8.22
-0.523 0.0395 39.54 68.00  58  46  600000 1126000   220 8.22
-0.513 0.0394 39.59 68.00  58  46  600000 1126000   220 8.22
-0.504 0.0394 39.65 68.00  58  46  600000 1126000   220 8.22
-0.494 0.0391 39.71 68.00  58  46  600000 1126000   220 8.22
-0.485 0.0395 39.78 68.00  58  46  600000 1126000   220 8.22
-0.475 0.0401 39.84 68.00  58  46  600000 1126000   220 8.22
-0.466 0.0399 39.90 68.00  58  46  600000 1126000   220 8.22
-0.456 0.0401 39.97 68.00  58  46  600000 1126000   220 8.22
-0.447 0.0403 40.03 68.00  58  46  600000 1126000   220 8.22
-0.437 0.0407 40.10 68.00  58  46  600000 1126000   220 8.22
-0.428 0.0410 40.17 68.00  58  46  600000 1126000   220 8.22
-0.418 0.0401 40.25 68.00  58  46  600000 1126000   220 8.22
-0.409 0.0406 40.34 68.00  58  46  600000 1126000   220 8.22
-0.399 0.0405 40.42 68.00  58  46  600000 1126000   220 8.22
-0.390 0.0404 40.51 68.00  58  46  600000 1126000   220 8.22
-0.380 0.0404 40.59 68.00  58  46  600000 1126000   220 8.22
-0.371 0.0398 40.65 68.00  58  46  600000 1126000   220 8.22
-0.361 0.0402 40.71 68.00  58  46  600000 1126000   220 8.22
-0.352 0.0408 40.75 68.00  58  46  600000 1126000   220 8.22
-0.342 0.0412 40.78 68.00  58  46  600000 1126000   220 8.22
-0.333 0.0406 40.81 68.00  58  46  600000 1126000   220 8.22
-0.323 0.0406 40.84 68.00  58  46  600000 1126000   220 8.22
-0.314 0.0409 40.88 68.00  58  46  600000 1126000   220 8.22
-0.304 0.0413 40.95 68.00  58  46  600000 1126000   220 8.22
-0.295 0.0414 41.03 68.00  58  46  600000 1126000   220 8.22
-0.285 0.0422 41.13 68.00  58  46  600000 1126000   220 8.22
-0.276 0.0416 41.26 68.00  58  46  600000 1126000   220 8.22
-0.266 0.0415 41.40 68.00  58  46  600000 1126000   220 8.22
-0.257 0.0416 41.55 68.00  58  46  600000 1126000   220 8.22
-0.247 0.0408 41.70 68.00  58  46  600000 1126000   220 8.22
-0.238 0.0412 41.85 68.00  58  46  600000 1126000   220 8.22
-0.228 0.0405 42.00 68.00  58  46  600000 1126000   220 8.22
-0.219 0.0406 42.13 68.00  58  46  600000 1126000   220 8.22
-0.209 0.0413 42.25 68.00  58  46  600000 1126000   220 8.22
-0.200 0.0422 42.36 68.00  58  46  600000 1126000   220 8.22
-0.190 0.0419 42.47 68.00  58  46  600000 1126000   220 8.22
-0.181 0.0426 42.56 68.00  58  46  600000 1126000   220 8.22
-0.171 0.0449 42.64 68.00  58  46  600000 1126000   220 8.22
-0.162 0.0446 42.71 68.00  58  46  600000 1126000   220 8.22
-0.152 0.0428 42.75 68.00  58  46  600000 1126000   220 8.22
-0.143 0.0432 42.76 68.00  58  46  600000 1126000   220 8.22
-0.133 0.0430 42.71 68.00  58  46  600000 1126000   220 8.22
-0.124 0.0419 42.59 68.00  58  46  600000 1126000   220 8.22
-0.114 0.0418 42.39 68.00  58  46  600000 1126000   220 8.22
-0.105 0.0419 42.09 68.00  58  46  600000 1126000   220 8.22
-0.095 0.0414 41.70 68.00  58  46  600000 1126000   220 8.22
-0.086 0.0412 41.20 68.00  58  46  600000 1126000   220 8.22
-0.076 0.0408 40.61 68.00  58  46  600000 1126000   220 8.22
-0.067 0.0401 39.93 68.00  58  46  600000 1126000   220 8.22
-0.057 0.0408 39.18 68.00  58  46  600000 1126000   220 8.22
-0.048 0.0401 38.36 68.00  58  46  600000 1126000   220 8.22
-0.038 0.0389 37.51 68.00  58  46  600000 1126000   220 8.22
-0.029 0.0387 36.63 68.00  58  46  600000 1126000   220 8.22
-0.019 0.0370 35.74 68.00  58  46  600000 1126000   220 8.22
-0.010 0.0365 34.86 68.00  58  46  600000 1126000   220 8.22
0.000 0.0341 34.00 68.00  58  46  600000 1126000   220 8.22
0.010 0.0315 33.17 68.00  58  46  600000 1126000   220 8.22
0.019 0.0309 32.37 68.00  58  46  600000 1126000   220 8.22
0.029 0.0301 31.62 68.00  58  46  600000 1126000   220 8.22
0.038 0.0275 30.92 68.00  58  46  600000 1126000   220 8.22
0.048 0.0282 30.29 68.00  58  46  600000 1126000   220 8.22
0.057 0.0290 29.73 68.00  58  46  600000 1126000   220 8.22
0.067 0.0280 29.26 68.00  58  46  600000 1126000   220 8.22
0.076 0.0289 28.88 68.00  58  46  600000 1126000   220 8.22
0.086 0.0291 28.61 68.00  58  46  600000 1126000   220 8.22
0.095 0.0282 28.43 68.00  58  46  600000 1126000   220 8.22
0.105 0.0290 28.35 68.00  58  46  600000 1126000   220 8.22
0.114 0.0282 28.36 68.00  58  46  600000 1126000   220 8.22
0.124 0.0281 28.45 68.00  58  46  600000 1126000   220 8.22
0.133 0.0286 28.59 68.00  58  46  600000 1126000   220 8.22
0.143 0.0289 28.78 68.00  58  46  600000 1126000   220 8.22
0.152 0.0294 29.01 68.00  58  46  600000 1126000   220 8.22
0.162 0.0292 29.25 68.00  58  46  600000 1126000   220 8.22
0.171 0.0298 29.50 68.00  58  46  600000 1126000   220 8.22
0.181 0.0307 29.75 68.00  58  46  600000 1126000   220 8.22
0.190 0.0302 30.00 68.00  58  46  600000 1126000   220 8.22
0.200 0.0304 30.24 68.00  58  46  600000 1126000   220 8.22
0.209 0.0312 30.48 68.00  58  46  600000 1126000   220 8.22
0.219 0.0317 30.72 68.00  58  46  600000 1126000   220 8.22
0.228 0.0313 30.95 68.00  58  46  600000 1126000   220 8.22
0.238 0.0322 31.19 68.00  58  46  600000 1126000   220 8.22
0.247 0.0308 31.43 68.00  58  46  600000 1126000   220 8.22
0.257 0.0311 31.65 68.00  58  46  600000 1126000   220 8.22
0.266 0.0302 31.87 68.00  58  46  600000 1126000   220 8.22
0.276 0.0312 32.06 68.00  58  46  600000 1126000   220 8.22
0.285 0.0332 32.23 68.00  58  46  600000 1126000   220 8.22
0.295 0.0318 32.37 68.00  58  46  600000 1126000   220 8.22
0.304 0.0320 32.51 68.00  58  46  600000 1126000   220 8.22
0.314 0.0331 32.65 68.00  58  46  600000 1126000   220 8.22
0.323 0.0347 32.80 68.00  58  46  600000 1126000   220 8.22
0.333 0.0336 32.99 68.00  58  46  600000 1126000   220 8.22
0.342 0.0348 33.21 68.00  58  46  600000 1126000   220 8.22
0.352 0.0335 33.49 68.00  58  46  600000 1126000   220 8.22
0.361 0.0343 33.82 68.00  58  46  600000 1126000   220 8.22
0.371 0.0347 34.21 68.00  58  46  600000 1126000   220 8.22
0.380 0.0343 34.65 68.00  58  46  600000 1126000   220 8.22
0.390 0.0344 35.13 68.00  58  46  600000 1126000   220 8.22
0.399 0.0344 35.63 68.00  58  46  600000 1126000   220 8.22
0.409 0.0354 36.17 68.00  58  46  600000 1126000   220 8.22
0.418 0.0348 36.72 68.00  58  46  600000 1126000   220 8.22
0.428 0.0351 37.29 68.00  58  46  600000 1126000   220 8.22
0.437 0.0368 37.88 68.00  58  46  600000 1126000   220 8.22
0.447 0.0370 38.49 68.00  58  46  600000 1126000   220 8.22
0.456 0.0382 39.15 68.00  58  46  600000 1126000   220 8.22
0.466 0.0418 39.85 68.00  58  46  600000 1126000   220 8.22
0.475 0.0432 40.62 68.00  58  46  600000 1126000   220 8.22
0.485 0.0450 41.44 68.00  58  46  600000 1126000   220 8.22
0.494 0.0436 42.33 68.00  58  46  600000 1126000   220 8.22
0.504 0.0450 43.27 68.00  58  46  600000 1126000   220 8.22
0.513 0.0446 44.26 68.00  58  46  600000 1126000   220 8.22
0.523 0.0453 45.28 68.00  58  46  600000 1126000   220 8.22
0.532 0.0452 46.34 68.00  58  46  600000 1126000   220 8.22
0.542 0.0447 47.42 68.00  58  46  600000 1126000   220 8.22
0.551 0.0467 48.50 68.00  58  46  600000 1126000   220 8.22
0.561 0.0474 49.59 68.00  58  46  600000 1126000   220 8.22
0.570 0.0482 50.68 68.00  58  46  600000 1126000   220 8.22
0.580 0.0501 51.75 68.00  58  46  600000 1126000   220 8.22
0.589 0.0536 52.81 68.00  58  46  600000 1126000   220 8.22
0.598 0.0543 53.84 68.00  58  46  600000 1126000   220 8.22
0.606 0.0562 54.85 68.00  58  46  600000 1126000   220 8.22
0.614 0.0549 55.83 68.00  58  46  600000 1126000   220 8.22
0.622 0.0596 56.78 68.00  58  46  600000 1126000   220 8.22
0.629 0.0608 57.71 68.00  58  46  600000 1126000   220 8.22
0.637 0.0588 58.61 68.00  58  46  600000 1126000   220 8.22
0.643 0.0598 59.48 68.00  58  46  600000 1126000   220 8.22
0.650 0.0618 60.31 68.00  58  46  600000 1126000   220 8.22
0.656 0.0610 61.08 68.00  58  46  600000 1126000   220 8.22
0.662 0.0600 61.79 68.00  58  46  600000 1126000   220 8.22
0.668 0.0648 62.43 68.00  58  46  600000 1126000   220 8.22
0.674 0.0633 62.99 68.00  58  46  600000 1126000   220 8.22
0.679 0.0642 63.47 68.00  58  46  600000 1126000   220 8.22
0.684 0.0636 63.89 68.00  58  46  600000 1126000   220 8.22
0.689 0.0627 64.26 68.00  58  46  600000 1126000   220 8.22
0.694 0.0643 64.60 68.00  58  46  600000 1126000   220 8.22
0.698 0.0635 64.90 68.00  58  46  600000 1126000   220 8.22
0.703 0.0630 65.18 68.00  58  46  600000 1126000   220 8.22
0.707 0.0651 65.44 68.00  58  46  600000 1126000   220 8.22
0.711 0.0668 65.69 68.00  58  46  600000 1126000   220 8.22
0.715 0.0631 65.94 68.00  58  46  600000 1126000   220 8.22
0.718 0.0696 66.18 68.00  58  46  600000 1126000   220 8.22
0.722 0.0652 66.42 68.00  58  46  600000 1126000   220 8.22
0.725 0.0725 66.66 68.00  58  46  600000 1126000   220 8.22
0.728 0.0684 66.91 68.00  58  46  600000 1126000   220 8.22
0.732 0.0627 67.15 68.00  58  46  600000 1126000   220 8.22
0.735 0.0680 67.40 68.00  58  46  600000 1126000   220 8.22
0.737 0.0667 67.65 68.00  58  46  600000 1126000   220 8.22
0.740 0.0651 67.91 68.00  58  46  600000 1126000   220 8.22
0.743 0.0697 68.16 68.00  58  46  600000 1126000   220 8.22
0.745 0.0681 68.40 68.00  58  46  600000 1126000   220 8.22
0.748 0.0689 68.62 68.00  58  46  600000 1126000   220 8.22
0.750 0.0708 68.83 68.00  58  46  600000 1126000   220 8.22
0.752 0.0677 69.03 68.00  58  46  600000 1126000   220 8.22
0.755 0.0709 69.23 68.00  58  46  600000 1126000   220 8.22
0.757 0.0631 69.42 68.00  58  46  600000 1126000   220 8.22
0.759 0.0713 69.63 68.00  58  46  600000 1126000   220 8.22
0.760 0.0706 69.83 68.00  58  46  600000 1126000   220 8.22
0.762 0.0714 70.04 68.00  58  46  600000 1126000   220 8.22
0.764 0.0711 70.26 68.00  58  46  600000 1126000   220 8.22
0.766 0.0706 70.48 68.00  58  46  600000 1126000   220 8.22
0.768 0.0714 70.70 68.00  58  46  600000 1126000   220 8.22
0.770 0.0718 70.91 68.00  58  46  600000 1126000   220 8.22
0.772 0.0703 71.09 68.00  58  46  600000 1126000   220 8.22
0.774 0.0723 71.25 68.00  58  46  600000 1126000   220 8.22
0.776 0.0671 71.39 68.00  58  46  600000 1126000   220 8.22
0.778 0.0752 71.51 68.00  58  46  600000 1126000   220 8.22
0.779 0.0717 71.61 68.00  58  46  600000 1126000   220 8.22
0.781 0.0674 71.70 68.00  58  46  600000 1126000   220 8.22
0.783 0.0722 71.79 68.00  58  46  600000 1126000   220 8.22
0.785 0.0726 71.88 68.00  58  46  600000 1126000   220 8.22
0.787 0.0772 71.98 68.00  58  46  600000 1126000   220 8.22
0.789 0.0729 72.09 68.00  58  46  600000 1126000   220 8.22
0.791 0.0702 72.21 68.00  58  46  600000 1126000   220 8.22
0.793 0.0715 72.34 68.00  58  46  600000 1126000   220 8.22
0.795 0.0708 72.49 68.00  58  46  600000 1126000   220 8.22
0.797 0.0732 72.66 68.00  58  46  600000 1126000   220 8.22
0.798 0.0715 72.87 68.00  58  46  600000 1126000   220 8.22
0.800 0.0765 73.11 68.00  58  46  600000 1126000   220 8.22
0.802 0.0741 73.38 68.00  58  46  600000 1126000   220 8.22
0.804 0.0668 73.69 68.00  58  46  600000 1126000   220 8.22
0.806 0.0766 74.00 68.00  58  46  600000 1126000   220 8.22
0.808 0.0737 74.32 68.00  58  46  600000 1126000   220 8.22
0.810 0.0717 74.63 68.00  58  46  600000 1126000   220 8.22
0.812 0.0774 74.92 68.00  58  46  600000 1126000   220 8.22
0.814 0.0767 75.21 68.00  58  46  600000 1126000   220 8.22
0.816 0.0730 75.48 68.00  58  46  600000 1126000   220 8.22
0.817 0.0744 75.75 68.00  58  46  600000 1126000   220 8.22
0.819 0.0825 76.02 68.00  58  46  600000 1126000   220 8.22
0.821 0.0762 76.29 68.00  58  46  600000 1126000   220 8.22
0.823 0.0736 76.56 68.00  58  46  600000 1126000   220 8.22
0.825 0.0772 76.82 68.00  58  46  600000 1126000   220 8.22
0.827 0.0761 77.08 68.00  58  46  600000 1126000   220 8.22
0.829 0.0805 77.31 68.00  58  46  600000 1126000   220 8.22
0.831 0.0806 77.53 68.00  58  46  600000 1126000   220 8.22
0.833 0.0776 77.74 68.00  58  46  600000 1126000   220 8.22
0.835 0.0764 77.94 68.00  58  46  600000 1126000   220 8.22
0.837 0.0792 78.11 68.00  58  46  600000 1126000   220 8.22
0.838 0.0775 78.26 68.00  58  46  600000 1126000   220 8.22
0.840 0.0762 78.39 68.00  58  46  600000 1126000   220 8.22
0.842 0.0711 78.48 68.00  58  46  600000 1126000   220 8.22
0.844 0.0758 78.56 68.00  58  46  600000 1126000   220 8.22
0.846 0.0817 78.63 68.00  58  46  600000 1126000   220 8.22
0.848 0.0805 78.69 68.00  58  46  600000 1126000   220 8.22
0.850 0.0888 78.73 68.00  58  46  600000 1126000   220 8.22
0.852 0.0705 78.76 68.00  58  46  600000 1126000   220 8.22
0.854 0.0841 78.80 68.00  58  46  600000 1126000   220 8.22
0.856 0.0798 78.84 68.00  58  46  600000 1126000   220 8.22
0.857 0.0761 78.90 68.00  58  46  600000 1126000   220 8.22
0.859 0.0815 78.96 68.00  58  46  600000 1126000   220 8.22
0.861 0.0777 79.01 68.00  58  46  600000 1126000   220 8.22
0.863 0.0780 79.05 68.00  58  46  600000 1126000   220 8.22
0.865 0.0776 79.06 68.00  58  46  600000 1126000   220 8.22
0.867 0.0824 79.08 68.00  58  46  600000 1126000   220 8.22
0.869 0.0779 79.08 68.00  58  46  600000 1126000   220 8.22
0.871 0.0762 79.06 68.00  58  46  600000 1126000   220 8.22
0.873 0.0768 79.02 68.00  58  46  600000 1126000   220 8.22
0.875 0.0797 78.97 68.00  58  46  600000 1126000   220 8.22
0.876 0.0802 78.91 68.00  58  46  600000 1126000   220 8.22
0.878 0.0785 78.85 68.00  58  46  600000 1126000   220 8.22
0.880 0.0820 78.79 68.00  58  46  600000 1126000   220 8.22
0.882 0.0752 78.74 68.00  58  46  600000 1126000   220 8.22
0.884 0.0746 78.70 68.00  58  46  600000 1126000   220 8.22
0.886 0.0810 78.65 68.00  58  46  600000 1126000   220 8.22
0.888 0.0853 78.57 68.00  58  46  600000 1126000   220 8.22
0.890 0.0842 78.48 68.00  58  46  600000 1126000   220 8.22
0.892 0.0739 78.36 68.00  58  46  600000 1126000   220 8.22
0.894 0.0742 78.23 68.00  58  46  600000 1126000   220 8.22
0.895 0.0727 78.09 68.00  58  46  600000 1126000   220 8.22
0.897 0.0835 77.94 68.00  58  46  600000 1126000   220 8.22
0.899 0.0763 77.81 68.00  58  46  600000 1126000   220 8.22
0.901 0.0807 77.68 68.00  58  46  600000 1126000   220 8.22
0.903 0.0833 77.57 68.00  58  46  600000 1126000   220 8.22
0.905 0.0763 77.47 68.00  58  46  600000 1126000   220 8.22
0.907 0.0687 77.38 68.00  58  46  600000 1126000   220 8.22
0.909 0.0757 77.28 68.00  58  46  600000 1126000   220 8.22
0.911 0.0834 77.20 68.00  58  46  600000 1126000   220 8.22
0.913 0.0745 77.12 68.00  58  46  600000 1126000   220 8.22
0.914 0.0773 77.06 68.00  58  46  600000 1126000   220 8.22
0.916 0.0712 77.02 68.00  58  46  600000 1126000   220 8.22
0.918 0.0830 77.00 68.00  58  46  600000 1126000   220 8.22
0.920 0.0751 77.00 68.00  58  46  600000 1126000   220 8.22
0.922 0.0712 77.04 68.00  58  46  600000 1126000   220 8.22
0.924 0.0838 77.10 68.00  58  46  600000 1126000   220 8.22
0.926 0.0818 77.18 68.00  58  46  600000 1126000   220 8.22
0.928 0.0775 77.28 68.00  58  46  600000 1126000   220 8.22
0.930 0.0711 77.39 68.00  58  46  600000 1126000   220 8.22
0.932 0.0827 77.51 68.00  58  46  600000 1126000   220 8.22
0.933 0.0810 77.65 68.00  58  46  600000 1126000   220 8.22
0.935 0.0716 77.81 68.00  58  46  600000 1126000   220 8.22
0.937 0.0790 77.99 68.00  58  46  600000 1126000   220 8.22
0.939 0.0765 78.16 68.00  58  46  600000 1126000   220 8.22
0.941 0.0728 78.31 68.00  58  46  600000 1126000   220 8.22
0.943 0.0834 78.45 68.00  58  46  600000 1126000   220 8.22
0.945 0.0751 78.59 68.00  58  46  600000 1126000   220 8.22
0.947 0.0844 78.74 68.00  58  46  600000 1126000   220 8.22
0.949 0.0759 78.91 68.00  58  46  600000 1126000   220 8.22
0.951 0.0799 79.09 68.00  58  46  600000 1126000   220 8.22
0.952 0.0831 79.27 68.00  58  46  600000 1126000   220 8.22
0.954 0.0790 79.48 68.00  58  46  600000 1126000   220 8.22
0.956 0.0791 79.69 68.00  58  46  600000 1126000   220 8.22
0.958 0.0770 79.92 68.00  58  46  600000 1126000   220 8.22
0.960 0.0800 80.17 68.00  58  46  600000 1126000   220 8.22
0.962 0.0807 80.42 68.00  58  46  600000 1126000   220 8.22
0.964 0.0833 80.67 68.00  58  46  600000 1126000   220 8.22
0.966 0.0811 80.91 68.00  58  46  600000 1126000   220 8.22
0.968 0.0812 81.11 68.00  58  46  600000 1126000   220 8.22
0.970 0.0779 81.27 68.00  58  46  600000 1126000   220 8.22
0.971 0.0815 81.40 68.00  58  46  600000 1126000   220 8.22
0.973 0.0798 81.51 68.00  58  46  600000 1126000   220 8.22
0.975 0.0827 81.61 68.00  58  46  600000 1126000   220 8.22
0.977 0.0840 81.71 68.00  58  46  600000 1126000   220 8.22
0.979 0.0815 81.83 68.00  58  46  600000 1126000   220 8.22
0.981 0.0853 81.96 68.00  58  46  600000 1126000   220 8.22
0.983 0.0825 82.09 68.00  58  46  600000 1126000   220 8.22
0.985 0.0753 82.23 68.00  58  46  600000 1126000   220 8.22
0.987 0.0851 82.37 68.00  58  46  600000 1126000   220 8.22
0.989 0.0859 82.49 68.00  58  46  600000 1126000   220 8.22
0.990 0.0855 82.59 68.00  58  46  600000 1126000   220 8.22
0.992 0.0764 82.68 68.00  58  46  600000 1126000   220 8.22
0.994 0.0837 82.74 68.00  58  46  600000 1126000   220 8.22
0.996 0.0856 82.78 68.00  58  46  600000 1126000   220 8.22
0.998 0.0828 82.81 68.00  58  46  600000 1126000   220 8.22
1.000 0.0750 82.83 68.00  58  46  600000 1126000   220 8.22
1.002 0.0805 82.84 68.00  58  46  600000 1126000   220 8.22
1.004 0.0827 82.83 68.00  58  46  600000 1126000   220 8.22
1.006 0.0866 82.80 68.00  58  46  600000 1126000   220 8.22
1.008 0.0919 82.77 68.00  58  46  600000 1126000   220 8.22
1.010 0.0796 82.74 68.00  58  46  600000 1126000   220 8.22
1.011 0.0863 82.72 68.00  58  46  600000 1126000   220 8.22
1.013 0.0801 82.71 68.00  58  46  600000 1126000   220 8.22
1.015 0.0802 82.70 68.00  58  46  600000 1126000   220 8.22
1.017 0.0839 82.70 68.00  58  46  600000 1126000   220 8.22
1.019 0.0817 82.69 68.00  58  46  600000 1126000   220 8.22
1.021 0.0807 82.67 68.00  58  46  600000 1126000   220 8.22
1.023 0.0857 82.64 68.00  58  46  600000 1126000   220 8.22
1.025 0.0789 82.61 68.00  58  46  600000 1126000   220 8.22
1.027 0.0823 82.59 68.00  58  46  600000 1126000   220 8.22
1.029 0.0824 82.57 68.00  58  46  600000 1126000   220 8.22
1.030 0.0844 82.56 68.00  58  46  600000 1126000   220 8.22
1.032 0.0835 82.56 68.00  58  46  600000 1126000   220 8.22
1.034 0.0794 82.56 68.00  58  46  600000 1126000   220 8.22
1.036 0.0854 82.56 68.00  58  46  600000 1126000   220 8.22
1.038 0.0826 82.55 68.00  58  46  600000 1126000   220 8.22
1.040 0.0774 82.54 68.00  58  46  600000 1126000   220 8.22
1.042 0.0853 82.54 68.00  58  46  600000 1126000   220 8.22
1.044 0.0835 82.54 68.00  58  46  600000 1126000   220 8.22
1.046 0.0848 82.53 68.00  58  46  600000 1126000   220 8.22
1.048 0.0835 82.49 68.00  58  46  600000 1126000   220 8.22
1.049 0.0807 82.44 68.00  58  46  600000 1126000   220 8.22
1.051 0.0797 82.36 68.00  58  46  600000 1126000   220 8.22
1.053 0.0861 82.28 68.00  58  46  600000 1126000   220 8.22
1.055 0.0812 82.20 68.00  58  46  600000 1126000   220 8.22
1.057 0.0800 82.13 68.00  58  46  600000 1126000   220 8.22
1.059 0.0835 82.05 68.00  58  46  600000 1126000   220 8.22
1.061 0.0928 81.98 68.00  58  46  600000 1126000   220 8.22
1.063 0.0732 81.91 68.00  58  46  600000 1126000   220 8.22
1.065 0.0809 81.85 68.00  58  46  600000 1126000   220 8.22
1.067 0.0831 81.79 68.00  58  46  600000 1126000   220 8.22
1.068 0.0761 81.75 68.00  58  46  600000 1126000   220 8.22
1.070 0.0795 81.73 68.00  58  46  600000 1126000   220 8.22
1.072 0.0822 81.70 68.00  58  46  600000 1126000   220 8.22
1.074 0.0863 81.69 68.00  58  46  600000 1126000   220 8.22
1.076 0.0824 81.70 68.00  58  46  600000 1126000   220 8.22
1.078 0.0815 81.75 68.00  58  46  600000 1126000   220 8.22
1.080 0.0848 81.84 68.00  58  46  600000 1126000   220 8.22
1.082 0.0794 81.96 68.00  58  46  600000 1126000   220 8.22
1.084 0.0788 82.10 68.00  58  46  600000 1126000   220 8.22
1.086 0.0846 82.24 68.00  58  46  600000 1126000   220 8.22
1.087 0.0834 82.39 68.00  58  46  600000 1126000   220 8.22
1.089 0.0823 82.51 68.00  58  46  600000 1126000   220 8.22
1.091 0.0828 82.61 68.00  58  46  600000 1126000   220 8.22
1.093 0.0792 82.68 68.00  58  46  600000 1126000   220 8.22
1.095 0.0820 82.73 68.00  58  46  600000 1126000   220 8.22
1.097 0.0830 82.75 68.00  58  46  600000 1126000   220 8.22
1.099 0.0876 82.75 68.00  58  46  600000 1126000   220 8.22
1.101 0.0843 82.74 68.00  58  46  600000 1126000   220 8.22
1.103 0.0799 82.73 68.00  58  46  600000 1126000   220 8.22
1.105 0.0814 82.74 68.00  58  46  600000 1126000   220 8.22
1.106 0.0838 82.78 68.00  58  46  600000 1126000   220 8.22
1.108 0.0859 82.84 68.00  58  46  600000 1126000   220 8.22
1.110 0.0802 82.92 68.00  58  46  600000 1126000   220 8.22
1.112 0.0931 83.01 68.00  58  46  600000 1126000   220 8.22
1.114 0.0809 83.10 68.00  58  46  600000 1126000   220 8.22
1.116 0.0758 83.17 68.00  58  46  600000 1126000   220 8.22
1.118 0.0809 83.23 68.00  58  46  600000 1126000   220 8.22
1.120 0.0794 83.27 68.00  58  46  600000 1126000   220 8.22
1.122 0.0860 83.29 68.00  58  46  600000 1126000   220 8.22
1.124 0.0819 83.31 68.00  58  46  600000 1126000   220 8.22
1.125 0.0808 83.32 68.00  58  46  600000 1126000   220 8.22
1.127 0.0830 83.34 68.00  58  46  600000 1126000   220 8.22
1.129 0.0859 83.37 68.00  58  46  600000 1126000   220 8.22
1.131 0.0971 83.43 68.00  58  46  600000 1126000   220 8.22
1.133 0.0772 83.53 68.00  58  46  600000 1126000   220 8.22
1.135 0.0810 83.67 68.00  58  46  600000 1126000   220 8.22
1.137 0.0885 83.82 68.00  58  46  600000 1126000   220 8.22
1.139 0.0850 83.98 68.00  58  46  600000 1126000   220 8.22
1.141 0.0846 84.13 68.00  58  46  600000 1126000   220 8.22
1.143 0.0767 84.26 68.00  58  46  600000 1126000   220 8.22
1.144 0.0835 84.38 68.00  58  46  600000 1126000   220 8.22
1.146 0.0887 84.48 68.00  58  46  600000 1126000   220 8.22
1.148 0.0810 84.58 68.00  58  46  600000 1126000   220 8.22
1.150 0.0810 84.68 68.00  58  46  600000 1126000   220 8.22
1.152 0.0884 84.79 68.00  58  46  600000 1126000   220 8.22
1.154 0.0846 84.91 68.00  58  46  600000 1126000   220 8.22
1.156 0.0840 85.06 68.00  58  46  600000 1126000   220 8.22
1.158 0.0856 85.24 68.00  58  46  600000 1126000   220 8.22
1.160 0.0878 85.46 68.00  58  46  600000 1126000   220 8.22
1.162 0.0854 85.71 68.00  58  46  600000 1126000   220 8.22
1.163 0.0898 85.97 68.00  58  46  600000 1126000   220 8.22
1.165 0.0887 86.22 68.00  58  46  600000 1126000   220 8.22
1.167 0.0836 86.46 68.00  58  46  600000 1126000   220 8.22
1.169 0.0841 86.67 68.00  58  46  600000 1126000   220 8.22
1.171 0.0832 86.85 68.00  58  46  600000 1126000   220 8.22
1.173 0.0850 86.98 68.00  58  46  600000 1126000   220 8.22
1.175 0.0855 87.10 68.00  58  46  600000 1126000   220 8.22
1.177 0.0911 87.21 68.00  58  46  600000 1126000   220 8.22
1.179 0.0889 87.31 68.00  58  46  600000 1126000   220 8.22
1.181 0.0930 87.42 68.00  58  46  600000 1126000   220 8.22
1.183 0.0884 87.54 68.00  58  46  600000 1126000   220 8.22
1.184 0.0892 87.70 68.00  58  46  600000 1126000   220 8.22
1.186 0.0890 87.87 68.00  58  46  600000 1126000   220 8.22
1.188 0.0830 88.05 68.00  58  46  600000 1126000   220 8.22
1.190 0.0859 88.24 68.00  58  46  600000 1126000   220 8.22
1.192 0.0885 88.44 68.00  58  46  600000 1126000   220 8.22
1.194 0.0891 88.63 68.00  58  46  600000 1126000   220 8.22
1.196 0.0862 88.83 68.00  58  46  600000 1126000   220 8.22
1.198 0.0886 89.04 68.00  58  46  600000 1126000   220 8.22
1.200 0.0853 89.28 68.00  58  46  600000 1126000   220 8.22
1.202 0.0886 89.53 68.00  58  46  600000 1126000   220 8.22
1.203 0.0968 89.79 68.00  58  46  600000 1126000   220 8.22
1.205 0.0913 90.04 68.00  58  46  600000 1126000   220 8.22
1.207 0.0859 90.31 68.00  58  46  600000 1126000   220 8.22
1.209 0.0973 90.58 68.00  58  46  600000 1126000   220 8.22
1.211 0.0900 90.90 68.00  58  46  600000 1126000   220 8.22
1.213 0.0912 91.25 68.00  58  46  600000 1126000   220 8.22
1.215 0.0907 91.63 68.00  58  46  600000 1126000   220 8.22
1.217 0.0888 92.03 68.00  58  46  600000 1126000   220 8.22
1.219 0.0984 92.45 68.00  58  46  600000 1126000   220 8.22
1.221 0.0887 92.85 68.00  58  46  600000 1126000   220 8.22
1.222 0.0873 93.25 68.00  58  46  600000 1126000   220 8.22
1.224 0.0938 93.62 68.00  58  46  600000 1126000   220 8.22
1.226 0.0989 93.97 68.00  58  46  600000 1126000   220 8.22
1.228 0.0925 94.30 68.00  58  46  600000 1126000   220 8.22
1.230 0.0969 94.59 68.00  58  46  600000 1126000   220 8.22
1.232 0.0966 94.86 68.00  58  46  600000 1126000   220 8.22
1.234 0.0993 95.12 68.00  58  46  600000 1126000   220 8.22
1.236 0.0875 95.35 68.00  58  46  600000 1126000   220 8.22
1.238 0.0890 95.56 68.00  58  46  600000 1126000   220 8.22
1.240 0.0944 95.73 68.00  58  46  600000 1126000   220 8.22
1.241 0.0999 95.83 68.00  58  46  600000 1126000   220 8.22
1.243 0.0977 95.86 68.00  58  46  600000 1126000   220 8.22
1.245 0.1062 95.83 68.00  58  46  600000 1126000   220 8.22
1.247 0.0928 95.75 68.00  58  46  600000 1126000   220 8.22
1.249 0.0983 95.62 68.00  58  46  600000 1126000   220 8.22
1.251 0.0939 95.44 68.00  58  46  600000 1126000   220 8.22
1.253 0.0946 95.21 68.00  58  46  600000 1126000   220 8.22
1.255 0.0954 94.93 68.00  58  46  600000 1126000   220 8.22
1.257 0.0915 94.60 68.00  58  46  600000 1126000   220 8.22
1.259 0.0959 94.25 68.00  58  46  600000 1126000   220 8.22
1.260 0.0914 93.87 68.00  58  46  600000 1126000   220 8.22
1.262 0.0913 93.46 68.00  58  46  600000 1126000   220 8.22
1.264 0.0939 93.03 68.00  58  46  600000 1126000   220 8.22
1.266 0.0934 92.59 68.00  58  46  600000 1126000   220 8.22
1.268 0.0962 92.14 68.00  58  46  600000 1126000   220 8.22
1.270 0.0952 91.66 68.00  58  46  600000 1126000   220 8.22
1.272 0.0852 91.18 68.00  58  46  600000 1126000   220 8.22
1.274 0.0844 90.70 68.00  58  46  600000 1126000   220 8.22
1.276 0.0877 90.25 68.00  58  46  600000 1126000   220 8.22
1.278 0.0927 89.83 68.00  58  46  600000 1126000   220 8.22
1.279 0.0919 89.46 68.00  58  46  600000 1126000   220 8.22
1.281 0.1012 89.14 68.00  58  46  600000 1126000   220 8.22
1.283 0.0900 88.83 68.00  58  46  600000 1126000   220 8.22
1.285 0.0769 88.54 68.00  58  46  600000 1126000   220 8.22
1.287 0.0840 88.24 68.00  58  46  600000 1126000   220 8.22
1.289 0.0880 87.94 68.00  58  46  600000 1126000   220 8.22
1.291 0.0940 87.64 68.00  58  46  600000 1126000   220 8.22
1.293 0.0875 87.35 68.00  58  46  600000 1126000   220 8.22
1.295 0.0878 87.07 68.00  58  46  600000 1126000   220 8.22
1.297 0.0836 86.80 68.00  58  46  600000 1126000   220 8.22
1.298 0.0832 86.54 68.00  58  46  600000 1126000   220 8.22
1.300 0.0883 86.30 68.00  58  46  600000 1126000   220 8.22
1.302 0.0888 86.06 68.00  58  46  600000 1126000   220 8.22
1.304 0.0824 85.82 68.00  58  46  600000 1126000   220 8.22
1.306 0.0832 85.59 68.00  58  46  600000 1126000   220 8.22
1.308 0.0884 85.34 68.00  58  46  600000 1126000   220 8.22
1.310 0.0900 85.08 68.00  58  46  600000 1126000   220 8.22
1.312 0.0863 84.84 68.00  58  46  600000 1126000   220 8.22
1.314 0.0818 84.60 68.00  58  46  600000 1126000   220 8.22
1.316 0.0833 84.39 68.00  58  46  600000 1126000   220 8.22
1.317 0.0880 84.19 68.00  58  46  600000 1126000   220 8.22
1.319 0.0808 84.01 68.00  58  46  600000 1126000   220 8.22
1.321 0.0838 83.83 68.00  58  46  600000 1126000   220 8.22
1.323 0.0788 83.66 68.00  58  46  600000 1126000   220 8.22
1.325 0.0863 83.50 68.00  58  46  600000 1126000   220 8.22
1.327 0.0870 83.37 68.00  58  46  600000 1126000   220 8.22
1.329 0.0826 83.27 68.00  58  46  600000 1126000   220 8.22
1.331 0.0818 83.18 68.00  58  46  600000 1126000   220 8.22
1.333 0.0849 83.11 68.00  58  46  600000 1126000   220 8.22
1.335 0.0803 83.06 68.00  58  46  600000 1126000   220 8.22
1.337 0.0803 83.03 68.00  58  46  600000 1126000   220 8.22
1.338 0.0853 83.04 68.00  58  46  600000 1126000   220 8.22
1.340 0.0802 83.08 68.00  58  46  600000 1126000   220 8.22
1.342 0.0828 83.14 68.00  58  46  600000 1126000   220 8.22
1.344 0.0837 83.22 68.00  58  46  600000 1126000   220 8.22
1.346 0.0860 83.32 68.00  58  46  600000 1126000   220 8.22
1.348 0.0840 83.43 68.00  58  46  600000 1126000   220 8.22
1.350 0.0859 83.54 68.00  58  46  600000 1126000   220 8.22
1.352 0.0811 83.64 68.00  58  46  600000 1126000   220 8.22
1.354 0.0857 83.74 68.00  58  46  600000 1126000   220 8.22
1.356 0.0859 83.83 68.00  58  46  600000 1126000   220 8.22
1.357 0.0813 83.92 68.00  58  46  600000 1126000   220 8.22
1.359 0.0799 83.99 68.00  58  46  600000 1126000   220 8.22
1.361 0.0840 84.06 68.00  58  46  600000 1126000   220 8.22
1.363 0.0846 84.12 68.00  58  46  600000 1126000   220 8.22
1.365 0.0849 84.18 68.00  58  46  600000 1126000   220 8.22
1.367 0.0862 84.22 68.00  58  46  600000 1126000   220 8.22
1.369 0.0880 84.23 68.00  58  46  600000 1126000   220 8.22
1.371 0.0837 84.22 68.00  58  46  600000 1126000   220 8.22
1.373 0.0797 84.20 68.00  58  46  600000 1126000   220 8.22
1.375 0.0855 84.16 68.00  58  46  600000 1126000   220 8.22
1.376 0.0840 84.12 68.00  58  46  600000 1126000   220 8.22
1.378 0.0830 84.07 68.00  58  46  600000 1126000   220 8.22
1.380 0.0833 84.03 68.00  58  46  600000 1126000   220 8.22
1.382 0.0903 84.01 68.00  58  46  600000 1126000   220 8.22
1.384 0.0814 84.02 68.00  58  46  600000 1126000   220 8.22
1.386 0.0819 84.04 68.00  58  46  600000 1126000   220 8.22
1.388 0.0852 84.09 68.00  58  46  600000 1126000   220 8.22
1.390 0.0836 84.17 68.00  58  46  600000 1126000   220 8.22
1.392 0.0865 84.28 68.00  58  46  600000 1126000   220 8.22
1.394 0.0849 84.42 68.00  58  46  600000 1126000   220 8.22
1.395 0.0813 84.58 68.00  58  46  600000 1126000   220 8.22
1.397 0.0847 84.77 68.00  58  46  600000 1126000   220 8.22
1.399 0.0843 84.98 68.00  58  46  600000 1126000   220 8.22
1.401 0.0884 85.22 68.00  58  46  600000 1126000   220 8.22
1.403 0.0787 85.48 68.00  58  46  600000 1126000   220 8.22
1.405 0.0834 85.75 68.00  58  46  600000 1126000   220 8.22
1.407 0.0863 86.02 68.00  58  46  600000 1126000   220 8.22
1.409 0.0917 86.30 68.00  58  46  600000 1126000   220 8.22
1.411 0.0866 86.59 68.00  58  46  600000 1126000   220 8.22
1.413 0.0814 86.87 68.00  58  46  600000 1126000   220 8.22
1.414 0.0900 87.15 68.00  58  46  600000 1126000   220 8.22
1.416 0.0984 87.42 68.00  58  46  600000 1126000   220 8.22
1.418 0.0842 87.68 68.00  58  46  600000 1126000   220 8.22
1.420 0.0840 87.91 68.00  58  46  600000 1126000   220 8.22
1.422 0.0903 88.12 68.00  58  46  600000 1126000   220 8.22
1.424 0.0889 88.31 68.00  58  46  600000 1126000   220 8.22
1.426 0.0881 88.47 68.00  58  46  600000 1126000   220 8.22
1.428 0.0850 88.61 68.00  58  46  600000 1126000   220 8.22
1.430 0.0913 88.75 68.00  58  46  600000 1126000   220 8.22
1.432 0.0855 88.87 68.00  58  46  600000 1126000   220 8.22
1.433 0.0929 88.99 68.00  58  46  600000 1126000   220 8.22
1.435 0.0881 89.12 68.00  58  46  600000 1126000   220 8.22
1.437 0.0914 89.26 68.00  58  46  600000 1126000   220 8.22
1.439 0.0872 89.42 68.00  58  46  600000 1126000   220 8.22
1.441 0.0904 89.59 68.00  58  46  600000 1126000   220 8.22
1.443 0.0930 89.78 68.00  58  46  600000 1126000   220 8.22
1.445 0.0824 90.00 68.00  58  46  600000 1126000   220 8.22
1.447 0.0917 90.23 68.00  58  46  600000 1126000   220 8.22
1.449 0.0893 90.48 68.00  58  46  600000 1126000   220 8.22
1.451 0.0898 90.74 68.00  58  46  600000 1126000   220 8.22
1.452 0.0925 91.00 68.00  58  46  600000 1126000   220 8.22
1.454 0.0913 91.27 68.00  58  46  600000 1126000   220 8.22
1.456 0.0925 91.54 68.00  58  46  600000 1126000   220 8.22
1.458 0.0922 91.81 68.00  58  46  600000 1126000   220 8.22
1.460 0.0931 92.06 68.00  58  46  600000 1126000   220 8.22
1.462 0.0925 92.32 68.00  58  46  600000 1126000   220 8.22
1.464 0.0935 92.59 68.00  58  46  600000 1126000   220 8.22
1.466 0.0956 92.88 68.00  58  46  600000 1126000   220 8.22
1.468 0.0933 93.18 68.00  58  46  600000 1126000   220 8.22
1.470 0.0909 93.50 68.00  58  46  600000 1126000   220 8.22
1.471 0.0922 93.84 68.00  58  46  600000 1126000   220 8.22
1.473 0.0948 94.20 68.00  58  46  600000 1126000   220 8.22
1.475 0.0940 94.59 68.00  58  46  600000 1126000   220 8.22
1.477 0.0948 94.99 68.00  58  46  600000 1126000   220 8.22
1.479 0.0968 95.43 68.00  58  46  600000 1126000   220 8.22
1.481 0.0938 95.90 68.00  58  46  600000 1126000   220 8.22
1.483 0.0958 96.41 68.00  58  46  600000 1126000   220 8.22
1.485 0.0993 96.95 68.00  58  46  600000 1126000   220 8.22
1.487 0.0941 97.52 68.00  58  46  600000 1126000   220 8.22
1.489 0.0978 98.12 68.00  58  46  600000 1126000   220 8.22
1.490 0.1012 98.74 68.00  58  46  600000 1126000   220 8.22
1.492 0.0965 99.36 68.00  58  46  600000 1126000   220 8.22
1.494 0.0948 99.99 68.00  58  46  600000 1126000   220 8.22
1.496 0.1031 100.59 68.00  58  46  600000 1126000   220 8.22
1.498 0.1066 101.17 68.00  58  46  600000 1126000   220 8.22
1.500 0.0993 101.72 68.00  58  46  600000 1126000   220 8.22
1.502 0.1095 102.24 68.00  58  46  600000 1126000   220 8.22
1.504 0.0979 102.72 68.00  58  46  600000 1126000   220 8.22
1.506 0.1023 103.17 68.00  58  46  600000 1126000   220 8.22
1.508 0.1030 103.59 68.00  58  46  600000 1126000   220 8.22
1.510 0.1113 103.99 68.00  58  46  600000 1126000   220 8.22
1.511 0.1058 104.36 68.00  58  46  600000 1126000   220 8.22
1.513 0.0995 104.72 68.00  58  46  600000 1126000   220 8.22
1.515 0.1055 105.06 68.00  58  46  600000 1126000   220 8.22
1.517 0.1130 105.40 68.00  58  46  600000 1126000   220 8.22
1.519 0.0951 105.74 68.00  58  46  600000 1126000   220 8.22
1.521 0.1084 106.07 68.00  58  46  600000 1126000   220 8.22
1.523 0.1057 106.41 68.00  58  46  600000 1126000   220 8.22
1.525 0.1081 106.77 68.00  58  46  600000 1126000   220 8.22
1.527 0.1033 107.17 68.00  58  46  600000 1126000   220 8.22
1.529 0.1101 107.60 68.00  58  46  600000 1126000   220 8.22
1.530 0.1069 108.09 68.00  58  46  600000 1126000   220 8.22
1.532 0.1014 108.61 68.00  58  46  600000 1126000   220 8.22
1.534 0.1154 109.16 68.00  58  46  600000 1126000   220 8.22
1.536 0.1118 109.75 68.00  58  46  600000 1126000   220 8.22
1.538 0.1051 110.36 68.00  58  46  600000 1126000   220 8.22
1.540 0.1139 110.97 68.00  58  46  600000 1126000   220 8.22
1.542 0.1125 111.57 68.00  58  46  600000 1126000   220 8.22
1.544 0.1139 112.16 68.00  58  46  600000 1126000   220 8.22
1.546 0.1065 112.74 68.00  58  46  600000 1126000   220 8.22
1.548 0.1139 113.30 68.00  58  46  600000 1126000   220 8.22
1.549 0.1165 113.83 68.00  58  46  600000 1126000   220 8.22
1.551 0.1203 114.34 68.00  58  46  600000 1126000   220 8.22
1.553 0.1094 114.82 68.00  58  46  600000 1126000   220 8.22
1.555 0.1215 115.26 68.00  58  46  600000 1126000   220 8.22
1.557 0.1060 115.67 68.00  58  46  600000 1126000   220 8.22
1.559 0.1209 116.04 68.00  58  46  600000 1126000   220 8.22
1.561 0.1215 116.37 68.00  58  46  600000 1126000   220 8.22
1.563 0.1217 116.68 68.00  58  46  600000 1126000   220 8.22
1.565 0.1081 116.95 68.00  58  46  600000 1126000   220 8.22
1.567 0.1145 117.20 68.00  58  46  600000 1126000   220 8.22
1.568 0.1195 117.42 68.00  58  46  600000 1126000   220 8.22
1.570 0.1146 117.64 68.00  58  46  600000 1126000   220 8.22
1.572 0.1202 117.85 68.00  58  46  600000 1126000   220 8.22
1.574 0.1202 118.07 68.00  58  46  600000 1126000   220 8.22
1.576 0.1140 118.30 68.00  58  46  600000 1126000   220 8.22
1.578 0.1181 118.54 68.00  58  46  600000 1126000   220 8.22
1.580 0.1250 118.80 68.00  58  46  600000 1126000   220 8.22
1.582 0.1146 119.08 68.00  58  46  600000 1126000   220 8.22
1.584 0.1238 119.38 68.00  58  46  600000 1126000   220 8.22
1.586 0.1201 119.70 68.00  58  46  600000 1126000   220 8.22
1.587 0.1168 120.04 68.00  58  46  600000 1126000   220 8.22
1.589 0.1182 120.39 68.00  58  46  600000 1126000   220 8.22
1.591 0.1185 120.74 68.00  58  46  600000 1126000   220 8.22
1.593 0.1211 121.08 68.00  58  46  600000 1126000   220 8.22
1.595 0.1248 121.41 68.00  58  46  600000 1126000   220 8.22
1.597 0.1227 121.76 68.00  58  46  600000 1126000   220 8.22
1.599 0.1200 122.11 68.00  58  46  600000 1126000   220 8.22
1.601 0.1210 122.46 68.00  58  46  600000 1126000   220 8.22
1.603 0.1243 122.81 68.00  58  46  600000 1126000   220 8.22
1.605 0.1283 123.17 68.00  58  46  600000 1126000   220 8.22
1.606 0.1230 123.54 68.00  58  46  600000 1126000   220 8.22
1.608 0.1214 123.94 68.00  58  46  600000 1126000   220 8.22
1.610 0.1239 124.35 68.00  58  46  600000 1126000   220 8.22
1.612 0.1281 124.78 68.00  58  46  600000 1126000   220 8.22
1.614 0.1222 125.21 68.00  58  46  600000 1126000   220 8.22
1.616 0.1258 125.64 68.00  58  46  600000 1126000   220 8.22
1.618 0.1252 126.06 68.00  58  46  600000 1126000   220 8.22
1.620 0.1271 126.49 68.00  58  46  600000 1126000   220 8.22
1.622 0.1230 126.90 68.00  58  46  600000 1126000   220 8.22
1.624 0.1323 127.32 68.00  58  46  600000 1126000   220 8.22
1.625 0.1216 127.74 68.00  58  46  600000 1126000   220 8.22
1.627 0.1294 128.17 68.00  58  46  600000 1126000   220 8.22
1.629 0.1299 128.63 68.00  58  46  600000 1126000   220 8.22
1.631 0.1369 129.13 68.00  58  46  600000 1126000   220 8.22
1.633 0.1250 129.65 68.00  58  46  600000 1126000   220 8.22
1.635 0.1271 130.19 68.00  58  46  600000 1126000   220 8.22
1.637 0.1344 130.74 68.00  58  46  600000 1126000   220 8.22
1.639 0.1288 131.29 68.00  58  46  600000 1126000   220 8.22
1.641 0.1303 131.83 68.00  58  46  600000 1126000   220 8.22
1.643 0.1379 132.37 68.00  58  46  600000 1126000   220 8.22
1.644 0.1295 132.89 68.00  58  46  600000 1126000   220 8.22
1.646 0.1320 133.38 68.00  58  46  600000 1126000   220 8.22
1.648 0.1337 133.85 68.00  58  46  600000 1126000   220 8.22
1.650 0.1328 134.29 68.00  58  46  600000 1126000   220 8.22
1.652 0.1329 134.72 68.00  58  46  600000 1126000   220 8.22
1.654 0.1397 135.13 68.00  58  46  600000 1126000   220 8.22
1.656 0.1374 135.53 68.00  58  46  600000 1126000   220 8.22
1.658 0.1329 135.93 68.00  58  46  600000 1126000   220 8.22
1.660 0.1404 136.32 68.00  58  46  600000 1126000   220 8.22
1.662 0.1350 136.70 68.00  58  46  600000 1126000   220 8.22
1.663 0.1394 137.08 68.00  58  46  600000 1126000   220 8.22
1.665 0.1385 137.45 68.00  58  46  600000 1126000   220 8.22
1.667 0.1383 137.81 68.00  58  46  600000 1126000   220 8.22
1.669 0.1306 138.15 68.00  58  46  600000 1126000   220 8.22
1.671 0.1410 138.48 68.00  58  46  600000 1126000   220 8.22
1.673 0.1405 138.78 68.00  58  46  600000 1126000   220 8.22
1.675 0.1360 139.06 68.00  58  46  600000 1126000   220 8.22
1.677 0.1405 139.32 68.00  58  46  600000 1126000   220 8.22
1.679 0.1388 139.58 68.00  58  46  600000 1126000   220 8.22
1.681 0.1400 139.82 68.00  58  46  600000 1126000   220 8.22
1.683 0.1370 140.05 68.00  58  46  600000 1126000   220 8.22
1.684 0.1462 140.29 68.00  58  46  600000 1126000   220 8.22
1.686 0.1420 140.54 68.00  58  46  600000 1126000   220 8.22
1.688 0.1382 140.81 68.00  58  46  600000 1126000   220 8.22
1.690 0.1401 141.11 68.00  58  46  600000 1126000   220 8.22
1.692 0.1442 141.42 68.00  58  46  600000 1126000   220 8.22
1.694 0.1423 141.74 68.00  58  46  600000 1126000   220 8.22
1.696 0.1408 142.07 68.00  58  46  600000 1126000   220 8.22
1.698 0.1407 142.39 68.00  58  46  600000 1126000   220 8.22
1.700 0.1451 142.73 68.00  58  46  600000 1126000   220 8.22
1.702 0.1418 143.06 68.00  58  46  600000 1126000   220 8.22
1.703 0.1441 143.41 68.00  58  46  600000 1126000   220 8.22
1.705 0.1397 143.78 68.00  58  46  600000 1126000   220 8.22
1.707 0.1481 144.18 68.00  58  46  600000 1126000   220 8.22
1.709 0.1409 144.62 68.00  58  46  600000 1126000   220 8.22
1.711 0.1477 145.09 68.00  58  46  600000 1126000   220 8.22
1.713 0.1405 145.61 68.00  58  46  600000 1126000   220 8.22
1.715 0.1501 146.15 68.00  58  46  600000 1126000   220 8.22
1.717 0.1492 146.73 68.00  58  46  600000 1126000   220 8.22
1.719 0.1463 147.33 68.00  58  46  600000 1126000   220 8.22
1.721 0.1459 147.97 68.00  58  46  600000 1126000   220 8.22
1.722 0.1524 148.62 68.00  58  46  600000 1126000   220 8.22
1.724 0.1437 149.29 68.00  58  46  600000 1126000   220 8.22
1.726 0.1525 149.96 68.00  58  46  600000 1126000   220 8.22
1.728 0.1499 150.64 68.00  58  46  600000 1126000   220 8.22
1.730 0.1456 151.31 68.00  58  46  600000 1126000   220 8.22
1.732 0.1565 151.97 68.00  58  46  600000 1126000   220 8.22
1.734 0.1521 152.62 68.00  58  46  600000 1126000   220 8.22
1.736 0.1563 153.25 68.00  58  46  600000 1126000   220 8.22
1.738 0.1550 153.87 68.00  58  46  600000 1126000   220 8.22
1.740 0.1521 154.46 68.00  58  46  600000 1126000   220 8.22
1.741 0.1581 155.02 68.00  58  46  600000 1126000   220 8.22
1.743 0.1539 155.56 68.00  58  46  600000 1126000   220 8.22
1.745 0.1584 156.05 68.00  58  46  600000 1126000   220 8.22
1.747 0.1525 156.52 68.00  58  46  600000 1126000   220 8.22
1.749 0.1591 156.97 68.00  58  46  600000 1126000   220 8.22
1.751 0.1553 157.40 68.00  58  46  600000 1126000   220 8.22
1.753 0.1584 157.84 68.00  58  46  600000 1126000   220 8.22
1.755 0.1625 158.28 68.00  58  46  600000 1126000   220 8.22
1.757 0.1605 158.70 68.00  58  46  600000 1126000   220 8.22
1.759 0.1555 159.10 68.00  58  46  600000 1126000   220 8.22
1.760 0.1562 159.49 68.00  58  46  600000 1126000   220 8.22
1.762 0.1620 159.86 68.00  58  46  600000 1126000   220 8.22
1.764 0.1633 160.23 68.00  58  46  600000 1126000   220 8.22
1.766 0.1587 160.59 68.00  58  46  600000 1126000   220 8.22
1.768 0.1531 160.96 68.00  58  46  600000 1126000   220 8.22
1.770 0.1694 161.32 68.00  58  46  600000 1126000   220 8.22
1.772 0.1590 161.70 68.00  58  46  600000 1126000   220 8.22
1.774 0.1612 162.09 68.00  58  46  600000 1126000   220 8.22
1.776 0.1658 162.48 68.00  58  46  600000 1126000   220 8.22
1.778 0.1559 162.87 68.00  58  46  600000 1126000   220 8.22
1.779 0.1671 163.27 68.00  58  46  600000 1126000   220 8.22
1.781 0.1626 163.70 68.00  58  46  600000 1126000   220 8.22
1.783 0.1715 164.17 68.00  58  46  600000 1126000   220 8.22
1.785 0.1672 164.66 68.00  58  46  600000 1126000   220 8.22
1.787 0.1641 165.17 68.00  58  46  600000 1126000   220 8.22
1.789 0.1644 165.67 68.00  58  46  600000 1126000   220 8.22
1.791 0.1591 166.18 68.00  58  46  600000 1126000   220 8.22
1.793 0.1649 166.66 68.00  58  46  600000 1126000   220 8.22
1.795 0.1643 167.12 68.00  58  46  600000 1126000   220 8.22
1.797 0.1739 167.57 68.00  58  46  600000 1126000   220 8.22
1.798 0.1707 168.05 68.00  58  46  600000 1126000   220 8.22
1.800 0.1623 168.57 68.00  58  46  600000 1126000   220 8.22
1.802 0.1753 169.13 68.00  58  46  600000 1126000   220 8.22
1.804 0.1663 169.75 68.00  58  46  600000 1126000   220 8.22
1.806 0.1737 170.42 68.00  58  46  600000 1126000   220 8.22
1.808 0.1713 171.14 68.00  58  46  600000 1126000   220 8.22
1.810 0.1718 171.91 68.00  58  46  600000 1126000   220 8.22
1.812 0.1653 172.73 68.00  58  46  600000 1126000   220 8.22
1.814 0.1834 173.57 68.00  58  46  600000 1126000   220 8.22
1.816 0.1735 174.42 68.00  58  46  600000 1126000   220 8.22
1.817 0.1743 175.25 68.00  58  46  600000 1126000   220 8.22
1.819 0.1791 176.07 68.00  58  46  600000 1126000   220 8.22
1.821 0.1559 176.84 68.00  58  46  600000 1126000   220 8.22
1.823 0.1805 177.57 68.00  58  46  600000 1126000   220 8.22
1.825 0.1805 178.26 68.00  58  46  600000 1126000   220 8.22
1.827 0.1880 178.92 68.00  58  46  600000 1126000   220 8.22
1.829 0.1751 179.55 68.00  58  46  600000 1126000   220 8.22
1.831 0.1763 180.18 68.00  58  46  600000 1126000   220 8.22
1.833 0.2019 180.81 68.00  58  46  600000 1126000   220 8.22
1.835 0.1846 181.44 68.00  58  46  600000 1126000   220 8.22
1.837 0.1715 182.09 68.00  58  46  600000 1126000   220 8.22
1.838 0.1813 182.74 68.00  58  46  600000 1126000   220 8.22
1.840 0.1894 183.38 68.00  58  46  600000 1126000   220 8.22
1.842 0.1805 184.01 68.00  58  46  600000 1126000   220 8.22
1.844 0.1804 184.63 68.00  58  46  600000 1126000   220 8.22
1.846 0.1868 185.23 68.00  58  46  600000 1126000   220 8.22
1.848 0.1855 185.83 68.00  58  46  600000 1126000   220 8.22
1.850 0.1856 186.42 68.00  58  46  600000 1126000   220 8.22
1.852 0.1736 187.02 68.00  58  46  600000 1126000   220 8.22
1.854 0.1933 187.63 68.00  58  46  600000 1126000   220 8.22
1.856 0.1963 188.25 68.00  58  46  600000 1126000   220 8.22
1.857 0.1843 188.90 68.00  58  46  600000 1126000   220 8.22
1.859 0.1886 189.59 68.00  58  46  600000 1126000   220 8.22
1.861 0.1964 190.33 68.00  58  46  600000 1126000   220 8.22
1.863 0.1875 191.12 68.00  58  46  600000 1126000   220 8.22
1.865 0.1889 191.96 68.00  58  46  600000 1126000   220 8.22
1.867 0.1939 192.82 68.00  58  46  600000 1126000   220 8.22
1.869 0.2003 193.70 68.00  58  46  600000 1126000   220 8.22
1.871 0.1973 194.61 68.00  58  46  600000 1126000   220 8.22
1.873 0.1979 195.53 68.00  58  46  600000 1126000   220 8.22
1.875 0.1874 196.44 68.00  58  46  600000 1126000   220 8.22
1.876 0.1929 197.33 68.00  58  46  600000 1126000   220 8.22
1.878 0.2024 198.22 68.00  58  46  600000 1126000   220 8.22
1.880 0.1989 199.11 68.00  58  46  600000 1126000   220 8.22
1.882 0.2043 200.01 68.00  58  46  600000 1126000   220 8.22
1.884 0.1959 200.91 68.00  58  46  600000 1126000   220 8.22
1.886 0.2046 201.80 68.00  58  46  600000 1126000   220 8.22
1.888 0.2041 202.70 68.00  58  46  600000 1126000   220 8.22
1.890 0.1964 203.60 68.00  58  46  600000 1126000   220 8.22
1.892 0.2045 204.51 68.00  58  46  600000 1126000   220 8.22
1.894 0.2064 205.44 68.00  58  46  600000 1126000   220 8.22
1.895 0.2120 206.39 68.00  58  46  600000 1126000   220 8.22
1.897 0.2028 207.35 68.00  58  46  600000 1126000   220 8.22
1.899 0.2083 208.32 68.00  58  46  600000 1126000   220 8.22
1.901 0.2164 209.32 68.00  58  46  600000 1126000   220 8.22
1.903 0.2101 210.34 68.00  58  46  600000 1126000   220 8.22
1.905 0.2125 211.39 68.00  58  46  600000 1126000   220 8.22
1.907 0.2149 212.45 68.00  58  46  600000 1126000   220 8.22
1.909 0.2078 213.51 68.00  58  46  600000 1126000   220 8.22
1.911 0.2069 214.55 68.00  58  46  600000 1126000   220 8.22
1.914 0.2163 215.58 68.00  58  46  600000 1126000   220 8.22
1.916 0.2213 216.60 68.00  58  46  600000 1126000   220 8.22
1.919 0.2241 217.64 68.00  58  46  600000 1126000   220 8.22
1.921 0.2111 218.71 68.00  58  46  600000 1126000   220 8.22
1.924 0.2172 219.79 68.00  58  46  600000 1126000   220 8.22
1.927 0.2196 220.91 68.00  58  46  600000 1126000   220 8.22
1.930 0.2247 222.07 68.00  58  46  600000 1126000   220 8.22
1.933 0.2271 223.30 68.00  58  46  600000 1126000   220 8.22
1.936 0.2244 224.59 68.00  58  46  600000 1126000   220 8.22
1.940 0.2253 225.96 68.00  58  46  600000 1126000   220 8.22
1.943 0.2306 227.40 68.00  58  46  600000 1126000   220 8.22
1.947 0.2219 228.89 68.00  58  46  600000 1126000   220 8.22
1.951 0.2371 230.41 68.00  58  46  600000 1126000   220 8.22
1.955 0.2229 231.93 68.00  58  46  600000 1126000   220 8.22
1.959 0.2359 233.43 68.00  58  46  600000 1126000   220 8.22
1.963 0.2279 234.88 68.00  58  46  600000 1126000   220 8.22
1.968 0.2367 236.24 68.00  58  46  600000 1126000   220 8.22
1.973 0.2312 237.47 68.00  58  46  600000 1126000   220 8.22
1.978 0.2385 238.57 68.00  58  46  600000 1126000   220 8.22
1.983 0.2391 239.50 68.00  58  46  600000 1126000   220 8.22
1.988 0.2463 240.25 68.00  58  46  600000 1126000   220 8.22
1.994 0.2408 240.82 68.00  58  46  600000 1126000   220 8.22
1.999 0.2427 241.21 68.00  58  46  600000 1126000   220 8.22
2.005 0.2444 241.41 68.00  58  46  600000 1126000   220 8.22
2.012 0.2424 241.42 68.00  58  46  600000 1126000   220 8.22
2.018 0.2458 241.25 68.00  58  46  600000 1126000   220 8.22
2.025 0.2402 240.84 68.00  58  46  600000 1126000   220 8.22
2.032 0.2391 240.13 68.00  58  46  600000 1126000   220 8.22
2.040 0.2368 239.01 68.00  58  46  600000 1126000   220 8.22
2.047 0.2385 237.40 68.00  58  46  600000 1126000   220 8.22
2.055 0.2303 235.18 68.00  58  46  600000 1126000   220 8.22
2.064 0.2326 232.29 68.00  58  46  600000 1126000   220 8.22
2.073 0.2262 228.67 68.00  58  46  600000 1126000   220 8.22
2.082 0.2220 224.28 68.00  58  46  600000 1126000   220 8.22
2.091 0.2190 219.13 68.00  58  46  600000 1126000   220 8.22
2.101 0.2157 213.25 68.00  58  46  600000 1126000   220 8.22
2.110 0.2106 206.71 68.00  58  46  600000 1126000   220 8.22
2.120 0.2077 199.60 68.00  58  46  600000 1126000   220 8.22
2.129 0.2052 192.01 68.00  58  46  600000 1126000   220 8.22
2.139 0.2014 184.06 68.00  58  46  600000 1126000   220 8.22
2.148 0.1921 175.86 68.00  58  46  600000 1126000   220 8.22
2.158 0.1838 167.53 68.00  58  46  600000 1126000   220 8.22
2.167 0.1717 159.19 68.00  58  46  600000 1126000   220 8.22
2.177 0.1533 150.95 68.00  58  46  600000 1126000   220 8.22
2.186 0.1336 142.92 68.00  58  46  600000 1126000   220 8.22
2.196 0.1242 135.20 68.00  58  46  600000 1126000   220 8.22
2.205 0.1072 127.91 68.00  58  46  600000 1126000   220 8.22
2.215 0.1061 121.14 68.00  58  46  600000 1126000   220 8.22
2.224 0.0998 115.00 68.00  58  46  600000 1126000   220 8.22
2.234 0.0963 109.60 68.00  58  46  600000 1126000   220 8.22
2.243 0.0921 105.04 68.00  58  46  600000 1126000   220 8.22
2.253 0.0967 101.41 68.00  58  46  600000 1126000   220 8.22
2.262 0.0955 98.76 68.00  58  46  600000 1126000   220 8.22
2.272 0.0943 97.14 68.00  58  46  600000 1126000   220 8.22
2.281 0.0974 96.57 68.00  58  46  600000 1126000   220 8.22
2.291 0.0967 96.99 68.00  58  46  600000 1126000   220 8.22
2.300 0.1006 98.34 68.00  58  46  600000 1126000   220 8.22
2.310 0.0996 100.49 68.00  58  46  600000 1126000   220 8.22
2.319 0.1068 103.29 68.00  58  46  600000 1126000   220 8.22
2.329 0.1043 106.56 68.00  58  46  600000 1126000   220 8.22
2.338 0.1122 110.11 68.00  58  46  600000 1126000   220 8.22
2.348 0.1131 113.75 68.00  58  46  600000 1126000   220 8.22
2.357 0.1162 117.34 68.00  58  46  600000 1126000   220 8.22
2.367 0.1171 120.72 68.00  58  46  600000 1126000   220 8.22
2.376 0.1294 123.82 68.00  58  46  600000 1126000   220 8.22
2.386 0.1334 126.55 68.00  58  46  600000 1126000   220 8.22
2.395 0.1311 128.88 68.00  58  46  600000 1126000   220 8.22
2.405 0.1391 130.77 68.00  58  46  600000 1126000   220 8.22
2.414 0.1442 132.21 68.00  58  46  600000 1126000   220 8.22
2.424 0.1450 133.20 68.00  58  46  600000 1126000   220 8.22
2.433 0.1467 133.78 68.00  58  46  600000 1126000   220 8.22
2.443 0.1440 134.17 68.00  58  46  600000 1126000   220 8.22
2.452 0.1435 134.98 68.00  58  46  600000 1126000   220 8.22
2.462 0.1450 138.77 68.00  58  46  600000 1126000   220 8.22
2.471 0.1414 144.09 68.00  58  46  600000 1126000   220 8.22
2.481 0.1401 149.86 68.00  58  46  600000 1126000   220 8.22
2.490 0.1401 155.61 68.00  58  46  600000 1126000   220 8.22
2.500 0.1444 161.14 68.00  58  46  600000 1126000   220 8.22
2.510 0.1409 166.39 68.00  58  46  600000 1126000   220 8.22
2.519 0.1461 171.35 68.00  58  46  600000 1126000   220 8.22
2.529 0.1470 176.04 68.00  58  46  600000 1126000   220 8.22
2.538 0.1531 180.49 68.00  58  46  600000 1126000   220 8.22
2.548 0.1572 184.74 68.00  58  46  600000 1126000   220 8.22
2.557 0.1663 188.82 68.00  58  46  600000 1126000   220 8.22
2.567 0.1789 192.76 68.00  58  46  600000 1126000   220 8.22
2.576 0.1896 196.60 68.00  58  46  600000 1126000   220 8.22
2.586 0.2185 200.36 68.00  58  46  600000 1126000   220 8.22
2.595 0.2395 204.06 68.00  58  46  600000 1126000   220 8.22
2.605 0.2687 207.69 68.00  58  46  600000 1126000   220 8.22
2.614 0.3078 211.28 68.00  58  46  600000 1126000   220 8.22
2.624 0.3432 214.81 68.00  58  46  600000 1126000   220 8.22
2.633 0.3707 218.28 68.00  58  46  600000 1126000   220 8.22
2.643 0.3972 221.65 68.00  58  46  600000 1126000   220 8.22
2.652 0.0000 224.89 68.00  58  46  600000 1126000   220 8.22
2.662 0.0000 227.96 68.00  58  46  600000 1126000   220 8.22
