     x     qy smooth tpara  cd  zL     xTr    xCpl frame tma
-1.047 0.2322 194.05 85.00  65  46  605000 1183000   180 6.35
-1.038 0.1982 181.05 85.00  65  46  605000 1183000   180 6.35
-1.029 0.2088 168.72 85.00  65  46  605000 1183000   180 6.35
-1.021 0.1647 157.03 85.00  65  46  605000 1183000   180 6.35
-1.012 0.1352 145.98 85.00  65  46  605000 1183000   180 6.35
-1.003 0.0974 135.55 85.00  65  46  605000 1183000   180 6.35
-0.995 0.1045 125.72 85.00  65  46  605000 1183000   180 6.35
-0.986 0.0900 116.47 85.00  65  46  605000 1183000   180 6.35
-0.978 0.0825 107.81 85.00  65  46  605000 1183000   180 6.35
-0.969 0.0799 99.71 85.00  65  46  605000 1183000   180 6.35
-0.960 0.0727 92.17 85.00  65  46  605000 1183000   180 6.35
-0.952 0.0707 85.18 85.00  65  46  605000 1183000   180 6.35
-0.943 0.0678 78.75 85.00  65  46  605000 1183000   180 6.35
-0.934 0.0650 72.88 85.00  65  46  605000 1183000   180 6.35
-0.926 0.0628 67.57 85.00  65  46  605000 1183000   180 6.35
-0.917 0.0606 62.83 85.00  65  46  605000 1183000   180 6.35
-0.908 0.0594 58.69 85.00  65  46  605000 1183000   180 6.35
-0.900 0.0578 55.17 85.00  65  46  605000 1183000   180 6.35
-0.891 0.0559 52.30 85.00  65  46  605000 1183000   180 6.35
-0.882 0.0542 50.14 85.00  65  46  605000 1183000   180 6.35
-0.874 0.0530 48.74 85.00  65  46  605000 1183000   180 6.35
-0.865 0.0519 48.14 85.00  65  46  605000 1183000   180 6.35
-0.856 0.0508 48.22 85.00  65  46  605000 1183000   180 6.35
-0.848 0.0504 48.42 85.00  65  46  605000 1183000   180 6.35
-0.839 0.0487 47.84 85.00  65  46  605000 1183000   180 6.35
-0.830 0.0475 47.16 85.00  65  46  605000 1183000   180 6.35
-0.822 0.0471 46.43 85.00  65  46  605000 1183000   180 6.35
-0.813 0.0467 45.70 85.00  65  46  605000 1183000   180 6.35
-0.804 0.0455 44.99 85.00  65  46  605000 1183000   180 6.35
-0.796 0.0449 44.32 85.00  65  46  605000 1183000   180 6.35
-0.787 0.0448 43.68 85.00  65  46  605000 1183000   180 6.35
-0.779 0.0421 43.09 85.00  65  46  605000 1183000   180 6.35
-0.770 0.0431 42.54 85.00  65  46  605000 1183000   180 6.35
-0.761 0.0416 42.05 85.00  65  46  605000 1183000   180 6.35
-0.753 0.0417 41.61 85.00  65  46  605000 1183000   180 6.35
-0.744 0.0409 41.22 85.00  65  46  605000 1183000   180 6.35
-0.735 0.0402 40.88 85.00  65  46  605000 1183000   180 6.35
-0.727 0.0397 40.59 85.00  65  46  605000 1183000   180 6.35
-0.718 0.0398 40.34 85.00  65  46  605000 1183000   180 6.35
-0.709 0.0390 40.12 85.00  65  46  605000 1183000   180 6.35
-0.701 0.0400 39.94 85.00  65  46  605000 1183000   180 6.35
-0.692 0.0394 39.79 85.00  65  46  605000 1183000   180 6.35
-0.683 0.0407 39.66 85.00  65  46  605000 1183000   180 6.35
-0.675 0.0406 39.57 85.00  65  46  605000 1183000   180 6.35
-0.666 0.0397 39.48 85.00  65  46  605000 1183000   180 6.35
-0.657 0.0406 39.42 85.00  65  46  605000 1183000   180 6.35
-0.649 0.0395 39.36 85.00  65  46  605000 1183000   180 6.35
-0.640 0.0392 39.32 85.00  65  46  605000 1183000   180 6.35
-0.631 0.0389 39.28 85.00  65  46  605000 1183000   180 6.35
-0.623 0.0398 39.24 85.00  65  46  605000 1183000   180 6.35
-0.614 0.0404 39.20 85.00  65  46  605000 1183000   180 6.35
-0.606 0.0388 39.16 85.00  65  46  605000 1183000   180 6.35
-0.597 0.0404 39.12 85.00  65  46  605000 1183000   180 6.35
-0.588 0.0393 39.09 85.00  65  46  605000 1183000   180 6.35
-0.580 0.0381 39.06 85.00  65  46  605000 1183000   180 6.35
-0.571 0.0374 39.03 85.00  65  46  605000 1183000   180 6.35
-0.562 0.0390 39.02 85.00  65  46  605000 1183000   180 6.35
-0.554 0.0386 39.02 85.00  65  46  605000 1183000   180 6.35
-0.545 0.0393 39.03 85.00  65  46  605000 1183000   180 6.35
-0.536 0.0396 39.06 85.00  65  46  605000 1183000   180 6.35
-0.528 0.0384 39.11 85.00  65  46  605000 1183000   180 6.35
-0.519 0.0390 39.18 85.00  65  46  605000 1183000   180 6.35
-0.510 0.0387 39.26 85.00  65  46  605000 1183000   180 6.35
-0.502 0.0394 39.36 85.00  65  46  605000 1183000   180 6.35
-0.493 0.0394 39.46 85.00  65  46  605000 1183000   180 6.35
-0.484 0.0395 39.57 85.00  65  46  605000 1183000   180 6.35
-0.476 0.0405 39.69 85.00  65  46  605000 1183000   180 6.35
-0.467 0.0401 39.81 85.00  65  46  605000 1183000   180 6.35
-0.458 0.0401 39.93 85.00  65  46  605000 1183000   180 6.35
-0.450 0.0401 40.05 85.00  65  46  605000 1183000   180 6.35
-0.441 0.0401 40.17 85.00  65  46  605000 1183000   180 6.35
-0.433 0.0405 40.29 85.00  65  46  605000 1183000   180 6.35
-0.424 0.0403 40.40 85.00  65  46  605000 1183000   180 6.35
-0.415 0.0406 40.51 85.00  65  46  605000 1183000   180 6.35
-0.407 0.0404 40.62 85.00  65  46  605000 1183000   180 6.35
-0.398 0.0412 40.73 85.00  65  46  605000 1183000   180 6.35
-0.389 0.0409 40.83 85.00  65  46  605000 1183000   180 6.35
-0.381 0.0402 40.92 85.00  65  46  605000 1183000   180 6.35
-0.372 0.0407 41.00 85.00  65  46  605000 1183000   180 6.35
-0.363 0.0408 41.07 85.00  65  46  605000 1183000   180 6.35
-0.355 0.0413 41.11 85.00  65  46  605000 1183000   180 6.35
-0.346 0.0409 41.13 85.00  65  46  605000 1183000   180 6.35
-0.337 0.0408 41.13 85.00  65  46  605000 1183000   180 6.35
-0.329 0.0412 41.12 85.00  65  46  605000 1183000   180 6.35
-0.320 0.0416 41.10 85.00  65  46  605000 1183000   180 6.35
-0.311 0.0424 41.07 85.00  65  46  605000 1183000   180 6.35
-0.303 0.0410 41.04 85.00  65  46  605000 1183000   180 6.35
-0.294 0.0406 41.01 85.00  65  46  605000 1183000   180 6.35
-0.285 0.0419 40.99 85.00  65  46  605000 1183000   180 6.35
-0.277 0.0413 40.96 85.00  65  46  605000 1183000   180 6.35
-0.268 0.0421 40.94 85.00  65  46  605000 1183000   180 6.35
-0.260 0.0418 40.93 85.00  65  46  605000 1183000   180 6.35
-0.251 0.0401 40.91 85.00  65  46  605000 1183000   180 6.35
-0.242 0.0397 40.89 85.00  65  46  605000 1183000   180 6.35
-0.234 0.0399 40.86 85.00  65  46  605000 1183000   180 6.35
-0.225 0.0392 40.84 85.00  65  46  605000 1183000   180 6.35
-0.216 0.0400 40.83 85.00  65  46  605000 1183000   180 6.35
-0.208 0.0404 40.82 85.00  65  46  605000 1183000   180 6.35
-0.199 0.0406 40.84 85.00  65  46  605000 1183000   180 6.35
-0.190 0.0407 40.88 85.00  65  46  605000 1183000   180 6.35
-0.182 0.0419 40.95 85.00  65  46  605000 1183000   180 6.35
-0.173 0.0427 41.07 85.00  65  46  605000 1183000   180 6.35
-0.164 0.0408 41.21 85.00  65  46  605000 1183000   180 6.35
-0.156 0.0423 41.38 85.00  65  46  605000 1183000   180 6.35
-0.147 0.0417 41.56 85.00  65  46  605000 1183000   180 6.35
-0.138 0.0406 41.74 85.00  65  46  605000 1183000   180 6.35
-0.130 0.0407 41.89 85.00  65  46  605000 1183000   180 6.35
-0.121 0.0418 42.00 85.00  65  46  605000 1183000   180 6.35
-0.112 0.0401 42.05 85.00  65  46  605000 1183000   180 6.35
-0.104 0.0409 42.02 85.00  65  46  605000 1183000   180 6.35
-0.095 0.0411 41.89 85.00  65  46  605000 1183000   180 6.35
-0.087 0.0422 41.66 85.00  65  46  605000 1183000   180 6.35
-0.078 0.0414 41.33 85.00  65  46  605000 1183000   180 6.35
-0.069 0.0429 40.89 85.00  65  46  605000 1183000   180 6.35
-0.061 0.0429 40.35 85.00  65  46  605000 1183000   180 6.35
-0.052 0.0421 39.73 85.00  65  46  605000 1183000   180 6.35
-0.043 0.0418 39.03 85.00  65  46  605000 1183000   180 6.35
-0.035 0.0402 38.28 85.00  65  46  605000 1183000   180 6.35
-0.026 0.0394 37.47 85.00  65  46  605000 1183000   180 6.35
-0.017 0.0388 36.62 85.00  65  46  605000 1183000   180 6.35
-0.009 0.0359 35.75 85.00  65  46  605000 1183000   180 6.35
0.000 0.0344 34.87 85.00  65  46  605000 1183000   180 6.35
0.009 0.0324 33.99 85.00  65  46  605000 1183000   180 6.35
0.017 0.0303 33.13 85.00  65  46  605000 1183000   180 6.35
0.026 0.0311 32.31 85.00  65  46  605000 1183000   180 6.35
0.035 0.0292 31.54 85.00  65  46  605000 1183000   180 6.35
0.043 0.0294 30.84 85.00  65  46  605000 1183000   180 6.35
0.052 0.0285 30.22 85.00  65  46  605000 1183000   180 6.35
0.061 0.0273 29.69 85.00  65  46  605000 1183000   180 6.35
0.069 0.0291 29.26 85.00  65  46  605000 1183000   180 6.35
0.078 0.0288 28.94 85.00  65  46  605000 1183000   180 6.35
0.087 0.0279 28.72 85.00  65  46  605000 1183000   180 6.35
0.095 0.0280 28.60 85.00  65  46  605000 1183000   180 6.35
0.104 0.0287 28.57 85.00  65  46  605000 1183000   180 6.35
0.112 0.0293 28.62 85.00  65  46  605000 1183000   180 6.35
0.121 0.0297 28.73 85.00  65  46  605000 1183000   180 6.35
0.130 0.0293 28.90 85.00  65  46  605000 1183000   180 6.35
0.138 0.0295 29.10 85.00  65  46  605000 1183000   180 6.35
0.147 0.0308 29.33 85.00  65  46  605000 1183000   180 6.35
0.156 0.0311 29.58 85.00  65  46  605000 1183000   180 6.35
0.164 0.0303 29.83 85.00  65  46  605000 1183000   180 6.35
0.173 0.0310 30.09 85.00  65  46  605000 1183000   180 6.35
0.182 0.0308 30.34 85.00  65  46  605000 1183000   180 6.35
0.190 0.0295 30.58 85.00  65  46  605000 1183000   180 6.35
0.199 0.0289 30.82 85.00  65  46  605000 1183000   180 6.35
0.208 0.0307 31.04 85.00  65  46  605000 1183000   180 6.35
0.216 0.0307 31.25 85.00  65  46  605000 1183000   180 6.35
0.225 0.0311 31.43 85.00  65  46  605000 1183000   180 6.35
0.234 0.0309 31.58 85.00  65  46  605000 1183000   180 6.35
0.242 0.0325 31.69 85.00  65  46  605000 1183000   180 6.35
0.251 0.0321 31.77 85.00  65  46  605000 1183000   180 6.35
0.260 0.0322 31.81 85.00  65  46  605000 1183000   180 6.35
0.268 0.0335 31.82 85.00  65  46  605000 1183000   180 6.35
0.277 0.0324 31.84 85.00  65  46  605000 1183000   180 6.35
0.285 0.0333 31.87 85.00  65  46  605000 1183000   180 6.35
0.294 0.0335 31.96 85.00  65  46  605000 1183000   180 6.35
0.303 0.0341 32.11 85.00  65  46  605000 1183000   180 6.35
0.311 0.0338 32.37 85.00  65  46  605000 1183000   180 6.35
0.320 0.0329 32.76 85.00  65  46  605000 1183000   180 6.35
0.329 0.0337 33.28 85.00  65  46  605000 1183000   180 6.35
0.337 0.0334 33.94 85.00  65  46  605000 1183000   180 6.35
0.346 0.0330 34.76 85.00  65  46  605000 1183000   180 6.35
0.355 0.0344 35.70 85.00  65  46  605000 1183000   180 6.35
0.363 0.0333 36.78 85.00  65  46  605000 1183000   180 6.35
0.372 0.0329 37.96 85.00  65  46  605000 1183000   180 6.35
0.381 0.0354 39.24 85.00  65  46  605000 1183000   180 6.35
0.389 0.0356 40.59 85.00  65  46  605000 1183000   180 6.35
0.398 0.0383 41.99 85.00  65  46  605000 1183000   180 6.35
0.407 0.0424 43.44 85.00  65  46  605000 1183000   180 6.35
0.415 0.0450 44.91 85.00  65  46  605000 1183000   180 6.35
0.424 0.0491 46.40 85.00  65  46  605000 1183000   180 6.35
0.433 0.0499 47.88 85.00  65  46  605000 1183000   180 6.35
0.441 0.0552 49.35 85.00  65  46  605000 1183000   180 6.35
0.450 0.0571 50.80 85.00  65  46  605000 1183000   180 6.35
0.458 0.0558 52.21 85.00  65  46  605000 1183000   180 6.35
0.467 0.0584 53.57 85.00  65  46  605000 1183000   180 6.35
0.476 0.0580 54.89 85.00  65  46  605000 1183000   180 6.35
0.484 0.0563 56.14 85.00  65  46  605000 1183000   180 6.35
0.493 0.0582 57.34 85.00  65  46  605000 1183000   180 6.35
0.502 0.0577 58.47 85.00  65  46  605000 1183000   180 6.35
0.510 0.0554 59.55 85.00  65  46  605000 1183000   180 6.35
0.519 0.0576 60.59 85.00  65  46  605000 1183000   180 6.35
0.527 0.0586 61.60 85.00  65  46  605000 1183000   180 6.35
0.535 0.0617 62.61 85.00  65  46  605000 1183000   180 6.35
0.543 0.0604 63.63 85.00  65  46  605000 1183000   180 6.35
0.550 0.0624 64.69 85.00  65  46  605000 1183000   180 6.35
0.557 0.0659 65.80 85.00  65  46  605000 1183000   180 6.35
0.564 0.0667 66.98 85.00  65  46  605000 1183000   180 6.35
0.571 0.0676 68.23 85.00  65  46  605000 1183000   180 6.35
0.577 0.0688 69.54 85.00  65  46  605000 1183000   180 6.35
0.583 0.0703 70.91 85.00  65  46  605000 1183000   180 6.35
0.589 0.0747 72.32 85.00  65  46  605000 1183000   180 6.35
0.594 0.0719 73.74 85.00  65  46  605000 1183000   180 6.35
0.599 0.0776 75.14 85.00  65  46  605000 1183000   180 6.35
0.604 0.0790 76.50 85.00  65  46  605000 1183000   180 6.35
0.609 0.0777 77.79 85.00  65  46  605000 1183000   180 6.35
0.614 0.0803 78.99 85.00  65  46  605000 1183000   180 6.35
0.618 0.0812 80.08 85.00  65  46  605000 1183000   180 6.35
0.623 0.0792 81.06 85.00  65  46  605000 1183000   180 6.35
0.627 0.0837 81.90 85.00  65  46  605000 1183000   180 6.35
0.631 0.0834 82.62 85.00  65  46  605000 1183000   180 6.35
0.634 0.0846 83.21 85.00  65  46  605000 1183000   180 6.35
0.638 0.0823 83.68 85.00  65  46  605000 1183000   180 6.35
0.642 0.0833 84.05 85.00  65  46  605000 1183000   180 6.35
0.645 0.0869 84.32 85.00  65  46  605000 1183000   180 6.35
0.648 0.0831 84.53 85.00  65  46  605000 1183000   180 6.35
0.651 0.0838 84.68 85.00  65  46  605000 1183000   180 6.35
0.654 0.0869 84.79 85.00  65  46  605000 1183000   180 6.35
0.657 0.0896 84.89 85.00  65  46  605000 1183000   180 6.35
0.660 0.0838 84.99 85.00  65  46  605000 1183000   180 6.35
0.662 0.0811 85.09 85.00  65  46  605000 1183000   180 6.35
0.665 0.0868 85.20 85.00  65  46  605000 1183000   180 6.35
0.667 0.0827 85.33 85.00  65  46  605000 1183000   180 6.35
0.670 0.0878 85.47 85.00  65  46  605000 1183000   180 6.35
0.672 0.0795 85.59 85.00  65  46  605000 1183000   180 6.35
0.674 0.0852 85.69 85.00  65  46  605000 1183000   180 6.35
0.676 0.0850 85.76 85.00  65  46  605000 1183000   180 6.35
0.678 0.0850 85.77 85.00  65  46  605000 1183000   180 6.35
0.680 0.0831 85.75 85.00  65  46  605000 1183000   180 6.35
0.682 0.0850 85.69 85.00  65  46  605000 1183000   180 6.35
0.683 0.0866 85.59 85.00  65  46  605000 1183000   180 6.35
0.685 0.0904 85.48 85.00  65  46  605000 1183000   180 6.35
0.687 0.0870 85.36 85.00  65  46  605000 1183000   180 6.35
0.689 0.0872 85.23 85.00  65  46  605000 1183000   180 6.35
0.690 0.0891 85.09 85.00  65  46  605000 1183000   180 6.35
0.692 0.0846 84.96 85.00  65  46  605000 1183000   180 6.35
0.694 0.0877 84.83 85.00  65  46  605000 1183000   180 6.35
0.696 0.0870 84.68 85.00  65  46  605000 1183000   180 6.35
0.697 0.0804 84.52 85.00  65  46  605000 1183000   180 6.35
0.699 0.0872 84.34 85.00  65  46  605000 1183000   180 6.35
0.701 0.0776 84.15 85.00  65  46  605000 1183000   180 6.35
0.702 0.0814 83.97 85.00  65  46  605000 1183000   180 6.35
0.704 0.0860 83.78 85.00  65  46  605000 1183000   180 6.35
0.706 0.0744 83.61 85.00  65  46  605000 1183000   180 6.35
0.708 0.0784 83.44 85.00  65  46  605000 1183000   180 6.35
0.709 0.0896 83.30 85.00  65  46  605000 1183000   180 6.35
0.711 0.0840 83.20 85.00  65  46  605000 1183000   180 6.35
0.713 0.0853 83.16 85.00  65  46  605000 1183000   180 6.35
0.715 0.0846 83.17 85.00  65  46  605000 1183000   180 6.35
0.716 0.0838 83.23 85.00  65  46  605000 1183000   180 6.35
0.718 0.0870 83.35 85.00  65  46  605000 1183000   180 6.35
0.720 0.0830 83.50 85.00  65  46  605000 1183000   180 6.35
0.721 0.0792 83.67 85.00  65  46  605000 1183000   180 6.35
0.723 0.0846 83.85 85.00  65  46  605000 1183000   180 6.35
0.725 0.0882 84.02 85.00  65  46  605000 1183000   180 6.35
0.727 0.0798 84.14 85.00  65  46  605000 1183000   180 6.35
0.728 0.0844 84.21 85.00  65  46  605000 1183000   180 6.35
0.730 0.0821 84.22 85.00  65  46  605000 1183000   180 6.35
0.732 0.0896 84.16 85.00  65  46  605000 1183000   180 6.35
0.734 0.0837 84.05 85.00  65  46  605000 1183000   180 6.35
0.735 0.0802 83.89 85.00  65  46  605000 1183000   180 6.35
0.737 0.0828 83.70 85.00  65  46  605000 1183000   180 6.35
0.739 0.0836 83.50 85.00  65  46  605000 1183000   180 6.35
0.740 0.0815 83.29 85.00  65  46  605000 1183000   180 6.35
0.742 0.0900 83.08 85.00  65  46  605000 1183000   180 6.35
0.744 0.0874 82.85 85.00  65  46  605000 1183000   180 6.35
0.746 0.0795 82.63 85.00  65  46  605000 1183000   180 6.35
0.747 0.0825 82.39 85.00  65  46  605000 1183000   180 6.35
0.749 0.0793 82.14 85.00  65  46  605000 1183000   180 6.35
0.751 0.0879 81.88 85.00  65  46  605000 1183000   180 6.35
0.753 0.0764 81.62 85.00  65  46  605000 1183000   180 6.35
0.754 0.0842 81.38 85.00  65  46  605000 1183000   180 6.35
0.756 0.0790 81.17 85.00  65  46  605000 1183000   180 6.35
0.758 0.0774 80.99 85.00  65  46  605000 1183000   180 6.35
0.760 0.0769 80.85 85.00  65  46  605000 1183000   180 6.35
0.761 0.0835 80.74 85.00  65  46  605000 1183000   180 6.35
0.763 0.0822 80.65 85.00  65  46  605000 1183000   180 6.35
0.765 0.0829 80.59 85.00  65  46  605000 1183000   180 6.35
0.766 0.0776 80.57 85.00  65  46  605000 1183000   180 6.35
0.768 0.0803 80.56 85.00  65  46  605000 1183000   180 6.35
0.770 0.0844 80.58 85.00  65  46  605000 1183000   180 6.35
0.772 0.0799 80.62 85.00  65  46  605000 1183000   180 6.35
0.773 0.0728 80.67 85.00  65  46  605000 1183000   180 6.35
0.775 0.0793 80.74 85.00  65  46  605000 1183000   180 6.35
0.777 0.0881 80.84 85.00  65  46  605000 1183000   180 6.35
0.779 0.0848 80.96 85.00  65  46  605000 1183000   180 6.35
0.780 0.0749 81.12 85.00  65  46  605000 1183000   180 6.35
0.782 0.0864 81.31 85.00  65  46  605000 1183000   180 6.35
0.784 0.0852 81.53 85.00  65  46  605000 1183000   180 6.35
0.785 0.0773 81.77 85.00  65  46  605000 1183000   180 6.35
0.787 0.0877 82.01 85.00  65  46  605000 1183000   180 6.35
0.789 0.0788 82.25 85.00  65  46  605000 1183000   180 6.35
0.791 0.0778 82.48 85.00  65  46  605000 1183000   180 6.35
0.792 0.0809 82.69 85.00  65  46  605000 1183000   180 6.35
0.794 0.0787 82.88 85.00  65  46  605000 1183000   180 6.35
0.796 0.0896 83.06 85.00  65  46  605000 1183000   180 6.35
0.798 0.0757 83.22 85.00  65  46  605000 1183000   180 6.35
0.799 0.0930 83.36 85.00  65  46  605000 1183000   180 6.35
0.801 0.0771 83.49 85.00  65  46  605000 1183000   180 6.35
0.803 0.0804 83.60 85.00  65  46  605000 1183000   180 6.35
0.804 0.0888 83.73 85.00  65  46  605000 1183000   180 6.35
0.806 0.0876 83.87 85.00  65  46  605000 1183000   180 6.35
0.808 0.0847 84.03 85.00  65  46  605000 1183000   180 6.35
0.810 0.0931 84.22 85.00  65  46  605000 1183000   180 6.35
0.811 0.0863 84.42 85.00  65  46  605000 1183000   180 6.35
0.813 0.0810 84.61 85.00  65  46  605000 1183000   180 6.35
0.815 0.0801 84.79 85.00  65  46  605000 1183000   180 6.35
0.817 0.0741 84.94 85.00  65  46  605000 1183000   180 6.35
0.818 0.0895 85.07 85.00  65  46  605000 1183000   180 6.35
0.820 0.0865 85.17 85.00  65  46  605000 1183000   180 6.35
0.822 0.0812 85.24 85.00  65  46  605000 1183000   180 6.35
0.824 0.0844 85.27 85.00  65  46  605000 1183000   180 6.35
0.825 0.0917 85.27 85.00  65  46  605000 1183000   180 6.35
0.827 0.0785 85.24 85.00  65  46  605000 1183000   180 6.35
0.829 0.0896 85.20 85.00  65  46  605000 1183000   180 6.35
0.830 0.0860 85.16 85.00  65  46  605000 1183000   180 6.35
0.832 0.0816 85.13 85.00  65  46  605000 1183000   180 6.35
0.834 0.0973 85.10 85.00  65  46  605000 1183000   180 6.35
0.836 0.0818 85.08 85.00  65  46  605000 1183000   180 6.35
0.837 0.0817 85.08 85.00  65  46  605000 1183000   180 6.35
0.839 0.0899 85.09 85.00  65  46  605000 1183000   180 6.35
0.841 0.0856 85.10 85.00  65  46  605000 1183000   180 6.35
0.843 0.0777 85.12 85.00  65  46  605000 1183000   180 6.35
0.844 0.0892 85.10 85.00  65  46  605000 1183000   180 6.35
0.846 0.0813 85.06 85.00  65  46  605000 1183000   180 6.35
0.848 0.0887 85.00 85.00  65  46  605000 1183000   180 6.35
0.849 0.0861 84.93 85.00  65  46  605000 1183000   180 6.35
0.851 0.0841 84.87 85.00  65  46  605000 1183000   180 6.35
0.853 0.0805 84.84 85.00  65  46  605000 1183000   180 6.35
0.855 0.0738 84.84 85.00  65  46  605000 1183000   180 6.35
0.856 0.0895 84.86 85.00  65  46  605000 1183000   180 6.35
0.858 0.0882 84.89 85.00  65  46  605000 1183000   180 6.35
0.860 0.0862 84.91 85.00  65  46  605000 1183000   180 6.35
0.862 0.0842 84.92 85.00  65  46  605000 1183000   180 6.35
0.863 0.0890 84.92 85.00  65  46  605000 1183000   180 6.35
0.865 0.0886 84.88 85.00  65  46  605000 1183000   180 6.35
0.867 0.0817 84.83 85.00  65  46  605000 1183000   180 6.35
0.869 0.0819 84.76 85.00  65  46  605000 1183000   180 6.35
0.870 0.0899 84.65 85.00  65  46  605000 1183000   180 6.35
0.872 0.0866 84.53 85.00  65  46  605000 1183000   180 6.35
0.874 0.0804 84.41 85.00  65  46  605000 1183000   180 6.35
0.875 0.0837 84.29 85.00  65  46  605000 1183000   180 6.35
0.877 0.0824 84.16 85.00  65  46  605000 1183000   180 6.35
0.879 0.0861 84.01 85.00  65  46  605000 1183000   180 6.35
0.881 0.0868 83.84 85.00  65  46  605000 1183000   180 6.35
0.882 0.0820 83.64 85.00  65  46  605000 1183000   180 6.35
0.884 0.0835 83.42 85.00  65  46  605000 1183000   180 6.35
0.886 0.0859 83.17 85.00  65  46  605000 1183000   180 6.35
0.888 0.0759 82.92 85.00  65  46  605000 1183000   180 6.35
0.889 0.0829 82.68 85.00  65  46  605000 1183000   180 6.35
0.891 0.0811 82.47 85.00  65  46  605000 1183000   180 6.35
0.893 0.0783 82.30 85.00  65  46  605000 1183000   180 6.35
0.894 0.0819 82.19 85.00  65  46  605000 1183000   180 6.35
0.896 0.0874 82.13 85.00  65  46  605000 1183000   180 6.35
0.898 0.0907 82.14 85.00  65  46  605000 1183000   180 6.35
0.900 0.0787 82.23 85.00  65  46  605000 1183000   180 6.35
0.901 0.0844 82.40 85.00  65  46  605000 1183000   180 6.35
0.903 0.0801 82.62 85.00  65  46  605000 1183000   180 6.35
0.905 0.0865 82.87 85.00  65  46  605000 1183000   180 6.35
0.907 0.0861 83.14 85.00  65  46  605000 1183000   180 6.35
0.908 0.0727 83.40 85.00  65  46  605000 1183000   180 6.35
0.910 0.0746 83.63 85.00  65  46  605000 1183000   180 6.35
0.912 0.0859 83.84 85.00  65  46  605000 1183000   180 6.35
0.913 0.0813 84.03 85.00  65  46  605000 1183000   180 6.35
0.915 0.0868 84.20 85.00  65  46  605000 1183000   180 6.35
0.917 0.0893 84.35 85.00  65  46  605000 1183000   180 6.35
0.919 0.0835 84.47 85.00  65  46  605000 1183000   180 6.35
0.920 0.0815 84.58 85.00  65  46  605000 1183000   180 6.35
0.922 0.0943 84.69 85.00  65  46  605000 1183000   180 6.35
0.924 0.0833 84.83 85.00  65  46  605000 1183000   180 6.35
0.926 0.0922 84.98 85.00  65  46  605000 1183000   180 6.35
0.927 0.0867 85.18 85.00  65  46  605000 1183000   180 6.35
0.929 0.0895 85.39 85.00  65  46  605000 1183000   180 6.35
0.931 0.0800 85.62 85.00  65  46  605000 1183000   180 6.35
0.933 0.0879 85.83 85.00  65  46  605000 1183000   180 6.35
0.934 0.0786 86.00 85.00  65  46  605000 1183000   180 6.35
0.936 0.0741 86.10 85.00  65  46  605000 1183000   180 6.35
0.938 0.0885 86.13 85.00  65  46  605000 1183000   180 6.35
0.939 0.0861 86.12 85.00  65  46  605000 1183000   180 6.35
0.941 0.0890 86.07 85.00  65  46  605000 1183000   180 6.35
0.943 0.0820 85.99 85.00  65  46  605000 1183000   180 6.35
0.945 0.0927 85.92 85.00  65  46  605000 1183000   180 6.35
0.946 0.0875 85.88 85.00  65  46  605000 1183000   180 6.35
0.948 0.0843 85.89 85.00  65  46  605000 1183000   180 6.35
0.950 0.0861 85.93 85.00  65  46  605000 1183000   180 6.35
0.952 0.0865 86.01 85.00  65  46  605000 1183000   180 6.35
0.953 0.0919 86.12 85.00  65  46  605000 1183000   180 6.35
0.955 0.0873 86.27 85.00  65  46  605000 1183000   180 6.35
0.957 0.0861 86.44 85.00  65  46  605000 1183000   180 6.35
0.958 0.0912 86.63 85.00  65  46  605000 1183000   180 6.35
0.960 0.0814 86.82 85.00  65  46  605000 1183000   180 6.35
0.962 0.0850 86.96 85.00  65  46  605000 1183000   180 6.35
0.964 0.0851 87.07 85.00  65  46  605000 1183000   180 6.35
0.965 0.0822 87.15 85.00  65  46  605000 1183000   180 6.35
0.967 0.0826 87.21 85.00  65  46  605000 1183000   180 6.35
0.969 0.0863 87.27 85.00  65  46  605000 1183000   180 6.35
0.971 0.0915 87.34 85.00  65  46  605000 1183000   180 6.35
0.972 0.0909 87.43 85.00  65  46  605000 1183000   180 6.35
0.974 0.0842 87.53 85.00  65  46  605000 1183000   180 6.35
0.976 0.0886 87.65 85.00  65  46  605000 1183000   180 6.35
0.978 0.0939 87.77 85.00  65  46  605000 1183000   180 6.35
0.979 0.0856 87.89 85.00  65  46  605000 1183000   180 6.35
0.981 0.0914 88.02 85.00  65  46  605000 1183000   180 6.35
0.983 0.0828 88.15 85.00  65  46  605000 1183000   180 6.35
0.984 0.0949 88.25 85.00  65  46  605000 1183000   180 6.35
0.986 0.0890 88.32 85.00  65  46  605000 1183000   180 6.35
0.988 0.0943 88.36 85.00  65  46  605000 1183000   180 6.35
0.990 0.0806 88.36 85.00  65  46  605000 1183000   180 6.35
0.991 0.0827 88.33 85.00  65  46  605000 1183000   180 6.35
0.993 0.0906 88.28 85.00  65  46  605000 1183000   180 6.35
0.995 0.0832 88.20 85.00  65  46  605000 1183000   180 6.35
0.997 0.0948 88.14 85.00  65  46  605000 1183000   180 6.35
0.998 0.0899 88.10 85.00  65  46  605000 1183000   180 6.35
1.000 0.0860 88.10 85.00  65  46  605000 1183000   180 6.35
1.002 0.0882 88.16 85.00  65  46  605000 1183000   180 6.35
1.003 0.0848 88.27 85.00  65  46  605000 1183000   180 6.35
1.005 0.0866 88.41 85.00  65  46  605000 1183000   180 6.35
1.007 0.0886 88.58 85.00  65  46  605000 1183000   180 6.35
1.009 0.0940 88.73 85.00  65  46  605000 1183000   180 6.35
1.010 0.0907 88.88 85.00  65  46  605000 1183000   180 6.35
1.012 0.0848 89.01 85.00  65  46  605000 1183000   180 6.35
1.014 0.0881 89.14 85.00  65  46  605000 1183000   180 6.35
1.016 0.0871 89.27 85.00  65  46  605000 1183000   180 6.35
1.017 0.0867 89.39 85.00  65  46  605000 1183000   180 6.35
1.019 0.0914 89.52 85.00  65  46  605000 1183000   180 6.35
1.021 0.0956 89.67 85.00  65  46  605000 1183000   180 6.35
1.022 0.0915 89.81 85.00  65  46  605000 1183000   180 6.35
1.024 0.0913 89.93 85.00  65  46  605000 1183000   180 6.35
1.026 0.0902 90.05 85.00  65  46  605000 1183000   180 6.35
1.028 0.0897 90.16 85.00  65  46  605000 1183000   180 6.35
1.029 0.0879 90.28 85.00  65  46  605000 1183000   180 6.35
1.031 0.0975 90.40 85.00  65  46  605000 1183000   180 6.35
1.033 0.0855 90.52 85.00  65  46  605000 1183000   180 6.35
1.035 0.0875 90.62 85.00  65  46  605000 1183000   180 6.35
1.036 0.0879 90.72 85.00  65  46  605000 1183000   180 6.35
1.038 0.0853 90.82 85.00  65  46  605000 1183000   180 6.35
1.040 0.0915 90.91 85.00  65  46  605000 1183000   180 6.35
1.042 0.0933 91.00 85.00  65  46  605000 1183000   180 6.35
1.043 0.0907 91.10 85.00  65  46  605000 1183000   180 6.35
1.045 0.1035 91.22 85.00  65  46  605000 1183000   180 6.35
1.047 0.0878 91.35 85.00  65  46  605000 1183000   180 6.35
1.048 0.0920 91.48 85.00  65  46  605000 1183000   180 6.35
1.050 0.0916 91.63 85.00  65  46  605000 1183000   180 6.35
1.052 0.0909 91.80 85.00  65  46  605000 1183000   180 6.35
1.054 0.0898 91.98 85.00  65  46  605000 1183000   180 6.35
1.055 0.0891 92.19 85.00  65  46  605000 1183000   180 6.35
1.057 0.0881 92.42 85.00  65  46  605000 1183000   180 6.35
1.059 0.0986 92.65 85.00  65  46  605000 1183000   180 6.35
1.061 0.1000 92.88 85.00  65  46  605000 1183000   180 6.35
1.062 0.0876 93.11 85.00  65  46  605000 1183000   180 6.35
1.064 0.0954 93.31 85.00  65  46  605000 1183000   180 6.35
1.066 0.0907 93.50 85.00  65  46  605000 1183000   180 6.35
1.067 0.0934 93.66 85.00  65  46  605000 1183000   180 6.35
1.069 0.0927 93.82 85.00  65  46  605000 1183000   180 6.35
1.071 0.0910 93.98 85.00  65  46  605000 1183000   180 6.35
1.073 0.0970 94.16 85.00  65  46  605000 1183000   180 6.35
1.074 0.0924 94.36 85.00  65  46  605000 1183000   180 6.35
1.076 0.1025 94.59 85.00  65  46  605000 1183000   180 6.35
1.078 0.0913 94.85 85.00  65  46  605000 1183000   180 6.35
1.080 0.0931 95.11 85.00  65  46  605000 1183000   180 6.35
1.081 0.0915 95.37 85.00  65  46  605000 1183000   180 6.35
1.083 0.0986 95.60 85.00  65  46  605000 1183000   180 6.35
1.085 0.1047 95.82 85.00  65  46  605000 1183000   180 6.35
1.087 0.0964 96.04 85.00  65  46  605000 1183000   180 6.35
1.088 0.0983 96.27 85.00  65  46  605000 1183000   180 6.35
1.090 0.0895 96.52 85.00  65  46  605000 1183000   180 6.35
1.092 0.0949 96.80 85.00  65  46  605000 1183000   180 6.35
1.093 0.0943 97.10 85.00  65  46  605000 1183000   180 6.35
1.095 0.0937 97.40 85.00  65  46  605000 1183000   180 6.35
1.097 0.0991 97.72 85.00  65  46  605000 1183000   180 6.35
1.099 0.0990 98.05 85.00  65  46  605000 1183000   180 6.35
1.100 0.1020 98.39 85.00  65  46  605000 1183000   180 6.35
1.102 0.1001 98.77 85.00  65  46  605000 1183000   180 6.35
1.104 0.1016 99.19 85.00  65  46  605000 1183000   180 6.35
1.106 0.0954 99.65 85.00  65  46  605000 1183000   180 6.35
1.107 0.1061 100.15 85.00  65  46  605000 1183000   180 6.35
1.109 0.0985 100.66 85.00  65  46  605000 1183000   180 6.35
1.111 0.0954 101.19 85.00  65  46  605000 1183000   180 6.35
1.112 0.1024 101.73 85.00  65  46  605000 1183000   180 6.35
1.114 0.0957 102.28 85.00  65  46  605000 1183000   180 6.35
1.116 0.1101 102.83 85.00  65  46  605000 1183000   180 6.35
1.118 0.0951 103.39 85.00  65  46  605000 1183000   180 6.35
1.119 0.1174 103.95 85.00  65  46  605000 1183000   180 6.35
1.121 0.1051 104.49 85.00  65  46  605000 1183000   180 6.35
1.123 0.1005 105.01 85.00  65  46  605000 1183000   180 6.35
1.125 0.1038 105.49 85.00  65  46  605000 1183000   180 6.35
1.126 0.1049 105.96 85.00  65  46  605000 1183000   180 6.35
1.128 0.1049 106.42 85.00  65  46  605000 1183000   180 6.35
1.130 0.1096 106.85 85.00  65  46  605000 1183000   180 6.35
1.131 0.1141 107.27 85.00  65  46  605000 1183000   180 6.35
1.133 0.0981 107.66 85.00  65  46  605000 1183000   180 6.35
1.135 0.1126 108.03 85.00  65  46  605000 1183000   180 6.35
1.137 0.1132 108.36 85.00  65  46  605000 1183000   180 6.35
1.138 0.0988 108.64 85.00  65  46  605000 1183000   180 6.35
1.140 0.1109 108.88 85.00  65  46  605000 1183000   180 6.35
1.142 0.1096 109.08 85.00  65  46  605000 1183000   180 6.35
1.144 0.1127 109.24 85.00  65  46  605000 1183000   180 6.35
1.145 0.1116 109.39 85.00  65  46  605000 1183000   180 6.35
1.147 0.1071 109.52 85.00  65  46  605000 1183000   180 6.35
1.149 0.1108 109.65 85.00  65  46  605000 1183000   180 6.35
1.151 0.1088 109.75 85.00  65  46  605000 1183000   180 6.35
1.152 0.1114 109.83 85.00  65  46  605000 1183000   180 6.35
1.154 0.1006 109.87 85.00  65  46  605000 1183000   180 6.35
1.156 0.1177 109.88 85.00  65  46  605000 1183000   180 6.35
1.157 0.1053 109.87 85.00  65  46  605000 1183000   180 6.35
1.159 0.1093 109.82 85.00  65  46  605000 1183000   180 6.35
1.161 0.1132 109.76 85.00  65  46  605000 1183000   180 6.35
1.163 0.1068 109.68 85.00  65  46  605000 1183000   180 6.35
1.164 0.1123 109.58 85.00  65  46  605000 1183000   180 6.35
1.166 0.1145 109.45 85.00  65  46  605000 1183000   180 6.35
1.168 0.1052 109.29 85.00  65  46  605000 1183000   180 6.35
1.170 0.1080 109.10 85.00  65  46  605000 1183000   180 6.35
1.171 0.1082 108.88 85.00  65  46  605000 1183000   180 6.35
1.173 0.1077 108.65 85.00  65  46  605000 1183000   180 6.35
1.175 0.1108 108.38 85.00  65  46  605000 1183000   180 6.35
1.176 0.1126 108.08 85.00  65  46  605000 1183000   180 6.35
1.178 0.1007 107.76 85.00  65  46  605000 1183000   180 6.35
1.180 0.1129 107.39 85.00  65  46  605000 1183000   180 6.35
1.182 0.1030 106.99 85.00  65  46  605000 1183000   180 6.35
1.183 0.1029 106.55 85.00  65  46  605000 1183000   180 6.35
1.185 0.1128 106.09 85.00  65  46  605000 1183000   180 6.35
1.187 0.1003 105.62 85.00  65  46  605000 1183000   180 6.35
1.189 0.1161 105.15 85.00  65  46  605000 1183000   180 6.35
1.190 0.1017 104.69 85.00  65  46  605000 1183000   180 6.35
1.192 0.0971 104.23 85.00  65  46  605000 1183000   180 6.35
1.194 0.1070 103.78 85.00  65  46  605000 1183000   180 6.35
1.196 0.1002 103.34 85.00  65  46  605000 1183000   180 6.35
1.197 0.1022 102.89 85.00  65  46  605000 1183000   180 6.35
1.199 0.1088 102.45 85.00  65  46  605000 1183000   180 6.35
1.201 0.0984 102.00 85.00  65  46  605000 1183000   180 6.35
1.202 0.1006 101.55 85.00  65  46  605000 1183000   180 6.35
1.204 0.1049 101.09 85.00  65  46  605000 1183000   180 6.35
1.206 0.0993 100.62 85.00  65  46  605000 1183000   180 6.35
1.208 0.0922 100.16 85.00  65  46  605000 1183000   180 6.35
1.209 0.1008 99.70 85.00  65  46  605000 1183000   180 6.35
1.211 0.1057 99.25 85.00  65  46  605000 1183000   180 6.35
1.213 0.1007 98.79 85.00  65  46  605000 1183000   180 6.35
1.215 0.0923 98.34 85.00  65  46  605000 1183000   180 6.35
1.216 0.1030 97.90 85.00  65  46  605000 1183000   180 6.35
1.218 0.0943 97.47 85.00  65  46  605000 1183000   180 6.35
1.220 0.1045 97.05 85.00  65  46  605000 1183000   180 6.35
1.221 0.0937 96.64 85.00  65  46  605000 1183000   180 6.35
1.223 0.0932 96.25 85.00  65  46  605000 1183000   180 6.35
1.225 0.0938 95.86 85.00  65  46  605000 1183000   180 6.35
1.227 0.1000 95.49 85.00  65  46  605000 1183000   180 6.35
1.228 0.0928 95.12 85.00  65  46  605000 1183000   180 6.35
1.230 0.0943 94.77 85.00  65  46  605000 1183000   180 6.35
1.232 0.0928 94.44 85.00  65  46  605000 1183000   180 6.35
1.234 0.0961 94.12 85.00  65  46  605000 1183000   180 6.35
1.235 0.0909 93.81 85.00  65  46  605000 1183000   180 6.35
1.237 0.0940 93.52 85.00  65  46  605000 1183000   180 6.35
1.239 0.0955 93.25 85.00  65  46  605000 1183000   180 6.35
1.240 0.0899 93.00 85.00  65  46  605000 1183000   180 6.35
1.242 0.0967 92.78 85.00  65  46  605000 1183000   180 6.35
1.244 0.0916 92.59 85.00  65  46  605000 1183000   180 6.35
1.246 0.0930 92.44 85.00  65  46  605000 1183000   180 6.35
1.247 0.0880 92.33 85.00  65  46  605000 1183000   180 6.35
1.249 0.0983 92.23 85.00  65  46  605000 1183000   180 6.35
1.251 0.0897 92.13 85.00  65  46  605000 1183000   180 6.35
1.253 0.0935 92.04 85.00  65  46  605000 1183000   180 6.35
1.254 0.0921 91.94 85.00  65  46  605000 1183000   180 6.35
1.256 0.0918 91.82 85.00  65  46  605000 1183000   180 6.35
1.258 0.0860 91.69 85.00  65  46  605000 1183000   180 6.35
1.260 0.0962 91.56 85.00  65  46  605000 1183000   180 6.35
1.261 0.0884 91.44 85.00  65  46  605000 1183000   180 6.35
1.263 0.0907 91.32 85.00  65  46  605000 1183000   180 6.35
1.265 0.0933 91.22 85.00  65  46  605000 1183000   180 6.35
1.266 0.0926 91.13 85.00  65  46  605000 1183000   180 6.35
1.268 0.0924 91.05 85.00  65  46  605000 1183000   180 6.35
1.270 0.0881 90.99 85.00  65  46  605000 1183000   180 6.35
1.272 0.0949 90.95 85.00  65  46  605000 1183000   180 6.35
1.273 0.0914 90.93 85.00  65  46  605000 1183000   180 6.35
1.275 0.0866 90.93 85.00  65  46  605000 1183000   180 6.35
1.277 0.0942 90.95 85.00  65  46  605000 1183000   180 6.35
1.279 0.0940 90.99 85.00  65  46  605000 1183000   180 6.35
1.280 0.0840 91.05 85.00  65  46  605000 1183000   180 6.35
1.282 0.0936 91.11 85.00  65  46  605000 1183000   180 6.35
1.284 0.0829 91.18 85.00  65  46  605000 1183000   180 6.35
1.285 0.0973 91.26 85.00  65  46  605000 1183000   180 6.35
1.287 0.0879 91.35 85.00  65  46  605000 1183000   180 6.35
1.289 0.0910 91.43 85.00  65  46  605000 1183000   180 6.35
1.291 0.0987 91.53 85.00  65  46  605000 1183000   180 6.35
1.292 0.0953 91.64 85.00  65  46  605000 1183000   180 6.35
1.294 0.0871 91.75 85.00  65  46  605000 1183000   180 6.35
1.296 0.0861 91.86 85.00  65  46  605000 1183000   180 6.35
1.298 0.0947 91.97 85.00  65  46  605000 1183000   180 6.35
1.299 0.0950 92.07 85.00  65  46  605000 1183000   180 6.35
1.301 0.0922 92.16 85.00  65  46  605000 1183000   180 6.35
1.303 0.0903 92.24 85.00  65  46  605000 1183000   180 6.35
1.304 0.0969 92.30 85.00  65  46  605000 1183000   180 6.35
1.306 0.0890 92.35 85.00  65  46  605000 1183000   180 6.35
1.308 0.0953 92.38 85.00  65  46  605000 1183000   180 6.35
1.310 0.0916 92.40 85.00  65  46  605000 1183000   180 6.35
1.311 0.0900 92.40 85.00  65  46  605000 1183000   180 6.35
1.313 0.0944 92.39 85.00  65  46  605000 1183000   180 6.35
1.315 0.0901 92.37 85.00  65  46  605000 1183000   180 6.35
1.317 0.0935 92.37 85.00  65  46  605000 1183000   180 6.35
1.318 0.0925 92.39 85.00  65  46  605000 1183000   180 6.35
1.320 0.0963 92.43 85.00  65  46  605000 1183000   180 6.35
1.322 0.0880 92.50 85.00  65  46  605000 1183000   180 6.35
1.324 0.0924 92.59 85.00  65  46  605000 1183000   180 6.35
1.325 0.0927 92.69 85.00  65  46  605000 1183000   180 6.35
1.327 0.0908 92.79 85.00  65  46  605000 1183000   180 6.35
1.329 0.0925 92.90 85.00  65  46  605000 1183000   180 6.35
1.330 0.0968 93.01 85.00  65  46  605000 1183000   180 6.35
1.332 0.0921 93.15 85.00  65  46  605000 1183000   180 6.35
1.334 0.0925 93.31 85.00  65  46  605000 1183000   180 6.35
1.336 0.0962 93.51 85.00  65  46  605000 1183000   180 6.35
1.337 0.0932 93.72 85.00  65  46  605000 1183000   180 6.35
1.339 0.0913 93.95 85.00  65  46  605000 1183000   180 6.35
1.341 0.0948 94.20 85.00  65  46  605000 1183000   180 6.35
1.343 0.0933 94.47 85.00  65  46  605000 1183000   180 6.35
1.344 0.0916 94.77 85.00  65  46  605000 1183000   180 6.35
1.346 0.1029 95.08 85.00  65  46  605000 1183000   180 6.35
1.348 0.0974 95.41 85.00  65  46  605000 1183000   180 6.35
1.349 0.0919 95.75 85.00  65  46  605000 1183000   180 6.35
1.351 0.0952 96.09 85.00  65  46  605000 1183000   180 6.35
1.353 0.0950 96.43 85.00  65  46  605000 1183000   180 6.35
1.355 0.0967 96.76 85.00  65  46  605000 1183000   180 6.35
1.356 0.0953 97.09 85.00  65  46  605000 1183000   180 6.35
1.358 0.0988 97.41 85.00  65  46  605000 1183000   180 6.35
1.360 0.0940 97.74 85.00  65  46  605000 1183000   180 6.35
1.362 0.1007 98.08 85.00  65  46  605000 1183000   180 6.35
1.363 0.1034 98.42 85.00  65  46  605000 1183000   180 6.35
1.365 0.1008 98.76 85.00  65  46  605000 1183000   180 6.35
1.367 0.0929 99.10 85.00  65  46  605000 1183000   180 6.35
1.369 0.1036 99.43 85.00  65  46  605000 1183000   180 6.35
1.370 0.0998 99.76 85.00  65  46  605000 1183000   180 6.35
1.372 0.0979 100.09 85.00  65  46  605000 1183000   180 6.35
1.374 0.1028 100.41 85.00  65  46  605000 1183000   180 6.35
1.375 0.1003 100.73 85.00  65  46  605000 1183000   180 6.35
1.377 0.1015 101.06 85.00  65  46  605000 1183000   180 6.35
1.379 0.0978 101.38 85.00  65  46  605000 1183000   180 6.35
1.381 0.1014 101.71 85.00  65  46  605000 1183000   180 6.35
1.382 0.1039 102.03 85.00  65  46  605000 1183000   180 6.35
1.384 0.1004 102.34 85.00  65  46  605000 1183000   180 6.35
1.386 0.1011 102.65 85.00  65  46  605000 1183000   180 6.35
1.388 0.1069 102.96 85.00  65  46  605000 1183000   180 6.35
1.389 0.1037 103.28 85.00  65  46  605000 1183000   180 6.35
1.391 0.1030 103.61 85.00  65  46  605000 1183000   180 6.35
1.393 0.1060 103.97 85.00  65  46  605000 1183000   180 6.35
1.394 0.0997 104.34 85.00  65  46  605000 1183000   180 6.35
1.396 0.1054 104.73 85.00  65  46  605000 1183000   180 6.35
1.398 0.1054 105.12 85.00  65  46  605000 1183000   180 6.35
1.400 0.1079 105.51 85.00  65  46  605000 1183000   180 6.35
1.401 0.1075 105.88 85.00  65  46  605000 1183000   180 6.35
1.403 0.1011 106.25 85.00  65  46  605000 1183000   180 6.35
1.405 0.1063 106.62 85.00  65  46  605000 1183000   180 6.35
1.407 0.1104 106.99 85.00  65  46  605000 1183000   180 6.35
1.408 0.1098 107.36 85.00  65  46  605000 1183000   180 6.35
1.410 0.1057 107.75 85.00  65  46  605000 1183000   180 6.35
1.412 0.1058 108.15 85.00  65  46  605000 1183000   180 6.35
1.413 0.1106 108.56 85.00  65  46  605000 1183000   180 6.35
1.415 0.1064 108.97 85.00  65  46  605000 1183000   180 6.35
1.417 0.1106 109.39 85.00  65  46  605000 1183000   180 6.35
1.419 0.1084 109.80 85.00  65  46  605000 1183000   180 6.35
1.420 0.1088 110.21 85.00  65  46  605000 1183000   180 6.35
1.422 0.1192 110.63 85.00  65  46  605000 1183000   180 6.35
1.424 0.1040 111.05 85.00  65  46  605000 1183000   180 6.35
1.426 0.1151 111.46 85.00  65  46  605000 1183000   180 6.35
1.427 0.1090 111.86 85.00  65  46  605000 1183000   180 6.35
1.429 0.1105 112.26 85.00  65  46  605000 1183000   180 6.35
1.431 0.1134 112.64 85.00  65  46  605000 1183000   180 6.35
1.433 0.1140 113.02 85.00  65  46  605000 1183000   180 6.35
1.434 0.1128 113.39 85.00  65  46  605000 1183000   180 6.35
1.436 0.1151 113.77 85.00  65  46  605000 1183000   180 6.35
1.438 0.1173 114.15 85.00  65  46  605000 1183000   180 6.35
1.439 0.1169 114.53 85.00  65  46  605000 1183000   180 6.35
1.441 0.1120 114.93 85.00  65  46  605000 1183000   180 6.35
1.443 0.1146 115.35 85.00  65  46  605000 1183000   180 6.35
1.445 0.1157 115.76 85.00  65  46  605000 1183000   180 6.35
1.446 0.1131 116.18 85.00  65  46  605000 1183000   180 6.35
1.448 0.1154 116.61 85.00  65  46  605000 1183000   180 6.35
1.450 0.1192 117.06 85.00  65  46  605000 1183000   180 6.35
1.452 0.1184 117.52 85.00  65  46  605000 1183000   180 6.35
1.453 0.1205 118.01 85.00  65  46  605000 1183000   180 6.35
1.455 0.1169 118.51 85.00  65  46  605000 1183000   180 6.35
1.457 0.1184 119.04 85.00  65  46  605000 1183000   180 6.35
1.458 0.1135 119.57 85.00  65  46  605000 1183000   180 6.35
1.460 0.1213 120.11 85.00  65  46  605000 1183000   180 6.35
1.462 0.1224 120.66 85.00  65  46  605000 1183000   180 6.35
1.464 0.1206 121.20 85.00  65  46  605000 1183000   180 6.35
1.465 0.1232 121.74 85.00  65  46  605000 1183000   180 6.35
1.467 0.1258 122.27 85.00  65  46  605000 1183000   180 6.35
1.469 0.1208 122.78 85.00  65  46  605000 1183000   180 6.35
1.471 0.1244 123.27 85.00  65  46  605000 1183000   180 6.35
1.472 0.1206 123.74 85.00  65  46  605000 1183000   180 6.35
1.474 0.1240 124.18 85.00  65  46  605000 1183000   180 6.35
1.476 0.1325 124.60 85.00  65  46  605000 1183000   180 6.35
1.478 0.1140 125.01 85.00  65  46  605000 1183000   180 6.35
1.479 0.1291 125.41 85.00  65  46  605000 1183000   180 6.35
1.481 0.1318 125.79 85.00  65  46  605000 1183000   180 6.35
1.483 0.1263 126.15 85.00  65  46  605000 1183000   180 6.35
1.484 0.1238 126.48 85.00  65  46  605000 1183000   180 6.35
1.486 0.1237 126.78 85.00  65  46  605000 1183000   180 6.35
1.488 0.1323 127.05 85.00  65  46  605000 1183000   180 6.35
1.490 0.1249 127.28 85.00  65  46  605000 1183000   180 6.35
1.491 0.1260 127.49 85.00  65  46  605000 1183000   180 6.35
1.493 0.1229 127.68 85.00  65  46  605000 1183000   180 6.35
1.495 0.1344 127.86 85.00  65  46  605000 1183000   180 6.35
1.497 0.1192 128.04 85.00  65  46  605000 1183000   180 6.35
1.498 0.1365 128.21 85.00  65  46  605000 1183000   180 6.35
1.500 0.1278 128.39 85.00  65  46  605000 1183000   180 6.35
1.502 0.1276 128.57 85.00  65  46  605000 1183000   180 6.35
1.503 0.1348 128.75 85.00  65  46  605000 1183000   180 6.35
1.505 0.1265 128.95 85.00  65  46  605000 1183000   180 6.35
1.507 0.1314 129.17 85.00  65  46  605000 1183000   180 6.35
1.509 0.1281 129.41 85.00  65  46  605000 1183000   180 6.35
1.510 0.1293 129.68 85.00  65  46  605000 1183000   180 6.35
1.512 0.1253 129.96 85.00  65  46  605000 1183000   180 6.35
1.514 0.1300 130.26 85.00  65  46  605000 1183000   180 6.35
1.516 0.1302 130.57 85.00  65  46  605000 1183000   180 6.35
1.517 0.1303 130.91 85.00  65  46  605000 1183000   180 6.35
1.519 0.1302 131.26 85.00  65  46  605000 1183000   180 6.35
1.521 0.1359 131.62 85.00  65  46  605000 1183000   180 6.35
1.522 0.1290 131.98 85.00  65  46  605000 1183000   180 6.35
1.524 0.1319 132.35 85.00  65  46  605000 1183000   180 6.35
1.526 0.1334 132.72 85.00  65  46  605000 1183000   180 6.35
1.528 0.1316 133.08 85.00  65  46  605000 1183000   180 6.35
1.529 0.1303 133.44 85.00  65  46  605000 1183000   180 6.35
1.531 0.1440 133.80 85.00  65  46  605000 1183000   180 6.35
1.533 0.1357 134.15 85.00  65  46  605000 1183000   180 6.35
1.535 0.1215 134.49 85.00  65  46  605000 1183000   180 6.35
1.536 0.1446 134.82 85.00  65  46  605000 1183000   180 6.35
1.538 0.1361 135.13 85.00  65  46  605000 1183000   180 6.35
1.540 0.1341 135.43 85.00  65  46  605000 1183000   180 6.35
1.542 0.1377 135.71 85.00  65  46  605000 1183000   180 6.35
1.543 0.1308 135.98 85.00  65  46  605000 1183000   180 6.35
1.545 0.1414 136.24 85.00  65  46  605000 1183000   180 6.35
1.547 0.1370 136.49 85.00  65  46  605000 1183000   180 6.35
1.548 0.1363 136.75 85.00  65  46  605000 1183000   180 6.35
1.550 0.1384 137.01 85.00  65  46  605000 1183000   180 6.35
1.552 0.1312 137.28 85.00  65  46  605000 1183000   180 6.35
1.554 0.1353 137.57 85.00  65  46  605000 1183000   180 6.35
1.555 0.1385 137.87 85.00  65  46  605000 1183000   180 6.35
1.557 0.1362 138.18 85.00  65  46  605000 1183000   180 6.35
1.559 0.1424 138.50 85.00  65  46  605000 1183000   180 6.35
1.561 0.1360 138.84 85.00  65  46  605000 1183000   180 6.35
1.562 0.1422 139.20 85.00  65  46  605000 1183000   180 6.35
1.564 0.1418 139.58 85.00  65  46  605000 1183000   180 6.35
1.566 0.1415 139.98 85.00  65  46  605000 1183000   180 6.35
1.567 0.1367 140.40 85.00  65  46  605000 1183000   180 6.35
1.569 0.1452 140.85 85.00  65  46  605000 1183000   180 6.35
1.571 0.1355 141.31 85.00  65  46  605000 1183000   180 6.35
1.573 0.1449 141.80 85.00  65  46  605000 1183000   180 6.35
1.574 0.1434 142.31 85.00  65  46  605000 1183000   180 6.35
1.576 0.1447 142.83 85.00  65  46  605000 1183000   180 6.35
1.578 0.1371 143.37 85.00  65  46  605000 1183000   180 6.35
1.580 0.1416 143.92 85.00  65  46  605000 1183000   180 6.35
1.581 0.1523 144.48 85.00  65  46  605000 1183000   180 6.35
1.583 0.1444 145.06 85.00  65  46  605000 1183000   180 6.35
1.585 0.1427 145.66 85.00  65  46  605000 1183000   180 6.35
1.587 0.1488 146.28 85.00  65  46  605000 1183000   180 6.35
1.588 0.1435 146.94 85.00  65  46  605000 1183000   180 6.35
1.590 0.1460 147.64 85.00  65  46  605000 1183000   180 6.35
1.592 0.1471 148.38 85.00  65  46  605000 1183000   180 6.35
1.593 0.1508 149.16 85.00  65  46  605000 1183000   180 6.35
1.595 0.1536 149.97 85.00  65  46  605000 1183000   180 6.35
1.597 0.1525 150.79 85.00  65  46  605000 1183000   180 6.35
1.599 0.1437 151.64 85.00  65  46  605000 1183000   180 6.35
1.600 0.1572 152.50 85.00  65  46  605000 1183000   180 6.35
1.602 0.1588 153.37 85.00  65  46  605000 1183000   180 6.35
1.604 0.1508 154.25 85.00  65  46  605000 1183000   180 6.35
1.606 0.1462 155.14 85.00  65  46  605000 1183000   180 6.35
1.607 0.1618 156.03 85.00  65  46  605000 1183000   180 6.35
1.609 0.1598 156.91 85.00  65  46  605000 1183000   180 6.35
1.611 0.1569 157.79 85.00  65  46  605000 1183000   180 6.35
1.612 0.1550 158.66 85.00  65  46  605000 1183000   180 6.35
1.614 0.1626 159.52 85.00  65  46  605000 1183000   180 6.35
1.616 0.1597 160.38 85.00  65  46  605000 1183000   180 6.35
1.618 0.1638 161.22 85.00  65  46  605000 1183000   180 6.35
1.619 0.1605 162.04 85.00  65  46  605000 1183000   180 6.35
1.621 0.1584 162.84 85.00  65  46  605000 1183000   180 6.35
1.623 0.1763 163.64 85.00  65  46  605000 1183000   180 6.35
1.625 0.1526 164.44 85.00  65  46  605000 1183000   180 6.35
1.626 0.1701 165.26 85.00  65  46  605000 1183000   180 6.35
1.628 0.1639 166.07 85.00  65  46  605000 1183000   180 6.35
1.630 0.1677 166.87 85.00  65  46  605000 1183000   180 6.35
1.631 0.1695 167.63 85.00  65  46  605000 1183000   180 6.35
1.633 0.1724 168.36 85.00  65  46  605000 1183000   180 6.35
1.635 0.1601 169.07 85.00  65  46  605000 1183000   180 6.35
1.637 0.1726 169.78 85.00  65  46  605000 1183000   180 6.35
1.638 0.1709 170.51 85.00  65  46  605000 1183000   180 6.35
1.640 0.1740 171.29 85.00  65  46  605000 1183000   180 6.35
1.642 0.1692 172.13 85.00  65  46  605000 1183000   180 6.35
1.644 0.1685 173.03 85.00  65  46  605000 1183000   180 6.35
1.645 0.1846 173.96 85.00  65  46  605000 1183000   180 6.35
1.647 0.1693 174.89 85.00  65  46  605000 1183000   180 6.35
1.649 0.1780 175.82 85.00  65  46  605000 1183000   180 6.35
1.651 0.1630 176.73 85.00  65  46  605000 1183000   180 6.35
1.652 0.1892 177.62 85.00  65  46  605000 1183000   180 6.35
1.654 0.1819 178.49 85.00  65  46  605000 1183000   180 6.35
1.656 0.1752 179.34 85.00  65  46  605000 1183000   180 6.35
1.657 0.1796 180.17 85.00  65  46  605000 1183000   180 6.35
1.659 0.1772 180.97 85.00  65  46  605000 1183000   180 6.35
1.661 0.1776 181.74 85.00  65  46  605000 1183000   180 6.35
1.663 0.1793 182.45 85.00  65  46  605000 1183000   180 6.35
1.664 0.1887 183.12 85.00  65  46  605000 1183000   180 6.35
1.666 0.1892 183.74 85.00  65  46  605000 1183000   180 6.35
1.668 0.1908 184.35 85.00  65  46  605000 1183000   180 6.35
1.670 0.1959 184.97 85.00  65  46  605000 1183000   180 6.35
1.671 0.1838 185.62 85.00  65  46  605000 1183000   180 6.35
1.673 0.1867 186.31 85.00  65  46  605000 1183000   180 6.35
1.675 0.1818 187.03 85.00  65  46  605000 1183000   180 6.35
1.676 0.1740 187.78 85.00  65  46  605000 1183000   180 6.35
1.678 0.1864 188.54 85.00  65  46  605000 1183000   180 6.35
1.680 0.1900 189.33 85.00  65  46  605000 1183000   180 6.35
1.682 0.1941 190.13 85.00  65  46  605000 1183000   180 6.35
1.683 0.1907 190.94 85.00  65  46  605000 1183000   180 6.35
1.685 0.1923 191.75 85.00  65  46  605000 1183000   180 6.35
1.687 0.1959 192.55 85.00  65  46  605000 1183000   180 6.35
1.689 0.1878 193.35 85.00  65  46  605000 1183000   180 6.35
1.690 0.1886 194.15 85.00  65  46  605000 1183000   180 6.35
1.692 0.1915 194.93 85.00  65  46  605000 1183000   180 6.35
1.694 0.1974 195.72 85.00  65  46  605000 1183000   180 6.35
1.696 0.1988 196.51 85.00  65  46  605000 1183000   180 6.35
1.697 0.1961 197.31 85.00  65  46  605000 1183000   180 6.35
1.699 0.2126 198.12 85.00  65  46  605000 1183000   180 6.35
1.701 0.2030 198.92 85.00  65  46  605000 1183000   180 6.35
1.702 0.2066 199.68 85.00  65  46  605000 1183000   180 6.35
1.704 0.1933 200.37 85.00  65  46  605000 1183000   180 6.35
1.706 0.1983 200.98 85.00  65  46  605000 1183000   180 6.35
1.708 0.1972 201.51 85.00  65  46  605000 1183000   180 6.35
1.709 0.1980 201.99 85.00  65  46  605000 1183000   180 6.35
1.711 0.2090 202.45 85.00  65  46  605000 1183000   180 6.35
1.713 0.2061 202.89 85.00  65  46  605000 1183000   180 6.35
1.715 0.1930 203.33 85.00  65  46  605000 1183000   180 6.35
1.716 0.2062 203.77 85.00  65  46  605000 1183000   180 6.35
1.718 0.1947 204.19 85.00  65  46  605000 1183000   180 6.35
1.720 0.2127 204.61 85.00  65  46  605000 1183000   180 6.35
1.721 0.2129 205.04 85.00  65  46  605000 1183000   180 6.35
1.723 0.1986 205.51 85.00  65  46  605000 1183000   180 6.35
1.725 0.2007 206.04 85.00  65  46  605000 1183000   180 6.35
1.727 0.2173 206.64 85.00  65  46  605000 1183000   180 6.35
1.729 0.2035 207.32 85.00  65  46  605000 1183000   180 6.35
1.731 0.2151 208.09 85.00  65  46  605000 1183000   180 6.35
1.733 0.2034 208.92 85.00  65  46  605000 1183000   180 6.35
1.735 0.2142 209.80 85.00  65  46  605000 1183000   180 6.35
1.738 0.2026 210.71 85.00  65  46  605000 1183000   180 6.35
1.740 0.2114 211.66 85.00  65  46  605000 1183000   180 6.35
1.742 0.2151 212.66 85.00  65  46  605000 1183000   180 6.35
1.745 0.2127 213.70 85.00  65  46  605000 1183000   180 6.35
1.748 0.2166 214.82 85.00  65  46  605000 1183000   180 6.35
1.751 0.2167 216.02 85.00  65  46  605000 1183000   180 6.35
1.754 0.2130 217.30 85.00  65  46  605000 1183000   180 6.35
1.757 0.2149 218.66 85.00  65  46  605000 1183000   180 6.35
1.760 0.2234 220.10 85.00  65  46  605000 1183000   180 6.35
1.763 0.2190 221.62 85.00  65  46  605000 1183000   180 6.35
1.767 0.2271 223.22 85.00  65  46  605000 1183000   180 6.35
1.770 0.2187 224.91 85.00  65  46  605000 1183000   180 6.35
1.774 0.2355 226.65 85.00  65  46  605000 1183000   180 6.35
1.778 0.2199 228.43 85.00  65  46  605000 1183000   180 6.35
1.782 0.2312 230.22 85.00  65  46  605000 1183000   180 6.35
1.787 0.2302 232.01 85.00  65  46  605000 1183000   180 6.35
1.791 0.2342 233.76 85.00  65  46  605000 1183000   180 6.35
1.796 0.2335 235.44 85.00  65  46  605000 1183000   180 6.35
1.800 0.2376 236.99 85.00  65  46  605000 1183000   180 6.35
1.806 0.2397 238.41 85.00  65  46  605000 1183000   180 6.35
1.811 0.2398 239.67 85.00  65  46  605000 1183000   180 6.35
1.816 0.2403 240.76 85.00  65  46  605000 1183000   180 6.35
1.822 0.2398 241.66 85.00  65  46  605000 1183000   180 6.35
1.828 0.2423 242.37 85.00  65  46  605000 1183000   180 6.35
1.834 0.2455 242.89 85.00  65  46  605000 1183000   180 6.35
1.841 0.2455 243.20 85.00  65  46  605000 1183000   180 6.35
1.847 0.2437 243.32 85.00  65  46  605000 1183000   180 6.35
1.855 0.2478 243.24 85.00  65  46  605000 1183000   180 6.35
1.862 0.2432 242.93 85.00  65  46  605000 1183000   180 6.35
1.870 0.2401 242.35 85.00  65  46  605000 1183000   180 6.35
1.877 0.2413 241.44 85.00  65  46  605000 1183000   180 6.35
1.886 0.2369 240.14 85.00  65  46  605000 1183000   180 6.35
1.894 0.2386 238.35 85.00  65  46  605000 1183000   180 6.35
1.903 0.2330 236.03 85.00  65  46  605000 1183000   180 6.35
1.912 0.2282 233.08 85.00  65  46  605000 1183000   180 6.35
1.920 0.2277 229.47 85.00  65  46  605000 1183000   180 6.35
1.929 0.2233 225.16 85.00  65  46  605000 1183000   180 6.35
1.938 0.2230 220.14 85.00  65  46  605000 1183000   180 6.35
1.946 0.2209 214.43 85.00  65  46  605000 1183000   180 6.35
1.955 0.2181 208.09 85.00  65  46  605000 1183000   180 6.35
1.964 0.2118 201.21 85.00  65  46  605000 1183000   180 6.35
1.972 0.2069 193.86 85.00  65  46  605000 1183000   180 6.35
1.981 0.1989 186.19 85.00  65  46  605000 1183000   180 6.35
1.990 0.1930 178.30 85.00  65  46  605000 1183000   180 6.35
1.998 0.1799 170.32 85.00  65  46  605000 1183000   180 6.35
2.007 0.1654 162.40 85.00  65  46  605000 1183000   180 6.35
2.016 0.1600 154.64 85.00  65  46  605000 1183000   180 6.35
2.024 0.1415 147.19 85.00  65  46  605000 1183000   180 6.35
2.033 0.1301 140.18 85.00  65  46  605000 1183000   180 6.35
2.042 0.1179 133.75 85.00  65  46  605000 1183000   180 6.35
2.050 0.1176 128.01 85.00  65  46  605000 1183000   180 6.35
2.059 0.1073 123.08 85.00  65  46  605000 1183000   180 6.35
2.067 0.1026 119.06 85.00  65  46  605000 1183000   180 6.35
2.076 0.1004 116.01 85.00  65  46  605000 1183000   180 6.35
2.085 0.1032 113.96 85.00  65  46  605000 1183000   180 6.35
2.093 0.1036 112.91 85.00  65  46  605000 1183000   180 6.35
2.102 0.1078 112.79 85.00  65  46  605000 1183000   180 6.35
2.111 0.1130 113.53 85.00  65  46  605000 1183000   180 6.35
2.119 0.1156 114.98 85.00  65  46  605000 1183000   180 6.35
2.128 0.1182 116.98 85.00  65  46  605000 1183000   180 6.35
2.137 0.1220 119.37 85.00  65  46  605000 1183000   180 6.35
2.145 0.1236 121.96 85.00  65  46  605000 1183000   180 6.35
2.154 0.1333 124.61 85.00  65  46  605000 1183000   180 6.35
2.163 0.1358 127.17 85.00  65  46  605000 1183000   180 6.35
2.171 0.1398 129.57 85.00  65  46  605000 1183000   180 6.35
2.180 0.1479 131.74 85.00  65  46  605000 1183000   180 6.35
2.189 0.1500 133.70 85.00  65  46  605000 1183000   180 6.35
2.197 0.1537 135.49 85.00  65  46  605000 1183000   180 6.35
2.206 0.1521 137.23 85.00  65  46  605000 1183000   180 6.35
2.215 0.1546 139.23 85.00  65  46  605000 1183000   180 6.35
2.223 0.1547 143.11 85.00  65  46  605000 1183000   180 6.35
2.232 0.1506 151.29 85.00  65  46  605000 1183000   180 6.35
2.240 0.1486 161.40 85.00  65  46  605000 1183000   180 6.35
2.249 0.1472 171.92 85.00  65  46  605000 1183000   180 6.35
2.258 0.1520 182.25 85.00  65  46  605000 1183000   180 6.35
2.266 0.1524 192.19 85.00  65  46  605000 1183000   180 6.35
2.275 0.1579 201.69 85.00  65  46  605000 1183000   180 6.35
2.284 0.1678 210.79 85.00  65  46  605000 1183000   180 6.35
2.292 0.1827 219.53 85.00  65  46  605000 1183000   180 6.35
2.301 0.1996 227.97 85.00  65  46  605000 1183000   180 6.35
2.310 0.2146 236.18 85.00  65  46  605000 1183000   180 6.35
2.318 0.2374 244.21 85.00  65  46  605000 1183000   180 6.35
2.327 0.2557 252.11 85.00  65  46  605000 1183000   180 6.35
2.336 0.2917 259.92 85.00  65  46  605000 1183000   180 6.35
2.344 0.3175 267.66 85.00  65  46  605000 1183000   180 6.35
2.353 0.3441 275.35 85.00  65  46  605000 1183000   180 6.35
2.362 0.3848 282.98 85.00  65  46  605000 1183000   180 6.35
2.370 0.4193 290.57 85.00  65  46  605000 1183000   180 6.35
2.379 0.4620 298.08 85.00  65  46  605000 1183000   180 6.35
2.388 0.4918 305.49 85.00  65  46  605000 1183000   180 6.35
2.396 0.5385 312.75 85.00  65  46  605000 1183000   180 6.35
2.405 0.0000 319.80 85.00  65  46  605000 1183000   180 6.35
2.413 0.0000 326.58 85.00  65  46  605000 1183000   180 6.35
