     x     qy smooth tpara  cd  zL     xTr    xCpl frame tma
-2.719 0.1919 166.65 44.00  79  46 1153000 1577000   300 9.95
-2.708 0.1894 156.20 44.00  79  46 1153000 1577000   300 9.95
-2.696 0.1649 146.28 44.00  79  46 1153000 1577000   300 9.95
-2.684 0.1347 136.87 44.00  79  46 1153000 1577000   300 9.95
-2.672 0.1219 127.96 44.00  79  46 1153000 1577000   300 9.95
-2.660 0.0945 119.53 44.00  79  46 1153000 1577000   300 9.95
-2.649 0.0888 111.57 44.00  79  46 1153000 1577000   300 9.95
-2.637 0.0844 104.07 44.00  79  46 1153000 1577000   300 9.95
-2.625 0.0796 97.03 44.00  79  46 1153000 1577000   300 9.95
-2.613 0.0753 90.43 44.00  79  46 1153000 1577000   300 9.95
-2.601 0.0699 84.27 44.00  79  46 1153000 1577000   300 9.95
-2.590 0.0668 78.55 44.00  79  46 1153000 1577000   300 9.95
-2.578 0.0658 73.27 44.00  79  46 1153000 1577000   300 9.95
-2.566 0.0627 68.42 44.00  79  46 1153000 1577000   300 9.95
-2.554 0.0611 64.02 44.00  79  46 1153000 1577000   300 9.95
-2.542 0.0583 60.07 44.00  79  46 1153000 1577000   300 9.95
-2.531 0.0571 56.59 44.00  79  46 1153000 1577000   300 9.95
-2.519 0.0549 53.59 44.00  79  46 1153000 1577000   300 9.95
-2.507 0.0531 51.12 44.00  79  46 1153000 1577000   300 9.95
-2.495 0.0531 49.19 44.00  79  46 1153000 1577000   300 9.95
-2.483 0.0516 47.86 44.00  79  46 1153000 1577000   300 9.95
-2.472 0.0499 47.15 44.00  79  46 1153000 1577000   300 9.95
-2.460 0.0495 46.95 44.00  79  46 1153000 1577000   300 9.95
-2.448 0.0476 46.80 44.00  79  46 1153000 1577000   300 9.95
-2.436 0.0473 46.07 44.00  79  46 1153000 1577000   300 9.95
-2.425 0.0457 45.28 44.00  79  46 1153000 1577000   300 9.95
-2.413 0.0450 44.47 44.00  79  46 1153000 1577000   300 9.95
-2.401 0.0441 43.67 44.00  79  46 1153000 1577000   300 9.95
-2.389 0.0436 42.91 44.00  79  46 1153000 1577000   300 9.95
-2.377 0.0422 42.18 44.00  79  46 1153000 1577000   300 9.95
-2.366 0.0413 41.50 44.00  79  46 1153000 1577000   300 9.95
-2.354 0.0413 40.87 44.00  79  46 1153000 1577000   300 9.95
-2.342 0.0405 40.30 44.00  79  46 1153000 1577000   300 9.95
-2.330 0.0398 39.78 44.00  79  46 1153000 1577000   300 9.95
-2.318 0.0391 39.33 44.00  79  46 1153000 1577000   300 9.95
-2.307 0.0386 38.94 44.00  79  46 1153000 1577000   300 9.95
-2.295 0.0384 38.61 44.00  79  46 1153000 1577000   300 9.95
-2.283 0.0373 38.34 44.00  79  46 1153000 1577000   300 9.95
-2.271 0.0369 38.12 44.00  79  46 1153000 1577000   300 9.95
-2.259 0.0375 37.96 44.00  79  46 1153000 1577000   300 9.95
-2.248 0.0372 37.85 44.00  79  46 1153000 1577000   300 9.95
-2.236 0.0376 37.78 44.00  79  46 1153000 1577000   300 9.95
-2.224 0.0380 37.75 44.00  79  46 1153000 1577000   300 9.95
-2.212 0.0382 37.76 44.00  79  46 1153000 1577000   300 9.95
-2.200 0.0380 37.79 44.00  79  46 1153000 1577000   300 9.95
-2.189 0.0385 37.85 44.00  79  46 1153000 1577000   300 9.95
-2.177 0.0384 37.92 44.00  79  46 1153000 1577000   300 9.95
-2.165 0.0382 38.00 44.00  79  46 1153000 1577000   300 9.95
-2.153 0.0387 38.08 44.00  79  46 1153000 1577000   300 9.95
-2.142 0.0383 38.16 44.00  79  46 1153000 1577000   300 9.95
-2.130 0.0389 38.23 44.00  79  46 1153000 1577000   300 9.95
-2.118 0.0387 38.29 44.00  79  46 1153000 1577000   300 9.95
-2.106 0.0381 38.34 44.00  79  46 1153000 1577000   300 9.95
-2.094 0.0381 38.36 44.00  79  46 1153000 1577000   300 9.95
-2.083 0.0384 38.37 44.00  79  46 1153000 1577000   300 9.95
-2.071 0.0382 38.36 44.00  79  46 1153000 1577000   300 9.95
-2.059 0.0387 38.33 44.00  79  46 1153000 1577000   300 9.95
-2.047 0.0382 38.29 44.00  79  46 1153000 1577000   300 9.95
-2.035 0.0388 38.24 44.00  79  46 1153000 1577000   300 9.95
-2.024 0.0385 38.18 44.00  79  46 1153000 1577000   300 9.95
-2.012 0.0375 38.13 44.00  79  46 1153000 1577000   300 9.95
-2.000 0.0380 38.08 44.00  79  46 1153000 1577000   300 9.95
-1.988 0.0383 38.04 44.00  79  46 1153000 1577000   300 9.95
-1.976 0.0376 38.00 44.00  79  46 1153000 1577000   300 9.95
-1.965 0.0378 37.96 44.00  79  46 1153000 1577000   300 9.95
-1.953 0.0377 37.94 44.00  79  46 1153000 1577000   300 9.95
-1.941 0.0382 37.92 44.00  79  46 1153000 1577000   300 9.95
-1.929 0.0380 37.92 44.00  79  46 1153000 1577000   300 9.95
-1.917 0.0381 37.93 44.00  79  46 1153000 1577000   300 9.95
-1.906 0.0374 37.94 44.00  79  46 1153000 1577000   300 9.95
-1.894 0.0383 37.97 44.00  79  46 1153000 1577000   300 9.95
-1.882 0.0380 38.01 44.00  79  46 1153000 1577000   300 9.95
-1.870 0.0377 38.06 44.00  79  46 1153000 1577000   300 9.95
-1.858 0.0376 38.12 44.00  79  46 1153000 1577000   300 9.95
-1.847 0.0382 38.19 44.00  79  46 1153000 1577000   300 9.95
-1.835 0.0388 38.27 44.00  79  46 1153000 1577000   300 9.95
-1.823 0.0387 38.36 44.00  79  46 1153000 1577000   300 9.95
-1.811 0.0380 38.46 44.00  79  46 1153000 1577000   300 9.95
-1.800 0.0387 38.57 44.00  79  46 1153000 1577000   300 9.95
-1.788 0.0388 38.68 44.00  79  46 1153000 1577000   300 9.95
-1.776 0.0384 38.79 44.00  79  46 1153000 1577000   300 9.95
-1.764 0.0391 38.91 44.00  79  46 1153000 1577000   300 9.95
-1.752 0.0388 39.03 44.00  79  46 1153000 1577000   300 9.95
-1.741 0.0395 39.14 44.00  79  46 1153000 1577000   300 9.95
-1.729 0.0399 39.26 44.00  79  46 1153000 1577000   300 9.95
-1.717 0.0391 39.37 44.00  79  46 1153000 1577000   300 9.95
-1.705 0.0396 39.48 44.00  79  46 1153000 1577000   300 9.95
-1.693 0.0388 39.59 44.00  79  46 1153000 1577000   300 9.95
-1.682 0.0397 39.70 44.00  79  46 1153000 1577000   300 9.95
-1.670 0.0402 39.81 44.00  79  46 1153000 1577000   300 9.95
-1.658 0.0399 39.91 44.00  79  46 1153000 1577000   300 9.95
-1.646 0.0407 40.01 44.00  79  46 1153000 1577000   300 9.95
-1.634 0.0398 40.11 44.00  79  46 1153000 1577000   300 9.95
-1.623 0.0400 40.20 44.00  79  46 1153000 1577000   300 9.95
-1.611 0.0405 40.29 44.00  79  46 1153000 1577000   300 9.95
-1.599 0.0406 40.38 44.00  79  46 1153000 1577000   300 9.95
-1.587 0.0397 40.46 44.00  79  46 1153000 1577000   300 9.95
-1.575 0.0408 40.54 44.00  79  46 1153000 1577000   300 9.95
-1.564 0.0400 40.60 44.00  79  46 1153000 1577000   300 9.95
-1.552 0.0411 40.66 44.00  79  46 1153000 1577000   300 9.95
-1.540 0.0401 40.71 44.00  79  46 1153000 1577000   300 9.95
-1.528 0.0407 40.75 44.00  79  46 1153000 1577000   300 9.95
-1.517 0.0412 40.77 44.00  79  46 1153000 1577000   300 9.95
-1.505 0.0413 40.79 44.00  79  46 1153000 1577000   300 9.95
-1.493 0.0410 40.79 44.00  79  46 1153000 1577000   300 9.95
-1.481 0.0408 40.79 44.00  79  46 1153000 1577000   300 9.95
-1.469 0.0408 40.77 44.00  79  46 1153000 1577000   300 9.95
-1.458 0.0410 40.74 44.00  79  46 1153000 1577000   300 9.95
-1.446 0.0408 40.71 44.00  79  46 1153000 1577000   300 9.95
-1.434 0.0405 40.67 44.00  79  46 1153000 1577000   300 9.95
-1.422 0.0404 40.64 44.00  79  46 1153000 1577000   300 9.95
-1.410 0.0412 40.61 44.00  79  46 1153000 1577000   300 9.95
-1.399 0.0405 40.57 44.00  79  46 1153000 1577000   300 9.95
-1.387 0.0406 40.55 44.00  79  46 1153000 1577000   300 9.95
-1.375 0.0405 40.52 44.00  79  46 1153000 1577000   300 9.95
-1.363 0.0404 40.50 44.00  79  46 1153000 1577000   300 9.95
-1.351 0.0397 40.49 44.00  79  46 1153000 1577000   300 9.95
-1.340 0.0399 40.47 44.00  79  46 1153000 1577000   300 9.95
-1.328 0.0399 40.47 44.00  79  46 1153000 1577000   300 9.95
-1.316 0.0408 40.47 44.00  79  46 1153000 1577000   300 9.95
-1.304 0.0406 40.47 44.00  79  46 1153000 1577000   300 9.95
-1.292 0.0403 40.47 44.00  79  46 1153000 1577000   300 9.95
-1.281 0.0404 40.47 44.00  79  46 1153000 1577000   300 9.95
-1.269 0.0401 40.47 44.00  79  46 1153000 1577000   300 9.95
-1.257 0.0406 40.47 44.00  79  46 1153000 1577000   300 9.95
-1.245 0.0404 40.47 44.00  79  46 1153000 1577000   300 9.95
-1.233 0.0417 40.46 44.00  79  46 1153000 1577000   300 9.95
-1.222 0.0410 40.45 44.00  79  46 1153000 1577000   300 9.95
-1.210 0.0410 40.43 44.00  79  46 1153000 1577000   300 9.95
-1.198 0.0402 40.41 44.00  79  46 1153000 1577000   300 9.95
-1.186 0.0401 40.39 44.00  79  46 1153000 1577000   300 9.95
-1.175 0.0404 40.35 44.00  79  46 1153000 1577000   300 9.95
-1.163 0.0405 40.32 44.00  79  46 1153000 1577000   300 9.95
-1.151 0.0400 40.28 44.00  79  46 1153000 1577000   300 9.95
-1.139 0.0393 40.23 44.00  79  46 1153000 1577000   300 9.95
-1.127 0.0408 40.17 44.00  79  46 1153000 1577000   300 9.95
-1.116 0.0401 40.11 44.00  79  46 1153000 1577000   300 9.95
-1.104 0.0396 40.05 44.00  79  46 1153000 1577000   300 9.95
-1.092 0.0397 39.99 44.00  79  46 1153000 1577000   300 9.95
-1.080 0.0397 39.93 44.00  79  46 1153000 1577000   300 9.95
-1.068 0.0402 39.88 44.00  79  46 1153000 1577000   300 9.95
-1.057 0.0400 39.83 44.00  79  46 1153000 1577000   300 9.95
-1.045 0.0396 39.79 44.00  79  46 1153000 1577000   300 9.95
-1.033 0.0400 39.75 44.00  79  46 1153000 1577000   300 9.95
-1.021 0.0399 39.72 44.00  79  46 1153000 1577000   300 9.95
-1.009 0.0400 39.70 44.00  79  46 1153000 1577000   300 9.95
-0.998 0.0395 39.68 44.00  79  46 1153000 1577000   300 9.95
-0.986 0.0397 39.67 44.00  79  46 1153000 1577000   300 9.95
-0.974 0.0392 39.66 44.00  79  46 1153000 1577000   300 9.95
-0.962 0.0405 39.65 44.00  79  46 1153000 1577000   300 9.95
-0.950 0.0395 39.64 44.00  79  46 1153000 1577000   300 9.95
-0.939 0.0391 39.64 44.00  79  46 1153000 1577000   300 9.95
-0.927 0.0392 39.63 44.00  79  46 1153000 1577000   300 9.95
-0.915 0.0392 39.62 44.00  79  46 1153000 1577000   300 9.95
-0.903 0.0395 39.61 44.00  79  46 1153000 1577000   300 9.95
-0.892 0.0401 39.60 44.00  79  46 1153000 1577000   300 9.95
-0.880 0.0395 39.58 44.00  79  46 1153000 1577000   300 9.95
-0.868 0.0399 39.56 44.00  79  46 1153000 1577000   300 9.95
-0.856 0.0395 39.55 44.00  79  46 1153000 1577000   300 9.95
-0.844 0.0399 39.53 44.00  79  46 1153000 1577000   300 9.95
-0.833 0.0393 39.50 44.00  79  46 1153000 1577000   300 9.95
-0.821 0.0393 39.48 44.00  79  46 1153000 1577000   300 9.95
-0.809 0.0393 39.45 44.00  79  46 1153000 1577000   300 9.95
-0.797 0.0401 39.43 44.00  79  46 1153000 1577000   300 9.95
-0.785 0.0391 39.39 44.00  79  46 1153000 1577000   300 9.95
-0.774 0.0401 39.35 44.00  79  46 1153000 1577000   300 9.95
-0.762 0.0395 39.31 44.00  79  46 1153000 1577000   300 9.95
-0.750 0.0386 39.26 44.00  79  46 1153000 1577000   300 9.95
-0.738 0.0394 39.21 44.00  79  46 1153000 1577000   300 9.95
-0.726 0.0390 39.16 44.00  79  46 1153000 1577000   300 9.95
-0.715 0.0381 39.10 44.00  79  46 1153000 1577000   300 9.95
-0.703 0.0396 39.05 44.00  79  46 1153000 1577000   300 9.95
-0.691 0.0389 39.00 44.00  79  46 1153000 1577000   300 9.95
-0.679 0.0388 38.96 44.00  79  46 1153000 1577000   300 9.95
-0.667 0.0392 38.93 44.00  79  46 1153000 1577000   300 9.95
-0.656 0.0391 38.90 44.00  79  46 1153000 1577000   300 9.95
-0.644 0.0384 38.87 44.00  79  46 1153000 1577000   300 9.95
-0.632 0.0388 38.84 44.00  79  46 1153000 1577000   300 9.95
-0.620 0.0394 38.81 44.00  79  46 1153000 1577000   300 9.95
-0.608 0.0381 38.78 44.00  79  46 1153000 1577000   300 9.95
-0.597 0.0389 38.76 44.00  79  46 1153000 1577000   300 9.95
-0.585 0.0387 38.74 44.00  79  46 1153000 1577000   300 9.95
-0.574 0.0385 38.71 44.00  79  46 1153000 1577000   300 9.95
-0.563 0.0385 38.69 44.00  79  46 1153000 1577000   300 9.95
-0.552 0.0388 38.66 44.00  79  46 1153000 1577000   300 9.95
-0.542 0.0392 38.63 44.00  79  46 1153000 1577000   300 9.95
-0.533 0.0382 38.60 44.00  79  46 1153000 1577000   300 9.95
-0.523 0.0390 38.57 44.00  79  46 1153000 1577000   300 9.95
-0.515 0.0387 38.53 44.00  79  46 1153000 1577000   300 9.95
-0.506 0.0392 38.50 44.00  79  46 1153000 1577000   300 9.95
-0.498 0.0374 38.47 44.00  79  46 1153000 1577000   300 9.95
-0.490 0.0390 38.44 44.00  79  46 1153000 1577000   300 9.95
-0.483 0.0386 38.41 44.00  79  46 1153000 1577000   300 9.95
-0.475 0.0379 38.38 44.00  79  46 1153000 1577000   300 9.95
-0.469 0.0370 38.34 44.00  79  46 1153000 1577000   300 9.95
-0.462 0.0385 38.31 44.00  79  46 1153000 1577000   300 9.95
-0.456 0.0391 38.27 44.00  79  46 1153000 1577000   300 9.95
-0.450 0.0386 38.24 44.00  79  46 1153000 1577000   300 9.95
-0.444 0.0392 38.20 44.00  79  46 1153000 1577000   300 9.95
-0.438 0.0376 38.18 44.00  79  46 1153000 1577000   300 9.95
-0.433 0.0354 38.16 44.00  79  46 1153000 1577000   300 9.95
-0.428 0.0396 38.14 44.00  79  46 1153000 1577000   300 9.95
-0.423 0.0384 38.12 44.00  79  46 1153000 1577000   300 9.95
-0.418 0.0383 38.10 44.00  79  46 1153000 1577000   300 9.95
-0.413 0.0386 38.09 44.00  79  46 1153000 1577000   300 9.95
-0.409 0.0381 38.08 44.00  79  46 1153000 1577000   300 9.95
-0.405 0.0384 38.07 44.00  79  46 1153000 1577000   300 9.95
-0.401 0.0376 38.07 44.00  79  46 1153000 1577000   300 9.95
-0.397 0.0373 38.08 44.00  79  46 1153000 1577000   300 9.95
-0.393 0.0391 38.09 44.00  79  46 1153000 1577000   300 9.95
-0.389 0.0373 38.10 44.00  79  46 1153000 1577000   300 9.95
-0.386 0.0377 38.12 44.00  79  46 1153000 1577000   300 9.95
-0.383 0.0375 38.14 44.00  79  46 1153000 1577000   300 9.95
-0.380 0.0389 38.15 44.00  79  46 1153000 1577000   300 9.95
-0.377 0.0403 38.17 44.00  79  46 1153000 1577000   300 9.95
-0.374 0.0376 38.19 44.00  79  46 1153000 1577000   300 9.95
-0.371 0.0356 38.22 44.00  79  46 1153000 1577000   300 9.95
-0.368 0.0402 38.26 44.00  79  46 1153000 1577000   300 9.95
-0.366 0.0386 38.30 44.00  79  46 1153000 1577000   300 9.95
-0.363 0.0369 38.35 44.00  79  46 1153000 1577000   300 9.95
-0.361 0.0370 38.41 44.00  79  46 1153000 1577000   300 9.95
-0.358 0.0389 38.47 44.00  79  46 1153000 1577000   300 9.95
-0.356 0.0415 38.54 44.00  79  46 1153000 1577000   300 9.95
-0.354 0.0381 38.61 44.00  79  46 1153000 1577000   300 9.95
-0.351 0.0380 38.67 44.00  79  46 1153000 1577000   300 9.95
-0.349 0.0399 38.73 44.00  79  46 1153000 1577000   300 9.95
-0.347 0.0369 38.78 44.00  79  46 1153000 1577000   300 9.95
-0.344 0.0375 38.82 44.00  79  46 1153000 1577000   300 9.95
-0.342 0.0410 38.85 44.00  79  46 1153000 1577000   300 9.95
-0.340 0.0388 38.87 44.00  79  46 1153000 1577000   300 9.95
-0.337 0.0376 38.87 44.00  79  46 1153000 1577000   300 9.95
-0.335 0.0365 38.87 44.00  79  46 1153000 1577000   300 9.95
-0.333 0.0411 38.85 44.00  79  46 1153000 1577000   300 9.95
-0.330 0.0410 38.82 44.00  79  46 1153000 1577000   300 9.95
-0.328 0.0388 38.78 44.00  79  46 1153000 1577000   300 9.95
-0.325 0.0404 38.72 44.00  79  46 1153000 1577000   300 9.95
-0.323 0.0383 38.65 44.00  79  46 1153000 1577000   300 9.95
-0.321 0.0380 38.57 44.00  79  46 1153000 1577000   300 9.95
-0.318 0.0378 38.49 44.00  79  46 1153000 1577000   300 9.95
-0.316 0.0378 38.40 44.00  79  46 1153000 1577000   300 9.95
-0.314 0.0379 38.31 44.00  79  46 1153000 1577000   300 9.95
-0.311 0.0391 38.22 44.00  79  46 1153000 1577000   300 9.95
-0.309 0.0374 38.14 44.00  79  46 1153000 1577000   300 9.95
-0.307 0.0392 38.07 44.00  79  46 1153000 1577000   300 9.95
-0.304 0.0379 38.00 44.00  79  46 1153000 1577000   300 9.95
-0.302 0.0362 37.94 44.00  79  46 1153000 1577000   300 9.95
-0.300 0.0371 37.89 44.00  79  46 1153000 1577000   300 9.95
-0.297 0.0397 37.85 44.00  79  46 1153000 1577000   300 9.95
-0.295 0.0379 37.83 44.00  79  46 1153000 1577000   300 9.95
-0.292 0.0361 37.82 44.00  79  46 1153000 1577000   300 9.95
-0.290 0.0388 37.84 44.00  79  46 1153000 1577000   300 9.95
-0.288 0.0377 37.86 44.00  79  46 1153000 1577000   300 9.95
-0.285 0.0371 37.91 44.00  79  46 1153000 1577000   300 9.95
-0.283 0.0375 37.96 44.00  79  46 1153000 1577000   300 9.95
-0.281 0.0380 38.03 44.00  79  46 1153000 1577000   300 9.95
-0.278 0.0395 38.09 44.00  79  46 1153000 1577000   300 9.95
-0.276 0.0372 38.14 44.00  79  46 1153000 1577000   300 9.95
-0.274 0.0401 38.20 44.00  79  46 1153000 1577000   300 9.95
-0.271 0.0360 38.26 44.00  79  46 1153000 1577000   300 9.95
-0.269 0.0407 38.32 44.00  79  46 1153000 1577000   300 9.95
-0.267 0.0385 38.39 44.00  79  46 1153000 1577000   300 9.95
-0.264 0.0380 38.45 44.00  79  46 1153000 1577000   300 9.95
-0.262 0.0386 38.51 44.00  79  46 1153000 1577000   300 9.95
-0.259 0.0366 38.57 44.00  79  46 1153000 1577000   300 9.95
-0.257 0.0400 38.62 44.00  79  46 1153000 1577000   300 9.95
-0.255 0.0384 38.66 44.00  79  46 1153000 1577000   300 9.95
-0.252 0.0369 38.70 44.00  79  46 1153000 1577000   300 9.95
-0.250 0.0403 38.72 44.00  79  46 1153000 1577000   300 9.95
-0.248 0.0402 38.75 44.00  79  46 1153000 1577000   300 9.95
-0.245 0.0394 38.77 44.00  79  46 1153000 1577000   300 9.95
-0.243 0.0377 38.79 44.00  79  46 1153000 1577000   300 9.95
-0.241 0.0383 38.81 44.00  79  46 1153000 1577000   300 9.95
-0.238 0.0377 38.83 44.00  79  46 1153000 1577000   300 9.95
-0.236 0.0391 38.86 44.00  79  46 1153000 1577000   300 9.95
-0.233 0.0388 38.90 44.00  79  46 1153000 1577000   300 9.95
-0.231 0.0411 38.94 44.00  79  46 1153000 1577000   300 9.95
-0.229 0.0399 38.99 44.00  79  46 1153000 1577000   300 9.95
-0.226 0.0371 39.05 44.00  79  46 1153000 1577000   300 9.95
-0.224 0.0387 39.11 44.00  79  46 1153000 1577000   300 9.95
-0.222 0.0391 39.17 44.00  79  46 1153000 1577000   300 9.95
-0.219 0.0400 39.24 44.00  79  46 1153000 1577000   300 9.95
-0.217 0.0394 39.31 44.00  79  46 1153000 1577000   300 9.95
-0.215 0.0392 39.38 44.00  79  46 1153000 1577000   300 9.95
-0.212 0.0369 39.46 44.00  79  46 1153000 1577000   300 9.95
-0.210 0.0390 39.54 44.00  79  46 1153000 1577000   300 9.95
-0.208 0.0420 39.62 44.00  79  46 1153000 1577000   300 9.95
-0.205 0.0392 39.69 44.00  79  46 1153000 1577000   300 9.95
-0.203 0.0414 39.76 44.00  79  46 1153000 1577000   300 9.95
-0.200 0.0377 39.82 44.00  79  46 1153000 1577000   300 9.95
-0.198 0.0425 39.87 44.00  79  46 1153000 1577000   300 9.95
-0.196 0.0380 39.91 44.00  79  46 1153000 1577000   300 9.95
-0.193 0.0395 39.94 44.00  79  46 1153000 1577000   300 9.95
-0.191 0.0419 39.97 44.00  79  46 1153000 1577000   300 9.95
-0.189 0.0399 39.98 44.00  79  46 1153000 1577000   300 9.95
-0.186 0.0396 39.99 44.00  79  46 1153000 1577000   300 9.95
-0.184 0.0405 39.99 44.00  79  46 1153000 1577000   300 9.95
-0.182 0.0405 39.99 44.00  79  46 1153000 1577000   300 9.95
-0.179 0.0393 39.98 44.00  79  46 1153000 1577000   300 9.95
-0.177 0.0396 39.97 44.00  79  46 1153000 1577000   300 9.95
-0.175 0.0412 39.97 44.00  79  46 1153000 1577000   300 9.95
-0.172 0.0400 39.97 44.00  79  46 1153000 1577000   300 9.95
-0.170 0.0384 39.99 44.00  79  46 1153000 1577000   300 9.95
-0.167 0.0408 40.01 44.00  79  46 1153000 1577000   300 9.95
-0.165 0.0370 40.04 44.00  79  46 1153000 1577000   300 9.95
-0.163 0.0421 40.08 44.00  79  46 1153000 1577000   300 9.95
-0.160 0.0404 40.12 44.00  79  46 1153000 1577000   300 9.95
-0.158 0.0393 40.18 44.00  79  46 1153000 1577000   300 9.95
-0.156 0.0396 40.23 44.00  79  46 1153000 1577000   300 9.95
-0.153 0.0406 40.28 44.00  79  46 1153000 1577000   300 9.95
-0.151 0.0400 40.34 44.00  79  46 1153000 1577000   300 9.95
-0.149 0.0410 40.39 44.00  79  46 1153000 1577000   300 9.95
-0.146 0.0392 40.43 44.00  79  46 1153000 1577000   300 9.95
-0.144 0.0409 40.47 44.00  79  46 1153000 1577000   300 9.95
-0.142 0.0429 40.50 44.00  79  46 1153000 1577000   300 9.95
-0.139 0.0400 40.52 44.00  79  46 1153000 1577000   300 9.95
-0.137 0.0406 40.53 44.00  79  46 1153000 1577000   300 9.95
-0.134 0.0422 40.53 44.00  79  46 1153000 1577000   300 9.95
-0.132 0.0402 40.52 44.00  79  46 1153000 1577000   300 9.95
-0.130 0.0404 40.49 44.00  79  46 1153000 1577000   300 9.95
-0.127 0.0398 40.46 44.00  79  46 1153000 1577000   300 9.95
-0.125 0.0396 40.43 44.00  79  46 1153000 1577000   300 9.95
-0.123 0.0409 40.39 44.00  79  46 1153000 1577000   300 9.95
-0.120 0.0399 40.35 44.00  79  46 1153000 1577000   300 9.95
-0.118 0.0394 40.32 44.00  79  46 1153000 1577000   300 9.95
-0.116 0.0434 40.29 44.00  79  46 1153000 1577000   300 9.95
-0.113 0.0381 40.27 44.00  79  46 1153000 1577000   300 9.95
-0.111 0.0414 40.26 44.00  79  46 1153000 1577000   300 9.95
-0.108 0.0383 40.26 44.00  79  46 1153000 1577000   300 9.95
-0.106 0.0385 40.27 44.00  79  46 1153000 1577000   300 9.95
-0.104 0.0421 40.29 44.00  79  46 1153000 1577000   300 9.95
-0.101 0.0403 40.33 44.00  79  46 1153000 1577000   300 9.95
-0.099 0.0417 40.38 44.00  79  46 1153000 1577000   300 9.95
-0.097 0.0376 40.43 44.00  79  46 1153000 1577000   300 9.95
-0.094 0.0405 40.50 44.00  79  46 1153000 1577000   300 9.95
-0.092 0.0439 40.57 44.00  79  46 1153000 1577000   300 9.95
-0.090 0.0377 40.65 44.00  79  46 1153000 1577000   300 9.95
-0.087 0.0427 40.72 44.00  79  46 1153000 1577000   300 9.95
-0.085 0.0407 40.80 44.00  79  46 1153000 1577000   300 9.95
-0.083 0.0401 40.87 44.00  79  46 1153000 1577000   300 9.95
-0.080 0.0412 40.93 44.00  79  46 1153000 1577000   300 9.95
-0.078 0.0426 40.97 44.00  79  46 1153000 1577000   300 9.95
-0.075 0.0387 41.00 44.00  79  46 1153000 1577000   300 9.95
-0.073 0.0407 41.00 44.00  79  46 1153000 1577000   300 9.95
-0.071 0.0422 40.99 44.00  79  46 1153000 1577000   300 9.95
-0.068 0.0409 40.96 44.00  79  46 1153000 1577000   300 9.95
-0.066 0.0415 40.92 44.00  79  46 1153000 1577000   300 9.95
-0.064 0.0401 40.86 44.00  79  46 1153000 1577000   300 9.95
-0.061 0.0410 40.79 44.00  79  46 1153000 1577000   300 9.95
-0.059 0.0421 40.70 44.00  79  46 1153000 1577000   300 9.95
-0.057 0.0392 40.62 44.00  79  46 1153000 1577000   300 9.95
-0.054 0.0424 40.54 44.00  79  46 1153000 1577000   300 9.95
-0.052 0.0394 40.47 44.00  79  46 1153000 1577000   300 9.95
-0.050 0.0417 40.39 44.00  79  46 1153000 1577000   300 9.95
-0.047 0.0430 40.32 44.00  79  46 1153000 1577000   300 9.95
-0.045 0.0364 40.26 44.00  79  46 1153000 1577000   300 9.95
-0.042 0.0403 40.19 44.00  79  46 1153000 1577000   300 9.95
-0.040 0.0382 40.12 44.00  79  46 1153000 1577000   300 9.95
-0.038 0.0391 40.05 44.00  79  46 1153000 1577000   300 9.95
-0.035 0.0397 39.97 44.00  79  46 1153000 1577000   300 9.95
-0.033 0.0416 39.90 44.00  79  46 1153000 1577000   300 9.95
-0.031 0.0396 39.82 44.00  79  46 1153000 1577000   300 9.95
-0.028 0.0395 39.74 44.00  79  46 1153000 1577000   300 9.95
-0.026 0.0410 39.66 44.00  79  46 1153000 1577000   300 9.95
-0.024 0.0400 39.59 44.00  79  46 1153000 1577000   300 9.95
-0.021 0.0392 39.52 44.00  79  46 1153000 1577000   300 9.95
-0.019 0.0372 39.46 44.00  79  46 1153000 1577000   300 9.95
-0.017 0.0408 39.41 44.00  79  46 1153000 1577000   300 9.95
-0.014 0.0416 39.38 44.00  79  46 1153000 1577000   300 9.95
-0.012 0.0422 39.35 44.00  79  46 1153000 1577000   300 9.95
-0.009 0.0367 39.32 44.00  79  46 1153000 1577000   300 9.95
-0.007 0.0375 39.28 44.00  79  46 1153000 1577000   300 9.95
-0.005 0.0376 39.22 44.00  79  46 1153000 1577000   300 9.95
-0.002 0.0430 39.15 44.00  79  46 1153000 1577000   300 9.95
0.000 0.0357 39.07 44.00  79  46 1153000 1577000   300 9.95
0.002 0.0372 38.98 44.00  79  46 1153000 1577000   300 9.95
0.005 0.0414 38.89 44.00  79  46 1153000 1577000   300 9.95
0.007 0.0397 38.81 44.00  79  46 1153000 1577000   300 9.95
0.009 0.0366 38.76 44.00  79  46 1153000 1577000   300 9.95
0.012 0.0376 38.73 44.00  79  46 1153000 1577000   300 9.95
0.014 0.0403 38.72 44.00  79  46 1153000 1577000   300 9.95
0.017 0.0391 38.70 44.00  79  46 1153000 1577000   300 9.95
0.019 0.0382 38.66 44.00  79  46 1153000 1577000   300 9.95
0.021 0.0389 38.58 44.00  79  46 1153000 1577000   300 9.95
0.024 0.0409 38.45 44.00  79  46 1153000 1577000   300 9.95
0.026 0.0397 38.27 44.00  79  46 1153000 1577000   300 9.95
0.028 0.0348 38.04 44.00  79  46 1153000 1577000   300 9.95
0.031 0.0354 37.75 44.00  79  46 1153000 1577000   300 9.95
0.033 0.0357 37.42 44.00  79  46 1153000 1577000   300 9.95
0.035 0.0396 37.04 44.00  79  46 1153000 1577000   300 9.95
0.038 0.0363 36.62 44.00  79  46 1153000 1577000   300 9.95
0.040 0.0382 36.19 44.00  79  46 1153000 1577000   300 9.95
0.042 0.0384 35.75 44.00  79  46 1153000 1577000   300 9.95
0.045 0.0388 35.33 44.00  79  46 1153000 1577000   300 9.95
0.047 0.0364 34.93 44.00  79  46 1153000 1577000   300 9.95
0.050 0.0351 34.54 44.00  79  46 1153000 1577000   300 9.95
0.052 0.0348 34.18 44.00  79  46 1153000 1577000   300 9.95
0.054 0.0329 33.84 44.00  79  46 1153000 1577000   300 9.95
0.057 0.0287 33.51 44.00  79  46 1153000 1577000   300 9.95
0.059 0.0308 33.20 44.00  79  46 1153000 1577000   300 9.95
0.061 0.0264 32.89 44.00  79  46 1153000 1577000   300 9.95
0.064 0.0303 32.60 44.00  79  46 1153000 1577000   300 9.95
0.066 0.0315 32.31 44.00  79  46 1153000 1577000   300 9.95
0.068 0.0367 32.03 44.00  79  46 1153000 1577000   300 9.95
0.071 0.0323 31.77 44.00  79  46 1153000 1577000   300 9.95
0.073 0.0328 31.52 44.00  79  46 1153000 1577000   300 9.95
0.075 0.0318 31.28 44.00  79  46 1153000 1577000   300 9.95
0.078 0.0301 31.08 44.00  79  46 1153000 1577000   300 9.95
0.080 0.0341 30.91 44.00  79  46 1153000 1577000   300 9.95
0.083 0.0332 30.77 44.00  79  46 1153000 1577000   300 9.95
0.085 0.0324 30.65 44.00  79  46 1153000 1577000   300 9.95
0.087 0.0321 30.53 44.00  79  46 1153000 1577000   300 9.95
0.090 0.0296 30.41 44.00  79  46 1153000 1577000   300 9.95
0.092 0.0256 30.28 44.00  79  46 1153000 1577000   300 9.95
0.094 0.0322 30.14 44.00  79  46 1153000 1577000   300 9.95
0.097 0.0296 29.99 44.00  79  46 1153000 1577000   300 9.95
0.099 0.0283 29.82 44.00  79  46 1153000 1577000   300 9.95
0.101 0.0296 29.65 44.00  79  46 1153000 1577000   300 9.95
0.104 0.0268 29.47 44.00  79  46 1153000 1577000   300 9.95
0.106 0.0298 29.30 44.00  79  46 1153000 1577000   300 9.95
0.108 0.0292 29.17 44.00  79  46 1153000 1577000   300 9.95
0.111 0.0287 29.08 44.00  79  46 1153000 1577000   300 9.95
0.113 0.0308 29.04 44.00  79  46 1153000 1577000   300 9.95
0.116 0.0268 29.06 44.00  79  46 1153000 1577000   300 9.95
0.118 0.0313 29.11 44.00  79  46 1153000 1577000   300 9.95
0.120 0.0292 29.20 44.00  79  46 1153000 1577000   300 9.95
0.123 0.0298 29.30 44.00  79  46 1153000 1577000   300 9.95
0.125 0.0283 29.42 44.00  79  46 1153000 1577000   300 9.95
0.127 0.0290 29.54 44.00  79  46 1153000 1577000   300 9.95
0.130 0.0287 29.66 44.00  79  46 1153000 1577000   300 9.95
0.132 0.0322 29.77 44.00  79  46 1153000 1577000   300 9.95
0.134 0.0323 29.86 44.00  79  46 1153000 1577000   300 9.95
0.137 0.0298 29.95 44.00  79  46 1153000 1577000   300 9.95
0.139 0.0310 30.05 44.00  79  46 1153000 1577000   300 9.95
0.142 0.0263 30.15 44.00  79  46 1153000 1577000   300 9.95
0.144 0.0259 30.27 44.00  79  46 1153000 1577000   300 9.95
0.146 0.0307 30.40 44.00  79  46 1153000 1577000   300 9.95
0.149 0.0357 30.53 44.00  79  46 1153000 1577000   300 9.95
0.151 0.0320 30.67 44.00  79  46 1153000 1577000   300 9.95
0.153 0.0305 30.81 44.00  79  46 1153000 1577000   300 9.95
0.156 0.0330 30.95 44.00  79  46 1153000 1577000   300 9.95
0.158 0.0302 31.07 44.00  79  46 1153000 1577000   300 9.95
0.160 0.0294 31.19 44.00  79  46 1153000 1577000   300 9.95
0.163 0.0286 31.30 44.00  79  46 1153000 1577000   300 9.95
0.165 0.0295 31.39 44.00  79  46 1153000 1577000   300 9.95
0.167 0.0324 31.48 44.00  79  46 1153000 1577000   300 9.95
0.170 0.0321 31.56 44.00  79  46 1153000 1577000   300 9.95
0.172 0.0325 31.63 44.00  79  46 1153000 1577000   300 9.95
0.175 0.0312 31.72 44.00  79  46 1153000 1577000   300 9.95
0.177 0.0343 31.81 44.00  79  46 1153000 1577000   300 9.95
0.179 0.0351 31.92 44.00  79  46 1153000 1577000   300 9.95
0.182 0.0353 32.04 44.00  79  46 1153000 1577000   300 9.95
0.184 0.0302 32.19 44.00  79  46 1153000 1577000   300 9.95
0.186 0.0310 32.35 44.00  79  46 1153000 1577000   300 9.95
0.189 0.0302 32.53 44.00  79  46 1153000 1577000   300 9.95
0.191 0.0308 32.74 44.00  79  46 1153000 1577000   300 9.95
0.193 0.0323 32.98 44.00  79  46 1153000 1577000   300 9.95
0.196 0.0345 33.25 44.00  79  46 1153000 1577000   300 9.95
0.198 0.0333 33.54 44.00  79  46 1153000 1577000   300 9.95
0.200 0.0309 33.86 44.00  79  46 1153000 1577000   300 9.95
0.203 0.0346 34.20 44.00  79  46 1153000 1577000   300 9.95
0.205 0.0358 34.57 44.00  79  46 1153000 1577000   300 9.95
0.208 0.0347 34.97 44.00  79  46 1153000 1577000   300 9.95
0.210 0.0339 35.40 44.00  79  46 1153000 1577000   300 9.95
0.212 0.0378 35.87 44.00  79  46 1153000 1577000   300 9.95
0.215 0.0349 36.38 44.00  79  46 1153000 1577000   300 9.95
0.217 0.0379 36.91 44.00  79  46 1153000 1577000   300 9.95
0.219 0.0394 37.46 44.00  79  46 1153000 1577000   300 9.95
0.222 0.0378 38.02 44.00  79  46 1153000 1577000   300 9.95
0.224 0.0373 38.57 44.00  79  46 1153000 1577000   300 9.95
0.226 0.0389 39.08 44.00  79  46 1153000 1577000   300 9.95
0.229 0.0395 39.55 44.00  79  46 1153000 1577000   300 9.95
0.231 0.0375 39.96 44.00  79  46 1153000 1577000   300 9.95
0.233 0.0420 40.31 44.00  79  46 1153000 1577000   300 9.95
0.236 0.0424 40.61 44.00  79  46 1153000 1577000   300 9.95
0.238 0.0415 40.87 44.00  79  46 1153000 1577000   300 9.95
0.241 0.0410 41.10 44.00  79  46 1153000 1577000   300 9.95
0.243 0.0428 41.31 44.00  79  46 1153000 1577000   300 9.95
0.245 0.0429 41.49 44.00  79  46 1153000 1577000   300 9.95
0.248 0.0394 41.67 44.00  79  46 1153000 1577000   300 9.95
0.250 0.0447 41.84 44.00  79  46 1153000 1577000   300 9.95
0.252 0.0388 42.01 44.00  79  46 1153000 1577000   300 9.95
0.255 0.0432 42.18 44.00  79  46 1153000 1577000   300 9.95
0.257 0.0455 42.36 44.00  79  46 1153000 1577000   300 9.95
0.259 0.0430 42.53 44.00  79  46 1153000 1577000   300 9.95
0.262 0.0399 42.71 44.00  79  46 1153000 1577000   300 9.95
0.264 0.0430 42.89 44.00  79  46 1153000 1577000   300 9.95
0.267 0.0398 43.06 44.00  79  46 1153000 1577000   300 9.95
0.269 0.0394 43.21 44.00  79  46 1153000 1577000   300 9.95
0.271 0.0426 43.34 44.00  79  46 1153000 1577000   300 9.95
0.274 0.0431 43.46 44.00  79  46 1153000 1577000   300 9.95
0.276 0.0462 43.59 44.00  79  46 1153000 1577000   300 9.95
0.278 0.0434 43.72 44.00  79  46 1153000 1577000   300 9.95
0.281 0.0453 43.88 44.00  79  46 1153000 1577000   300 9.95
0.283 0.0470 44.05 44.00  79  46 1153000 1577000   300 9.95
0.285 0.0453 44.23 44.00  79  46 1153000 1577000   300 9.95
0.288 0.0471 44.42 44.00  79  46 1153000 1577000   300 9.95
0.290 0.0433 44.63 44.00  79  46 1153000 1577000   300 9.95
0.292 0.0451 44.85 44.00  79  46 1153000 1577000   300 9.95
0.295 0.0449 45.10 44.00  79  46 1153000 1577000   300 9.95
0.297 0.0451 45.35 44.00  79  46 1153000 1577000   300 9.95
0.300 0.0451 45.60 44.00  79  46 1153000 1577000   300 9.95
0.302 0.0422 45.86 44.00  79  46 1153000 1577000   300 9.95
0.304 0.0483 46.11 44.00  79  46 1153000 1577000   300 9.95
0.307 0.0443 46.35 44.00  79  46 1153000 1577000   300 9.95
0.309 0.0399 46.57 44.00  79  46 1153000 1577000   300 9.95
0.311 0.0501 46.78 44.00  79  46 1153000 1577000   300 9.95
0.314 0.0446 46.98 44.00  79  46 1153000 1577000   300 9.95
0.316 0.0473 47.16 44.00  79  46 1153000 1577000   300 9.95
0.318 0.0541 47.35 44.00  79  46 1153000 1577000   300 9.95
0.321 0.0474 47.54 44.00  79  46 1153000 1577000   300 9.95
0.323 0.0475 47.74 44.00  79  46 1153000 1577000   300 9.95
0.325 0.0479 47.93 44.00  79  46 1153000 1577000   300 9.95
0.328 0.0466 48.11 44.00  79  46 1153000 1577000   300 9.95
0.330 0.0504 48.26 44.00  79  46 1153000 1577000   300 9.95
0.333 0.0506 48.39 44.00  79  46 1153000 1577000   300 9.95
0.335 0.0496 48.49 44.00  79  46 1153000 1577000   300 9.95
0.337 0.0519 48.56 44.00  79  46 1153000 1577000   300 9.95
0.340 0.0440 48.61 44.00  79  46 1153000 1577000   300 9.95
0.342 0.0468 48.64 44.00  79  46 1153000 1577000   300 9.95
0.344 0.0487 48.65 44.00  79  46 1153000 1577000   300 9.95
0.347 0.0492 48.66 44.00  79  46 1153000 1577000   300 9.95
0.349 0.0503 48.67 44.00  79  46 1153000 1577000   300 9.95
0.351 0.0446 48.68 44.00  79  46 1153000 1577000   300 9.95
0.354 0.0465 48.71 44.00  79  46 1153000 1577000   300 9.95
0.356 0.0488 48.76 44.00  79  46 1153000 1577000   300 9.95
0.358 0.0495 48.84 44.00  79  46 1153000 1577000   300 9.95
0.361 0.0496 48.95 44.00  79  46 1153000 1577000   300 9.95
0.363 0.0509 49.08 44.00  79  46 1153000 1577000   300 9.95
0.366 0.0515 49.24 44.00  79  46 1153000 1577000   300 9.95
0.368 0.0481 49.41 44.00  79  46 1153000 1577000   300 9.95
0.370 0.0468 49.59 44.00  79  46 1153000 1577000   300 9.95
0.373 0.0488 49.78 44.00  79  46 1153000 1577000   300 9.95
0.375 0.0494 49.97 44.00  79  46 1153000 1577000   300 9.95
0.377 0.0529 50.16 44.00  79  46 1153000 1577000   300 9.95
0.380 0.0499 50.34 44.00  79  46 1153000 1577000   300 9.95
0.382 0.0530 50.50 44.00  79  46 1153000 1577000   300 9.95
0.384 0.0496 50.62 44.00  79  46 1153000 1577000   300 9.95
0.387 0.0503 50.70 44.00  79  46 1153000 1577000   300 9.95
0.389 0.0492 50.75 44.00  79  46 1153000 1577000   300 9.95
0.392 0.0503 50.77 44.00  79  46 1153000 1577000   300 9.95
0.394 0.0535 50.76 44.00  79  46 1153000 1577000   300 9.95
0.396 0.0506 50.72 44.00  79  46 1153000 1577000   300 9.95
0.399 0.0501 50.65 44.00  79  46 1153000 1577000   300 9.95
0.401 0.0507 50.56 44.00  79  46 1153000 1577000   300 9.95
0.403 0.0516 50.47 44.00  79  46 1153000 1577000   300 9.95
0.406 0.0519 50.37 44.00  79  46 1153000 1577000   300 9.95
0.408 0.0477 50.26 44.00  79  46 1153000 1577000   300 9.95
0.410 0.0521 50.14 44.00  79  46 1153000 1577000   300 9.95
0.413 0.0519 50.02 44.00  79  46 1153000 1577000   300 9.95
0.415 0.0489 49.89 44.00  79  46 1153000 1577000   300 9.95
0.417 0.0484 49.78 44.00  79  46 1153000 1577000   300 9.95
0.420 0.0490 49.67 44.00  79  46 1153000 1577000   300 9.95
0.422 0.0477 49.58 44.00  79  46 1153000 1577000   300 9.95
0.425 0.0497 49.49 44.00  79  46 1153000 1577000   300 9.95
0.427 0.0493 49.40 44.00  79  46 1153000 1577000   300 9.95
0.429 0.0482 49.32 44.00  79  46 1153000 1577000   300 9.95
0.432 0.0504 49.25 44.00  79  46 1153000 1577000   300 9.95
0.434 0.0484 49.20 44.00  79  46 1153000 1577000   300 9.95
0.436 0.0498 49.16 44.00  79  46 1153000 1577000   300 9.95
0.439 0.0481 49.15 44.00  79  46 1153000 1577000   300 9.95
0.441 0.0529 49.16 44.00  79  46 1153000 1577000   300 9.95
0.443 0.0476 49.20 44.00  79  46 1153000 1577000   300 9.95
0.446 0.0495 49.25 44.00  79  46 1153000 1577000   300 9.95
0.448 0.0502 49.31 44.00  79  46 1153000 1577000   300 9.95
0.450 0.0503 49.39 44.00  79  46 1153000 1577000   300 9.95
0.453 0.0489 49.49 44.00  79  46 1153000 1577000   300 9.95
0.455 0.0484 49.61 44.00  79  46 1153000 1577000   300 9.95
0.458 0.0514 49.74 44.00  79  46 1153000 1577000   300 9.95
0.460 0.0500 49.89 44.00  79  46 1153000 1577000   300 9.95
0.462 0.0511 50.07 44.00  79  46 1153000 1577000   300 9.95
0.465 0.0448 50.27 44.00  79  46 1153000 1577000   300 9.95
0.467 0.0512 50.51 44.00  79  46 1153000 1577000   300 9.95
0.469 0.0513 50.78 44.00  79  46 1153000 1577000   300 9.95
0.472 0.0514 51.10 44.00  79  46 1153000 1577000   300 9.95
0.474 0.0555 51.45 44.00  79  46 1153000 1577000   300 9.95
0.476 0.0505 51.86 44.00  79  46 1153000 1577000   300 9.95
0.479 0.0528 52.31 44.00  79  46 1153000 1577000   300 9.95
0.481 0.0506 52.82 44.00  79  46 1153000 1577000   300 9.95
0.483 0.0528 53.39 44.00  79  46 1153000 1577000   300 9.95
0.486 0.0545 54.04 44.00  79  46 1153000 1577000   300 9.95
0.488 0.0544 54.77 44.00  79  46 1153000 1577000   300 9.95
0.491 0.0555 55.57 44.00  79  46 1153000 1577000   300 9.95
0.493 0.0595 56.47 44.00  79  46 1153000 1577000   300 9.95
0.495 0.0552 57.45 44.00  79  46 1153000 1577000   300 9.95
0.498 0.0585 58.51 44.00  79  46 1153000 1577000   300 9.95
0.500 0.0589 59.66 44.00  79  46 1153000 1577000   300 9.95
0.502 0.0616 60.88 44.00  79  46 1153000 1577000   300 9.95
0.505 0.0624 62.18 44.00  79  46 1153000 1577000   300 9.95
0.507 0.0621 63.57 44.00  79  46 1153000 1577000   300 9.95
0.509 0.0622 65.02 44.00  79  46 1153000 1577000   300 9.95
0.512 0.0642 66.55 44.00  79  46 1153000 1577000   300 9.95
0.514 0.0666 68.13 44.00  79  46 1153000 1577000   300 9.95
0.517 0.0715 69.75 44.00  79  46 1153000 1577000   300 9.95
0.519 0.0714 71.39 44.00  79  46 1153000 1577000   300 9.95
0.521 0.0720 73.04 44.00  79  46 1153000 1577000   300 9.95
0.524 0.0752 74.68 44.00  79  46 1153000 1577000   300 9.95
0.526 0.0790 76.31 44.00  79  46 1153000 1577000   300 9.95
0.528 0.0773 77.90 44.00  79  46 1153000 1577000   300 9.95
0.531 0.0805 79.46 44.00  79  46 1153000 1577000   300 9.95
0.533 0.0826 80.96 44.00  79  46 1153000 1577000   300 9.95
0.535 0.0810 82.40 44.00  79  46 1153000 1577000   300 9.95
0.538 0.0824 83.75 44.00  79  46 1153000 1577000   300 9.95
0.540 0.0863 85.00 44.00  79  46 1153000 1577000   300 9.95
0.542 0.0854 86.12 44.00  79  46 1153000 1577000   300 9.95
0.545 0.0875 87.10 44.00  79  46 1153000 1577000   300 9.95
0.547 0.0918 87.93 44.00  79  46 1153000 1577000   300 9.95
0.550 0.0888 88.61 44.00  79  46 1153000 1577000   300 9.95
0.552 0.0907 89.13 44.00  79  46 1153000 1577000   300 9.95
0.554 0.0865 89.48 44.00  79  46 1153000 1577000   300 9.95
0.557 0.0878 89.67 44.00  79  46 1153000 1577000   300 9.95
0.559 0.0914 89.69 44.00  79  46 1153000 1577000   300 9.95
0.561 0.0883 89.58 44.00  79  46 1153000 1577000   300 9.95
0.564 0.0931 89.31 44.00  79  46 1153000 1577000   300 9.95
0.566 0.0898 88.91 44.00  79  46 1153000 1577000   300 9.95
0.568 0.0890 88.37 44.00  79  46 1153000 1577000   300 9.95
0.571 0.0913 87.70 44.00  79  46 1153000 1577000   300 9.95
0.573 0.0851 86.90 44.00  79  46 1153000 1577000   300 9.95
0.575 0.0878 86.00 44.00  79  46 1153000 1577000   300 9.95
0.578 0.0828 85.00 44.00  79  46 1153000 1577000   300 9.95
0.580 0.0853 83.92 44.00  79  46 1153000 1577000   300 9.95
0.583 0.0846 82.78 44.00  79  46 1153000 1577000   300 9.95
0.585 0.0769 81.61 44.00  79  46 1153000 1577000   300 9.95
0.587 0.0821 80.43 44.00  79  46 1153000 1577000   300 9.95
0.590 0.0794 79.24 44.00  79  46 1153000 1577000   300 9.95
0.592 0.0764 78.08 44.00  79  46 1153000 1577000   300 9.95
0.594 0.0793 76.94 44.00  79  46 1153000 1577000   300 9.95
0.597 0.0729 75.83 44.00  79  46 1153000 1577000   300 9.95
0.599 0.0735 74.77 44.00  79  46 1153000 1577000   300 9.95
0.601 0.0742 73.76 44.00  79  46 1153000 1577000   300 9.95
0.604 0.0732 72.81 44.00  79  46 1153000 1577000   300 9.95
0.606 0.0707 71.95 44.00  79  46 1153000 1577000   300 9.95
0.608 0.0706 71.16 44.00  79  46 1153000 1577000   300 9.95
0.611 0.0659 70.45 44.00  79  46 1153000 1577000   300 9.95
0.613 0.0730 69.81 44.00  79  46 1153000 1577000   300 9.95
0.616 0.0681 69.23 44.00  79  46 1153000 1577000   300 9.95
0.618 0.0685 68.71 44.00  79  46 1153000 1577000   300 9.95
0.620 0.0671 68.26 44.00  79  46 1153000 1577000   300 9.95
0.623 0.0729 67.86 44.00  79  46 1153000 1577000   300 9.95
0.625 0.0661 67.53 44.00  79  46 1153000 1577000   300 9.95
0.627 0.0693 67.25 44.00  79  46 1153000 1577000   300 9.95
0.630 0.0682 67.03 44.00  79  46 1153000 1577000   300 9.95
0.632 0.0647 66.87 44.00  79  46 1153000 1577000   300 9.95
0.634 0.0676 66.78 44.00  79  46 1153000 1577000   300 9.95
0.637 0.0639 66.74 44.00  79  46 1153000 1577000   300 9.95
0.639 0.0691 66.76 44.00  79  46 1153000 1577000   300 9.95
0.642 0.0673 66.85 44.00  79  46 1153000 1577000   300 9.95
0.644 0.0622 67.00 44.00  79  46 1153000 1577000   300 9.95
0.646 0.0719 67.22 44.00  79  46 1153000 1577000   300 9.95
0.649 0.0665 67.50 44.00  79  46 1153000 1577000   300 9.95
0.651 0.0676 67.86 44.00  79  46 1153000 1577000   300 9.95
0.653 0.0652 68.28 44.00  79  46 1153000 1577000   300 9.95
0.656 0.0697 68.77 44.00  79  46 1153000 1577000   300 9.95
0.658 0.0692 69.33 44.00  79  46 1153000 1577000   300 9.95
0.660 0.0672 69.96 44.00  79  46 1153000 1577000   300 9.95
0.663 0.0739 70.66 44.00  79  46 1153000 1577000   300 9.95
0.665 0.0698 71.41 44.00  79  46 1153000 1577000   300 9.95
0.667 0.0712 72.20 44.00  79  46 1153000 1577000   300 9.95
0.670 0.0726 73.03 44.00  79  46 1153000 1577000   300 9.95
0.672 0.0744 73.89 44.00  79  46 1153000 1577000   300 9.95
0.675 0.0772 74.76 44.00  79  46 1153000 1577000   300 9.95
0.677 0.0738 75.65 44.00  79  46 1153000 1577000   300 9.95
0.679 0.0775 76.53 44.00  79  46 1153000 1577000   300 9.95
0.682 0.0777 77.40 44.00  79  46 1153000 1577000   300 9.95
0.684 0.0776 78.26 44.00  79  46 1153000 1577000   300 9.95
0.686 0.0802 79.08 44.00  79  46 1153000 1577000   300 9.95
0.689 0.0811 79.85 44.00  79  46 1153000 1577000   300 9.95
0.691 0.0783 80.58 44.00  79  46 1153000 1577000   300 9.95
0.693 0.0802 81.25 44.00  79  46 1153000 1577000   300 9.95
0.696 0.0854 81.86 44.00  79  46 1153000 1577000   300 9.95
0.698 0.0804 82.40 44.00  79  46 1153000 1577000   300 9.95
0.700 0.0848 82.88 44.00  79  46 1153000 1577000   300 9.95
0.703 0.0818 83.30 44.00  79  46 1153000 1577000   300 9.95
0.705 0.0856 83.65 44.00  79  46 1153000 1577000   300 9.95
0.708 0.0830 83.92 44.00  79  46 1153000 1577000   300 9.95
0.710 0.0845 84.13 44.00  79  46 1153000 1577000   300 9.95
0.712 0.0867 84.27 44.00  79  46 1153000 1577000   300 9.95
0.715 0.0829 84.35 44.00  79  46 1153000 1577000   300 9.95
0.717 0.0857 84.36 44.00  79  46 1153000 1577000   300 9.95
0.719 0.0880 84.30 44.00  79  46 1153000 1577000   300 9.95
0.722 0.0786 84.18 44.00  79  46 1153000 1577000   300 9.95
0.724 0.0854 84.00 44.00  79  46 1153000 1577000   300 9.95
0.726 0.0819 83.77 44.00  79  46 1153000 1577000   300 9.95
0.729 0.0863 83.50 44.00  79  46 1153000 1577000   300 9.95
0.731 0.0812 83.20 44.00  79  46 1153000 1577000   300 9.95
0.733 0.0844 82.88 44.00  79  46 1153000 1577000   300 9.95
0.736 0.0852 82.56 44.00  79  46 1153000 1577000   300 9.95
0.738 0.0792 82.24 44.00  79  46 1153000 1577000   300 9.95
0.741 0.0859 81.94 44.00  79  46 1153000 1577000   300 9.95
0.743 0.0799 81.67 44.00  79  46 1153000 1577000   300 9.95
0.745 0.0813 81.45 44.00  79  46 1153000 1577000   300 9.95
0.748 0.0795 81.26 44.00  79  46 1153000 1577000   300 9.95
0.750 0.0809 81.13 44.00  79  46 1153000 1577000   300 9.95
0.752 0.0790 81.07 44.00  79  46 1153000 1577000   300 9.95
0.755 0.0844 81.06 44.00  79  46 1153000 1577000   300 9.95
0.757 0.0779 81.12 44.00  79  46 1153000 1577000   300 9.95
0.759 0.0812 81.23 44.00  79  46 1153000 1577000   300 9.95
0.762 0.0779 81.40 44.00  79  46 1153000 1577000   300 9.95
0.764 0.0813 81.63 44.00  79  46 1153000 1577000   300 9.95
0.767 0.0830 81.91 44.00  79  46 1153000 1577000   300 9.95
0.769 0.0819 82.24 44.00  79  46 1153000 1577000   300 9.95
0.771 0.0844 82.61 44.00  79  46 1153000 1577000   300 9.95
0.774 0.0807 83.01 44.00  79  46 1153000 1577000   300 9.95
0.776 0.0843 83.43 44.00  79  46 1153000 1577000   300 9.95
0.778 0.0827 83.87 44.00  79  46 1153000 1577000   300 9.95
0.781 0.0865 84.30 44.00  79  46 1153000 1577000   300 9.95
0.783 0.0847 84.72 44.00  79  46 1153000 1577000   300 9.95
0.785 0.0849 85.13 44.00  79  46 1153000 1577000   300 9.95
0.788 0.0868 85.50 44.00  79  46 1153000 1577000   300 9.95
0.790 0.0879 85.84 44.00  79  46 1153000 1577000   300 9.95
0.792 0.0846 86.14 44.00  79  46 1153000 1577000   300 9.95
0.795 0.0875 86.39 44.00  79  46 1153000 1577000   300 9.95
0.797 0.0868 86.59 44.00  79  46 1153000 1577000   300 9.95
0.800 0.0873 86.74 44.00  79  46 1153000 1577000   300 9.95
0.802 0.0837 86.85 44.00  79  46 1153000 1577000   300 9.95
0.804 0.0892 86.91 44.00  79  46 1153000 1577000   300 9.95
0.807 0.0880 86.92 44.00  79  46 1153000 1577000   300 9.95
0.809 0.0880 86.89 44.00  79  46 1153000 1577000   300 9.95
0.811 0.0875 86.83 44.00  79  46 1153000 1577000   300 9.95
0.814 0.0816 86.72 44.00  79  46 1153000 1577000   300 9.95
0.816 0.0860 86.59 44.00  79  46 1153000 1577000   300 9.95
0.818 0.0893 86.42 44.00  79  46 1153000 1577000   300 9.95
0.821 0.0858 86.22 44.00  79  46 1153000 1577000   300 9.95
0.823 0.0901 86.01 44.00  79  46 1153000 1577000   300 9.95
0.825 0.0819 85.78 44.00  79  46 1153000 1577000   300 9.95
0.828 0.0838 85.55 44.00  79  46 1153000 1577000   300 9.95
0.830 0.0916 85.30 44.00  79  46 1153000 1577000   300 9.95
0.833 0.0798 85.06 44.00  79  46 1153000 1577000   300 9.95
0.835 0.0865 84.81 44.00  79  46 1153000 1577000   300 9.95
0.837 0.0830 84.57 44.00  79  46 1153000 1577000   300 9.95
0.840 0.0847 84.34 44.00  79  46 1153000 1577000   300 9.95
0.842 0.0853 84.11 44.00  79  46 1153000 1577000   300 9.95
0.844 0.0858 83.90 44.00  79  46 1153000 1577000   300 9.95
0.847 0.0806 83.69 44.00  79  46 1153000 1577000   300 9.95
0.849 0.0824 83.49 44.00  79  46 1153000 1577000   300 9.95
0.851 0.0849 83.29 44.00  79  46 1153000 1577000   300 9.95
0.854 0.0805 83.10 44.00  79  46 1153000 1577000   300 9.95
0.856 0.0838 82.92 44.00  79  46 1153000 1577000   300 9.95
0.858 0.0825 82.73 44.00  79  46 1153000 1577000   300 9.95
0.861 0.0815 82.55 44.00  79  46 1153000 1577000   300 9.95
0.863 0.0837 82.36 44.00  79  46 1153000 1577000   300 9.95
0.866 0.0835 82.18 44.00  79  46 1153000 1577000   300 9.95
0.868 0.0817 82.00 44.00  79  46 1153000 1577000   300 9.95
0.870 0.0811 81.81 44.00  79  46 1153000 1577000   300 9.95
0.873 0.0824 81.63 44.00  79  46 1153000 1577000   300 9.95
0.875 0.0815 81.44 44.00  79  46 1153000 1577000   300 9.95
0.877 0.0833 81.27 44.00  79  46 1153000 1577000   300 9.95
0.880 0.0811 81.11 44.00  79  46 1153000 1577000   300 9.95
0.882 0.0816 80.95 44.00  79  46 1153000 1577000   300 9.95
0.884 0.0786 80.80 44.00  79  46 1153000 1577000   300 9.95
0.887 0.0808 80.66 44.00  79  46 1153000 1577000   300 9.95
0.889 0.0814 80.52 44.00  79  46 1153000 1577000   300 9.95
0.892 0.0793 80.38 44.00  79  46 1153000 1577000   300 9.95
0.894 0.0772 80.24 44.00  79  46 1153000 1577000   300 9.95
0.896 0.0834 80.10 44.00  79  46 1153000 1577000   300 9.95
0.899 0.0807 79.97 44.00  79  46 1153000 1577000   300 9.95
0.901 0.0765 79.86 44.00  79  46 1153000 1577000   300 9.95
0.903 0.0805 79.76 44.00  79  46 1153000 1577000   300 9.95
0.906 0.0777 79.69 44.00  79  46 1153000 1577000   300 9.95
0.908 0.0811 79.64 44.00  79  46 1153000 1577000   300 9.95
0.910 0.0804 79.61 44.00  79  46 1153000 1577000   300 9.95
0.913 0.0805 79.61 44.00  79  46 1153000 1577000   300 9.95
0.915 0.0817 79.63 44.00  79  46 1153000 1577000   300 9.95
0.917 0.0803 79.67 44.00  79  46 1153000 1577000   300 9.95
0.920 0.0793 79.73 44.00  79  46 1153000 1577000   300 9.95
0.922 0.0778 79.80 44.00  79  46 1153000 1577000   300 9.95
0.925 0.0803 79.87 44.00  79  46 1153000 1577000   300 9.95
0.927 0.0785 79.94 44.00  79  46 1153000 1577000   300 9.95
0.929 0.0798 80.02 44.00  79  46 1153000 1577000   300 9.95
0.932 0.0806 80.10 44.00  79  46 1153000 1577000   300 9.95
0.934 0.0767 80.18 44.00  79  46 1153000 1577000   300 9.95
0.936 0.0831 80.26 44.00  79  46 1153000 1577000   300 9.95
0.939 0.0813 80.34 44.00  79  46 1153000 1577000   300 9.95
0.941 0.0781 80.42 44.00  79  46 1153000 1577000   300 9.95
0.943 0.0826 80.49 44.00  79  46 1153000 1577000   300 9.95
0.946 0.0818 80.56 44.00  79  46 1153000 1577000   300 9.95
0.948 0.0802 80.63 44.00  79  46 1153000 1577000   300 9.95
0.950 0.0810 80.70 44.00  79  46 1153000 1577000   300 9.95
0.953 0.0813 80.77 44.00  79  46 1153000 1577000   300 9.95
0.955 0.0809 80.84 44.00  79  46 1153000 1577000   300 9.95
0.958 0.0805 80.92 44.00  79  46 1153000 1577000   300 9.95
0.960 0.0827 81.01 44.00  79  46 1153000 1577000   300 9.95
0.962 0.0784 81.10 44.00  79  46 1153000 1577000   300 9.95
0.965 0.0822 81.20 44.00  79  46 1153000 1577000   300 9.95
0.967 0.0799 81.31 44.00  79  46 1153000 1577000   300 9.95
0.969 0.0839 81.43 44.00  79  46 1153000 1577000   300 9.95
0.972 0.0808 81.57 44.00  79  46 1153000 1577000   300 9.95
0.974 0.0825 81.72 44.00  79  46 1153000 1577000   300 9.95
0.976 0.0812 81.88 44.00  79  46 1153000 1577000   300 9.95
0.979 0.0781 82.04 44.00  79  46 1153000 1577000   300 9.95
0.981 0.0823 82.22 44.00  79  46 1153000 1577000   300 9.95
0.983 0.0834 82.41 44.00  79  46 1153000 1577000   300 9.95
0.986 0.0825 82.62 44.00  79  46 1153000 1577000   300 9.95
0.988 0.0806 82.83 44.00  79  46 1153000 1577000   300 9.95
0.991 0.0870 83.06 44.00  79  46 1153000 1577000   300 9.95
0.993 0.0827 83.29 44.00  79  46 1153000 1577000   300 9.95
0.995 0.0804 83.53 44.00  79  46 1153000 1577000   300 9.95
0.998 0.0875 83.78 44.00  79  46 1153000 1577000   300 9.95
1.000 0.0859 84.03 44.00  79  46 1153000 1577000   300 9.95
1.002 0.0852 84.29 44.00  79  46 1153000 1577000   300 9.95
1.005 0.0814 84.54 44.00  79  46 1153000 1577000   300 9.95
1.007 0.0877 84.79 44.00  79  46 1153000 1577000   300 9.95
1.009 0.0843 85.01 44.00  79  46 1153000 1577000   300 9.95
1.012 0.0853 85.22 44.00  79  46 1153000 1577000   300 9.95
1.014 0.0782 85.42 44.00  79  46 1153000 1577000   300 9.95
1.017 0.0878 85.59 44.00  79  46 1153000 1577000   300 9.95
1.019 0.0856 85.74 44.00  79  46 1153000 1577000   300 9.95
1.021 0.0875 85.86 44.00  79  46 1153000 1577000   300 9.95
1.024 0.0837 85.95 44.00  79  46 1153000 1577000   300 9.95
1.026 0.0925 86.02 44.00  79  46 1153000 1577000   300 9.95
1.028 0.0839 86.07 44.00  79  46 1153000 1577000   300 9.95
1.031 0.0839 86.10 44.00  79  46 1153000 1577000   300 9.95
1.033 0.0853 86.11 44.00  79  46 1153000 1577000   300 9.95
1.035 0.0902 86.10 44.00  79  46 1153000 1577000   300 9.95
1.038 0.0879 86.06 44.00  79  46 1153000 1577000   300 9.95
1.040 0.0830 85.99 44.00  79  46 1153000 1577000   300 9.95
1.042 0.0859 85.91 44.00  79  46 1153000 1577000   300 9.95
1.045 0.0889 85.79 44.00  79  46 1153000 1577000   300 9.95
1.047 0.0819 85.65 44.00  79  46 1153000 1577000   300 9.95
1.050 0.0855 85.49 44.00  79  46 1153000 1577000   300 9.95
1.052 0.0857 85.30 44.00  79  46 1153000 1577000   300 9.95
1.054 0.0855 85.10 44.00  79  46 1153000 1577000   300 9.95
1.057 0.0848 84.90 44.00  79  46 1153000 1577000   300 9.95
1.059 0.0887 84.69 44.00  79  46 1153000 1577000   300 9.95
1.062 0.0811 84.50 44.00  79  46 1153000 1577000   300 9.95
1.064 0.0817 84.32 44.00  79  46 1153000 1577000   300 9.95
1.067 0.0856 84.15 44.00  79  46 1153000 1577000   300 9.95
1.070 0.0835 84.01 44.00  79  46 1153000 1577000   300 9.95
1.073 0.0839 83.87 44.00  79  46 1153000 1577000   300 9.95
1.076 0.0844 83.74 44.00  79  46 1153000 1577000   300 9.95
1.079 0.0815 83.62 44.00  79  46 1153000 1577000   300 9.95
1.083 0.0850 83.52 44.00  79  46 1153000 1577000   300 9.95
1.086 0.0832 83.43 44.00  79  46 1153000 1577000   300 9.95
1.090 0.0839 83.36 44.00  79  46 1153000 1577000   300 9.95
1.094 0.0820 83.29 44.00  79  46 1153000 1577000   300 9.95
1.098 0.0843 83.24 44.00  79  46 1153000 1577000   300 9.95
1.102 0.0834 83.18 44.00  79  46 1153000 1577000   300 9.95
1.107 0.0824 83.13 44.00  79  46 1153000 1577000   300 9.95
1.111 0.0845 83.09 44.00  79  46 1153000 1577000   300 9.95
1.116 0.0825 83.04 44.00  79  46 1153000 1577000   300 9.95
1.121 0.0837 82.99 44.00  79  46 1153000 1577000   300 9.95
1.126 0.0833 82.94 44.00  79  46 1153000 1577000   300 9.95
1.131 0.0814 82.88 44.00  79  46 1153000 1577000   300 9.95
1.137 0.0827 82.82 44.00  79  46 1153000 1577000   300 9.95
1.143 0.0838 82.76 44.00  79  46 1153000 1577000   300 9.95
1.149 0.0813 82.69 44.00  79  46 1153000 1577000   300 9.95
1.155 0.0832 82.62 44.00  79  46 1153000 1577000   300 9.95
1.162 0.0844 82.56 44.00  79  46 1153000 1577000   300 9.95
1.169 0.0821 82.50 44.00  79  46 1153000 1577000   300 9.95
1.176 0.0829 82.46 44.00  79  46 1153000 1577000   300 9.95
1.184 0.0823 82.43 44.00  79  46 1153000 1577000   300 9.95
1.191 0.0813 82.42 44.00  79  46 1153000 1577000   300 9.95
1.200 0.0831 82.43 44.00  79  46 1153000 1577000   300 9.95
1.208 0.0819 82.47 44.00  79  46 1153000 1577000   300 9.95
1.217 0.0832 82.54 44.00  79  46 1153000 1577000   300 9.95
1.226 0.0812 82.64 44.00  79  46 1153000 1577000   300 9.95
1.236 0.0829 82.78 44.00  79  46 1153000 1577000   300 9.95
1.246 0.0827 82.96 44.00  79  46 1153000 1577000   300 9.95
1.256 0.0830 83.17 44.00  79  46 1153000 1577000   300 9.95
1.267 0.0833 83.41 44.00  79  46 1153000 1577000   300 9.95
1.278 0.0832 83.67 44.00  79  46 1153000 1577000   300 9.95
1.290 0.0837 83.94 44.00  79  46 1153000 1577000   300 9.95
1.302 0.0830 84.22 44.00  79  46 1153000 1577000   300 9.95
1.314 0.0840 84.49 44.00  79  46 1153000 1577000   300 9.95
1.325 0.0844 84.75 44.00  79  46 1153000 1577000   300 9.95
1.337 0.0855 84.99 44.00  79  46 1153000 1577000   300 9.95
1.349 0.0850 85.19 44.00  79  46 1153000 1577000   300 9.95
1.361 0.0862 85.36 44.00  79  46 1153000 1577000   300 9.95
1.373 0.0858 85.48 44.00  79  46 1153000 1577000   300 9.95
1.384 0.0872 85.56 44.00  79  46 1153000 1577000   300 9.95
1.396 0.0861 85.59 44.00  79  46 1153000 1577000   300 9.95
1.408 0.0861 85.57 44.00  79  46 1153000 1577000   300 9.95
1.420 0.0882 85.51 44.00  79  46 1153000 1577000   300 9.95
1.432 0.0868 85.41 44.00  79  46 1153000 1577000   300 9.95
1.443 0.0857 85.27 44.00  79  46 1153000 1577000   300 9.95
1.455 0.0850 85.10 44.00  79  46 1153000 1577000   300 9.95
1.467 0.0849 84.90 44.00  79  46 1153000 1577000   300 9.95
1.479 0.0846 84.68 44.00  79  46 1153000 1577000   300 9.95
1.491 0.0835 84.43 44.00  79  46 1153000 1577000   300 9.95
1.502 0.0829 84.18 44.00  79  46 1153000 1577000   300 9.95
1.514 0.0841 83.92 44.00  79  46 1153000 1577000   300 9.95
1.526 0.0838 83.66 44.00  79  46 1153000 1577000   300 9.95
1.538 0.0828 83.43 44.00  79  46 1153000 1577000   300 9.95
1.550 0.0833 83.23 44.00  79  46 1153000 1577000   300 9.95
1.561 0.0841 83.07 44.00  79  46 1153000 1577000   300 9.95
1.573 0.0834 82.99 44.00  79  46 1153000 1577000   300 9.95
1.585 0.0837 82.98 44.00  79  46 1153000 1577000   300 9.95
1.597 0.0842 83.07 44.00  79  46 1153000 1577000   300 9.95
1.608 0.0845 83.28 44.00  79  46 1153000 1577000   300 9.95
1.620 0.0843 83.60 44.00  79  46 1153000 1577000   300 9.95
1.632 0.0846 84.05 44.00  79  46 1153000 1577000   300 9.95
1.644 0.0862 84.64 44.00  79  46 1153000 1577000   300 9.95
1.656 0.0869 85.39 44.00  79  46 1153000 1577000   300 9.95
1.667 0.0874 86.32 44.00  79  46 1153000 1577000   300 9.95
1.679 0.0889 87.43 44.00  79  46 1153000 1577000   300 9.95
1.691 0.0882 88.76 44.00  79  46 1153000 1577000   300 9.95
1.703 0.0912 90.33 44.00  79  46 1153000 1577000   300 9.95
1.715 0.0937 92.19 44.00  79  46 1153000 1577000   300 9.95
1.726 0.0954 94.51 44.00  79  46 1153000 1577000   300 9.95
1.738 0.0988 98.72 44.00  79  46 1153000 1577000   300 9.95
1.750 0.1037 105.56 44.00  79  46 1153000 1577000   300 9.95
1.762 0.1069 113.38 44.00  79  46 1153000 1577000   300 9.95
1.774 0.1097 121.24 44.00  79  46 1153000 1577000   300 9.95
1.785 0.1172 128.80 44.00  79  46 1153000 1577000   300 9.95
1.797 0.1210 135.98 44.00  79  46 1153000 1577000   300 9.95
1.809 0.1272 142.78 44.00  79  46 1153000 1577000   300 9.95
1.821 0.1345 149.21 44.00  79  46 1153000 1577000   300 9.95
1.833 0.1427 155.33 44.00  79  46 1153000 1577000   300 9.95
1.844 0.1492 161.17 44.00  79  46 1153000 1577000   300 9.95
1.856 0.1631 166.77 44.00  79  46 1153000 1577000   300 9.95
1.868 0.1735 172.17 44.00  79  46 1153000 1577000   300 9.95
1.880 0.1893 177.39 44.00  79  46 1153000 1577000   300 9.95
1.892 0.2041 182.45 44.00  79  46 1153000 1577000   300 9.95
1.903 0.2175 187.36 44.00  79  46 1153000 1577000   300 9.95
1.915 0.2376 192.13 44.00  79  46 1153000 1577000   300 9.95
1.927 0.2646 196.75 44.00  79  46 1153000 1577000   300 9.95
1.939 0.2878 201.21 44.00  79  46 1153000 1577000   300 9.95
1.950 0.3137 205.50 44.00  79  46 1153000 1577000   300 9.95
1.962 0.3367 209.58 44.00  79  46 1153000 1577000   300 9.95
1.974 0.3491 213.44 44.00  79  46 1153000 1577000   300 9.95
1.986 0.0000 217.01 44.00  79  46 1153000 1577000   300 9.95
1.998 0.0000 220.25 44.00  79  46 1153000 1577000   300 9.95
