     x     qy smooth tpara  cd  zL     xTr    xCpl frame tma
-1.022 0.1642 161.29 72.60  70  46  615000 1217000   260 10.18
-1.013 0.1789 151.11 72.60  70  46  615000 1217000   260 10.18
-1.005 0.1765 141.44 72.60  70  46  615000 1217000   260 10.18
-0.997 0.1415 132.26 72.60  70  46  615000 1217000   260 10.18
-0.988 0.1432 123.57 72.60  70  46  615000 1217000   260 10.18
-0.980 0.0700 115.35 72.60  70  46  615000 1217000   260 10.18
-0.972 0.0849 107.58 72.60  70  46  615000 1217000   260 10.18
-0.963 0.0812 100.27 72.60  70  46  615000 1217000   260 10.18
-0.955 0.0754 93.39 72.60  70  46  615000 1217000   260 10.18
-0.947 0.0703 86.94 72.60  70  46  615000 1217000   260 10.18
-0.939 0.0683 80.92 72.60  70  46  615000 1217000   260 10.18
-0.930 0.0636 75.32 72.60  70  46  615000 1217000   260 10.18
-0.922 0.0613 70.14 72.60  70  46  615000 1217000   260 10.18
-0.914 0.0592 65.38 72.60  70  46  615000 1217000   260 10.18
-0.905 0.0571 61.04 72.60  70  46  615000 1217000   260 10.18
-0.897 0.0552 57.13 72.60  70  46  615000 1217000   260 10.18
-0.889 0.0536 53.67 72.60  70  46  615000 1217000   260 10.18
-0.880 0.0522 50.68 72.60  70  46  615000 1217000   260 10.18
-0.872 0.0506 48.19 72.60  70  46  615000 1217000   260 10.18
-0.864 0.0496 46.24 72.60  70  46  615000 1217000   260 10.18
-0.855 0.0483 44.88 72.60  70  46  615000 1217000   260 10.18
-0.847 0.0476 44.17 72.60  70  46  615000 1217000   260 10.18
-0.839 0.0465 44.05 72.60  70  46  615000 1217000   260 10.18
-0.831 0.0448 44.11 72.60  70  46  615000 1217000   260 10.18
-0.822 0.0444 43.52 72.60  70  46  615000 1217000   260 10.18
-0.814 0.0432 42.83 72.60  70  46  615000 1217000   260 10.18
-0.806 0.0436 42.09 72.60  70  46  615000 1217000   260 10.18
-0.797 0.0421 41.35 72.60  70  46  615000 1217000   260 10.18
-0.789 0.0415 40.65 72.60  70  46  615000 1217000   260 10.18
-0.781 0.0404 40.00 72.60  70  46  615000 1217000   260 10.18
-0.772 0.0390 39.39 72.60  70  46  615000 1217000   260 10.18
-0.764 0.0386 38.83 72.60  70  46  615000 1217000   260 10.18
-0.756 0.0387 38.31 72.60  70  46  615000 1217000   260 10.18
-0.748 0.0375 37.85 72.60  70  46  615000 1217000   260 10.18
-0.739 0.0369 37.44 72.60  70  46  615000 1217000   260 10.18
-0.731 0.0368 37.08 72.60  70  46  615000 1217000   260 10.18
-0.723 0.0363 36.77 72.60  70  46  615000 1217000   260 10.18
-0.714 0.0362 36.52 72.60  70  46  615000 1217000   260 10.18
-0.706 0.0347 36.32 72.60  70  46  615000 1217000   260 10.18
-0.698 0.0359 36.17 72.60  70  46  615000 1217000   260 10.18
-0.689 0.0357 36.06 72.60  70  46  615000 1217000   260 10.18
-0.681 0.0364 35.99 72.60  70  46  615000 1217000   260 10.18
-0.673 0.0367 35.96 72.60  70  46  615000 1217000   260 10.18
-0.664 0.0357 35.95 72.60  70  46  615000 1217000   260 10.18
-0.656 0.0368 35.97 72.60  70  46  615000 1217000   260 10.18
-0.648 0.0362 36.00 72.60  70  46  615000 1217000   260 10.18
-0.640 0.0362 36.05 72.60  70  46  615000 1217000   260 10.18
-0.631 0.0360 36.09 72.60  70  46  615000 1217000   260 10.18
-0.623 0.0365 36.13 72.60  70  46  615000 1217000   260 10.18
-0.615 0.0375 36.16 72.60  70  46  615000 1217000   260 10.18
-0.606 0.0364 36.18 72.60  70  46  615000 1217000   260 10.18
-0.598 0.0354 36.18 72.60  70  46  615000 1217000   260 10.18
-0.590 0.0363 36.16 72.60  70  46  615000 1217000   260 10.18
-0.581 0.0368 36.13 72.60  70  46  615000 1217000   260 10.18
-0.573 0.0367 36.09 72.60  70  46  615000 1217000   260 10.18
-0.565 0.0366 36.04 72.60  70  46  615000 1217000   260 10.18
-0.556 0.0357 35.99 72.60  70  46  615000 1217000   260 10.18
-0.548 0.0351 35.93 72.60  70  46  615000 1217000   260 10.18
-0.540 0.0355 35.88 72.60  70  46  615000 1217000   260 10.18
-0.532 0.0363 35.85 72.60  70  46  615000 1217000   260 10.18
-0.523 0.0361 35.82 72.60  70  46  615000 1217000   260 10.18
-0.515 0.0353 35.81 72.60  70  46  615000 1217000   260 10.18
-0.507 0.0358 35.82 72.60  70  46  615000 1217000   260 10.18
-0.498 0.0354 35.84 72.60  70  46  615000 1217000   260 10.18
-0.490 0.0355 35.88 72.60  70  46  615000 1217000   260 10.18
-0.482 0.0353 35.92 72.60  70  46  615000 1217000   260 10.18
-0.473 0.0357 35.98 72.60  70  46  615000 1217000   260 10.18
-0.465 0.0360 36.04 72.60  70  46  615000 1217000   260 10.18
-0.457 0.0357 36.11 72.60  70  46  615000 1217000   260 10.18
-0.449 0.0364 36.18 72.60  70  46  615000 1217000   260 10.18
-0.440 0.0366 36.26 72.60  70  46  615000 1217000   260 10.18
-0.432 0.0366 36.34 72.60  70  46  615000 1217000   260 10.18
-0.424 0.0371 36.42 72.60  70  46  615000 1217000   260 10.18
-0.415 0.0366 36.51 72.60  70  46  615000 1217000   260 10.18
-0.407 0.0367 36.59 72.60  70  46  615000 1217000   260 10.18
-0.399 0.0373 36.67 72.60  70  46  615000 1217000   260 10.18
-0.390 0.0363 36.74 72.60  70  46  615000 1217000   260 10.18
-0.382 0.0372 36.80 72.60  70  46  615000 1217000   260 10.18
-0.374 0.0369 36.85 72.60  70  46  615000 1217000   260 10.18
-0.365 0.0368 36.88 72.60  70  46  615000 1217000   260 10.18
-0.357 0.0373 36.90 72.60  70  46  615000 1217000   260 10.18
-0.349 0.0368 36.90 72.60  70  46  615000 1217000   260 10.18
-0.341 0.0358 36.88 72.60  70  46  615000 1217000   260 10.18
-0.332 0.0365 36.85 72.60  70  46  615000 1217000   260 10.18
-0.324 0.0365 36.81 72.60  70  46  615000 1217000   260 10.18
-0.316 0.0370 36.77 72.60  70  46  615000 1217000   260 10.18
-0.307 0.0374 36.75 72.60  70  46  615000 1217000   260 10.18
-0.299 0.0378 36.75 72.60  70  46  615000 1217000   260 10.18
-0.291 0.0373 36.77 72.60  70  46  615000 1217000   260 10.18
-0.282 0.0367 36.81 72.60  70  46  615000 1217000   260 10.18
-0.274 0.0369 36.88 72.60  70  46  615000 1217000   260 10.18
-0.266 0.0367 36.97 72.60  70  46  615000 1217000   260 10.18
-0.257 0.0364 37.08 72.60  70  46  615000 1217000   260 10.18
-0.249 0.0366 37.19 72.60  70  46  615000 1217000   260 10.18
-0.241 0.0366 37.31 72.60  70  46  615000 1217000   260 10.18
-0.233 0.0369 37.43 72.60  70  46  615000 1217000   260 10.18
-0.224 0.0365 37.54 72.60  70  46  615000 1217000   260 10.18
-0.216 0.0367 37.64 72.60  70  46  615000 1217000   260 10.18
-0.208 0.0371 37.73 72.60  70  46  615000 1217000   260 10.18
-0.199 0.0372 37.80 72.60  70  46  615000 1217000   260 10.18
-0.191 0.0394 37.86 72.60  70  46  615000 1217000   260 10.18
-0.183 0.0391 37.90 72.60  70  46  615000 1217000   260 10.18
-0.174 0.0390 37.94 72.60  70  46  615000 1217000   260 10.18
-0.166 0.0396 37.97 72.60  70  46  615000 1217000   260 10.18
-0.158 0.0397 37.99 72.60  70  46  615000 1217000   260 10.18
-0.150 0.0381 38.01 72.60  70  46  615000 1217000   260 10.18
-0.141 0.0381 38.02 72.60  70  46  615000 1217000   260 10.18
-0.133 0.0377 38.02 72.60  70  46  615000 1217000   260 10.18
-0.125 0.0374 38.00 72.60  70  46  615000 1217000   260 10.18
-0.116 0.0373 37.96 72.60  70  46  615000 1217000   260 10.18
-0.108 0.0371 37.90 72.60  70  46  615000 1217000   260 10.18
-0.100 0.0372 37.82 72.60  70  46  615000 1217000   260 10.18
-0.091 0.0366 37.72 72.60  70  46  615000 1217000   260 10.18
-0.083 0.0372 37.60 72.60  70  46  615000 1217000   260 10.18
-0.075 0.0365 37.46 72.60  70  46  615000 1217000   260 10.18
-0.066 0.0372 37.29 72.60  70  46  615000 1217000   260 10.18
-0.058 0.0371 37.10 72.60  70  46  615000 1217000   260 10.18
-0.050 0.0376 36.88 72.60  70  46  615000 1217000   260 10.18
-0.042 0.0369 36.65 72.60  70  46  615000 1217000   260 10.18
-0.033 0.0375 36.39 72.60  70  46  615000 1217000   260 10.18
-0.025 0.0359 36.11 72.60  70  46  615000 1217000   260 10.18
-0.017 0.0369 35.79 72.60  70  46  615000 1217000   260 10.18
-0.008 0.0371 35.45 72.60  70  46  615000 1217000   260 10.18
0.000 0.0355 35.07 72.60  70  46  615000 1217000   260 10.18
0.008 0.0348 34.65 72.60  70  46  615000 1217000   260 10.18
0.017 0.0352 34.20 72.60  70  46  615000 1217000   260 10.18
0.025 0.0339 33.72 72.60  70  46  615000 1217000   260 10.18
0.033 0.0327 33.21 72.60  70  46  615000 1217000   260 10.18
0.042 0.0330 32.69 72.60  70  46  615000 1217000   260 10.18
0.050 0.0320 32.18 72.60  70  46  615000 1217000   260 10.18
0.058 0.0314 31.66 72.60  70  46  615000 1217000   260 10.18
0.066 0.0298 31.17 72.60  70  46  615000 1217000   260 10.18
0.075 0.0303 30.71 72.60  70  46  615000 1217000   260 10.18
0.083 0.0304 30.29 72.60  70  46  615000 1217000   260 10.18
0.091 0.0295 29.91 72.60  70  46  615000 1217000   260 10.18
0.100 0.0289 29.59 72.60  70  46  615000 1217000   260 10.18
0.108 0.0289 29.32 72.60  70  46  615000 1217000   260 10.18
0.116 0.0290 29.10 72.60  70  46  615000 1217000   260 10.18
0.125 0.0288 28.94 72.60  70  46  615000 1217000   260 10.18
0.133 0.0279 28.84 72.60  70  46  615000 1217000   260 10.18
0.141 0.0293 28.78 72.60  70  46  615000 1217000   260 10.18
0.150 0.0281 28.77 72.60  70  46  615000 1217000   260 10.18
0.158 0.0278 28.79 72.60  70  46  615000 1217000   260 10.18
0.166 0.0293 28.85 72.60  70  46  615000 1217000   260 10.18
0.174 0.0292 28.94 72.60  70  46  615000 1217000   260 10.18
0.183 0.0301 29.06 72.60  70  46  615000 1217000   260 10.18
0.191 0.0290 29.19 72.60  70  46  615000 1217000   260 10.18
0.199 0.0298 29.35 72.60  70  46  615000 1217000   260 10.18
0.208 0.0297 29.53 72.60  70  46  615000 1217000   260 10.18
0.216 0.0302 29.72 72.60  70  46  615000 1217000   260 10.18
0.224 0.0303 29.92 72.60  70  46  615000 1217000   260 10.18
0.233 0.0299 30.12 72.60  70  46  615000 1217000   260 10.18
0.241 0.0300 30.32 72.60  70  46  615000 1217000   260 10.18
0.249 0.0308 30.53 72.60  70  46  615000 1217000   260 10.18
0.257 0.0299 30.72 72.60  70  46  615000 1217000   260 10.18
0.266 0.0311 30.89 72.60  70  46  615000 1217000   260 10.18
0.274 0.0300 31.04 72.60  70  46  615000 1217000   260 10.18
0.282 0.0313 31.17 72.60  70  46  615000 1217000   260 10.18
0.291 0.0314 31.26 72.60  70  46  615000 1217000   260 10.18
0.299 0.0311 31.33 72.60  70  46  615000 1217000   260 10.18
0.307 0.0319 31.38 72.60  70  46  615000 1217000   260 10.18
0.316 0.0323 31.41 72.60  70  46  615000 1217000   260 10.18
0.324 0.0320 31.43 72.60  70  46  615000 1217000   260 10.18
0.332 0.0332 31.45 72.60  70  46  615000 1217000   260 10.18
0.341 0.0317 31.48 72.60  70  46  615000 1217000   260 10.18
0.349 0.0319 31.53 72.60  70  46  615000 1217000   260 10.18
0.357 0.0323 31.60 72.60  70  46  615000 1217000   260 10.18
0.365 0.0322 31.69 72.60  70  46  615000 1217000   260 10.18
0.374 0.0312 31.81 72.60  70  46  615000 1217000   260 10.18
0.382 0.0315 31.96 72.60  70  46  615000 1217000   260 10.18
0.390 0.0314 32.13 72.60  70  46  615000 1217000   260 10.18
0.399 0.0315 32.32 72.60  70  46  615000 1217000   260 10.18
0.407 0.0306 32.54 72.60  70  46  615000 1217000   260 10.18
0.415 0.0313 32.78 72.60  70  46  615000 1217000   260 10.18
0.424 0.0313 33.04 72.60  70  46  615000 1217000   260 10.18
0.432 0.0328 33.32 72.60  70  46  615000 1217000   260 10.18
0.440 0.0334 33.62 72.60  70  46  615000 1217000   260 10.18
0.449 0.0350 33.95 72.60  70  46  615000 1217000   260 10.18
0.457 0.0346 34.30 72.60  70  46  615000 1217000   260 10.18
0.465 0.0359 34.67 72.60  70  46  615000 1217000   260 10.18
0.473 0.0357 35.06 72.60  70  46  615000 1217000   260 10.18
0.482 0.0376 35.48 72.60  70  46  615000 1217000   260 10.18
0.490 0.0380 35.91 72.60  70  46  615000 1217000   260 10.18
0.497 0.0368 36.38 72.60  70  46  615000 1217000   260 10.18
0.505 0.0371 36.86 72.60  70  46  615000 1217000   260 10.18
0.512 0.0367 37.35 72.60  70  46  615000 1217000   260 10.18
0.519 0.0375 37.86 72.60  70  46  615000 1217000   260 10.18
0.525 0.0385 38.38 72.60  70  46  615000 1217000   260 10.18
0.531 0.0372 38.92 72.60  70  46  615000 1217000   260 10.18
0.537 0.0382 39.49 72.60  70  46  615000 1217000   260 10.18
0.543 0.0403 40.08 72.60  70  46  615000 1217000   260 10.18
0.548 0.0401 40.71 72.60  70  46  615000 1217000   260 10.18
0.554 0.0415 41.39 72.60  70  46  615000 1217000   260 10.18
0.559 0.0407 42.10 72.60  70  46  615000 1217000   260 10.18
0.564 0.0414 42.87 72.60  70  46  615000 1217000   260 10.18
0.568 0.0425 43.67 72.60  70  46  615000 1217000   260 10.18
0.573 0.0461 44.51 72.60  70  46  615000 1217000   260 10.18
0.577 0.0470 45.39 72.60  70  46  615000 1217000   260 10.18
0.581 0.0450 46.29 72.60  70  46  615000 1217000   260 10.18
0.585 0.0472 47.23 72.60  70  46  615000 1217000   260 10.18
0.589 0.0505 48.20 72.60  70  46  615000 1217000   260 10.18
0.593 0.0479 49.18 72.60  70  46  615000 1217000   260 10.18
0.596 0.0513 50.16 72.60  70  46  615000 1217000   260 10.18
0.599 0.0501 51.12 72.60  70  46  615000 1217000   260 10.18
0.603 0.0495 52.05 72.60  70  46  615000 1217000   260 10.18
0.606 0.0557 52.93 72.60  70  46  615000 1217000   260 10.18
0.609 0.0533 53.77 72.60  70  46  615000 1217000   260 10.18
0.612 0.0584 54.57 72.60  70  46  615000 1217000   260 10.18
0.614 0.0548 55.33 72.60  70  46  615000 1217000   260 10.18
0.617 0.0536 56.03 72.60  70  46  615000 1217000   260 10.18
0.619 0.0559 56.68 72.60  70  46  615000 1217000   260 10.18
0.622 0.0577 57.29 72.60  70  46  615000 1217000   260 10.18
0.624 0.0606 57.85 72.60  70  46  615000 1217000   260 10.18
0.626 0.0562 58.39 72.60  70  46  615000 1217000   260 10.18
0.628 0.0582 58.92 72.60  70  46  615000 1217000   260 10.18
0.630 0.0581 59.44 72.60  70  46  615000 1217000   260 10.18
0.632 0.0695 59.95 72.60  70  46  615000 1217000   260 10.18
0.634 0.0607 60.46 72.60  70  46  615000 1217000   260 10.18
0.636 0.0605 60.96 72.60  70  46  615000 1217000   260 10.18
0.638 0.0597 61.45 72.60  70  46  615000 1217000   260 10.18
0.640 0.0571 61.95 72.60  70  46  615000 1217000   260 10.18
0.641 0.0586 62.44 72.60  70  46  615000 1217000   260 10.18
0.643 0.0640 62.94 72.60  70  46  615000 1217000   260 10.18
0.645 0.0652 63.45 72.60  70  46  615000 1217000   260 10.18
0.646 0.0633 63.96 72.60  70  46  615000 1217000   260 10.18
0.648 0.0647 64.49 72.60  70  46  615000 1217000   260 10.18
0.650 0.0652 65.01 72.60  70  46  615000 1217000   260 10.18
0.651 0.0637 65.55 72.60  70  46  615000 1217000   260 10.18
0.653 0.0655 66.09 72.60  70  46  615000 1217000   260 10.18
0.654 0.0667 66.63 72.60  70  46  615000 1217000   260 10.18
0.656 0.0711 67.18 72.60  70  46  615000 1217000   260 10.18
0.658 0.0712 67.73 72.60  70  46  615000 1217000   260 10.18
0.659 0.0665 68.28 72.60  70  46  615000 1217000   260 10.18
0.661 0.0673 68.83 72.60  70  46  615000 1217000   260 10.18
0.663 0.0719 69.37 72.60  70  46  615000 1217000   260 10.18
0.664 0.0676 69.91 72.60  70  46  615000 1217000   260 10.18
0.666 0.0652 70.47 72.60  70  46  615000 1217000   260 10.18
0.668 0.0779 71.02 72.60  70  46  615000 1217000   260 10.18
0.669 0.0729 71.57 72.60  70  46  615000 1217000   260 10.18
0.671 0.0687 72.09 72.60  70  46  615000 1217000   260 10.18
0.673 0.0727 72.61 72.60  70  46  615000 1217000   260 10.18
0.674 0.0759 73.13 72.60  70  46  615000 1217000   260 10.18
0.676 0.0740 73.66 72.60  70  46  615000 1217000   260 10.18
0.678 0.0680 74.21 72.60  70  46  615000 1217000   260 10.18
0.679 0.0736 74.79 72.60  70  46  615000 1217000   260 10.18
0.681 0.0803 75.41 72.60  70  46  615000 1217000   260 10.18
0.683 0.0784 76.08 72.60  70  46  615000 1217000   260 10.18
0.684 0.0729 76.81 72.60  70  46  615000 1217000   260 10.18
0.686 0.0742 77.59 72.60  70  46  615000 1217000   260 10.18
0.688 0.0852 78.44 72.60  70  46  615000 1217000   260 10.18
0.689 0.0745 79.34 72.60  70  46  615000 1217000   260 10.18
0.691 0.0760 80.27 72.60  70  46  615000 1217000   260 10.18
0.693 0.0900 81.23 72.60  70  46  615000 1217000   260 10.18
0.694 0.0815 82.20 72.60  70  46  615000 1217000   260 10.18
0.696 0.0848 83.18 72.60  70  46  615000 1217000   260 10.18
0.698 0.0812 84.15 72.60  70  46  615000 1217000   260 10.18
0.699 0.0814 85.10 72.60  70  46  615000 1217000   260 10.18
0.701 0.0749 86.01 72.60  70  46  615000 1217000   260 10.18
0.703 0.0902 86.87 72.60  70  46  615000 1217000   260 10.18
0.704 0.0861 87.68 72.60  70  46  615000 1217000   260 10.18
0.706 0.0979 88.45 72.60  70  46  615000 1217000   260 10.18
0.708 0.0958 89.16 72.60  70  46  615000 1217000   260 10.18
0.709 0.0818 89.80 72.60  70  46  615000 1217000   260 10.18
0.711 0.0939 90.37 72.60  70  46  615000 1217000   260 10.18
0.713 0.0990 90.85 72.60  70  46  615000 1217000   260 10.18
0.714 0.0891 91.24 72.60  70  46  615000 1217000   260 10.18
0.716 0.0883 91.52 72.60  70  46  615000 1217000   260 10.18
0.718 0.0892 91.70 72.60  70  46  615000 1217000   260 10.18
0.719 0.0990 91.75 72.60  70  46  615000 1217000   260 10.18
0.721 0.0868 91.69 72.60  70  46  615000 1217000   260 10.18
0.723 0.0897 91.54 72.60  70  46  615000 1217000   260 10.18
0.724 0.0916 91.30 72.60  70  46  615000 1217000   260 10.18
0.726 0.0951 90.99 72.60  70  46  615000 1217000   260 10.18
0.728 0.0868 90.62 72.60  70  46  615000 1217000   260 10.18
0.729 0.0936 90.18 72.60  70  46  615000 1217000   260 10.18
0.731 0.0840 89.71 72.60  70  46  615000 1217000   260 10.18
0.733 0.0899 89.21 72.60  70  46  615000 1217000   260 10.18
0.734 0.0986 88.73 72.60  70  46  615000 1217000   260 10.18
0.736 0.0868 88.26 72.60  70  46  615000 1217000   260 10.18
0.738 0.0906 87.82 72.60  70  46  615000 1217000   260 10.18
0.739 0.0773 87.40 72.60  70  46  615000 1217000   260 10.18
0.741 0.0817 86.98 72.60  70  46  615000 1217000   260 10.18
0.743 0.0871 86.55 72.60  70  46  615000 1217000   260 10.18
0.744 0.0937 86.10 72.60  70  46  615000 1217000   260 10.18
0.746 0.0759 85.64 72.60  70  46  615000 1217000   260 10.18
0.748 0.0889 85.16 72.60  70  46  615000 1217000   260 10.18
0.749 0.0892 84.67 72.60  70  46  615000 1217000   260 10.18
0.751 0.0788 84.16 72.60  70  46  615000 1217000   260 10.18
0.752 0.0847 83.64 72.60  70  46  615000 1217000   260 10.18
0.754 0.0904 83.12 72.60  70  46  615000 1217000   260 10.18
0.756 0.0834 82.60 72.60  70  46  615000 1217000   260 10.18
0.757 0.0803 82.09 72.60  70  46  615000 1217000   260 10.18
0.759 0.0749 81.57 72.60  70  46  615000 1217000   260 10.18
0.761 0.0840 81.05 72.60  70  46  615000 1217000   260 10.18
0.762 0.0821 80.53 72.60  70  46  615000 1217000   260 10.18
0.764 0.0846 80.03 72.60  70  46  615000 1217000   260 10.18
0.766 0.0797 79.54 72.60  70  46  615000 1217000   260 10.18
0.767 0.0759 79.07 72.60  70  46  615000 1217000   260 10.18
0.769 0.0791 78.60 72.60  70  46  615000 1217000   260 10.18
0.771 0.0786 78.15 72.60  70  46  615000 1217000   260 10.18
0.772 0.0733 77.72 72.60  70  46  615000 1217000   260 10.18
0.774 0.0810 77.31 72.60  70  46  615000 1217000   260 10.18
0.776 0.0688 76.94 72.60  70  46  615000 1217000   260 10.18
0.777 0.0791 76.61 72.60  70  46  615000 1217000   260 10.18
0.779 0.0759 76.29 72.60  70  46  615000 1217000   260 10.18
0.781 0.0757 76.00 72.60  70  46  615000 1217000   260 10.18
0.782 0.0770 75.74 72.60  70  46  615000 1217000   260 10.18
0.784 0.0779 75.52 72.60  70  46  615000 1217000   260 10.18
0.786 0.0733 75.33 72.60  70  46  615000 1217000   260 10.18
0.787 0.0778 75.18 72.60  70  46  615000 1217000   260 10.18
0.789 0.0717 75.07 72.60  70  46  615000 1217000   260 10.18
0.791 0.0805 74.99 72.60  70  46  615000 1217000   260 10.18
0.792 0.0706 74.94 72.60  70  46  615000 1217000   260 10.18
0.794 0.0795 74.93 72.60  70  46  615000 1217000   260 10.18
0.796 0.0811 74.96 72.60  70  46  615000 1217000   260 10.18
0.797 0.0681 75.00 72.60  70  46  615000 1217000   260 10.18
0.799 0.0732 75.05 72.60  70  46  615000 1217000   260 10.18
0.801 0.0726 75.10 72.60  70  46  615000 1217000   260 10.18
0.802 0.0772 75.15 72.60  70  46  615000 1217000   260 10.18
0.804 0.0738 75.21 72.60  70  46  615000 1217000   260 10.18
0.806 0.0719 75.28 72.60  70  46  615000 1217000   260 10.18
0.807 0.0744 75.37 72.60  70  46  615000 1217000   260 10.18
0.809 0.0764 75.47 72.60  70  46  615000 1217000   260 10.18
0.811 0.0777 75.59 72.60  70  46  615000 1217000   260 10.18
0.812 0.0785 75.74 72.60  70  46  615000 1217000   260 10.18
0.814 0.0780 75.90 72.60  70  46  615000 1217000   260 10.18
0.816 0.0777 76.09 72.60  70  46  615000 1217000   260 10.18
0.817 0.0716 76.30 72.60  70  46  615000 1217000   260 10.18
0.819 0.0776 76.52 72.60  70  46  615000 1217000   260 10.18
0.821 0.0769 76.74 72.60  70  46  615000 1217000   260 10.18
0.822 0.0784 76.97 72.60  70  46  615000 1217000   260 10.18
0.824 0.0758 77.19 72.60  70  46  615000 1217000   260 10.18
0.826 0.0799 77.40 72.60  70  46  615000 1217000   260 10.18
0.827 0.0723 77.59 72.60  70  46  615000 1217000   260 10.18
0.829 0.0789 77.77 72.60  70  46  615000 1217000   260 10.18
0.831 0.0786 77.92 72.60  70  46  615000 1217000   260 10.18
0.832 0.0763 78.06 72.60  70  46  615000 1217000   260 10.18
0.834 0.0814 78.17 72.60  70  46  615000 1217000   260 10.18
0.836 0.0770 78.27 72.60  70  46  615000 1217000   260 10.18
0.837 0.0766 78.38 72.60  70  46  615000 1217000   260 10.18
0.839 0.0773 78.49 72.60  70  46  615000 1217000   260 10.18
0.841 0.0833 78.60 72.60  70  46  615000 1217000   260 10.18
0.842 0.0773 78.74 72.60  70  46  615000 1217000   260 10.18
0.844 0.0819 78.89 72.60  70  46  615000 1217000   260 10.18
0.846 0.0772 79.06 72.60  70  46  615000 1217000   260 10.18
0.847 0.0766 79.23 72.60  70  46  615000 1217000   260 10.18
0.849 0.0860 79.39 72.60  70  46  615000 1217000   260 10.18
0.850 0.0781 79.53 72.60  70  46  615000 1217000   260 10.18
0.852 0.0728 79.66 72.60  70  46  615000 1217000   260 10.18
0.854 0.0819 79.76 72.60  70  46  615000 1217000   260 10.18
0.855 0.0785 79.83 72.60  70  46  615000 1217000   260 10.18
0.857 0.0835 79.88 72.60  70  46  615000 1217000   260 10.18
0.859 0.0767 79.91 72.60  70  46  615000 1217000   260 10.18
0.860 0.0821 79.91 72.60  70  46  615000 1217000   260 10.18
0.862 0.0765 79.90 72.60  70  46  615000 1217000   260 10.18
0.864 0.0772 79.87 72.60  70  46  615000 1217000   260 10.18
0.865 0.0794 79.84 72.60  70  46  615000 1217000   260 10.18
0.867 0.0854 79.80 72.60  70  46  615000 1217000   260 10.18
0.869 0.0880 79.74 72.60  70  46  615000 1217000   260 10.18
0.870 0.0775 79.67 72.60  70  46  615000 1217000   260 10.18
0.872 0.0756 79.57 72.60  70  46  615000 1217000   260 10.18
0.874 0.0824 79.45 72.60  70  46  615000 1217000   260 10.18
0.875 0.0804 79.31 72.60  70  46  615000 1217000   260 10.18
0.877 0.0768 79.14 72.60  70  46  615000 1217000   260 10.18
0.879 0.0758 78.96 72.60  70  46  615000 1217000   260 10.18
0.880 0.0762 78.76 72.60  70  46  615000 1217000   260 10.18
0.882 0.0801 78.55 72.60  70  46  615000 1217000   260 10.18
0.884 0.0772 78.36 72.60  70  46  615000 1217000   260 10.18
0.885 0.0799 78.17 72.60  70  46  615000 1217000   260 10.18
0.887 0.0803 78.01 72.60  70  46  615000 1217000   260 10.18
0.889 0.0776 77.87 72.60  70  46  615000 1217000   260 10.18
0.890 0.0784 77.76 72.60  70  46  615000 1217000   260 10.18
0.892 0.0768 77.67 72.60  70  46  615000 1217000   260 10.18
0.894 0.0760 77.60 72.60  70  46  615000 1217000   260 10.18
0.895 0.0803 77.54 72.60  70  46  615000 1217000   260 10.18
0.897 0.0745 77.51 72.60  70  46  615000 1217000   260 10.18
0.899 0.0783 77.48 72.60  70  46  615000 1217000   260 10.18
0.900 0.0744 77.46 72.60  70  46  615000 1217000   260 10.18
0.902 0.0711 77.43 72.60  70  46  615000 1217000   260 10.18
0.904 0.0856 77.39 72.60  70  46  615000 1217000   260 10.18
0.905 0.0779 77.33 72.60  70  46  615000 1217000   260 10.18
0.907 0.0781 77.27 72.60  70  46  615000 1217000   260 10.18
0.909 0.0789 77.22 72.60  70  46  615000 1217000   260 10.18
0.910 0.0787 77.18 72.60  70  46  615000 1217000   260 10.18
0.912 0.0722 77.14 72.60  70  46  615000 1217000   260 10.18
0.914 0.0802 77.11 72.60  70  46  615000 1217000   260 10.18
0.915 0.0817 77.09 72.60  70  46  615000 1217000   260 10.18
0.917 0.0703 77.07 72.60  70  46  615000 1217000   260 10.18
0.919 0.0787 77.04 72.60  70  46  615000 1217000   260 10.18
0.920 0.0770 77.00 72.60  70  46  615000 1217000   260 10.18
0.922 0.0746 76.95 72.60  70  46  615000 1217000   260 10.18
0.924 0.0777 76.90 72.60  70  46  615000 1217000   260 10.18
0.925 0.0744 76.84 72.60  70  46  615000 1217000   260 10.18
0.927 0.0793 76.78 72.60  70  46  615000 1217000   260 10.18
0.929 0.0760 76.74 72.60  70  46  615000 1217000   260 10.18
0.930 0.0772 76.70 72.60  70  46  615000 1217000   260 10.18
0.932 0.0762 76.67 72.60  70  46  615000 1217000   260 10.18
0.934 0.0767 76.67 72.60  70  46  615000 1217000   260 10.18
0.935 0.0804 76.68 72.60  70  46  615000 1217000   260 10.18
0.937 0.0798 76.72 72.60  70  46  615000 1217000   260 10.18
0.939 0.0699 76.79 72.60  70  46  615000 1217000   260 10.18
0.940 0.0786 76.89 72.60  70  46  615000 1217000   260 10.18
0.942 0.0775 77.01 72.60  70  46  615000 1217000   260 10.18
0.944 0.0766 77.15 72.60  70  46  615000 1217000   260 10.18
0.945 0.0761 77.33 72.60  70  46  615000 1217000   260 10.18
0.947 0.0769 77.53 72.60  70  46  615000 1217000   260 10.18
0.949 0.0747 77.75 72.60  70  46  615000 1217000   260 10.18
0.950 0.0805 77.99 72.60  70  46  615000 1217000   260 10.18
0.952 0.0822 78.23 72.60  70  46  615000 1217000   260 10.18
0.953 0.0779 78.47 72.60  70  46  615000 1217000   260 10.18
0.955 0.0758 78.71 72.60  70  46  615000 1217000   260 10.18
0.957 0.0755 78.93 72.60  70  46  615000 1217000   260 10.18
0.958 0.0811 79.12 72.60  70  46  615000 1217000   260 10.18
0.960 0.0775 79.29 72.60  70  46  615000 1217000   260 10.18
0.962 0.0774 79.43 72.60  70  46  615000 1217000   260 10.18
0.963 0.0830 79.53 72.60  70  46  615000 1217000   260 10.18
0.965 0.0835 79.59 72.60  70  46  615000 1217000   260 10.18
0.967 0.0803 79.65 72.60  70  46  615000 1217000   260 10.18
0.968 0.0784 79.69 72.60  70  46  615000 1217000   260 10.18
0.970 0.0843 79.74 72.60  70  46  615000 1217000   260 10.18
0.972 0.0844 79.79 72.60  70  46  615000 1217000   260 10.18
0.973 0.0778 79.84 72.60  70  46  615000 1217000   260 10.18
0.975 0.0773 79.91 72.60  70  46  615000 1217000   260 10.18
0.977 0.0764 79.98 72.60  70  46  615000 1217000   260 10.18
0.978 0.0842 80.07 72.60  70  46  615000 1217000   260 10.18
0.980 0.0786 80.16 72.60  70  46  615000 1217000   260 10.18
0.982 0.0738 80.25 72.60  70  46  615000 1217000   260 10.18
0.983 0.0809 80.35 72.60  70  46  615000 1217000   260 10.18
0.985 0.0770 80.44 72.60  70  46  615000 1217000   260 10.18
0.987 0.0803 80.53 72.60  70  46  615000 1217000   260 10.18
0.988 0.0808 80.61 72.60  70  46  615000 1217000   260 10.18
0.990 0.0807 80.69 72.60  70  46  615000 1217000   260 10.18
0.992 0.0821 80.79 72.60  70  46  615000 1217000   260 10.18
0.993 0.0812 80.91 72.60  70  46  615000 1217000   260 10.18
0.995 0.0799 81.04 72.60  70  46  615000 1217000   260 10.18
0.997 0.0877 81.17 72.60  70  46  615000 1217000   260 10.18
0.998 0.0883 81.30 72.60  70  46  615000 1217000   260 10.18
1.000 0.0772 81.41 72.60  70  46  615000 1217000   260 10.18
1.002 0.0820 81.51 72.60  70  46  615000 1217000   260 10.18
1.003 0.0796 81.58 72.60  70  46  615000 1217000   260 10.18
1.005 0.0793 81.63 72.60  70  46  615000 1217000   260 10.18
1.007 0.0814 81.64 72.60  70  46  615000 1217000   260 10.18
1.008 0.0860 81.59 72.60  70  46  615000 1217000   260 10.18
1.010 0.0801 81.50 72.60  70  46  615000 1217000   260 10.18
1.012 0.0750 81.39 72.60  70  46  615000 1217000   260 10.18
1.013 0.0821 81.25 72.60  70  46  615000 1217000   260 10.18
1.015 0.0845 81.10 72.60  70  46  615000 1217000   260 10.18
1.017 0.0811 80.95 72.60  70  46  615000 1217000   260 10.18
1.018 0.0763 80.82 72.60  70  46  615000 1217000   260 10.18
1.020 0.0828 80.71 72.60  70  46  615000 1217000   260 10.18
1.022 0.0803 80.62 72.60  70  46  615000 1217000   260 10.18
1.023 0.0831 80.56 72.60  70  46  615000 1217000   260 10.18
1.025 0.0820 80.52 72.60  70  46  615000 1217000   260 10.18
1.027 0.0791 80.49 72.60  70  46  615000 1217000   260 10.18
1.028 0.0785 80.47 72.60  70  46  615000 1217000   260 10.18
1.030 0.0818 80.45 72.60  70  46  615000 1217000   260 10.18
1.032 0.0824 80.43 72.60  70  46  615000 1217000   260 10.18
1.033 0.0831 80.38 72.60  70  46  615000 1217000   260 10.18
1.035 0.0760 80.31 72.60  70  46  615000 1217000   260 10.18
1.037 0.0801 80.22 72.60  70  46  615000 1217000   260 10.18
1.038 0.0729 80.12 72.60  70  46  615000 1217000   260 10.18
1.040 0.0780 80.01 72.60  70  46  615000 1217000   260 10.18
1.042 0.0898 79.90 72.60  70  46  615000 1217000   260 10.18
1.043 0.0831 79.79 72.60  70  46  615000 1217000   260 10.18
1.045 0.0747 79.68 72.60  70  46  615000 1217000   260 10.18
1.047 0.0807 79.57 72.60  70  46  615000 1217000   260 10.18
1.048 0.0835 79.47 72.60  70  46  615000 1217000   260 10.18
1.050 0.0747 79.35 72.60  70  46  615000 1217000   260 10.18
1.051 0.0787 79.24 72.60  70  46  615000 1217000   260 10.18
1.053 0.0816 79.13 72.60  70  46  615000 1217000   260 10.18
1.055 0.0794 79.03 72.60  70  46  615000 1217000   260 10.18
1.056 0.0787 78.96 72.60  70  46  615000 1217000   260 10.18
1.058 0.0761 78.92 72.60  70  46  615000 1217000   260 10.18
1.060 0.0803 78.90 72.60  70  46  615000 1217000   260 10.18
1.061 0.0822 78.90 72.60  70  46  615000 1217000   260 10.18
1.063 0.0715 78.93 72.60  70  46  615000 1217000   260 10.18
1.065 0.0802 78.99 72.60  70  46  615000 1217000   260 10.18
1.066 0.0810 79.06 72.60  70  46  615000 1217000   260 10.18
1.068 0.0776 79.16 72.60  70  46  615000 1217000   260 10.18
1.070 0.0803 79.28 72.60  70  46  615000 1217000   260 10.18
1.071 0.0814 79.41 72.60  70  46  615000 1217000   260 10.18
1.073 0.0759 79.55 72.60  70  46  615000 1217000   260 10.18
1.075 0.0813 79.68 72.60  70  46  615000 1217000   260 10.18
1.076 0.0759 79.80 72.60  70  46  615000 1217000   260 10.18
1.078 0.0781 79.88 72.60  70  46  615000 1217000   260 10.18
1.080 0.0819 79.93 72.60  70  46  615000 1217000   260 10.18
1.081 0.0766 79.96 72.60  70  46  615000 1217000   260 10.18
1.083 0.0903 79.98 72.60  70  46  615000 1217000   260 10.18
1.085 0.0843 79.99 72.60  70  46  615000 1217000   260 10.18
1.086 0.0763 80.01 72.60  70  46  615000 1217000   260 10.18
1.088 0.0806 80.03 72.60  70  46  615000 1217000   260 10.18
1.090 0.0826 80.05 72.60  70  46  615000 1217000   260 10.18
1.091 0.0770 80.06 72.60  70  46  615000 1217000   260 10.18
1.093 0.0765 80.06 72.60  70  46  615000 1217000   260 10.18
1.095 0.0807 80.04 72.60  70  46  615000 1217000   260 10.18
1.096 0.0847 80.01 72.60  70  46  615000 1217000   260 10.18
1.098 0.0782 79.95 72.60  70  46  615000 1217000   260 10.18
1.100 0.0732 79.87 72.60  70  46  615000 1217000   260 10.18
1.101 0.0807 79.75 72.60  70  46  615000 1217000   260 10.18
1.103 0.0785 79.61 72.60  70  46  615000 1217000   260 10.18
1.105 0.0787 79.47 72.60  70  46  615000 1217000   260 10.18
1.106 0.0795 79.34 72.60  70  46  615000 1217000   260 10.18
1.108 0.0788 79.23 72.60  70  46  615000 1217000   260 10.18
1.110 0.0854 79.16 72.60  70  46  615000 1217000   260 10.18
1.111 0.0804 79.14 72.60  70  46  615000 1217000   260 10.18
1.113 0.0803 79.17 72.60  70  46  615000 1217000   260 10.18
1.115 0.0794 79.24 72.60  70  46  615000 1217000   260 10.18
1.116 0.0831 79.34 72.60  70  46  615000 1217000   260 10.18
1.118 0.0770 79.45 72.60  70  46  615000 1217000   260 10.18
1.120 0.0791 79.57 72.60  70  46  615000 1217000   260 10.18
1.121 0.0716 79.67 72.60  70  46  615000 1217000   260 10.18
1.123 0.0811 79.78 72.60  70  46  615000 1217000   260 10.18
1.125 0.0805 79.87 72.60  70  46  615000 1217000   260 10.18
1.126 0.0782 79.96 72.60  70  46  615000 1217000   260 10.18
1.128 0.0779 80.03 72.60  70  46  615000 1217000   260 10.18
1.130 0.0756 80.08 72.60  70  46  615000 1217000   260 10.18
1.131 0.0847 80.13 72.60  70  46  615000 1217000   260 10.18
1.133 0.0793 80.17 72.60  70  46  615000 1217000   260 10.18
1.135 0.0878 80.23 72.60  70  46  615000 1217000   260 10.18
1.136 0.0833 80.32 72.60  70  46  615000 1217000   260 10.18
1.138 0.0790 80.43 72.60  70  46  615000 1217000   260 10.18
1.140 0.0796 80.56 72.60  70  46  615000 1217000   260 10.18
1.141 0.0798 80.70 72.60  70  46  615000 1217000   260 10.18
1.143 0.0848 80.83 72.60  70  46  615000 1217000   260 10.18
1.145 0.0781 80.94 72.60  70  46  615000 1217000   260 10.18
1.146 0.0834 81.02 72.60  70  46  615000 1217000   260 10.18
1.148 0.0785 81.07 72.60  70  46  615000 1217000   260 10.18
1.150 0.0775 81.09 72.60  70  46  615000 1217000   260 10.18
1.151 0.0856 81.11 72.60  70  46  615000 1217000   260 10.18
1.153 0.0769 81.15 72.60  70  46  615000 1217000   260 10.18
1.154 0.0808 81.21 72.60  70  46  615000 1217000   260 10.18
1.156 0.0805 81.31 72.60  70  46  615000 1217000   260 10.18
1.158 0.0806 81.45 72.60  70  46  615000 1217000   260 10.18
1.159 0.0817 81.63 72.60  70  46  615000 1217000   260 10.18
1.161 0.0825 81.85 72.60  70  46  615000 1217000   260 10.18
1.163 0.0869 82.09 72.60  70  46  615000 1217000   260 10.18
1.164 0.0804 82.35 72.60  70  46  615000 1217000   260 10.18
1.166 0.0844 82.61 72.60  70  46  615000 1217000   260 10.18
1.168 0.0811 82.87 72.60  70  46  615000 1217000   260 10.18
1.169 0.0814 83.11 72.60  70  46  615000 1217000   260 10.18
1.171 0.0818 83.33 72.60  70  46  615000 1217000   260 10.18
1.173 0.0810 83.52 72.60  70  46  615000 1217000   260 10.18
1.174 0.0826 83.68 72.60  70  46  615000 1217000   260 10.18
1.176 0.0885 83.84 72.60  70  46  615000 1217000   260 10.18
1.178 0.0809 83.98 72.60  70  46  615000 1217000   260 10.18
1.179 0.0936 84.11 72.60  70  46  615000 1217000   260 10.18
1.181 0.0842 84.22 72.60  70  46  615000 1217000   260 10.18
1.183 0.0862 84.32 72.60  70  46  615000 1217000   260 10.18
1.184 0.0827 84.41 72.60  70  46  615000 1217000   260 10.18
1.186 0.0836 84.48 72.60  70  46  615000 1217000   260 10.18
1.188 0.0807 84.54 72.60  70  46  615000 1217000   260 10.18
1.189 0.0838 84.58 72.60  70  46  615000 1217000   260 10.18
1.191 0.0849 84.60 72.60  70  46  615000 1217000   260 10.18
1.193 0.0832 84.61 72.60  70  46  615000 1217000   260 10.18
1.194 0.0800 84.60 72.60  70  46  615000 1217000   260 10.18
1.196 0.0894 84.58 72.60  70  46  615000 1217000   260 10.18
1.198 0.0884 84.54 72.60  70  46  615000 1217000   260 10.18
1.199 0.0805 84.50 72.60  70  46  615000 1217000   260 10.18
1.201 0.0853 84.46 72.60  70  46  615000 1217000   260 10.18
1.203 0.0870 84.45 72.60  70  46  615000 1217000   260 10.18
1.204 0.0835 84.46 72.60  70  46  615000 1217000   260 10.18
1.206 0.0854 84.51 72.60  70  46  615000 1217000   260 10.18
1.208 0.0867 84.58 72.60  70  46  615000 1217000   260 10.18
1.209 0.0836 84.68 72.60  70  46  615000 1217000   260 10.18
1.211 0.0833 84.79 72.60  70  46  615000 1217000   260 10.18
1.213 0.0818 84.90 72.60  70  46  615000 1217000   260 10.18
1.214 0.0871 85.00 72.60  70  46  615000 1217000   260 10.18
1.216 0.0833 85.08 72.60  70  46  615000 1217000   260 10.18
1.218 0.0844 85.15 72.60  70  46  615000 1217000   260 10.18
1.219 0.0865 85.22 72.60  70  46  615000 1217000   260 10.18
1.221 0.0846 85.30 72.60  70  46  615000 1217000   260 10.18
1.223 0.0848 85.39 72.60  70  46  615000 1217000   260 10.18
1.224 0.0858 85.49 72.60  70  46  615000 1217000   260 10.18
1.226 0.0867 85.59 72.60  70  46  615000 1217000   260 10.18
1.228 0.0860 85.69 72.60  70  46  615000 1217000   260 10.18
1.229 0.0831 85.77 72.60  70  46  615000 1217000   260 10.18
1.231 0.0894 85.84 72.60  70  46  615000 1217000   260 10.18
1.233 0.0881 85.89 72.60  70  46  615000 1217000   260 10.18
1.234 0.0864 85.93 72.60  70  46  615000 1217000   260 10.18
1.236 0.0816 85.94 72.60  70  46  615000 1217000   260 10.18
1.238 0.0863 85.96 72.60  70  46  615000 1217000   260 10.18
1.239 0.0903 85.97 72.60  70  46  615000 1217000   260 10.18
1.241 0.0829 85.99 72.60  70  46  615000 1217000   260 10.18
1.243 0.0883 86.03 72.60  70  46  615000 1217000   260 10.18
1.244 0.0859 86.09 72.60  70  46  615000 1217000   260 10.18
1.246 0.0838 86.17 72.60  70  46  615000 1217000   260 10.18
1.248 0.0865 86.28 72.60  70  46  615000 1217000   260 10.18
1.249 0.0884 86.40 72.60  70  46  615000 1217000   260 10.18
1.251 0.0916 86.55 72.60  70  46  615000 1217000   260 10.18
1.252 0.0744 86.73 72.60  70  46  615000 1217000   260 10.18
1.254 0.0903 86.92 72.60  70  46  615000 1217000   260 10.18
1.256 0.0857 87.12 72.60  70  46  615000 1217000   260 10.18
1.257 0.0839 87.33 72.60  70  46  615000 1217000   260 10.18
1.259 0.0906 87.56 72.60  70  46  615000 1217000   260 10.18
1.261 0.0858 87.80 72.60  70  46  615000 1217000   260 10.18
1.262 0.0901 88.06 72.60  70  46  615000 1217000   260 10.18
1.264 0.0899 88.33 72.60  70  46  615000 1217000   260 10.18
1.266 0.0915 88.61 72.60  70  46  615000 1217000   260 10.18
1.267 0.0870 88.90 72.60  70  46  615000 1217000   260 10.18
1.269 0.0918 89.20 72.60  70  46  615000 1217000   260 10.18
1.271 0.0919 89.49 72.60  70  46  615000 1217000   260 10.18
1.272 0.0882 89.78 72.60  70  46  615000 1217000   260 10.18
1.274 0.0904 90.07 72.60  70  46  615000 1217000   260 10.18
1.276 0.0875 90.33 72.60  70  46  615000 1217000   260 10.18
1.277 0.0872 90.58 72.60  70  46  615000 1217000   260 10.18
1.279 0.0946 90.82 72.60  70  46  615000 1217000   260 10.18
1.281 0.0892 91.04 72.60  70  46  615000 1217000   260 10.18
1.282 0.0933 91.26 72.60  70  46  615000 1217000   260 10.18
1.284 0.0913 91.47 72.60  70  46  615000 1217000   260 10.18
1.286 0.0879 91.67 72.60  70  46  615000 1217000   260 10.18
1.287 0.0903 91.88 72.60  70  46  615000 1217000   260 10.18
1.289 0.0979 92.10 72.60  70  46  615000 1217000   260 10.18
1.291 0.0936 92.34 72.60  70  46  615000 1217000   260 10.18
1.292 0.0913 92.58 72.60  70  46  615000 1217000   260 10.18
1.294 0.0940 92.84 72.60  70  46  615000 1217000   260 10.18
1.296 0.0858 93.10 72.60  70  46  615000 1217000   260 10.18
1.297 0.0989 93.35 72.60  70  46  615000 1217000   260 10.18
1.299 0.0951 93.60 72.60  70  46  615000 1217000   260 10.18
1.301 0.0946 93.85 72.60  70  46  615000 1217000   260 10.18
1.302 0.0890 94.08 72.60  70  46  615000 1217000   260 10.18
1.304 0.0938 94.31 72.60  70  46  615000 1217000   260 10.18
1.306 0.0962 94.54 72.60  70  46  615000 1217000   260 10.18
1.307 0.0998 94.77 72.60  70  46  615000 1217000   260 10.18
1.309 0.0930 95.01 72.60  70  46  615000 1217000   260 10.18
1.311 0.0963 95.26 72.60  70  46  615000 1217000   260 10.18
1.312 0.0905 95.53 72.60  70  46  615000 1217000   260 10.18
1.314 0.0985 95.81 72.60  70  46  615000 1217000   260 10.18
1.316 0.0983 96.11 72.60  70  46  615000 1217000   260 10.18
1.317 0.0916 96.42 72.60  70  46  615000 1217000   260 10.18
1.319 0.0986 96.74 72.60  70  46  615000 1217000   260 10.18
1.321 0.0963 97.06 72.60  70  46  615000 1217000   260 10.18
1.322 0.0956 97.38 72.60  70  46  615000 1217000   260 10.18
1.324 0.0968 97.70 72.60  70  46  615000 1217000   260 10.18
1.326 0.1047 98.01 72.60  70  46  615000 1217000   260 10.18
1.327 0.0932 98.32 72.60  70  46  615000 1217000   260 10.18
1.329 0.0986 98.62 72.60  70  46  615000 1217000   260 10.18
1.331 0.1015 98.94 72.60  70  46  615000 1217000   260 10.18
1.332 0.0981 99.27 72.60  70  46  615000 1217000   260 10.18
1.334 0.1009 99.62 72.60  70  46  615000 1217000   260 10.18
1.336 0.1000 99.96 72.60  70  46  615000 1217000   260 10.18
1.337 0.0998 100.29 72.60  70  46  615000 1217000   260 10.18
1.339 0.1050 100.64 72.60  70  46  615000 1217000   260 10.18
1.341 0.0960 100.98 72.60  70  46  615000 1217000   260 10.18
1.342 0.1024 101.33 72.60  70  46  615000 1217000   260 10.18
1.344 0.1023 101.68 72.60  70  46  615000 1217000   260 10.18
1.346 0.1040 102.03 72.60  70  46  615000 1217000   260 10.18
1.347 0.0990 102.41 72.60  70  46  615000 1217000   260 10.18
1.349 0.1029 102.79 72.60  70  46  615000 1217000   260 10.18
1.350 0.0993 103.17 72.60  70  46  615000 1217000   260 10.18
1.352 0.1059 103.55 72.60  70  46  615000 1217000   260 10.18
1.354 0.1037 103.94 72.60  70  46  615000 1217000   260 10.18
1.355 0.1049 104.33 72.60  70  46  615000 1217000   260 10.18
1.357 0.1034 104.74 72.60  70  46  615000 1217000   260 10.18
1.359 0.1088 105.16 72.60  70  46  615000 1217000   260 10.18
1.360 0.1071 105.57 72.60  70  46  615000 1217000   260 10.18
1.362 0.1048 105.99 72.60  70  46  615000 1217000   260 10.18
1.364 0.1046 106.42 72.60  70  46  615000 1217000   260 10.18
1.365 0.1062 106.85 72.60  70  46  615000 1217000   260 10.18
1.367 0.1048 107.29 72.60  70  46  615000 1217000   260 10.18
1.369 0.1085 107.72 72.60  70  46  615000 1217000   260 10.18
1.370 0.1120 108.13 72.60  70  46  615000 1217000   260 10.18
1.372 0.1151 108.55 72.60  70  46  615000 1217000   260 10.18
1.374 0.1015 108.96 72.60  70  46  615000 1217000   260 10.18
1.375 0.1106 109.38 72.60  70  46  615000 1217000   260 10.18
1.377 0.1138 109.80 72.60  70  46  615000 1217000   260 10.18
1.379 0.1017 110.24 72.60  70  46  615000 1217000   260 10.18
1.380 0.1095 110.69 72.60  70  46  615000 1217000   260 10.18
1.382 0.1130 111.14 72.60  70  46  615000 1217000   260 10.18
1.384 0.1144 111.59 72.60  70  46  615000 1217000   260 10.18
1.385 0.1125 112.04 72.60  70  46  615000 1217000   260 10.18
1.387 0.1121 112.49 72.60  70  46  615000 1217000   260 10.18
1.389 0.1114 112.94 72.60  70  46  615000 1217000   260 10.18
1.390 0.1124 113.38 72.60  70  46  615000 1217000   260 10.18
1.392 0.1145 113.81 72.60  70  46  615000 1217000   260 10.18
1.394 0.1142 114.23 72.60  70  46  615000 1217000   260 10.18
1.395 0.1173 114.63 72.60  70  46  615000 1217000   260 10.18
1.397 0.1145 115.02 72.60  70  46  615000 1217000   260 10.18
1.399 0.1113 115.39 72.60  70  46  615000 1217000   260 10.18
1.400 0.1179 115.77 72.60  70  46  615000 1217000   260 10.18
1.402 0.1143 116.13 72.60  70  46  615000 1217000   260 10.18
1.404 0.1236 116.49 72.60  70  46  615000 1217000   260 10.18
1.405 0.1209 116.85 72.60  70  46  615000 1217000   260 10.18
1.407 0.1096 117.19 72.60  70  46  615000 1217000   260 10.18
1.409 0.1190 117.51 72.60  70  46  615000 1217000   260 10.18
1.410 0.1215 117.83 72.60  70  46  615000 1217000   260 10.18
1.412 0.1115 118.15 72.60  70  46  615000 1217000   260 10.18
1.414 0.1131 118.47 72.60  70  46  615000 1217000   260 10.18
1.415 0.1214 118.80 72.60  70  46  615000 1217000   260 10.18
1.417 0.1237 119.14 72.60  70  46  615000 1217000   260 10.18
1.419 0.1209 119.48 72.60  70  46  615000 1217000   260 10.18
1.420 0.1231 119.80 72.60  70  46  615000 1217000   260 10.18
1.422 0.1080 120.11 72.60  70  46  615000 1217000   260 10.18
1.424 0.1242 120.41 72.60  70  46  615000 1217000   260 10.18
1.425 0.1208 120.72 72.60  70  46  615000 1217000   260 10.18
1.427 0.1259 121.03 72.60  70  46  615000 1217000   260 10.18
1.429 0.1156 121.37 72.60  70  46  615000 1217000   260 10.18
1.430 0.1243 121.71 72.60  70  46  615000 1217000   260 10.18
1.432 0.1257 122.07 72.60  70  46  615000 1217000   260 10.18
1.434 0.1243 122.43 72.60  70  46  615000 1217000   260 10.18
1.435 0.1168 122.79 72.60  70  46  615000 1217000   260 10.18
1.437 0.1279 123.15 72.60  70  46  615000 1217000   260 10.18
1.439 0.1192 123.50 72.60  70  46  615000 1217000   260 10.18
1.440 0.1250 123.83 72.60  70  46  615000 1217000   260 10.18
1.442 0.1251 124.16 72.60  70  46  615000 1217000   260 10.18
1.444 0.1258 124.50 72.60  70  46  615000 1217000   260 10.18
1.445 0.1217 124.85 72.60  70  46  615000 1217000   260 10.18
1.447 0.1285 125.22 72.60  70  46  615000 1217000   260 10.18
1.449 0.1221 125.60 72.60  70  46  615000 1217000   260 10.18
1.450 0.1215 126.00 72.60  70  46  615000 1217000   260 10.18
1.452 0.1254 126.40 72.60  70  46  615000 1217000   260 10.18
1.453 0.1315 126.79 72.60  70  46  615000 1217000   260 10.18
1.455 0.1301 127.18 72.60  70  46  615000 1217000   260 10.18
1.457 0.1296 127.58 72.60  70  46  615000 1217000   260 10.18
1.458 0.1304 128.00 72.60  70  46  615000 1217000   260 10.18
1.460 0.1211 128.44 72.60  70  46  615000 1217000   260 10.18
1.462 0.1284 128.87 72.60  70  46  615000 1217000   260 10.18
1.463 0.1292 129.31 72.60  70  46  615000 1217000   260 10.18
1.465 0.1298 129.75 72.60  70  46  615000 1217000   260 10.18
1.467 0.1317 130.17 72.60  70  46  615000 1217000   260 10.18
1.468 0.1318 130.58 72.60  70  46  615000 1217000   260 10.18
1.470 0.1322 130.96 72.60  70  46  615000 1217000   260 10.18
1.472 0.1273 131.31 72.60  70  46  615000 1217000   260 10.18
1.473 0.1383 131.65 72.60  70  46  615000 1217000   260 10.18
1.475 0.1267 131.97 72.60  70  46  615000 1217000   260 10.18
1.477 0.1352 132.28 72.60  70  46  615000 1217000   260 10.18
1.478 0.1298 132.59 72.60  70  46  615000 1217000   260 10.18
1.480 0.1363 132.92 72.60  70  46  615000 1217000   260 10.18
1.482 0.1275 133.26 72.60  70  46  615000 1217000   260 10.18
1.483 0.1369 133.63 72.60  70  46  615000 1217000   260 10.18
1.485 0.1321 134.02 72.60  70  46  615000 1217000   260 10.18
1.487 0.1387 134.44 72.60  70  46  615000 1217000   260 10.18
1.488 0.1382 134.85 72.60  70  46  615000 1217000   260 10.18
1.490 0.1324 135.27 72.60  70  46  615000 1217000   260 10.18
1.492 0.1320 135.67 72.60  70  46  615000 1217000   260 10.18
1.493 0.1378 136.07 72.60  70  46  615000 1217000   260 10.18
1.495 0.1359 136.48 72.60  70  46  615000 1217000   260 10.18
1.497 0.1309 136.90 72.60  70  46  615000 1217000   260 10.18
1.498 0.1414 137.34 72.60  70  46  615000 1217000   260 10.18
1.500 0.1321 137.78 72.60  70  46  615000 1217000   260 10.18
1.502 0.1446 138.22 72.60  70  46  615000 1217000   260 10.18
1.503 0.1352 138.67 72.60  70  46  615000 1217000   260 10.18
1.505 0.1430 139.12 72.60  70  46  615000 1217000   260 10.18
1.507 0.1439 139.58 72.60  70  46  615000 1217000   260 10.18
1.508 0.1341 140.05 72.60  70  46  615000 1217000   260 10.18
1.510 0.1542 140.53 72.60  70  46  615000 1217000   260 10.18
1.512 0.1312 141.02 72.60  70  46  615000 1217000   260 10.18
1.513 0.1409 141.53 72.60  70  46  615000 1217000   260 10.18
1.515 0.1458 142.05 72.60  70  46  615000 1217000   260 10.18
1.517 0.1307 142.58 72.60  70  46  615000 1217000   260 10.18
1.518 0.1498 143.13 72.60  70  46  615000 1217000   260 10.18
1.520 0.1471 143.69 72.60  70  46  615000 1217000   260 10.18
1.522 0.1363 144.26 72.60  70  46  615000 1217000   260 10.18
1.523 0.1508 144.85 72.60  70  46  615000 1217000   260 10.18
1.525 0.1442 145.44 72.60  70  46  615000 1217000   260 10.18
1.527 0.1468 146.05 72.60  70  46  615000 1217000   260 10.18
1.528 0.1446 146.67 72.60  70  46  615000 1217000   260 10.18
1.530 0.1470 147.32 72.60  70  46  615000 1217000   260 10.18
1.532 0.1494 147.99 72.60  70  46  615000 1217000   260 10.18
1.533 0.1438 148.70 72.60  70  46  615000 1217000   260 10.18
1.535 0.1541 149.45 72.60  70  46  615000 1217000   260 10.18
1.537 0.1549 150.22 72.60  70  46  615000 1217000   260 10.18
1.538 0.1482 151.02 72.60  70  46  615000 1217000   260 10.18
1.540 0.1450 151.83 72.60  70  46  615000 1217000   260 10.18
1.542 0.1555 152.64 72.60  70  46  615000 1217000   260 10.18
1.543 0.1616 153.45 72.60  70  46  615000 1217000   260 10.18
1.545 0.1500 154.24 72.60  70  46  615000 1217000   260 10.18
1.547 0.1525 155.04 72.60  70  46  615000 1217000   260 10.18
1.548 0.1588 155.85 72.60  70  46  615000 1217000   260 10.18
1.550 0.1559 156.67 72.60  70  46  615000 1217000   260 10.18
1.551 0.1568 157.49 72.60  70  46  615000 1217000   260 10.18
1.553 0.1586 158.31 72.60  70  46  615000 1217000   260 10.18
1.555 0.1579 159.15 72.60  70  46  615000 1217000   260 10.18
1.556 0.1554 160.00 72.60  70  46  615000 1217000   260 10.18
1.558 0.1625 160.89 72.60  70  46  615000 1217000   260 10.18
1.560 0.1658 161.80 72.60  70  46  615000 1217000   260 10.18
1.561 0.1627 162.73 72.60  70  46  615000 1217000   260 10.18
1.563 0.1646 163.69 72.60  70  46  615000 1217000   260 10.18
1.565 0.1670 164.67 72.60  70  46  615000 1217000   260 10.18
1.566 0.1683 165.67 72.60  70  46  615000 1217000   260 10.18
1.568 0.1571 166.66 72.60  70  46  615000 1217000   260 10.18
1.570 0.1684 167.66 72.60  70  46  615000 1217000   260 10.18
1.571 0.1728 168.64 72.60  70  46  615000 1217000   260 10.18
1.573 0.1604 169.63 72.60  70  46  615000 1217000   260 10.18
1.575 0.1738 170.61 72.60  70  46  615000 1217000   260 10.18
1.576 0.1746 171.62 72.60  70  46  615000 1217000   260 10.18
1.578 0.1765 172.62 72.60  70  46  615000 1217000   260 10.18
1.580 0.1749 173.61 72.60  70  46  615000 1217000   260 10.18
1.581 0.1599 174.57 72.60  70  46  615000 1217000   260 10.18
1.583 0.1758 175.51 72.60  70  46  615000 1217000   260 10.18
1.585 0.1949 176.45 72.60  70  46  615000 1217000   260 10.18
1.586 0.1767 177.38 72.60  70  46  615000 1217000   260 10.18
1.588 0.1741 178.31 72.60  70  46  615000 1217000   260 10.18
1.590 0.1816 179.22 72.60  70  46  615000 1217000   260 10.18
1.591 0.1736 180.11 72.60  70  46  615000 1217000   260 10.18
1.593 0.1721 180.94 72.60  70  46  615000 1217000   260 10.18
1.595 0.2000 181.73 72.60  70  46  615000 1217000   260 10.18
1.596 0.1653 182.45 72.60  70  46  615000 1217000   260 10.18
1.598 0.1922 183.12 72.60  70  46  615000 1217000   260 10.18
1.600 0.1811 183.76 72.60  70  46  615000 1217000   260 10.18
1.601 0.1913 184.38 72.60  70  46  615000 1217000   260 10.18
1.603 0.1807 185.00 72.60  70  46  615000 1217000   260 10.18
1.605 0.1906 185.63 72.60  70  46  615000 1217000   260 10.18
1.606 0.1925 186.31 72.60  70  46  615000 1217000   260 10.18
1.608 0.1762 187.05 72.60  70  46  615000 1217000   260 10.18
1.610 0.1982 187.86 72.60  70  46  615000 1217000   260 10.18
1.611 0.1644 188.75 72.60  70  46  615000 1217000   260 10.18
1.613 0.2089 189.71 72.60  70  46  615000 1217000   260 10.18
1.615 0.1934 190.73 72.60  70  46  615000 1217000   260 10.18
1.616 0.1878 191.82 72.60  70  46  615000 1217000   260 10.18
1.618 0.1965 192.96 72.60  70  46  615000 1217000   260 10.18
1.620 0.1819 194.14 72.60  70  46  615000 1217000   260 10.18
1.621 0.1938 195.32 72.60  70  46  615000 1217000   260 10.18
1.623 0.1897 196.50 72.60  70  46  615000 1217000   260 10.18
1.625 0.1985 197.69 72.60  70  46  615000 1217000   260 10.18
1.626 0.2064 198.92 72.60  70  46  615000 1217000   260 10.18
1.628 0.1976 200.18 72.60  70  46  615000 1217000   260 10.18
1.630 0.1993 201.48 72.60  70  46  615000 1217000   260 10.18
1.631 0.2180 202.80 72.60  70  46  615000 1217000   260 10.18
1.633 0.1953 204.13 72.60  70  46  615000 1217000   260 10.18
1.635 0.2053 205.48 72.60  70  46  615000 1217000   260 10.18
1.636 0.2103 206.83 72.60  70  46  615000 1217000   260 10.18
1.638 0.2193 208.16 72.60  70  46  615000 1217000   260 10.18
1.640 0.2134 209.48 72.60  70  46  615000 1217000   260 10.18
1.641 0.2034 210.79 72.60  70  46  615000 1217000   260 10.18
1.643 0.2064 212.09 72.60  70  46  615000 1217000   260 10.18
1.645 0.2112 213.39 72.60  70  46  615000 1217000   260 10.18
1.647 0.2178 214.70 72.60  70  46  615000 1217000   260 10.18
1.649 0.2136 216.03 72.60  70  46  615000 1217000   260 10.18
1.652 0.2160 217.39 72.60  70  46  615000 1217000   260 10.18
1.654 0.2165 218.80 72.60  70  46  615000 1217000   260 10.18
1.656 0.2223 220.31 72.60  70  46  615000 1217000   260 10.18
1.659 0.2146 221.94 72.60  70  46  615000 1217000   260 10.18
1.661 0.2312 223.74 72.60  70  46  615000 1217000   260 10.18
1.664 0.2327 225.70 72.60  70  46  615000 1217000   260 10.18
1.667 0.2195 227.83 72.60  70  46  615000 1217000   260 10.18
1.670 0.2299 230.11 72.60  70  46  615000 1217000   260 10.18
1.673 0.2273 232.50 72.60  70  46  615000 1217000   260 10.18
1.676 0.2317 234.96 72.60  70  46  615000 1217000   260 10.18
1.680 0.2381 237.46 72.60  70  46  615000 1217000   260 10.18
1.683 0.2350 239.94 72.60  70  46  615000 1217000   260 10.18
1.687 0.2382 242.34 72.60  70  46  615000 1217000   260 10.18
1.691 0.2461 244.62 72.60  70  46  615000 1217000   260 10.18
1.695 0.2417 246.71 72.60  70  46  615000 1217000   260 10.18
1.699 0.2480 248.56 72.60  70  46  615000 1217000   260 10.18
1.703 0.2487 250.13 72.60  70  46  615000 1217000   260 10.18
1.707 0.2549 251.39 72.60  70  46  615000 1217000   260 10.18
1.712 0.2544 252.31 72.60  70  46  615000 1217000   260 10.18
1.717 0.2546 252.84 72.60  70  46  615000 1217000   260 10.18
1.722 0.2583 252.90 72.60  70  46  615000 1217000   260 10.18
1.727 0.2552 252.44 72.60  70  46  615000 1217000   260 10.18
1.733 0.2555 251.36 72.60  70  46  615000 1217000   260 10.18
1.739 0.2516 249.60 72.60  70  46  615000 1217000   260 10.18
1.745 0.2489 247.06 72.60  70  46  615000 1217000   260 10.18
1.751 0.2461 243.68 72.60  70  46  615000 1217000   260 10.18
1.757 0.2421 239.42 72.60  70  46  615000 1217000   260 10.18
1.764 0.2336 234.27 72.60  70  46  615000 1217000   260 10.18
1.771 0.2284 228.25 72.60  70  46  615000 1217000   260 10.18
1.778 0.2257 221.42 72.60  70  46  615000 1217000   260 10.18
1.786 0.2212 213.85 72.60  70  46  615000 1217000   260 10.18
1.794 0.2130 205.65 72.60  70  46  615000 1217000   260 10.18
1.802 0.2037 196.95 72.60  70  46  615000 1217000   260 10.18
1.811 0.1952 187.87 72.60  70  46  615000 1217000   260 10.18
1.819 0.1856 178.57 72.60  70  46  615000 1217000   260 10.18
1.827 0.1768 169.19 72.60  70  46  615000 1217000   260 10.18
1.836 0.1694 159.88 72.60  70  46  615000 1217000   260 10.18
1.844 0.1524 150.77 72.60  70  46  615000 1217000   260 10.18
1.852 0.1382 141.99 72.60  70  46  615000 1217000   260 10.18
1.860 0.1224 133.64 72.60  70  46  615000 1217000   260 10.18
1.869 0.1136 125.82 72.60  70  46  615000 1217000   260 10.18
1.877 0.1032 118.61 72.60  70  46  615000 1217000   260 10.18
1.885 0.0999 112.09 72.60  70  46  615000 1217000   260 10.18
1.894 0.0933 106.32 72.60  70  46  615000 1217000   260 10.18
1.902 0.0930 101.37 72.60  70  46  615000 1217000   260 10.18
1.910 0.0897 97.29 72.60  70  46  615000 1217000   260 10.18
1.919 0.0896 94.12 72.60  70  46  615000 1217000   260 10.18
1.927 0.0889 91.89 72.60  70  46  615000 1217000   260 10.18
1.935 0.0914 90.59 72.60  70  46  615000 1217000   260 10.18
1.944 0.0905 90.20 72.60  70  46  615000 1217000   260 10.18
1.952 0.0929 90.65 72.60  70  46  615000 1217000   260 10.18
1.960 0.0935 91.84 72.60  70  46  615000 1217000   260 10.18
1.968 0.0945 93.64 72.60  70  46  615000 1217000   260 10.18
1.977 0.0966 95.90 72.60  70  46  615000 1217000   260 10.18
1.985 0.1002 98.45 72.60  70  46  615000 1217000   260 10.18
1.993 0.1024 101.14 72.60  70  46  615000 1217000   260 10.18
2.002 0.1014 103.78 72.60  70  46  615000 1217000   260 10.18
2.010 0.1070 106.24 72.60  70  46  615000 1217000   260 10.18
2.018 0.1066 108.41 72.60  70  46  615000 1217000   260 10.18
2.027 0.1096 110.22 72.60  70  46  615000 1217000   260 10.18
2.035 0.1129 111.63 72.60  70  46  615000 1217000   260 10.18
2.043 0.1173 112.63 72.60  70  46  615000 1217000   260 10.18
2.051 0.1257 113.25 72.60  70  46  615000 1217000   260 10.18
2.060 0.1228 113.52 72.60  70  46  615000 1217000   260 10.18
2.068 0.1242 113.46 72.60  70  46  615000 1217000   260 10.18
2.076 0.1257 113.13 72.60  70  46  615000 1217000   260 10.18
2.085 0.1249 112.56 72.60  70  46  615000 1217000   260 10.18
2.093 0.1215 111.79 72.60  70  46  615000 1217000   260 10.18
2.101 0.1149 110.89 72.60  70  46  615000 1217000   260 10.18
2.110 0.1137 110.04 72.60  70  46  615000 1217000   260 10.18
2.118 0.1097 110.34 72.60  70  46  615000 1217000   260 10.18
2.126 0.1065 113.50 72.60  70  46  615000 1217000   260 10.18
2.135 0.1044 118.13 72.60  70  46  615000 1217000   260 10.18
2.143 0.1050 123.25 72.60  70  46  615000 1217000   260 10.18
2.151 0.1063 128.43 72.60  70  46  615000 1217000   260 10.18
2.159 0.1090 133.52 72.60  70  46  615000 1217000   260 10.18
2.168 0.1140 138.46 72.60  70  46  615000 1217000   260 10.18
2.176 0.1196 143.26 72.60  70  46  615000 1217000   260 10.18
2.184 0.1269 147.94 72.60  70  46  615000 1217000   260 10.18
2.193 0.1376 152.54 72.60  70  46  615000 1217000   260 10.18
2.201 0.1409 157.10 72.60  70  46  615000 1217000   260 10.18
2.209 0.1532 161.64 72.60  70  46  615000 1217000   260 10.18
2.218 0.1652 166.21 72.60  70  46  615000 1217000   260 10.18
2.226 0.1751 170.81 72.60  70  46  615000 1217000   260 10.18
2.234 0.1960 175.48 72.60  70  46  615000 1217000   260 10.18
2.243 0.2147 180.23 72.60  70  46  615000 1217000   260 10.18
2.251 0.2353 185.05 72.60  70  46  615000 1217000   260 10.18
2.259 0.2700 189.96 72.60  70  46  615000 1217000   260 10.18
2.267 0.3047 194.93 72.60  70  46  615000 1217000   260 10.18
2.276 0.3353 199.97 72.60  70  46  615000 1217000   260 10.18
2.284 0.3779 205.04 72.60  70  46  615000 1217000   260 10.18
2.292 0.0000 210.11 72.60  70  46  615000 1217000   260 10.18
2.301 0.0000 215.13 72.60  70  46  615000 1217000   260 10.18
