     x     qy smooth tpara  cd  zL     xTr    xCpl frame tma
-1.003 0.1836 162.20 88.00  68  46  600000 1198000   240 8.67
-0.995 0.1761 151.71 88.00  68  46  600000 1198000   240 8.67
-0.987 0.1675 141.76 88.00  68  46  600000 1198000   240 8.67
-0.978 0.1441 132.31 88.00  68  46  600000 1198000   240 8.67
-0.970 0.1283 123.38 88.00  68  46  600000 1198000   240 8.67
-0.962 0.0704 114.93 88.00  68  46  600000 1198000   240 8.67
-0.953 0.0854 106.97 88.00  68  46  600000 1198000   240 8.67
-0.945 0.0801 99.47 88.00  68  46  600000 1198000   240 8.67
-0.936 0.0736 92.43 88.00  68  46  600000 1198000   240 8.67
-0.928 0.0695 85.84 88.00  68  46  600000 1198000   240 8.67
-0.920 0.0658 79.69 88.00  68  46  600000 1198000   240 8.67
-0.911 0.0626 73.99 88.00  68  46  600000 1198000   240 8.67
-0.903 0.0603 68.73 88.00  68  46  600000 1198000   240 8.67
-0.895 0.0581 63.91 88.00  68  46  600000 1198000   240 8.67
-0.886 0.0569 59.54 88.00  68  46  600000 1198000   240 8.67
-0.878 0.0537 55.63 88.00  68  46  600000 1198000   240 8.67
-0.870 0.0524 52.19 88.00  68  46  600000 1198000   240 8.67
-0.861 0.0517 49.24 88.00  68  46  600000 1198000   240 8.67
-0.853 0.0498 46.82 88.00  68  46  600000 1198000   240 8.67
-0.844 0.0481 44.96 88.00  68  46  600000 1198000   240 8.67
-0.836 0.0466 43.71 88.00  68  46  600000 1198000   240 8.67
-0.828 0.0468 43.11 88.00  68  46  600000 1198000   240 8.67
-0.819 0.0449 43.05 88.00  68  46  600000 1198000   240 8.67
-0.811 0.0442 43.09 88.00  68  46  600000 1198000   240 8.67
-0.803 0.0426 42.50 88.00  68  46  600000 1198000   240 8.67
-0.794 0.0424 41.82 88.00  68  46  600000 1198000   240 8.67
-0.786 0.0421 41.10 88.00  68  46  600000 1198000   240 8.67
-0.778 0.0406 40.40 88.00  68  46  600000 1198000   240 8.67
-0.769 0.0402 39.73 88.00  68  46  600000 1198000   240 8.67
-0.761 0.0393 39.11 88.00  68  46  600000 1198000   240 8.67
-0.753 0.0391 38.53 88.00  68  46  600000 1198000   240 8.67
-0.744 0.0379 37.99 88.00  68  46  600000 1198000   240 8.67
-0.736 0.0376 37.50 88.00  68  46  600000 1198000   240 8.67
-0.727 0.0372 37.06 88.00  68  46  600000 1198000   240 8.67
-0.719 0.0366 36.67 88.00  68  46  600000 1198000   240 8.67
-0.711 0.0364 36.33 88.00  68  46  600000 1198000   240 8.67
-0.702 0.0354 36.03 88.00  68  46  600000 1198000   240 8.67
-0.694 0.0351 35.79 88.00  68  46  600000 1198000   240 8.67
-0.686 0.0354 35.59 88.00  68  46  600000 1198000   240 8.67
-0.677 0.0345 35.44 88.00  68  46  600000 1198000   240 8.67
-0.669 0.0353 35.32 88.00  68  46  600000 1198000   240 8.67
-0.661 0.0344 35.23 88.00  68  46  600000 1198000   240 8.67
-0.652 0.0353 35.18 88.00  68  46  600000 1198000   240 8.67
-0.644 0.0361 35.15 88.00  68  46  600000 1198000   240 8.67
-0.635 0.0358 35.14 88.00  68  46  600000 1198000   240 8.67
-0.627 0.0355 35.16 88.00  68  46  600000 1198000   240 8.67
-0.619 0.0340 35.19 88.00  68  46  600000 1198000   240 8.67
-0.610 0.0359 35.22 88.00  68  46  600000 1198000   240 8.67
-0.602 0.0362 35.27 88.00  68  46  600000 1198000   240 8.67
-0.594 0.0353 35.32 88.00  68  46  600000 1198000   240 8.67
-0.585 0.0362 35.38 88.00  68  46  600000 1198000   240 8.67
-0.577 0.0359 35.44 88.00  68  46  600000 1198000   240 8.67
-0.569 0.0355 35.51 88.00  68  46  600000 1198000   240 8.67
-0.560 0.0357 35.57 88.00  68  46  600000 1198000   240 8.67
-0.552 0.0354 35.64 88.00  68  46  600000 1198000   240 8.67
-0.543 0.0360 35.71 88.00  68  46  600000 1198000   240 8.67
-0.535 0.0351 35.78 88.00  68  46  600000 1198000   240 8.67
-0.527 0.0359 35.85 88.00  68  46  600000 1198000   240 8.67
-0.518 0.0352 35.91 88.00  68  46  600000 1198000   240 8.67
-0.510 0.0348 35.98 88.00  68  46  600000 1198000   240 8.67
-0.502 0.0362 36.05 88.00  68  46  600000 1198000   240 8.67
-0.493 0.0363 36.13 88.00  68  46  600000 1198000   240 8.67
-0.485 0.0361 36.20 88.00  68  46  600000 1198000   240 8.67
-0.477 0.0363 36.28 88.00  68  46  600000 1198000   240 8.67
-0.468 0.0365 36.35 88.00  68  46  600000 1198000   240 8.67
-0.460 0.0364 36.43 88.00  68  46  600000 1198000   240 8.67
-0.452 0.0367 36.50 88.00  68  46  600000 1198000   240 8.67
-0.443 0.0367 36.57 88.00  68  46  600000 1198000   240 8.67
-0.435 0.0374 36.63 88.00  68  46  600000 1198000   240 8.67
-0.426 0.0372 36.69 88.00  68  46  600000 1198000   240 8.67
-0.418 0.0370 36.72 88.00  68  46  600000 1198000   240 8.67
-0.410 0.0362 36.74 88.00  68  46  600000 1198000   240 8.67
-0.401 0.0365 36.73 88.00  68  46  600000 1198000   240 8.67
-0.393 0.0365 36.69 88.00  68  46  600000 1198000   240 8.67
-0.385 0.0366 36.62 88.00  68  46  600000 1198000   240 8.67
-0.376 0.0362 36.54 88.00  68  46  600000 1198000   240 8.67
-0.368 0.0366 36.43 88.00  68  46  600000 1198000   240 8.67
-0.360 0.0362 36.31 88.00  68  46  600000 1198000   240 8.67
-0.351 0.0364 36.17 88.00  68  46  600000 1198000   240 8.67
-0.343 0.0371 36.02 88.00  68  46  600000 1198000   240 8.67
-0.334 0.0358 35.85 88.00  68  46  600000 1198000   240 8.67
-0.326 0.0354 35.67 88.00  68  46  600000 1198000   240 8.67
-0.318 0.0363 35.48 88.00  68  46  600000 1198000   240 8.67
-0.309 0.0358 35.28 88.00  68  46  600000 1198000   240 8.67
-0.301 0.0348 35.06 88.00  68  46  600000 1198000   240 8.67
-0.293 0.0346 34.85 88.00  68  46  600000 1198000   240 8.67
-0.284 0.0347 34.64 88.00  68  46  600000 1198000   240 8.67
-0.276 0.0345 34.45 88.00  68  46  600000 1198000   240 8.67
-0.268 0.0334 34.28 88.00  68  46  600000 1198000   240 8.67
-0.259 0.0339 34.13 88.00  68  46  600000 1198000   240 8.67
-0.251 0.0343 34.03 88.00  68  46  600000 1198000   240 8.67
-0.242 0.0343 33.96 88.00  68  46  600000 1198000   240 8.67
-0.234 0.0347 33.95 88.00  68  46  600000 1198000   240 8.67
-0.226 0.0343 33.99 88.00  68  46  600000 1198000   240 8.67
-0.217 0.0339 34.09 88.00  68  46  600000 1198000   240 8.67
-0.209 0.0330 34.24 88.00  68  46  600000 1198000   240 8.67
-0.201 0.0329 34.43 88.00  68  46  600000 1198000   240 8.67
-0.192 0.0332 34.68 88.00  68  46  600000 1198000   240 8.67
-0.184 0.0335 34.96 88.00  68  46  600000 1198000   240 8.67
-0.176 0.0344 35.27 88.00  68  46  600000 1198000   240 8.67
-0.167 0.0344 35.59 88.00  68  46  600000 1198000   240 8.67
-0.159 0.0364 35.92 88.00  68  46  600000 1198000   240 8.67
-0.151 0.0351 36.23 88.00  68  46  600000 1198000   240 8.67
-0.142 0.0379 36.53 88.00  68  46  600000 1198000   240 8.67
-0.134 0.0381 36.78 88.00  68  46  600000 1198000   240 8.67
-0.125 0.0364 36.99 88.00  68  46  600000 1198000   240 8.67
-0.117 0.0389 37.13 88.00  68  46  600000 1198000   240 8.67
-0.109 0.0380 37.19 88.00  68  46  600000 1198000   240 8.67
-0.100 0.0378 37.17 88.00  68  46  600000 1198000   240 8.67
-0.092 0.0379 37.05 88.00  68  46  600000 1198000   240 8.67
-0.084 0.0379 36.83 88.00  68  46  600000 1198000   240 8.67
-0.075 0.0368 36.50 88.00  68  46  600000 1198000   240 8.67
-0.067 0.0377 36.05 88.00  68  46  600000 1198000   240 8.67
-0.059 0.0361 35.50 88.00  68  46  600000 1198000   240 8.67
-0.050 0.0356 34.85 88.00  68  46  600000 1198000   240 8.67
-0.042 0.0352 34.12 88.00  68  46  600000 1198000   240 8.67
-0.033 0.0342 33.32 88.00  68  46  600000 1198000   240 8.67
-0.025 0.0327 32.48 88.00  68  46  600000 1198000   240 8.67
-0.017 0.0313 31.62 88.00  68  46  600000 1198000   240 8.67
-0.008 0.0303 30.75 88.00  68  46  600000 1198000   240 8.67
0.000 0.0301 29.90 88.00  68  46  600000 1198000   240 8.67
0.008 0.0290 29.08 88.00  68  46  600000 1198000   240 8.67
0.017 0.0278 28.31 88.00  68  46  600000 1198000   240 8.67
0.025 0.0264 27.60 88.00  68  46  600000 1198000   240 8.67
0.033 0.0257 26.98 88.00  68  46  600000 1198000   240 8.67
0.042 0.0256 26.45 88.00  68  46  600000 1198000   240 8.67
0.050 0.0247 26.03 88.00  68  46  600000 1198000   240 8.67
0.059 0.0242 25.71 88.00  68  46  600000 1198000   240 8.67
0.067 0.0249 25.51 88.00  68  46  600000 1198000   240 8.67
0.075 0.0243 25.42 88.00  68  46  600000 1198000   240 8.67
0.084 0.0248 25.43 88.00  68  46  600000 1198000   240 8.67
0.092 0.0256 25.55 88.00  68  46  600000 1198000   240 8.67
0.100 0.0260 25.76 88.00  68  46  600000 1198000   240 8.67
0.109 0.0257 26.04 88.00  68  46  600000 1198000   240 8.67
0.117 0.0259 26.38 88.00  68  46  600000 1198000   240 8.67
0.125 0.0270 26.76 88.00  68  46  600000 1198000   240 8.67
0.134 0.0265 27.17 88.00  68  46  600000 1198000   240 8.67
0.142 0.0279 27.60 88.00  68  46  600000 1198000   240 8.67
0.151 0.0278 28.03 88.00  68  46  600000 1198000   240 8.67
0.159 0.0294 28.46 88.00  68  46  600000 1198000   240 8.67
0.167 0.0292 28.87 88.00  68  46  600000 1198000   240 8.67
0.176 0.0315 29.27 88.00  68  46  600000 1198000   240 8.67
0.184 0.0310 29.64 88.00  68  46  600000 1198000   240 8.67
0.192 0.0308 29.98 88.00  68  46  600000 1198000   240 8.67
0.201 0.0304 30.29 88.00  68  46  600000 1198000   240 8.67
0.209 0.0314 30.57 88.00  68  46  600000 1198000   240 8.67
0.217 0.0302 30.82 88.00  68  46  600000 1198000   240 8.67
0.226 0.0312 31.03 88.00  68  46  600000 1198000   240 8.67
0.234 0.0307 31.20 88.00  68  46  600000 1198000   240 8.67
0.242 0.0309 31.33 88.00  68  46  600000 1198000   240 8.67
0.251 0.0311 31.42 88.00  68  46  600000 1198000   240 8.67
0.259 0.0311 31.46 88.00  68  46  600000 1198000   240 8.67
0.268 0.0304 31.46 88.00  68  46  600000 1198000   240 8.67
0.276 0.0317 31.44 88.00  68  46  600000 1198000   240 8.67
0.284 0.0324 31.41 88.00  68  46  600000 1198000   240 8.67
0.293 0.0329 31.39 88.00  68  46  600000 1198000   240 8.67
0.301 0.0313 31.41 88.00  68  46  600000 1198000   240 8.67
0.309 0.0329 31.48 88.00  68  46  600000 1198000   240 8.67
0.318 0.0318 31.61 88.00  68  46  600000 1198000   240 8.67
0.326 0.0323 31.82 88.00  68  46  600000 1198000   240 8.67
0.334 0.0332 32.10 88.00  68  46  600000 1198000   240 8.67
0.343 0.0316 32.45 88.00  68  46  600000 1198000   240 8.67
0.351 0.0328 32.88 88.00  68  46  600000 1198000   240 8.67
0.360 0.0320 33.35 88.00  68  46  600000 1198000   240 8.67
0.368 0.0317 33.88 88.00  68  46  600000 1198000   240 8.67
0.376 0.0328 34.44 88.00  68  46  600000 1198000   240 8.67
0.385 0.0324 35.05 88.00  68  46  600000 1198000   240 8.67
0.393 0.0324 35.69 88.00  68  46  600000 1198000   240 8.67
0.401 0.0357 36.37 88.00  68  46  600000 1198000   240 8.67
0.410 0.0367 37.09 88.00  68  46  600000 1198000   240 8.67
0.418 0.0385 37.86 88.00  68  46  600000 1198000   240 8.67
0.426 0.0416 38.68 88.00  68  46  600000 1198000   240 8.67
0.435 0.0423 39.53 88.00  68  46  600000 1198000   240 8.67
0.443 0.0430 40.43 88.00  68  46  600000 1198000   240 8.67
0.452 0.0441 41.37 88.00  68  46  600000 1198000   240 8.67
0.460 0.0434 42.34 88.00  68  46  600000 1198000   240 8.67
0.468 0.0444 43.34 88.00  68  46  600000 1198000   240 8.67
0.477 0.0435 44.34 88.00  68  46  600000 1198000   240 8.67
0.485 0.0447 45.37 88.00  68  46  600000 1198000   240 8.67
0.493 0.0438 46.41 88.00  68  46  600000 1198000   240 8.67
0.502 0.0458 47.45 88.00  68  46  600000 1198000   240 8.67
0.510 0.0475 48.51 88.00  68  46  600000 1198000   240 8.67
0.518 0.0476 49.56 88.00  68  46  600000 1198000   240 8.67
0.526 0.0502 50.62 88.00  68  46  600000 1198000   240 8.67
0.533 0.0516 51.68 88.00  68  46  600000 1198000   240 8.67
0.540 0.0532 52.76 88.00  68  46  600000 1198000   240 8.67
0.547 0.0544 53.85 88.00  68  46  600000 1198000   240 8.67
0.554 0.0559 54.96 88.00  68  46  600000 1198000   240 8.67
0.560 0.0544 56.09 88.00  68  46  600000 1198000   240 8.67
0.566 0.0579 57.24 88.00  68  46  600000 1198000   240 8.67
0.572 0.0588 58.39 88.00  68  46  600000 1198000   240 8.67
0.577 0.0585 59.55 88.00  68  46  600000 1198000   240 8.67
0.583 0.0635 60.69 88.00  68  46  600000 1198000   240 8.67
0.588 0.0622 61.80 88.00  68  46  600000 1198000   240 8.67
0.593 0.0636 62.89 88.00  68  46  600000 1198000   240 8.67
0.597 0.0636 63.95 88.00  68  46  600000 1198000   240 8.67
0.602 0.0665 64.98 88.00  68  46  600000 1198000   240 8.67
0.606 0.0687 65.99 88.00  68  46  600000 1198000   240 8.67
0.610 0.0677 66.98 88.00  68  46  600000 1198000   240 8.67
0.614 0.0637 67.95 88.00  68  46  600000 1198000   240 8.67
0.618 0.0664 68.92 88.00  68  46  600000 1198000   240 8.67
0.622 0.0699 69.87 88.00  68  46  600000 1198000   240 8.67
0.625 0.0720 70.81 88.00  68  46  600000 1198000   240 8.67
0.629 0.0687 71.73 88.00  68  46  600000 1198000   240 8.67
0.632 0.0761 72.64 88.00  68  46  600000 1198000   240 8.67
0.635 0.0697 73.53 88.00  68  46  600000 1198000   240 8.67
0.638 0.0731 74.40 88.00  68  46  600000 1198000   240 8.67
0.641 0.0776 75.24 88.00  68  46  600000 1198000   240 8.67
0.643 0.0756 76.05 88.00  68  46  600000 1198000   240 8.67
0.646 0.0790 76.83 88.00  68  46  600000 1198000   240 8.67
0.649 0.0751 77.57 88.00  68  46  600000 1198000   240 8.67
0.651 0.0779 78.28 88.00  68  46  600000 1198000   240 8.67
0.653 0.0812 78.93 88.00  68  46  600000 1198000   240 8.67
0.656 0.0826 79.53 88.00  68  46  600000 1198000   240 8.67
0.658 0.0832 80.06 88.00  68  46  600000 1198000   240 8.67
0.660 0.0766 80.53 88.00  68  46  600000 1198000   240 8.67
0.662 0.0797 80.94 88.00  68  46  600000 1198000   240 8.67
0.664 0.0833 81.30 88.00  68  46  600000 1198000   240 8.67
0.665 0.0853 81.61 88.00  68  46  600000 1198000   240 8.67
0.667 0.0773 81.88 88.00  68  46  600000 1198000   240 8.67
0.669 0.0842 82.13 88.00  68  46  600000 1198000   240 8.67
0.671 0.0782 82.36 88.00  68  46  600000 1198000   240 8.67
0.672 0.0837 82.57 88.00  68  46  600000 1198000   240 8.67
0.674 0.0894 82.76 88.00  68  46  600000 1198000   240 8.67
0.676 0.0805 82.95 88.00  68  46  600000 1198000   240 8.67
0.677 0.0752 83.13 88.00  68  46  600000 1198000   240 8.67
0.679 0.0849 83.31 88.00  68  46  600000 1198000   240 8.67
0.681 0.0850 83.47 88.00  68  46  600000 1198000   240 8.67
0.682 0.0864 83.63 88.00  68  46  600000 1198000   240 8.67
0.684 0.0787 83.76 88.00  68  46  600000 1198000   240 8.67
0.686 0.0811 83.87 88.00  68  46  600000 1198000   240 8.67
0.687 0.0855 83.95 88.00  68  46  600000 1198000   240 8.67
0.689 0.0844 83.98 88.00  68  46  600000 1198000   240 8.67
0.691 0.0879 83.99 88.00  68  46  600000 1198000   240 8.67
0.692 0.0832 83.97 88.00  68  46  600000 1198000   240 8.67
0.694 0.0872 83.92 88.00  68  46  600000 1198000   240 8.67
0.696 0.0843 83.85 88.00  68  46  600000 1198000   240 8.67
0.697 0.0840 83.77 88.00  68  46  600000 1198000   240 8.67
0.699 0.0853 83.69 88.00  68  46  600000 1198000   240 8.67
0.701 0.0830 83.62 88.00  68  46  600000 1198000   240 8.67
0.702 0.0822 83.54 88.00  68  46  600000 1198000   240 8.67
0.704 0.0800 83.46 88.00  68  46  600000 1198000   240 8.67
0.706 0.0890 83.37 88.00  68  46  600000 1198000   240 8.67
0.707 0.0837 83.27 88.00  68  46  600000 1198000   240 8.67
0.709 0.0793 83.15 88.00  68  46  600000 1198000   240 8.67
0.711 0.0814 83.01 88.00  68  46  600000 1198000   240 8.67
0.712 0.0765 82.85 88.00  68  46  600000 1198000   240 8.67
0.714 0.0864 82.68 88.00  68  46  600000 1198000   240 8.67
0.716 0.0810 82.51 88.00  68  46  600000 1198000   240 8.67
0.717 0.0804 82.35 88.00  68  46  600000 1198000   240 8.67
0.719 0.0842 82.20 88.00  68  46  600000 1198000   240 8.67
0.721 0.0823 82.05 88.00  68  46  600000 1198000   240 8.67
0.722 0.0850 81.90 88.00  68  46  600000 1198000   240 8.67
0.724 0.0910 81.76 88.00  68  46  600000 1198000   240 8.67
0.726 0.0713 81.61 88.00  68  46  600000 1198000   240 8.67
0.727 0.0859 81.46 88.00  68  46  600000 1198000   240 8.67
0.729 0.0866 81.30 88.00  68  46  600000 1198000   240 8.67
0.731 0.0803 81.14 88.00  68  46  600000 1198000   240 8.67
0.732 0.0793 80.99 88.00  68  46  600000 1198000   240 8.67
0.734 0.0771 80.84 88.00  68  46  600000 1198000   240 8.67
0.736 0.0808 80.72 88.00  68  46  600000 1198000   240 8.67
0.737 0.0766 80.62 88.00  68  46  600000 1198000   240 8.67
0.739 0.0826 80.56 88.00  68  46  600000 1198000   240 8.67
0.741 0.0789 80.52 88.00  68  46  600000 1198000   240 8.67
0.742 0.0815 80.50 88.00  68  46  600000 1198000   240 8.67
0.744 0.0820 80.51 88.00  68  46  600000 1198000   240 8.67
0.746 0.0776 80.55 88.00  68  46  600000 1198000   240 8.67
0.747 0.0821 80.62 88.00  68  46  600000 1198000   240 8.67
0.749 0.0818 80.70 88.00  68  46  600000 1198000   240 8.67
0.751 0.0740 80.79 88.00  68  46  600000 1198000   240 8.67
0.753 0.0799 80.87 88.00  68  46  600000 1198000   240 8.67
0.754 0.0835 80.95 88.00  68  46  600000 1198000   240 8.67
0.756 0.0822 81.02 88.00  68  46  600000 1198000   240 8.67
0.758 0.0853 81.06 88.00  68  46  600000 1198000   240 8.67
0.759 0.0810 81.07 88.00  68  46  600000 1198000   240 8.67
0.761 0.0815 81.05 88.00  68  46  600000 1198000   240 8.67
0.763 0.0808 81.01 88.00  68  46  600000 1198000   240 8.67
0.764 0.0845 80.95 88.00  68  46  600000 1198000   240 8.67
0.766 0.0857 80.87 88.00  68  46  600000 1198000   240 8.67
0.768 0.0768 80.75 88.00  68  46  600000 1198000   240 8.67
0.769 0.0829 80.63 88.00  68  46  600000 1198000   240 8.67
0.771 0.0766 80.49 88.00  68  46  600000 1198000   240 8.67
0.773 0.0736 80.33 88.00  68  46  600000 1198000   240 8.67
0.774 0.0839 80.16 88.00  68  46  600000 1198000   240 8.67
0.776 0.0840 79.98 88.00  68  46  600000 1198000   240 8.67
0.778 0.0736 79.80 88.00  68  46  600000 1198000   240 8.67
0.779 0.0741 79.61 88.00  68  46  600000 1198000   240 8.67
0.781 0.0834 79.42 88.00  68  46  600000 1198000   240 8.67
0.783 0.0818 79.25 88.00  68  46  600000 1198000   240 8.67
0.784 0.0778 79.09 88.00  68  46  600000 1198000   240 8.67
0.786 0.0819 78.97 88.00  68  46  600000 1198000   240 8.67
0.788 0.0796 78.86 88.00  68  46  600000 1198000   240 8.67
0.789 0.0761 78.77 88.00  68  46  600000 1198000   240 8.67
0.791 0.0796 78.69 88.00  68  46  600000 1198000   240 8.67
0.793 0.0798 78.60 88.00  68  46  600000 1198000   240 8.67
0.794 0.0834 78.52 88.00  68  46  600000 1198000   240 8.67
0.796 0.0729 78.43 88.00  68  46  600000 1198000   240 8.67
0.798 0.0801 78.34 88.00  68  46  600000 1198000   240 8.67
0.799 0.0724 78.25 88.00  68  46  600000 1198000   240 8.67
0.801 0.0826 78.15 88.00  68  46  600000 1198000   240 8.67
0.803 0.0806 78.04 88.00  68  46  600000 1198000   240 8.67
0.804 0.0738 77.93 88.00  68  46  600000 1198000   240 8.67
0.806 0.0811 77.82 88.00  68  46  600000 1198000   240 8.67
0.808 0.0777 77.72 88.00  68  46  600000 1198000   240 8.67
0.809 0.0744 77.62 88.00  68  46  600000 1198000   240 8.67
0.811 0.0796 77.54 88.00  68  46  600000 1198000   240 8.67
0.813 0.0727 77.46 88.00  68  46  600000 1198000   240 8.67
0.814 0.0823 77.40 88.00  68  46  600000 1198000   240 8.67
0.816 0.0749 77.36 88.00  68  46  600000 1198000   240 8.67
0.818 0.0803 77.33 88.00  68  46  600000 1198000   240 8.67
0.819 0.0714 77.32 88.00  68  46  600000 1198000   240 8.67
0.821 0.0772 77.31 88.00  68  46  600000 1198000   240 8.67
0.823 0.0843 77.31 88.00  68  46  600000 1198000   240 8.67
0.824 0.0793 77.31 88.00  68  46  600000 1198000   240 8.67
0.826 0.0741 77.34 88.00  68  46  600000 1198000   240 8.67
0.828 0.0804 77.38 88.00  68  46  600000 1198000   240 8.67
0.829 0.0716 77.45 88.00  68  46  600000 1198000   240 8.67
0.831 0.0809 77.55 88.00  68  46  600000 1198000   240 8.67
0.833 0.0786 77.69 88.00  68  46  600000 1198000   240 8.67
0.834 0.0728 77.85 88.00  68  46  600000 1198000   240 8.67
0.836 0.0761 78.04 88.00  68  46  600000 1198000   240 8.67
0.838 0.0831 78.23 88.00  68  46  600000 1198000   240 8.67
0.839 0.0780 78.42 88.00  68  46  600000 1198000   240 8.67
0.841 0.0727 78.59 88.00  68  46  600000 1198000   240 8.67
0.843 0.0849 78.74 88.00  68  46  600000 1198000   240 8.67
0.844 0.0769 78.88 88.00  68  46  600000 1198000   240 8.67
0.846 0.0768 79.02 88.00  68  46  600000 1198000   240 8.67
0.848 0.0822 79.16 88.00  68  46  600000 1198000   240 8.67
0.849 0.0786 79.31 88.00  68  46  600000 1198000   240 8.67
0.851 0.0784 79.47 88.00  68  46  600000 1198000   240 8.67
0.853 0.0801 79.63 88.00  68  46  600000 1198000   240 8.67
0.855 0.0793 79.79 88.00  68  46  600000 1198000   240 8.67
0.856 0.0827 79.93 88.00  68  46  600000 1198000   240 8.67
0.858 0.0860 80.06 88.00  68  46  600000 1198000   240 8.67
0.860 0.0789 80.17 88.00  68  46  600000 1198000   240 8.67
0.861 0.0801 80.27 88.00  68  46  600000 1198000   240 8.67
0.863 0.0814 80.36 88.00  68  46  600000 1198000   240 8.67
0.865 0.0731 80.42 88.00  68  46  600000 1198000   240 8.67
0.866 0.0817 80.47 88.00  68  46  600000 1198000   240 8.67
0.868 0.0773 80.48 88.00  68  46  600000 1198000   240 8.67
0.870 0.0796 80.47 88.00  68  46  600000 1198000   240 8.67
0.871 0.0778 80.43 88.00  68  46  600000 1198000   240 8.67
0.873 0.0836 80.38 88.00  68  46  600000 1198000   240 8.67
0.875 0.0831 80.33 88.00  68  46  600000 1198000   240 8.67
0.876 0.0832 80.28 88.00  68  46  600000 1198000   240 8.67
0.878 0.0831 80.25 88.00  68  46  600000 1198000   240 8.67
0.880 0.0782 80.25 88.00  68  46  600000 1198000   240 8.67
0.881 0.0800 80.29 88.00  68  46  600000 1198000   240 8.67
0.883 0.0813 80.35 88.00  68  46  600000 1198000   240 8.67
0.885 0.0781 80.43 88.00  68  46  600000 1198000   240 8.67
0.886 0.0784 80.52 88.00  68  46  600000 1198000   240 8.67
0.888 0.0792 80.63 88.00  68  46  600000 1198000   240 8.67
0.890 0.0879 80.74 88.00  68  46  600000 1198000   240 8.67
0.891 0.0796 80.84 88.00  68  46  600000 1198000   240 8.67
0.893 0.0810 80.92 88.00  68  46  600000 1198000   240 8.67
0.895 0.0737 80.98 88.00  68  46  600000 1198000   240 8.67
0.896 0.0748 81.00 88.00  68  46  600000 1198000   240 8.67
0.898 0.0859 81.01 88.00  68  46  600000 1198000   240 8.67
0.900 0.0786 81.01 88.00  68  46  600000 1198000   240 8.67
0.901 0.0867 81.02 88.00  68  46  600000 1198000   240 8.67
0.903 0.0831 81.03 88.00  68  46  600000 1198000   240 8.67
0.905 0.0796 81.05 88.00  68  46  600000 1198000   240 8.67
0.906 0.0844 81.07 88.00  68  46  600000 1198000   240 8.67
0.908 0.0830 81.08 88.00  68  46  600000 1198000   240 8.67
0.910 0.0838 81.09 88.00  68  46  600000 1198000   240 8.67
0.911 0.0776 81.09 88.00  68  46  600000 1198000   240 8.67
0.913 0.0812 81.07 88.00  68  46  600000 1198000   240 8.67
0.915 0.0768 81.05 88.00  68  46  600000 1198000   240 8.67
0.916 0.0837 81.02 88.00  68  46  600000 1198000   240 8.67
0.918 0.0791 81.00 88.00  68  46  600000 1198000   240 8.67
0.920 0.0857 80.97 88.00  68  46  600000 1198000   240 8.67
0.921 0.0799 80.93 88.00  68  46  600000 1198000   240 8.67
0.923 0.0724 80.90 88.00  68  46  600000 1198000   240 8.67
0.925 0.0824 80.85 88.00  68  46  600000 1198000   240 8.67
0.926 0.0830 80.81 88.00  68  46  600000 1198000   240 8.67
0.928 0.0774 80.78 88.00  68  46  600000 1198000   240 8.67
0.930 0.0810 80.78 88.00  68  46  600000 1198000   240 8.67
0.931 0.0850 80.82 88.00  68  46  600000 1198000   240 8.67
0.933 0.0824 80.91 88.00  68  46  600000 1198000   240 8.67
0.935 0.0778 81.01 88.00  68  46  600000 1198000   240 8.67
0.936 0.0827 81.12 88.00  68  46  600000 1198000   240 8.67
0.938 0.0806 81.22 88.00  68  46  600000 1198000   240 8.67
0.940 0.0842 81.31 88.00  68  46  600000 1198000   240 8.67
0.941 0.0801 81.39 88.00  68  46  600000 1198000   240 8.67
0.943 0.0824 81.46 88.00  68  46  600000 1198000   240 8.67
0.945 0.0806 81.51 88.00  68  46  600000 1198000   240 8.67
0.946 0.0811 81.55 88.00  68  46  600000 1198000   240 8.67
0.948 0.0831 81.58 88.00  68  46  600000 1198000   240 8.67
0.950 0.0781 81.61 88.00  68  46  600000 1198000   240 8.67
0.952 0.0772 81.63 88.00  68  46  600000 1198000   240 8.67
0.953 0.0879 81.63 88.00  68  46  600000 1198000   240 8.67
0.955 0.0813 81.61 88.00  68  46  600000 1198000   240 8.67
0.957 0.0801 81.56 88.00  68  46  600000 1198000   240 8.67
0.958 0.0820 81.49 88.00  68  46  600000 1198000   240 8.67
0.960 0.0870 81.40 88.00  68  46  600000 1198000   240 8.67
0.962 0.0775 81.33 88.00  68  46  600000 1198000   240 8.67
0.963 0.0815 81.26 88.00  68  46  600000 1198000   240 8.67
0.965 0.0820 81.20 88.00  68  46  600000 1198000   240 8.67
0.967 0.0722 81.14 88.00  68  46  600000 1198000   240 8.67
0.968 0.0892 81.09 88.00  68  46  600000 1198000   240 8.67
0.970 0.0806 81.04 88.00  68  46  600000 1198000   240 8.67
0.972 0.0847 80.99 88.00  68  46  600000 1198000   240 8.67
0.973 0.0761 80.94 88.00  68  46  600000 1198000   240 8.67
0.975 0.0858 80.89 88.00  68  46  600000 1198000   240 8.67
0.977 0.0760 80.84 88.00  68  46  600000 1198000   240 8.67
0.978 0.0851 80.78 88.00  68  46  600000 1198000   240 8.67
0.980 0.0761 80.72 88.00  68  46  600000 1198000   240 8.67
0.982 0.0796 80.66 88.00  68  46  600000 1198000   240 8.67
0.983 0.0810 80.61 88.00  68  46  600000 1198000   240 8.67
0.985 0.0752 80.55 88.00  68  46  600000 1198000   240 8.67
0.987 0.0815 80.50 88.00  68  46  600000 1198000   240 8.67
0.988 0.0798 80.43 88.00  68  46  600000 1198000   240 8.67
0.990 0.0846 80.34 88.00  68  46  600000 1198000   240 8.67
0.992 0.0867 80.22 88.00  68  46  600000 1198000   240 8.67
0.993 0.0829 80.10 88.00  68  46  600000 1198000   240 8.67
0.995 0.0762 79.96 88.00  68  46  600000 1198000   240 8.67
0.997 0.0736 79.81 88.00  68  46  600000 1198000   240 8.67
0.998 0.0831 79.65 88.00  68  46  600000 1198000   240 8.67
1.000 0.0789 79.49 88.00  68  46  600000 1198000   240 8.67
1.002 0.0819 79.32 88.00  68  46  600000 1198000   240 8.67
1.003 0.0740 79.13 88.00  68  46  600000 1198000   240 8.67
1.005 0.0841 78.92 88.00  68  46  600000 1198000   240 8.67
1.007 0.0762 78.69 88.00  68  46  600000 1198000   240 8.67
1.008 0.0807 78.45 88.00  68  46  600000 1198000   240 8.67
1.010 0.0766 78.22 88.00  68  46  600000 1198000   240 8.67
1.012 0.0767 78.00 88.00  68  46  600000 1198000   240 8.67
1.013 0.0805 77.77 88.00  68  46  600000 1198000   240 8.67
1.015 0.0764 77.55 88.00  68  46  600000 1198000   240 8.67
1.017 0.0745 77.33 88.00  68  46  600000 1198000   240 8.67
1.018 0.0746 77.12 88.00  68  46  600000 1198000   240 8.67
1.020 0.0746 76.92 88.00  68  46  600000 1198000   240 8.67
1.022 0.0793 76.72 88.00  68  46  600000 1198000   240 8.67
1.023 0.0837 76.52 88.00  68  46  600000 1198000   240 8.67
1.025 0.0777 76.29 88.00  68  46  600000 1198000   240 8.67
1.027 0.0731 76.04 88.00  68  46  600000 1198000   240 8.67
1.028 0.0722 75.76 88.00  68  46  600000 1198000   240 8.67
1.030 0.0767 75.46 88.00  68  46  600000 1198000   240 8.67
1.032 0.0751 75.16 88.00  68  46  600000 1198000   240 8.67
1.033 0.0752 74.89 88.00  68  46  600000 1198000   240 8.67
1.035 0.0787 74.65 88.00  68  46  600000 1198000   240 8.67
1.037 0.0734 74.44 88.00  68  46  600000 1198000   240 8.67
1.038 0.0767 74.28 88.00  68  46  600000 1198000   240 8.67
1.040 0.0752 74.15 88.00  68  46  600000 1198000   240 8.67
1.042 0.0777 74.07 88.00  68  46  600000 1198000   240 8.67
1.043 0.0606 74.01 88.00  68  46  600000 1198000   240 8.67
1.045 0.0742 73.98 88.00  68  46  600000 1198000   240 8.67
1.047 0.0752 73.98 88.00  68  46  600000 1198000   240 8.67
1.048 0.0750 73.99 88.00  68  46  600000 1198000   240 8.67
1.050 0.0734 74.02 88.00  68  46  600000 1198000   240 8.67
1.052 0.0733 74.06 88.00  68  46  600000 1198000   240 8.67
1.054 0.0732 74.11 88.00  68  46  600000 1198000   240 8.67
1.055 0.0703 74.18 88.00  68  46  600000 1198000   240 8.67
1.057 0.0739 74.25 88.00  68  46  600000 1198000   240 8.67
1.059 0.0761 74.33 88.00  68  46  600000 1198000   240 8.67
1.060 0.0768 74.39 88.00  68  46  600000 1198000   240 8.67
1.062 0.0797 74.46 88.00  68  46  600000 1198000   240 8.67
1.064 0.0746 74.56 88.00  68  46  600000 1198000   240 8.67
1.065 0.0812 74.67 88.00  68  46  600000 1198000   240 8.67
1.067 0.0737 74.81 88.00  68  46  600000 1198000   240 8.67
1.069 0.0731 74.95 88.00  68  46  600000 1198000   240 8.67
1.070 0.0736 75.10 88.00  68  46  600000 1198000   240 8.67
1.072 0.0783 75.23 88.00  68  46  600000 1198000   240 8.67
1.074 0.0656 75.35 88.00  68  46  600000 1198000   240 8.67
1.075 0.0784 75.45 88.00  68  46  600000 1198000   240 8.67
1.077 0.0741 75.55 88.00  68  46  600000 1198000   240 8.67
1.079 0.0721 75.65 88.00  68  46  600000 1198000   240 8.67
1.080 0.0809 75.75 88.00  68  46  600000 1198000   240 8.67
1.082 0.0716 75.88 88.00  68  46  600000 1198000   240 8.67
1.084 0.0737 76.00 88.00  68  46  600000 1198000   240 8.67
1.085 0.0782 76.14 88.00  68  46  600000 1198000   240 8.67
1.087 0.0828 76.30 88.00  68  46  600000 1198000   240 8.67
1.089 0.0717 76.48 88.00  68  46  600000 1198000   240 8.67
1.090 0.0756 76.70 88.00  68  46  600000 1198000   240 8.67
1.092 0.0812 76.93 88.00  68  46  600000 1198000   240 8.67
1.094 0.0794 77.18 88.00  68  46  600000 1198000   240 8.67
1.095 0.0778 77.41 88.00  68  46  600000 1198000   240 8.67
1.097 0.0812 77.63 88.00  68  46  600000 1198000   240 8.67
1.099 0.0708 77.82 88.00  68  46  600000 1198000   240 8.67
1.100 0.0783 77.98 88.00  68  46  600000 1198000   240 8.67
1.102 0.0807 78.11 88.00  68  46  600000 1198000   240 8.67
1.104 0.0753 78.21 88.00  68  46  600000 1198000   240 8.67
1.105 0.0780 78.31 88.00  68  46  600000 1198000   240 8.67
1.107 0.0802 78.44 88.00  68  46  600000 1198000   240 8.67
1.109 0.0758 78.59 88.00  68  46  600000 1198000   240 8.67
1.110 0.0810 78.75 88.00  68  46  600000 1198000   240 8.67
1.112 0.0768 78.94 88.00  68  46  600000 1198000   240 8.67
1.114 0.0802 79.12 88.00  68  46  600000 1198000   240 8.67
1.115 0.0781 79.32 88.00  68  46  600000 1198000   240 8.67
1.117 0.0788 79.51 88.00  68  46  600000 1198000   240 8.67
1.119 0.0859 79.71 88.00  68  46  600000 1198000   240 8.67
1.120 0.0761 79.91 88.00  68  46  600000 1198000   240 8.67
1.122 0.0781 80.13 88.00  68  46  600000 1198000   240 8.67
1.124 0.0808 80.35 88.00  68  46  600000 1198000   240 8.67
1.125 0.0766 80.57 88.00  68  46  600000 1198000   240 8.67
1.127 0.0832 80.80 88.00  68  46  600000 1198000   240 8.67
1.129 0.0866 81.01 88.00  68  46  600000 1198000   240 8.67
1.130 0.0797 81.20 88.00  68  46  600000 1198000   240 8.67
1.132 0.0783 81.37 88.00  68  46  600000 1198000   240 8.67
1.134 0.0818 81.52 88.00  68  46  600000 1198000   240 8.67
1.135 0.0857 81.65 88.00  68  46  600000 1198000   240 8.67
1.137 0.0862 81.77 88.00  68  46  600000 1198000   240 8.67
1.139 0.0847 81.86 88.00  68  46  600000 1198000   240 8.67
1.140 0.0714 81.94 88.00  68  46  600000 1198000   240 8.67
1.142 0.0768 82.02 88.00  68  46  600000 1198000   240 8.67
1.144 0.0820 82.08 88.00  68  46  600000 1198000   240 8.67
1.145 0.0894 82.14 88.00  68  46  600000 1198000   240 8.67
1.147 0.0781 82.20 88.00  68  46  600000 1198000   240 8.67
1.149 0.0879 82.28 88.00  68  46  600000 1198000   240 8.67
1.151 0.0830 82.38 88.00  68  46  600000 1198000   240 8.67
1.152 0.0835 82.51 88.00  68  46  600000 1198000   240 8.67
1.154 0.0826 82.67 88.00  68  46  600000 1198000   240 8.67
1.156 0.0821 82.84 88.00  68  46  600000 1198000   240 8.67
1.157 0.0781 83.02 88.00  68  46  600000 1198000   240 8.67
1.159 0.0824 83.20 88.00  68  46  600000 1198000   240 8.67
1.161 0.0838 83.37 88.00  68  46  600000 1198000   240 8.67
1.162 0.0802 83.54 88.00  68  46  600000 1198000   240 8.67
1.164 0.0860 83.68 88.00  68  46  600000 1198000   240 8.67
1.166 0.0845 83.78 88.00  68  46  600000 1198000   240 8.67
1.167 0.0824 83.84 88.00  68  46  600000 1198000   240 8.67
1.169 0.0818 83.88 88.00  68  46  600000 1198000   240 8.67
1.171 0.0915 83.88 88.00  68  46  600000 1198000   240 8.67
1.172 0.0829 83.87 88.00  68  46  600000 1198000   240 8.67
1.174 0.0841 83.84 88.00  68  46  600000 1198000   240 8.67
1.176 0.0826 83.81 88.00  68  46  600000 1198000   240 8.67
1.177 0.0863 83.79 88.00  68  46  600000 1198000   240 8.67
1.179 0.0892 83.79 88.00  68  46  600000 1198000   240 8.67
1.181 0.0823 83.79 88.00  68  46  600000 1198000   240 8.67
1.182 0.0853 83.77 88.00  68  46  600000 1198000   240 8.67
1.184 0.0822 83.73 88.00  68  46  600000 1198000   240 8.67
1.186 0.0788 83.68 88.00  68  46  600000 1198000   240 8.67
1.187 0.0779 83.62 88.00  68  46  600000 1198000   240 8.67
1.189 0.0827 83.56 88.00  68  46  600000 1198000   240 8.67
1.191 0.0900 83.51 88.00  68  46  600000 1198000   240 8.67
1.192 0.0811 83.48 88.00  68  46  600000 1198000   240 8.67
1.194 0.0861 83.48 88.00  68  46  600000 1198000   240 8.67
1.196 0.0759 83.51 88.00  68  46  600000 1198000   240 8.67
1.197 0.0842 83.57 88.00  68  46  600000 1198000   240 8.67
1.199 0.0839 83.66 88.00  68  46  600000 1198000   240 8.67
1.201 0.0930 83.79 88.00  68  46  600000 1198000   240 8.67
1.202 0.0842 83.93 88.00  68  46  600000 1198000   240 8.67
1.204 0.0789 84.08 88.00  68  46  600000 1198000   240 8.67
1.206 0.0836 84.25 88.00  68  46  600000 1198000   240 8.67
1.207 0.0857 84.41 88.00  68  46  600000 1198000   240 8.67
1.209 0.0871 84.57 88.00  68  46  600000 1198000   240 8.67
1.211 0.0821 84.71 88.00  68  46  600000 1198000   240 8.67
1.212 0.0854 84.84 88.00  68  46  600000 1198000   240 8.67
1.214 0.0825 84.95 88.00  68  46  600000 1198000   240 8.67
1.216 0.0873 85.03 88.00  68  46  600000 1198000   240 8.67
1.217 0.0873 85.08 88.00  68  46  600000 1198000   240 8.67
1.219 0.0842 85.13 88.00  68  46  600000 1198000   240 8.67
1.221 0.0840 85.17 88.00  68  46  600000 1198000   240 8.67
1.222 0.0867 85.23 88.00  68  46  600000 1198000   240 8.67
1.224 0.0820 85.29 88.00  68  46  600000 1198000   240 8.67
1.226 0.0860 85.34 88.00  68  46  600000 1198000   240 8.67
1.227 0.0879 85.39 88.00  68  46  600000 1198000   240 8.67
1.229 0.0849 85.44 88.00  68  46  600000 1198000   240 8.67
1.231 0.0859 85.50 88.00  68  46  600000 1198000   240 8.67
1.232 0.0828 85.57 88.00  68  46  600000 1198000   240 8.67
1.234 0.0879 85.66 88.00  68  46  600000 1198000   240 8.67
1.236 0.0823 85.74 88.00  68  46  600000 1198000   240 8.67
1.237 0.0904 85.82 88.00  68  46  600000 1198000   240 8.67
1.239 0.0899 85.91 88.00  68  46  600000 1198000   240 8.67
1.241 0.0775 86.00 88.00  68  46  600000 1198000   240 8.67
1.242 0.0852 86.09 88.00  68  46  600000 1198000   240 8.67
1.244 0.0941 86.17 88.00  68  46  600000 1198000   240 8.67
1.246 0.0831 86.25 88.00  68  46  600000 1198000   240 8.67
1.247 0.0780 86.31 88.00  68  46  600000 1198000   240 8.67
1.249 0.0987 86.37 88.00  68  46  600000 1198000   240 8.67
1.251 0.0810 86.44 88.00  68  46  600000 1198000   240 8.67
1.253 0.0891 86.54 88.00  68  46  600000 1198000   240 8.67
1.254 0.0853 86.69 88.00  68  46  600000 1198000   240 8.67
1.256 0.0848 86.88 88.00  68  46  600000 1198000   240 8.67
1.258 0.0861 87.12 88.00  68  46  600000 1198000   240 8.67
1.259 0.0948 87.41 88.00  68  46  600000 1198000   240 8.67
1.261 0.0869 87.76 88.00  68  46  600000 1198000   240 8.67
1.263 0.0875 88.16 88.00  68  46  600000 1198000   240 8.67
1.264 0.0860 88.60 88.00  68  46  600000 1198000   240 8.67
1.266 0.0859 89.07 88.00  68  46  600000 1198000   240 8.67
1.268 0.0907 89.54 88.00  68  46  600000 1198000   240 8.67
1.269 0.0884 90.02 88.00  68  46  600000 1198000   240 8.67
1.271 0.0906 90.50 88.00  68  46  600000 1198000   240 8.67
1.273 0.0839 90.95 88.00  68  46  600000 1198000   240 8.67
1.274 0.0931 91.39 88.00  68  46  600000 1198000   240 8.67
1.276 0.0939 91.81 88.00  68  46  600000 1198000   240 8.67
1.278 0.0908 92.23 88.00  68  46  600000 1198000   240 8.67
1.279 0.0943 92.64 88.00  68  46  600000 1198000   240 8.67
1.281 0.0983 93.05 88.00  68  46  600000 1198000   240 8.67
1.283 0.1051 93.45 88.00  68  46  600000 1198000   240 8.67
1.284 0.0916 93.86 88.00  68  46  600000 1198000   240 8.67
1.286 0.0889 94.27 88.00  68  46  600000 1198000   240 8.67
1.288 0.0941 94.68 88.00  68  46  600000 1198000   240 8.67
1.289 0.0953 95.10 88.00  68  46  600000 1198000   240 8.67
1.291 0.0994 95.53 88.00  68  46  600000 1198000   240 8.67
1.293 0.0903 95.96 88.00  68  46  600000 1198000   240 8.67
1.294 0.1039 96.37 88.00  68  46  600000 1198000   240 8.67
1.296 0.0834 96.75 88.00  68  46  600000 1198000   240 8.67
1.298 0.0938 97.11 88.00  68  46  600000 1198000   240 8.67
1.299 0.1001 97.45 88.00  68  46  600000 1198000   240 8.67
1.301 0.1015 97.78 88.00  68  46  600000 1198000   240 8.67
1.303 0.0921 98.09 88.00  68  46  600000 1198000   240 8.67
1.304 0.1012 98.42 88.00  68  46  600000 1198000   240 8.67
1.306 0.1007 98.76 88.00  68  46  600000 1198000   240 8.67
1.308 0.1007 99.13 88.00  68  46  600000 1198000   240 8.67
1.309 0.1008 99.54 88.00  68  46  600000 1198000   240 8.67
1.311 0.0996 99.98 88.00  68  46  600000 1198000   240 8.67
1.313 0.1007 100.44 88.00  68  46  600000 1198000   240 8.67
1.314 0.1051 100.92 88.00  68  46  600000 1198000   240 8.67
1.316 0.1044 101.41 88.00  68  46  600000 1198000   240 8.67
1.318 0.0985 101.90 88.00  68  46  600000 1198000   240 8.67
1.319 0.1038 102.37 88.00  68  46  600000 1198000   240 8.67
1.321 0.1031 102.83 88.00  68  46  600000 1198000   240 8.67
1.323 0.1055 103.28 88.00  68  46  600000 1198000   240 8.67
1.324 0.0866 103.70 88.00  68  46  600000 1198000   240 8.67
1.326 0.1101 104.10 88.00  68  46  600000 1198000   240 8.67
1.328 0.1015 104.47 88.00  68  46  600000 1198000   240 8.67
1.329 0.1104 104.82 88.00  68  46  600000 1198000   240 8.67
1.331 0.0977 105.17 88.00  68  46  600000 1198000   240 8.67
1.333 0.1073 105.55 88.00  68  46  600000 1198000   240 8.67
1.334 0.1083 105.98 88.00  68  46  600000 1198000   240 8.67
1.336 0.1121 106.44 88.00  68  46  600000 1198000   240 8.67
1.338 0.1088 106.92 88.00  68  46  600000 1198000   240 8.67
1.339 0.1054 107.41 88.00  68  46  600000 1198000   240 8.67
1.341 0.1085 107.89 88.00  68  46  600000 1198000   240 8.67
1.343 0.1102 108.36 88.00  68  46  600000 1198000   240 8.67
1.344 0.1077 108.80 88.00  68  46  600000 1198000   240 8.67
1.346 0.1126 109.22 88.00  68  46  600000 1198000   240 8.67
1.348 0.1029 109.61 88.00  68  46  600000 1198000   240 8.67
1.349 0.1161 109.97 88.00  68  46  600000 1198000   240 8.67
1.351 0.1019 110.31 88.00  68  46  600000 1198000   240 8.67
1.353 0.1098 110.64 88.00  68  46  600000 1198000   240 8.67
1.355 0.1077 110.96 88.00  68  46  600000 1198000   240 8.67
1.356 0.1187 111.30 88.00  68  46  600000 1198000   240 8.67
1.358 0.1115 111.66 88.00  68  46  600000 1198000   240 8.67
1.360 0.1083 112.07 88.00  68  46  600000 1198000   240 8.67
1.361 0.1163 112.53 88.00  68  46  600000 1198000   240 8.67
1.363 0.1204 113.05 88.00  68  46  600000 1198000   240 8.67
1.365 0.1170 113.62 88.00  68  46  600000 1198000   240 8.67
1.366 0.1088 114.21 88.00  68  46  600000 1198000   240 8.67
1.368 0.1030 114.81 88.00  68  46  600000 1198000   240 8.67
1.370 0.1147 115.42 88.00  68  46  600000 1198000   240 8.67
1.371 0.1147 116.01 88.00  68  46  600000 1198000   240 8.67
1.373 0.1204 116.59 88.00  68  46  600000 1198000   240 8.67
1.375 0.1201 117.16 88.00  68  46  600000 1198000   240 8.67
1.376 0.1192 117.72 88.00  68  46  600000 1198000   240 8.67
1.378 0.1128 118.27 88.00  68  46  600000 1198000   240 8.67
1.380 0.1246 118.81 88.00  68  46  600000 1198000   240 8.67
1.381 0.1203 119.36 88.00  68  46  600000 1198000   240 8.67
1.383 0.1190 119.91 88.00  68  46  600000 1198000   240 8.67
1.385 0.1219 120.48 88.00  68  46  600000 1198000   240 8.67
1.386 0.1217 121.05 88.00  68  46  600000 1198000   240 8.67
1.388 0.1192 121.61 88.00  68  46  600000 1198000   240 8.67
1.390 0.1292 122.17 88.00  68  46  600000 1198000   240 8.67
1.391 0.1148 122.72 88.00  68  46  600000 1198000   240 8.67
1.393 0.1281 123.25 88.00  68  46  600000 1198000   240 8.67
1.395 0.1209 123.76 88.00  68  46  600000 1198000   240 8.67
1.396 0.1223 124.25 88.00  68  46  600000 1198000   240 8.67
1.398 0.1225 124.72 88.00  68  46  600000 1198000   240 8.67
1.400 0.1211 125.17 88.00  68  46  600000 1198000   240 8.67
1.401 0.1298 125.63 88.00  68  46  600000 1198000   240 8.67
1.403 0.1307 126.09 88.00  68  46  600000 1198000   240 8.67
1.405 0.1262 126.56 88.00  68  46  600000 1198000   240 8.67
1.406 0.1259 127.03 88.00  68  46  600000 1198000   240 8.67
1.408 0.1234 127.48 88.00  68  46  600000 1198000   240 8.67
1.410 0.1299 127.90 88.00  68  46  600000 1198000   240 8.67
1.411 0.1335 128.29 88.00  68  46  600000 1198000   240 8.67
1.413 0.1283 128.65 88.00  68  46  600000 1198000   240 8.67
1.415 0.1249 128.99 88.00  68  46  600000 1198000   240 8.67
1.416 0.1313 129.31 88.00  68  46  600000 1198000   240 8.67
1.418 0.1229 129.60 88.00  68  46  600000 1198000   240 8.67
1.420 0.1357 129.88 88.00  68  46  600000 1198000   240 8.67
1.421 0.1349 130.17 88.00  68  46  600000 1198000   240 8.67
1.423 0.1305 130.46 88.00  68  46  600000 1198000   240 8.67
1.425 0.1305 130.76 88.00  68  46  600000 1198000   240 8.67
1.426 0.1359 131.07 88.00  68  46  600000 1198000   240 8.67
1.428 0.1214 131.39 88.00  68  46  600000 1198000   240 8.67
1.430 0.1334 131.71 88.00  68  46  600000 1198000   240 8.67
1.431 0.1374 132.04 88.00  68  46  600000 1198000   240 8.67
1.433 0.1255 132.40 88.00  68  46  600000 1198000   240 8.67
1.435 0.1268 132.79 88.00  68  46  600000 1198000   240 8.67
1.436 0.1353 133.20 88.00  68  46  600000 1198000   240 8.67
1.438 0.1355 133.64 88.00  68  46  600000 1198000   240 8.67
1.440 0.1326 134.09 88.00  68  46  600000 1198000   240 8.67
1.441 0.1349 134.57 88.00  68  46  600000 1198000   240 8.67
1.443 0.1418 135.09 88.00  68  46  600000 1198000   240 8.67
1.445 0.1274 135.64 88.00  68  46  600000 1198000   240 8.67
1.446 0.1413 136.22 88.00  68  46  600000 1198000   240 8.67
1.448 0.1384 136.81 88.00  68  46  600000 1198000   240 8.67
1.450 0.1345 137.41 88.00  68  46  600000 1198000   240 8.67
1.452 0.1425 138.03 88.00  68  46  600000 1198000   240 8.67
1.453 0.1443 138.65 88.00  68  46  600000 1198000   240 8.67
1.455 0.1251 139.25 88.00  68  46  600000 1198000   240 8.67
1.457 0.1429 139.82 88.00  68  46  600000 1198000   240 8.67
1.458 0.1402 140.33 88.00  68  46  600000 1198000   240 8.67
1.460 0.1378 140.81 88.00  68  46  600000 1198000   240 8.67
1.462 0.1429 141.25 88.00  68  46  600000 1198000   240 8.67
1.463 0.1481 141.67 88.00  68  46  600000 1198000   240 8.67
1.465 0.1416 142.08 88.00  68  46  600000 1198000   240 8.67
1.467 0.1448 142.50 88.00  68  46  600000 1198000   240 8.67
1.468 0.1369 142.91 88.00  68  46  600000 1198000   240 8.67
1.470 0.1456 143.33 88.00  68  46  600000 1198000   240 8.67
1.472 0.1439 143.76 88.00  68  46  600000 1198000   240 8.67
1.473 0.1509 144.19 88.00  68  46  600000 1198000   240 8.67
1.475 0.1372 144.61 88.00  68  46  600000 1198000   240 8.67
1.477 0.1475 145.04 88.00  68  46  600000 1198000   240 8.67
1.478 0.1433 145.49 88.00  68  46  600000 1198000   240 8.67
1.480 0.1451 145.95 88.00  68  46  600000 1198000   240 8.67
1.482 0.1487 146.44 88.00  68  46  600000 1198000   240 8.67
1.483 0.1501 146.95 88.00  68  46  600000 1198000   240 8.67
1.485 0.1380 147.49 88.00  68  46  600000 1198000   240 8.67
1.487 0.1474 148.05 88.00  68  46  600000 1198000   240 8.67
1.488 0.1515 148.64 88.00  68  46  600000 1198000   240 8.67
1.490 0.1506 149.25 88.00  68  46  600000 1198000   240 8.67
1.492 0.1513 149.90 88.00  68  46  600000 1198000   240 8.67
1.493 0.1502 150.57 88.00  68  46  600000 1198000   240 8.67
1.495 0.1526 151.25 88.00  68  46  600000 1198000   240 8.67
1.497 0.1477 151.94 88.00  68  46  600000 1198000   240 8.67
1.498 0.1549 152.63 88.00  68  46  600000 1198000   240 8.67
1.500 0.1481 153.31 88.00  68  46  600000 1198000   240 8.67
1.502 0.1549 153.97 88.00  68  46  600000 1198000   240 8.67
1.503 0.1600 154.60 88.00  68  46  600000 1198000   240 8.67
1.505 0.1472 155.19 88.00  68  46  600000 1198000   240 8.67
1.507 0.1622 155.74 88.00  68  46  600000 1198000   240 8.67
1.508 0.1637 156.26 88.00  68  46  600000 1198000   240 8.67
1.510 0.1562 156.76 88.00  68  46  600000 1198000   240 8.67
1.512 0.1505 157.24 88.00  68  46  600000 1198000   240 8.67
1.513 0.1606 157.68 88.00  68  46  600000 1198000   240 8.67
1.515 0.1584 158.08 88.00  68  46  600000 1198000   240 8.67
1.517 0.1591 158.45 88.00  68  46  600000 1198000   240 8.67
1.518 0.1580 158.79 88.00  68  46  600000 1198000   240 8.67
1.520 0.1538 159.12 88.00  68  46  600000 1198000   240 8.67
1.522 0.1636 159.43 88.00  68  46  600000 1198000   240 8.67
1.523 0.1599 159.77 88.00  68  46  600000 1198000   240 8.67
1.525 0.1619 160.12 88.00  68  46  600000 1198000   240 8.67
1.527 0.1596 160.49 88.00  68  46  600000 1198000   240 8.67
1.528 0.1637 160.90 88.00  68  46  600000 1198000   240 8.67
1.530 0.1594 161.33 88.00  68  46  600000 1198000   240 8.67
1.532 0.1559 161.79 88.00  68  46  600000 1198000   240 8.67
1.533 0.1635 162.27 88.00  68  46  600000 1198000   240 8.67
1.535 0.1530 162.78 88.00  68  46  600000 1198000   240 8.67
1.537 0.1733 163.30 88.00  68  46  600000 1198000   240 8.67
1.538 0.1709 163.81 88.00  68  46  600000 1198000   240 8.67
1.540 0.1600 164.31 88.00  68  46  600000 1198000   240 8.67
1.542 0.1629 164.79 88.00  68  46  600000 1198000   240 8.67
1.543 0.1626 165.26 88.00  68  46  600000 1198000   240 8.67
1.545 0.1583 165.70 88.00  68  46  600000 1198000   240 8.67
1.547 0.1651 166.12 88.00  68  46  600000 1198000   240 8.67
1.548 0.1837 166.54 88.00  68  46  600000 1198000   240 8.67
1.550 0.1636 166.96 88.00  68  46  600000 1198000   240 8.67
1.552 0.1653 167.38 88.00  68  46  600000 1198000   240 8.67
1.554 0.1741 167.80 88.00  68  46  600000 1198000   240 8.67
1.555 0.1687 168.21 88.00  68  46  600000 1198000   240 8.67
1.557 0.1726 168.62 88.00  68  46  600000 1198000   240 8.67
1.559 0.1583 169.00 88.00  68  46  600000 1198000   240 8.67
1.560 0.1731 169.35 88.00  68  46  600000 1198000   240 8.67
1.562 0.1624 169.67 88.00  68  46  600000 1198000   240 8.67
1.564 0.1704 169.98 88.00  68  46  600000 1198000   240 8.67
1.565 0.1741 170.26 88.00  68  46  600000 1198000   240 8.67
1.567 0.1699 170.54 88.00  68  46  600000 1198000   240 8.67
1.569 0.1648 170.82 88.00  68  46  600000 1198000   240 8.67
1.570 0.1721 171.12 88.00  68  46  600000 1198000   240 8.67
1.572 0.1729 171.44 88.00  68  46  600000 1198000   240 8.67
1.574 0.1814 171.77 88.00  68  46  600000 1198000   240 8.67
1.575 0.1674 172.11 88.00  68  46  600000 1198000   240 8.67
1.577 0.1714 172.48 88.00  68  46  600000 1198000   240 8.67
1.579 0.1739 172.91 88.00  68  46  600000 1198000   240 8.67
1.580 0.1734 173.39 88.00  68  46  600000 1198000   240 8.67
1.582 0.1779 173.93 88.00  68  46  600000 1198000   240 8.67
1.584 0.1719 174.50 88.00  68  46  600000 1198000   240 8.67
1.585 0.1773 175.07 88.00  68  46  600000 1198000   240 8.67
1.587 0.1705 175.64 88.00  68  46  600000 1198000   240 8.67
1.589 0.1692 176.22 88.00  68  46  600000 1198000   240 8.67
1.590 0.1813 176.80 88.00  68  46  600000 1198000   240 8.67
1.592 0.1819 177.37 88.00  68  46  600000 1198000   240 8.67
1.594 0.1738 177.97 88.00  68  46  600000 1198000   240 8.67
1.595 0.1805 178.60 88.00  68  46  600000 1198000   240 8.67
1.597 0.1718 179.27 88.00  68  46  600000 1198000   240 8.67
1.599 0.1826 179.98 88.00  68  46  600000 1198000   240 8.67
1.600 0.1891 180.70 88.00  68  46  600000 1198000   240 8.67
1.602 0.1796 181.44 88.00  68  46  600000 1198000   240 8.67
1.604 0.1788 182.18 88.00  68  46  600000 1198000   240 8.67
1.605 0.1795 182.93 88.00  68  46  600000 1198000   240 8.67
1.607 0.1857 183.66 88.00  68  46  600000 1198000   240 8.67
1.609 0.1877 184.37 88.00  68  46  600000 1198000   240 8.67
1.610 0.1973 185.06 88.00  68  46  600000 1198000   240 8.67
1.612 0.1721 185.71 88.00  68  46  600000 1198000   240 8.67
1.614 0.1878 186.33 88.00  68  46  600000 1198000   240 8.67
1.615 0.1813 186.91 88.00  68  46  600000 1198000   240 8.67
1.617 0.1930 187.45 88.00  68  46  600000 1198000   240 8.67
1.619 0.1848 187.96 88.00  68  46  600000 1198000   240 8.67
1.620 0.1965 188.44 88.00  68  46  600000 1198000   240 8.67
1.622 0.1831 188.93 88.00  68  46  600000 1198000   240 8.67
1.624 0.1890 189.41 88.00  68  46  600000 1198000   240 8.67
1.625 0.1944 189.90 88.00  68  46  600000 1198000   240 8.67
1.627 0.2005 190.40 88.00  68  46  600000 1198000   240 8.67
1.629 0.1748 190.91 88.00  68  46  600000 1198000   240 8.67
1.630 0.1930 191.42 88.00  68  46  600000 1198000   240 8.67
1.632 0.1956 191.93 88.00  68  46  600000 1198000   240 8.67
1.634 0.1849 192.43 88.00  68  46  600000 1198000   240 8.67
1.635 0.2016 192.92 88.00  68  46  600000 1198000   240 8.67
1.637 0.1888 193.39 88.00  68  46  600000 1198000   240 8.67
1.639 0.1970 193.88 88.00  68  46  600000 1198000   240 8.67
1.640 0.1886 194.39 88.00  68  46  600000 1198000   240 8.67
1.642 0.1975 194.92 88.00  68  46  600000 1198000   240 8.67
1.644 0.1986 195.46 88.00  68  46  600000 1198000   240 8.67
1.645 0.1857 196.01 88.00  68  46  600000 1198000   240 8.67
1.647 0.2087 196.59 88.00  68  46  600000 1198000   240 8.67
1.649 0.1923 197.21 88.00  68  46  600000 1198000   240 8.67
1.651 0.2028 197.87 88.00  68  46  600000 1198000   240 8.67
1.652 0.1964 198.55 88.00  68  46  600000 1198000   240 8.67
1.654 0.1983 199.23 88.00  68  46  600000 1198000   240 8.67
1.656 0.2066 199.90 88.00  68  46  600000 1198000   240 8.67
1.657 0.1914 200.56 88.00  68  46  600000 1198000   240 8.67
1.659 0.2031 201.22 88.00  68  46  600000 1198000   240 8.67
1.661 0.1990 201.90 88.00  68  46  600000 1198000   240 8.67
1.662 0.2051 202.59 88.00  68  46  600000 1198000   240 8.67
1.664 0.1956 203.29 88.00  68  46  600000 1198000   240 8.67
1.666 0.2087 204.02 88.00  68  46  600000 1198000   240 8.67
1.667 0.2024 204.77 88.00  68  46  600000 1198000   240 8.67
1.669 0.2152 205.55 88.00  68  46  600000 1198000   240 8.67
1.671 0.2141 206.35 88.00  68  46  600000 1198000   240 8.67
1.672 0.2000 207.16 88.00  68  46  600000 1198000   240 8.67
1.674 0.1999 207.99 88.00  68  46  600000 1198000   240 8.67
1.676 0.2105 208.82 88.00  68  46  600000 1198000   240 8.67
1.677 0.2137 209.68 88.00  68  46  600000 1198000   240 8.67
1.679 0.2119 210.55 88.00  68  46  600000 1198000   240 8.67
1.681 0.2178 211.44 88.00  68  46  600000 1198000   240 8.67
1.683 0.1969 212.36 88.00  68  46  600000 1198000   240 8.67
1.686 0.2061 213.32 88.00  68  46  600000 1198000   240 8.67
1.688 0.2275 214.32 88.00  68  46  600000 1198000   240 8.67
1.690 0.2161 215.39 88.00  68  46  600000 1198000   240 8.67
1.693 0.2229 216.52 88.00  68  46  600000 1198000   240 8.67
1.695 0.2173 217.75 88.00  68  46  600000 1198000   240 8.67
1.698 0.2174 219.07 88.00  68  46  600000 1198000   240 8.67
1.700 0.2173 220.51 88.00  68  46  600000 1198000   240 8.67
1.703 0.2208 222.07 88.00  68  46  600000 1198000   240 8.67
1.706 0.2173 223.73 88.00  68  46  600000 1198000   240 8.67
1.709 0.2284 225.50 88.00  68  46  600000 1198000   240 8.67
1.713 0.2287 227.36 88.00  68  46  600000 1198000   240 8.67
1.716 0.2247 229.29 88.00  68  46  600000 1198000   240 8.67
1.720 0.2288 231.29 88.00  68  46  600000 1198000   240 8.67
1.723 0.2281 233.33 88.00  68  46  600000 1198000   240 8.67
1.727 0.2385 235.41 88.00  68  46  600000 1198000   240 8.67
1.731 0.2372 237.52 88.00  68  46  600000 1198000   240 8.67
1.735 0.2395 239.64 88.00  68  46  600000 1198000   240 8.67
1.739 0.2397 241.71 88.00  68  46  600000 1198000   240 8.67
1.744 0.2440 243.70 88.00  68  46  600000 1198000   240 8.67
1.749 0.2507 245.54 88.00  68  46  600000 1198000   240 8.67
1.754 0.2409 247.22 88.00  68  46  600000 1198000   240 8.67
1.759 0.2486 248.70 88.00  68  46  600000 1198000   240 8.67
1.764 0.2499 249.95 88.00  68  46  600000 1198000   240 8.67
1.769 0.2535 250.92 88.00  68  46  600000 1198000   240 8.67
1.775 0.2539 251.59 88.00  68  46  600000 1198000   240 8.67
1.781 0.2512 251.94 88.00  68  46  600000 1198000   240 8.67
1.788 0.2515 251.93 88.00  68  46  600000 1198000   240 8.67
1.794 0.2506 251.51 88.00  68  46  600000 1198000   240 8.67
1.801 0.2519 250.60 88.00  68  46  600000 1198000   240 8.67
1.808 0.2511 249.13 88.00  68  46  600000 1198000   240 8.67
1.815 0.2503 246.99 88.00  68  46  600000 1198000   240 8.67
1.823 0.2463 244.13 88.00  68  46  600000 1198000   240 8.67
1.831 0.2408 240.46 88.00  68  46  600000 1198000   240 8.67
1.839 0.2356 235.98 88.00  68  46  600000 1198000   240 8.67
1.848 0.2309 230.68 88.00  68  46  600000 1198000   240 8.67
1.856 0.2246 224.59 88.00  68  46  600000 1198000   240 8.67
1.865 0.2230 217.77 88.00  68  46  600000 1198000   240 8.67
1.873 0.2171 210.30 88.00  68  46  600000 1198000   240 8.67
1.881 0.2132 202.28 88.00  68  46  600000 1198000   240 8.67
1.890 0.2052 193.85 88.00  68  46  600000 1198000   240 8.67
1.898 0.2002 185.15 88.00  68  46  600000 1198000   240 8.67
1.906 0.1910 176.32 88.00  68  46  600000 1198000   240 8.67
1.915 0.1754 167.50 88.00  68  46  600000 1198000   240 8.67
1.923 0.1660 158.83 88.00  68  46  600000 1198000   240 8.67
1.931 0.1426 150.45 88.00  68  46  600000 1198000   240 8.67
1.940 0.1353 142.49 88.00  68  46  600000 1198000   240 8.67
1.948 0.1163 135.07 88.00  68  46  600000 1198000   240 8.67
1.957 0.1088 128.32 88.00  68  46  600000 1198000   240 8.67
1.965 0.1074 122.34 88.00  68  46  600000 1198000   240 8.67
1.973 0.1038 117.22 88.00  68  46  600000 1198000   240 8.67
1.982 0.0997 113.02 88.00  68  46  600000 1198000   240 8.67
1.990 0.1007 109.78 88.00  68  46  600000 1198000   240 8.67
1.998 0.1026 107.51 88.00  68  46  600000 1198000   240 8.67
2.007 0.1003 106.16 88.00  68  46  600000 1198000   240 8.67
2.015 0.1042 105.69 88.00  68  46  600000 1198000   240 8.67
2.023 0.1054 105.99 88.00  68  46  600000 1198000   240 8.67
2.032 0.1050 106.92 88.00  68  46  600000 1198000   240 8.67
2.040 0.1103 108.30 88.00  68  46  600000 1198000   240 8.67
2.048 0.1128 109.97 88.00  68  46  600000 1198000   240 8.67
2.057 0.1179 111.72 88.00  68  46  600000 1198000   240 8.67
2.065 0.1181 113.41 88.00  68  46  600000 1198000   240 8.67
2.074 0.1199 114.89 88.00  68  46  600000 1198000   240 8.67
2.082 0.1255 116.08 88.00  68  46  600000 1198000   240 8.67
2.090 0.1320 116.93 88.00  68  46  600000 1198000   240 8.67
2.099 0.1337 117.47 88.00  68  46  600000 1198000   240 8.67
2.107 0.1320 117.77 88.00  68  46  600000 1198000   240 8.67
2.115 0.1321 117.92 88.00  68  46  600000 1198000   240 8.67
2.124 0.1302 118.05 88.00  68  46  600000 1198000   240 8.67
2.132 0.1276 118.31 88.00  68  46  600000 1198000   240 8.67
2.140 0.1254 118.85 88.00  68  46  600000 1198000   240 8.67
2.149 0.1198 119.97 88.00  68  46  600000 1198000   240 8.67
2.157 0.1185 124.00 88.00  68  46  600000 1198000   240 8.67
2.166 0.1191 132.16 88.00  68  46  600000 1198000   240 8.67
2.174 0.1185 142.04 88.00  68  46  600000 1198000   240 8.67
2.182 0.1195 152.25 88.00  68  46  600000 1198000   240 8.67
2.191 0.1239 162.26 88.00  68  46  600000 1198000   240 8.67
2.199 0.1368 171.91 88.00  68  46  600000 1198000   240 8.67
2.207 0.1460 181.19 88.00  68  46  600000 1198000   240 8.67
2.216 0.1600 190.14 88.00  68  46  600000 1198000   240 8.67
2.224 0.1741 198.81 88.00  68  46  600000 1198000   240 8.67
2.232 0.1929 207.27 88.00  68  46  600000 1198000   240 8.67
2.241 0.2080 215.59 88.00  68  46  600000 1198000   240 8.67
2.249 0.2312 223.81 88.00  68  46  600000 1198000   240 8.67
2.258 0.2515 231.98 88.00  68  46  600000 1198000   240 8.67
2.266 0.2734 240.13 88.00  68  46  600000 1198000   240 8.67
2.274 0.2940 248.27 88.00  68  46  600000 1198000   240 8.67
2.283 0.3328 256.42 88.00  68  46  600000 1198000   240 8.67
2.291 0.3574 264.57 88.00  68  46  600000 1198000   240 8.67
2.299 0.3887 272.71 88.00  68  46  600000 1198000   240 8.67
2.308 0.4334 280.82 88.00  68  46  600000 1198000   240 8.67
2.316 0.4719 288.87 88.00  68  46  600000 1198000   240 8.67
2.324 0.4898 296.80 88.00  68  46  600000 1198000   240 8.67
2.333 0.0000 304.57 88.00  68  46  600000 1198000   240 8.67
2.341 0.0000 312.08 88.00  68  46  600000 1198000   240 8.67
