     x     qy smooth tpara  cd  zL     xTr    xCpl frame tma
-0.985 0.1796 158.33 110.00  64  46  600000 1209000   210 6.91
-0.977 0.1775 148.26 110.00  64  46  600000 1209000   210 6.91
-0.969 0.1609 138.69 110.00  64  46  600000 1209000   210 6.91
-0.961 0.1336 129.61 110.00  64  46  600000 1209000   210 6.91
-0.952 0.1061 121.01 110.00  64  46  600000 1209000   210 6.91
-0.944 0.0873 112.88 110.00  64  46  600000 1209000   210 6.91
-0.936 0.0918 105.20 110.00  64  46  600000 1209000   210 6.91
-0.928 0.0797 97.97 110.00  64  46  600000 1209000   210 6.91
-0.920 0.0737 91.18 110.00  64  46  600000 1209000   210 6.91
-0.911 0.0689 84.82 110.00  64  46  600000 1209000   210 6.91
-0.903 0.0665 78.88 110.00  64  46  600000 1209000   210 6.91
-0.895 0.0631 73.36 110.00  64  46  600000 1209000   210 6.91
-0.887 0.0600 68.27 110.00  64  46  600000 1209000   210 6.91
-0.878 0.0578 63.60 110.00  64  46  600000 1209000   210 6.91
-0.870 0.0555 59.35 110.00  64  46  600000 1209000   210 6.91
-0.862 0.0531 55.54 110.00  64  46  600000 1209000   210 6.91
-0.854 0.0525 52.18 110.00  64  46  600000 1209000   210 6.91
-0.846 0.0500 49.29 110.00  64  46  600000 1209000   210 6.91
-0.837 0.0493 46.90 110.00  64  46  600000 1209000   210 6.91
-0.829 0.0484 45.03 110.00  64  46  600000 1209000   210 6.91
-0.821 0.0473 43.74 110.00  64  46  600000 1209000   210 6.91
-0.813 0.0459 43.04 110.00  64  46  600000 1209000   210 6.91
-0.805 0.0449 42.85 110.00  64  46  600000 1209000   210 6.91
-0.796 0.0439 42.75 110.00  64  46  600000 1209000   210 6.91
-0.788 0.0428 42.12 110.00  64  46  600000 1209000   210 6.91
-0.780 0.0423 41.43 110.00  64  46  600000 1209000   210 6.91
-0.772 0.0416 40.73 110.00  64  46  600000 1209000   210 6.91
-0.764 0.0406 40.04 110.00  64  46  600000 1209000   210 6.91
-0.755 0.0398 39.37 110.00  64  46  600000 1209000   210 6.91
-0.747 0.0384 38.74 110.00  64  46  600000 1209000   210 6.91
-0.739 0.0383 38.14 110.00  64  46  600000 1209000   210 6.91
-0.731 0.0380 37.58 110.00  64  46  600000 1209000   210 6.91
-0.722 0.0373 37.07 110.00  64  46  600000 1209000   210 6.91
-0.714 0.0369 36.61 110.00  64  46  600000 1209000   210 6.91
-0.706 0.0358 36.20 110.00  64  46  600000 1209000   210 6.91
-0.698 0.0354 35.83 110.00  64  46  600000 1209000   210 6.91
-0.690 0.0353 35.52 110.00  64  46  600000 1209000   210 6.91
-0.681 0.0347 35.25 110.00  64  46  600000 1209000   210 6.91
-0.673 0.0343 35.03 110.00  64  46  600000 1209000   210 6.91
-0.665 0.0345 34.86 110.00  64  46  600000 1209000   210 6.91
-0.657 0.0339 34.73 110.00  64  46  600000 1209000   210 6.91
-0.649 0.0350 34.63 110.00  64  46  600000 1209000   210 6.91
-0.640 0.0341 34.58 110.00  64  46  600000 1209000   210 6.91
-0.632 0.0348 34.56 110.00  64  46  600000 1209000   210 6.91
-0.624 0.0351 34.57 110.00  64  46  600000 1209000   210 6.91
-0.616 0.0354 34.60 110.00  64  46  600000 1209000   210 6.91
-0.608 0.0354 34.66 110.00  64  46  600000 1209000   210 6.91
-0.599 0.0353 34.75 110.00  64  46  600000 1209000   210 6.91
-0.591 0.0348 34.85 110.00  64  46  600000 1209000   210 6.91
-0.583 0.0355 34.96 110.00  64  46  600000 1209000   210 6.91
-0.575 0.0343 35.08 110.00  64  46  600000 1209000   210 6.91
-0.567 0.0351 35.21 110.00  64  46  600000 1209000   210 6.91
-0.558 0.0348 35.34 110.00  64  46  600000 1209000   210 6.91
-0.550 0.0357 35.47 110.00  64  46  600000 1209000   210 6.91
-0.542 0.0356 35.59 110.00  64  46  600000 1209000   210 6.91
-0.534 0.0355 35.70 110.00  64  46  600000 1209000   210 6.91
-0.525 0.0358 35.81 110.00  64  46  600000 1209000   210 6.91
-0.517 0.0352 35.90 110.00  64  46  600000 1209000   210 6.91
-0.509 0.0361 35.98 110.00  64  46  600000 1209000   210 6.91
-0.501 0.0363 36.05 110.00  64  46  600000 1209000   210 6.91
-0.493 0.0365 36.11 110.00  64  46  600000 1209000   210 6.91
-0.484 0.0361 36.16 110.00  64  46  600000 1209000   210 6.91
-0.476 0.0367 36.20 110.00  64  46  600000 1209000   210 6.91
-0.468 0.0362 36.23 110.00  64  46  600000 1209000   210 6.91
-0.460 0.0365 36.26 110.00  64  46  600000 1209000   210 6.91
-0.452 0.0368 36.27 110.00  64  46  600000 1209000   210 6.91
-0.443 0.0366 36.26 110.00  64  46  600000 1209000   210 6.91
-0.435 0.0364 36.24 110.00  64  46  600000 1209000   210 6.91
-0.427 0.0363 36.21 110.00  64  46  600000 1209000   210 6.91
-0.419 0.0370 36.16 110.00  64  46  600000 1209000   210 6.91
-0.411 0.0350 36.09 110.00  64  46  600000 1209000   210 6.91
-0.402 0.0359 36.01 110.00  64  46  600000 1209000   210 6.91
-0.394 0.0351 35.91 110.00  64  46  600000 1209000   210 6.91
-0.386 0.0356 35.80 110.00  64  46  600000 1209000   210 6.91
-0.378 0.0355 35.68 110.00  64  46  600000 1209000   210 6.91
-0.369 0.0354 35.56 110.00  64  46  600000 1209000   210 6.91
-0.361 0.0357 35.42 110.00  64  46  600000 1209000   210 6.91
-0.353 0.0351 35.27 110.00  64  46  600000 1209000   210 6.91
-0.345 0.0358 35.12 110.00  64  46  600000 1209000   210 6.91
-0.337 0.0353 34.95 110.00  64  46  600000 1209000   210 6.91
-0.328 0.0350 34.77 110.00  64  46  600000 1209000   210 6.91
-0.320 0.0350 34.57 110.00  64  46  600000 1209000   210 6.91
-0.312 0.0342 34.37 110.00  64  46  600000 1209000   210 6.91
-0.304 0.0344 34.15 110.00  64  46  600000 1209000   210 6.91
-0.296 0.0338 33.93 110.00  64  46  600000 1209000   210 6.91
-0.287 0.0339 33.71 110.00  64  46  600000 1209000   210 6.91
-0.279 0.0342 33.51 110.00  64  46  600000 1209000   210 6.91
-0.271 0.0337 33.32 110.00  64  46  600000 1209000   210 6.91
-0.263 0.0330 33.17 110.00  64  46  600000 1209000   210 6.91
-0.255 0.0333 33.06 110.00  64  46  600000 1209000   210 6.91
-0.246 0.0332 32.99 110.00  64  46  600000 1209000   210 6.91
-0.238 0.0323 32.97 110.00  64  46  600000 1209000   210 6.91
-0.230 0.0328 33.00 110.00  64  46  600000 1209000   210 6.91
-0.222 0.0329 33.09 110.00  64  46  600000 1209000   210 6.91
-0.213 0.0321 33.24 110.00  64  46  600000 1209000   210 6.91
-0.205 0.0319 33.44 110.00  64  46  600000 1209000   210 6.91
-0.197 0.0322 33.68 110.00  64  46  600000 1209000   210 6.91
-0.189 0.0325 33.97 110.00  64  46  600000 1209000   210 6.91
-0.181 0.0334 34.28 110.00  64  46  600000 1209000   210 6.91
-0.172 0.0338 34.61 110.00  64  46  600000 1209000   210 6.91
-0.164 0.0346 34.96 110.00  64  46  600000 1209000   210 6.91
-0.156 0.0361 35.31 110.00  64  46  600000 1209000   210 6.91
-0.148 0.0366 35.67 110.00  64  46  600000 1209000   210 6.91
-0.140 0.0372 36.03 110.00  64  46  600000 1209000   210 6.91
-0.131 0.0379 36.38 110.00  64  46  600000 1209000   210 6.91
-0.123 0.0379 36.71 110.00  64  46  600000 1209000   210 6.91
-0.115 0.0364 37.00 110.00  64  46  600000 1209000   210 6.91
-0.107 0.0379 37.24 110.00  64  46  600000 1209000   210 6.91
-0.099 0.0376 37.39 110.00  64  46  600000 1209000   210 6.91
-0.090 0.0380 37.46 110.00  64  46  600000 1209000   210 6.91
-0.082 0.0372 37.43 110.00  64  46  600000 1209000   210 6.91
-0.074 0.0376 37.29 110.00  64  46  600000 1209000   210 6.91
-0.066 0.0369 37.04 110.00  64  46  600000 1209000   210 6.91
-0.057 0.0372 36.68 110.00  64  46  600000 1209000   210 6.91
-0.049 0.0364 36.23 110.00  64  46  600000 1209000   210 6.91
-0.041 0.0353 35.69 110.00  64  46  600000 1209000   210 6.91
-0.033 0.0355 35.09 110.00  64  46  600000 1209000   210 6.91
-0.025 0.0351 34.44 110.00  64  46  600000 1209000   210 6.91
-0.016 0.0354 33.76 110.00  64  46  600000 1209000   210 6.91
-0.008 0.0361 33.07 110.00  64  46  600000 1209000   210 6.91
0.000 0.0345 32.37 110.00  64  46  600000 1209000   210 6.91
0.008 0.0320 31.69 110.00  64  46  600000 1209000   210 6.91
0.016 0.0310 31.02 110.00  64  46  600000 1209000   210 6.91
0.025 0.0281 30.38 110.00  64  46  600000 1209000   210 6.91
0.033 0.0272 29.77 110.00  64  46  600000 1209000   210 6.91
0.041 0.0272 29.20 110.00  64  46  600000 1209000   210 6.91
0.049 0.0275 28.68 110.00  64  46  600000 1209000   210 6.91
0.057 0.0269 28.23 110.00  64  46  600000 1209000   210 6.91
0.066 0.0266 27.85 110.00  64  46  600000 1209000   210 6.91
0.074 0.0273 27.55 110.00  64  46  600000 1209000   210 6.91
0.082 0.0269 27.34 110.00  64  46  600000 1209000   210 6.91
0.090 0.0275 27.23 110.00  64  46  600000 1209000   210 6.91
0.099 0.0276 27.20 110.00  64  46  600000 1209000   210 6.91
0.107 0.0282 27.27 110.00  64  46  600000 1209000   210 6.91
0.115 0.0273 27.42 110.00  64  46  600000 1209000   210 6.91
0.123 0.0273 27.65 110.00  64  46  600000 1209000   210 6.91
0.131 0.0279 27.95 110.00  64  46  600000 1209000   210 6.91
0.140 0.0283 28.30 110.00  64  46  600000 1209000   210 6.91
0.148 0.0285 28.68 110.00  64  46  600000 1209000   210 6.91
0.156 0.0280 29.08 110.00  64  46  600000 1209000   210 6.91
0.164 0.0284 29.48 110.00  64  46  600000 1209000   210 6.91
0.172 0.0305 29.86 110.00  64  46  600000 1209000   210 6.91
0.181 0.0313 30.21 110.00  64  46  600000 1209000   210 6.91
0.189 0.0300 30.54 110.00  64  46  600000 1209000   210 6.91
0.197 0.0317 30.85 110.00  64  46  600000 1209000   210 6.91
0.205 0.0321 31.13 110.00  64  46  600000 1209000   210 6.91
0.213 0.0315 31.39 110.00  64  46  600000 1209000   210 6.91
0.222 0.0321 31.63 110.00  64  46  600000 1209000   210 6.91
0.230 0.0326 31.83 110.00  64  46  600000 1209000   210 6.91
0.238 0.0320 32.00 110.00  64  46  600000 1209000   210 6.91
0.246 0.0327 32.12 110.00  64  46  600000 1209000   210 6.91
0.255 0.0328 32.19 110.00  64  46  600000 1209000   210 6.91
0.263 0.0325 32.19 110.00  64  46  600000 1209000   210 6.91
0.271 0.0326 32.11 110.00  64  46  600000 1209000   210 6.91
0.279 0.0325 31.97 110.00  64  46  600000 1209000   210 6.91
0.287 0.0322 31.77 110.00  64  46  600000 1209000   210 6.91
0.296 0.0302 31.53 110.00  64  46  600000 1209000   210 6.91
0.304 0.0323 31.30 110.00  64  46  600000 1209000   210 6.91
0.312 0.0324 31.10 110.00  64  46  600000 1209000   210 6.91
0.320 0.0319 30.97 110.00  64  46  600000 1209000   210 6.91
0.328 0.0318 30.96 110.00  64  46  600000 1209000   210 6.91
0.337 0.0336 31.10 110.00  64  46  600000 1209000   210 6.91
0.345 0.0315 31.40 110.00  64  46  600000 1209000   210 6.91
0.353 0.0318 31.87 110.00  64  46  600000 1209000   210 6.91
0.361 0.0315 32.53 110.00  64  46  600000 1209000   210 6.91
0.369 0.0312 33.36 110.00  64  46  600000 1209000   210 6.91
0.378 0.0314 34.34 110.00  64  46  600000 1209000   210 6.91
0.386 0.0316 35.47 110.00  64  46  600000 1209000   210 6.91
0.394 0.0320 36.71 110.00  64  46  600000 1209000   210 6.91
0.402 0.0322 38.07 110.00  64  46  600000 1209000   210 6.91
0.411 0.0349 39.52 110.00  64  46  600000 1209000   210 6.91
0.419 0.0386 41.04 110.00  64  46  600000 1209000   210 6.91
0.427 0.0418 42.61 110.00  64  46  600000 1209000   210 6.91
0.435 0.0458 44.23 110.00  64  46  600000 1209000   210 6.91
0.443 0.0502 45.87 110.00  64  46  600000 1209000   210 6.91
0.452 0.0532 47.53 110.00  64  46  600000 1209000   210 6.91
0.460 0.0555 49.19 110.00  64  46  600000 1209000   210 6.91
0.468 0.0560 50.82 110.00  64  46  600000 1209000   210 6.91
0.476 0.0541 52.41 110.00  64  46  600000 1209000   210 6.91
0.484 0.0562 53.93 110.00  64  46  600000 1209000   210 6.91
0.493 0.0562 55.36 110.00  64  46  600000 1209000   210 6.91
0.501 0.0557 56.69 110.00  64  46  600000 1209000   210 6.91
0.509 0.0557 57.90 110.00  64  46  600000 1209000   210 6.91
0.516 0.0588 58.98 110.00  64  46  600000 1209000   210 6.91
0.524 0.0562 59.93 110.00  64  46  600000 1209000   210 6.91
0.531 0.0586 60.78 110.00  64  46  600000 1209000   210 6.91
0.537 0.0617 61.54 110.00  64  46  600000 1209000   210 6.91
0.544 0.0623 62.23 110.00  64  46  600000 1209000   210 6.91
0.550 0.0632 62.88 110.00  64  46  600000 1209000   210 6.91
0.556 0.0638 63.51 110.00  64  46  600000 1209000   210 6.91
0.561 0.0630 64.14 110.00  64  46  600000 1209000   210 6.91
0.567 0.0657 64.80 110.00  64  46  600000 1209000   210 6.91
0.572 0.0646 65.48 110.00  64  46  600000 1209000   210 6.91
0.577 0.0674 66.20 110.00  64  46  600000 1209000   210 6.91
0.582 0.0687 66.93 110.00  64  46  600000 1209000   210 6.91
0.586 0.0677 67.66 110.00  64  46  600000 1209000   210 6.91
0.591 0.0641 68.37 110.00  64  46  600000 1209000   210 6.91
0.595 0.0679 69.04 110.00  64  46  600000 1209000   210 6.91
0.599 0.0730 69.64 110.00  64  46  600000 1209000   210 6.91
0.603 0.0721 70.17 110.00  64  46  600000 1209000   210 6.91
0.607 0.0687 70.63 110.00  64  46  600000 1209000   210 6.91
0.610 0.0693 71.03 110.00  64  46  600000 1209000   210 6.91
0.614 0.0714 71.38 110.00  64  46  600000 1209000   210 6.91
0.617 0.0731 71.67 110.00  64  46  600000 1209000   210 6.91
0.620 0.0732 71.92 110.00  64  46  600000 1209000   210 6.91
0.623 0.0746 72.14 110.00  64  46  600000 1209000   210 6.91
0.626 0.0714 72.32 110.00  64  46  600000 1209000   210 6.91
0.629 0.0700 72.48 110.00  64  46  600000 1209000   210 6.91
0.632 0.0732 72.61 110.00  64  46  600000 1209000   210 6.91
0.634 0.0746 72.74 110.00  64  46  600000 1209000   210 6.91
0.637 0.0786 72.86 110.00  64  46  600000 1209000   210 6.91
0.639 0.0724 72.98 110.00  64  46  600000 1209000   210 6.91
0.642 0.0683 73.09 110.00  64  46  600000 1209000   210 6.91
0.644 0.0710 73.18 110.00  64  46  600000 1209000   210 6.91
0.646 0.0765 73.25 110.00  64  46  600000 1209000   210 6.91
0.648 0.0700 73.32 110.00  64  46  600000 1209000   210 6.91
0.650 0.0698 73.39 110.00  64  46  600000 1209000   210 6.91
0.652 0.0682 73.46 110.00  64  46  600000 1209000   210 6.91
0.653 0.0823 73.56 110.00  64  46  600000 1209000   210 6.91
0.655 0.0729 73.68 110.00  64  46  600000 1209000   210 6.91
0.657 0.0775 73.84 110.00  64  46  600000 1209000   210 6.91
0.658 0.0682 74.03 110.00  64  46  600000 1209000   210 6.91
0.660 0.0757 74.26 110.00  64  46  600000 1209000   210 6.91
0.662 0.0765 74.53 110.00  64  46  600000 1209000   210 6.91
0.663 0.0741 74.81 110.00  64  46  600000 1209000   210 6.91
0.665 0.0795 75.11 110.00  64  46  600000 1209000   210 6.91
0.667 0.0688 75.40 110.00  64  46  600000 1209000   210 6.91
0.668 0.0805 75.69 110.00  64  46  600000 1209000   210 6.91
0.670 0.0760 75.96 110.00  64  46  600000 1209000   210 6.91
0.672 0.0793 76.21 110.00  64  46  600000 1209000   210 6.91
0.673 0.0650 76.43 110.00  64  46  600000 1209000   210 6.91
0.675 0.0722 76.63 110.00  64  46  600000 1209000   210 6.91
0.677 0.0797 76.82 110.00  64  46  600000 1209000   210 6.91
0.678 0.0863 77.00 110.00  64  46  600000 1209000   210 6.91
0.680 0.0756 77.18 110.00  64  46  600000 1209000   210 6.91
0.681 0.0778 77.36 110.00  64  46  600000 1209000   210 6.91
0.683 0.0784 77.52 110.00  64  46  600000 1209000   210 6.91
0.685 0.0794 77.68 110.00  64  46  600000 1209000   210 6.91
0.686 0.0761 77.81 110.00  64  46  600000 1209000   210 6.91
0.688 0.0809 77.91 110.00  64  46  600000 1209000   210 6.91
0.690 0.0738 77.97 110.00  64  46  600000 1209000   210 6.91
0.691 0.0798 78.00 110.00  64  46  600000 1209000   210 6.91
0.693 0.0739 78.01 110.00  64  46  600000 1209000   210 6.91
0.695 0.0747 77.99 110.00  64  46  600000 1209000   210 6.91
0.696 0.0825 77.94 110.00  64  46  600000 1209000   210 6.91
0.698 0.0811 77.86 110.00  64  46  600000 1209000   210 6.91
0.700 0.0729 77.76 110.00  64  46  600000 1209000   210 6.91
0.701 0.0776 77.65 110.00  64  46  600000 1209000   210 6.91
0.703 0.0807 77.53 110.00  64  46  600000 1209000   210 6.91
0.704 0.0875 77.43 110.00  64  46  600000 1209000   210 6.91
0.706 0.0733 77.35 110.00  64  46  600000 1209000   210 6.91
0.708 0.0744 77.29 110.00  64  46  600000 1209000   210 6.91
0.709 0.0728 77.26 110.00  64  46  600000 1209000   210 6.91
0.711 0.0775 77.25 110.00  64  46  600000 1209000   210 6.91
0.713 0.0806 77.27 110.00  64  46  600000 1209000   210 6.91
0.714 0.0727 77.29 110.00  64  46  600000 1209000   210 6.91
0.716 0.0768 77.33 110.00  64  46  600000 1209000   210 6.91
0.718 0.0777 77.38 110.00  64  46  600000 1209000   210 6.91
0.719 0.0783 77.45 110.00  64  46  600000 1209000   210 6.91
0.721 0.0828 77.55 110.00  64  46  600000 1209000   210 6.91
0.722 0.0776 77.68 110.00  64  46  600000 1209000   210 6.91
0.724 0.0739 77.86 110.00  64  46  600000 1209000   210 6.91
0.726 0.0778 78.11 110.00  64  46  600000 1209000   210 6.91
0.727 0.0778 78.43 110.00  64  46  600000 1209000   210 6.91
0.729 0.0771 78.82 110.00  64  46  600000 1209000   210 6.91
0.731 0.0870 79.31 110.00  64  46  600000 1209000   210 6.91
0.732 0.0780 79.87 110.00  64  46  600000 1209000   210 6.91
0.734 0.0811 80.52 110.00  64  46  600000 1209000   210 6.91
0.736 0.0796 81.26 110.00  64  46  600000 1209000   210 6.91
0.737 0.0832 82.10 110.00  64  46  600000 1209000   210 6.91
0.739 0.0792 83.04 110.00  64  46  600000 1209000   210 6.91
0.741 0.0818 84.08 110.00  64  46  600000 1209000   210 6.91
0.742 0.0885 85.23 110.00  64  46  600000 1209000   210 6.91
0.744 0.0867 86.48 110.00  64  46  600000 1209000   210 6.91
0.745 0.0832 87.80 110.00  64  46  600000 1209000   210 6.91
0.747 0.0863 89.19 110.00  64  46  600000 1209000   210 6.91
0.749 0.0903 90.62 110.00  64  46  600000 1209000   210 6.91
0.750 0.0906 92.11 110.00  64  46  600000 1209000   210 6.91
0.752 0.0955 93.64 110.00  64  46  600000 1209000   210 6.91
0.754 0.0944 95.21 110.00  64  46  600000 1209000   210 6.91
0.755 0.0988 96.80 110.00  64  46  600000 1209000   210 6.91
0.757 0.1009 98.40 110.00  64  46  600000 1209000   210 6.91
0.759 0.0984 99.99 110.00  64  46  600000 1209000   210 6.91
0.760 0.0997 101.59 110.00  64  46  600000 1209000   210 6.91
0.762 0.1062 103.16 110.00  64  46  600000 1209000   210 6.91
0.764 0.1040 104.66 110.00  64  46  600000 1209000   210 6.91
0.765 0.1138 106.06 110.00  64  46  600000 1209000   210 6.91
0.767 0.1022 107.35 110.00  64  46  600000 1209000   210 6.91
0.768 0.1113 108.50 110.00  64  46  600000 1209000   210 6.91
0.770 0.1103 109.51 110.00  64  46  600000 1209000   210 6.91
0.772 0.1090 110.36 110.00  64  46  600000 1209000   210 6.91
0.773 0.1029 111.03 110.00  64  46  600000 1209000   210 6.91
0.775 0.1083 111.53 110.00  64  46  600000 1209000   210 6.91
0.777 0.1123 111.86 110.00  64  46  600000 1209000   210 6.91
0.778 0.1196 112.03 110.00  64  46  600000 1209000   210 6.91
0.780 0.1196 112.06 110.00  64  46  600000 1209000   210 6.91
0.782 0.1114 111.96 110.00  64  46  600000 1209000   210 6.91
0.783 0.1137 111.74 110.00  64  46  600000 1209000   210 6.91
0.785 0.1138 111.41 110.00  64  46  600000 1209000   210 6.91
0.787 0.1070 110.97 110.00  64  46  600000 1209000   210 6.91
0.788 0.1100 110.43 110.00  64  46  600000 1209000   210 6.91
0.790 0.1146 109.80 110.00  64  46  600000 1209000   210 6.91
0.791 0.1125 109.09 110.00  64  46  600000 1209000   210 6.91
0.793 0.1036 108.30 110.00  64  46  600000 1209000   210 6.91
0.795 0.0929 107.44 110.00  64  46  600000 1209000   210 6.91
0.796 0.1117 106.51 110.00  64  46  600000 1209000   210 6.91
0.798 0.1147 105.53 110.00  64  46  600000 1209000   210 6.91
0.800 0.0982 104.50 110.00  64  46  600000 1209000   210 6.91
0.801 0.1043 103.45 110.00  64  46  600000 1209000   210 6.91
0.803 0.0975 102.40 110.00  64  46  600000 1209000   210 6.91
0.805 0.0978 101.36 110.00  64  46  600000 1209000   210 6.91
0.806 0.1053 100.35 110.00  64  46  600000 1209000   210 6.91
0.808 0.1061 99.38 110.00  64  46  600000 1209000   210 6.91
0.810 0.0984 98.47 110.00  64  46  600000 1209000   210 6.91
0.811 0.0952 97.59 110.00  64  46  600000 1209000   210 6.91
0.813 0.0949 96.74 110.00  64  46  600000 1209000   210 6.91
0.814 0.0922 95.89 110.00  64  46  600000 1209000   210 6.91
0.816 0.1009 95.04 110.00  64  46  600000 1209000   210 6.91
0.818 0.0935 94.20 110.00  64  46  600000 1209000   210 6.91
0.819 0.0934 93.38 110.00  64  46  600000 1209000   210 6.91
0.821 0.0908 92.58 110.00  64  46  600000 1209000   210 6.91
0.823 0.0912 91.79 110.00  64  46  600000 1209000   210 6.91
0.824 0.0906 91.02 110.00  64  46  600000 1209000   210 6.91
0.826 0.0860 90.26 110.00  64  46  600000 1209000   210 6.91
0.828 0.0937 89.52 110.00  64  46  600000 1209000   210 6.91
0.829 0.0912 88.81 110.00  64  46  600000 1209000   210 6.91
0.831 0.0885 88.14 110.00  64  46  600000 1209000   210 6.91
0.833 0.0873 87.52 110.00  64  46  600000 1209000   210 6.91
0.834 0.0859 86.93 110.00  64  46  600000 1209000   210 6.91
0.836 0.0850 86.38 110.00  64  46  600000 1209000   210 6.91
0.837 0.0852 85.88 110.00  64  46  600000 1209000   210 6.91
0.839 0.0847 85.43 110.00  64  46  600000 1209000   210 6.91
0.841 0.0908 85.03 110.00  64  46  600000 1209000   210 6.91
0.842 0.0794 84.66 110.00  64  46  600000 1209000   210 6.91
0.844 0.0830 84.31 110.00  64  46  600000 1209000   210 6.91
0.846 0.0869 83.99 110.00  64  46  600000 1209000   210 6.91
0.847 0.0837 83.70 110.00  64  46  600000 1209000   210 6.91
0.849 0.0858 83.45 110.00  64  46  600000 1209000   210 6.91
0.851 0.0811 83.22 110.00  64  46  600000 1209000   210 6.91
0.852 0.0776 83.01 110.00  64  46  600000 1209000   210 6.91
0.854 0.0847 82.81 110.00  64  46  600000 1209000   210 6.91
0.856 0.0823 82.63 110.00  64  46  600000 1209000   210 6.91
0.857 0.0859 82.46 110.00  64  46  600000 1209000   210 6.91
0.859 0.0775 82.32 110.00  64  46  600000 1209000   210 6.91
0.860 0.0870 82.20 110.00  64  46  600000 1209000   210 6.91
0.862 0.0842 82.11 110.00  64  46  600000 1209000   210 6.91
0.864 0.0803 82.02 110.00  64  46  600000 1209000   210 6.91
0.865 0.0818 81.93 110.00  64  46  600000 1209000   210 6.91
0.867 0.0847 81.84 110.00  64  46  600000 1209000   210 6.91
0.869 0.0800 81.74 110.00  64  46  600000 1209000   210 6.91
0.870 0.0797 81.66 110.00  64  46  600000 1209000   210 6.91
0.872 0.0835 81.60 110.00  64  46  600000 1209000   210 6.91
0.874 0.0800 81.57 110.00  64  46  600000 1209000   210 6.91
0.875 0.0834 81.56 110.00  64  46  600000 1209000   210 6.91
0.877 0.0806 81.56 110.00  64  46  600000 1209000   210 6.91
0.878 0.0783 81.59 110.00  64  46  600000 1209000   210 6.91
0.880 0.0837 81.64 110.00  64  46  600000 1209000   210 6.91
0.882 0.0823 81.70 110.00  64  46  600000 1209000   210 6.91
0.883 0.0796 81.78 110.00  64  46  600000 1209000   210 6.91
0.885 0.0814 81.86 110.00  64  46  600000 1209000   210 6.91
0.887 0.0838 81.95 110.00  64  46  600000 1209000   210 6.91
0.888 0.0852 82.05 110.00  64  46  600000 1209000   210 6.91
0.890 0.0784 82.17 110.00  64  46  600000 1209000   210 6.91
0.892 0.0841 82.28 110.00  64  46  600000 1209000   210 6.91
0.893 0.0808 82.41 110.00  64  46  600000 1209000   210 6.91
0.895 0.0782 82.53 110.00  64  46  600000 1209000   210 6.91
0.897 0.0820 82.65 110.00  64  46  600000 1209000   210 6.91
0.898 0.0875 82.76 110.00  64  46  600000 1209000   210 6.91
0.900 0.0878 82.87 110.00  64  46  600000 1209000   210 6.91
0.901 0.0808 82.96 110.00  64  46  600000 1209000   210 6.91
0.903 0.0893 83.05 110.00  64  46  600000 1209000   210 6.91
0.905 0.0790 83.14 110.00  64  46  600000 1209000   210 6.91
0.906 0.0805 83.24 110.00  64  46  600000 1209000   210 6.91
0.908 0.0824 83.32 110.00  64  46  600000 1209000   210 6.91
0.910 0.0807 83.40 110.00  64  46  600000 1209000   210 6.91
0.911 0.0876 83.44 110.00  64  46  600000 1209000   210 6.91
0.913 0.0821 83.47 110.00  64  46  600000 1209000   210 6.91
0.915 0.0789 83.48 110.00  64  46  600000 1209000   210 6.91
0.916 0.0862 83.48 110.00  64  46  600000 1209000   210 6.91
0.918 0.0801 83.46 110.00  64  46  600000 1209000   210 6.91
0.920 0.0903 83.44 110.00  64  46  600000 1209000   210 6.91
0.921 0.0855 83.42 110.00  64  46  600000 1209000   210 6.91
0.923 0.0831 83.40 110.00  64  46  600000 1209000   210 6.91
0.924 0.0807 83.40 110.00  64  46  600000 1209000   210 6.91
0.926 0.0805 83.40 110.00  64  46  600000 1209000   210 6.91
0.928 0.0879 83.41 110.00  64  46  600000 1209000   210 6.91
0.929 0.0812 83.41 110.00  64  46  600000 1209000   210 6.91
0.931 0.0830 83.39 110.00  64  46  600000 1209000   210 6.91
0.933 0.0860 83.34 110.00  64  46  600000 1209000   210 6.91
0.934 0.0834 83.27 110.00  64  46  600000 1209000   210 6.91
0.936 0.0862 83.17 110.00  64  46  600000 1209000   210 6.91
0.938 0.0787 83.05 110.00  64  46  600000 1209000   210 6.91
0.939 0.0794 82.93 110.00  64  46  600000 1209000   210 6.91
0.941 0.0820 82.81 110.00  64  46  600000 1209000   210 6.91
0.943 0.0800 82.71 110.00  64  46  600000 1209000   210 6.91
0.944 0.0902 82.63 110.00  64  46  600000 1209000   210 6.91
0.946 0.0838 82.58 110.00  64  46  600000 1209000   210 6.91
0.947 0.0859 82.55 110.00  64  46  600000 1209000   210 6.91
0.949 0.0779 82.54 110.00  64  46  600000 1209000   210 6.91
0.951 0.0810 82.55 110.00  64  46  600000 1209000   210 6.91
0.952 0.0875 82.56 110.00  64  46  600000 1209000   210 6.91
0.954 0.0819 82.58 110.00  64  46  600000 1209000   210 6.91
0.956 0.0792 82.62 110.00  64  46  600000 1209000   210 6.91
0.957 0.0812 82.68 110.00  64  46  600000 1209000   210 6.91
0.959 0.0785 82.76 110.00  64  46  600000 1209000   210 6.91
0.961 0.0805 82.87 110.00  64  46  600000 1209000   210 6.91
0.962 0.0910 83.02 110.00  64  46  600000 1209000   210 6.91
0.964 0.0791 83.22 110.00  64  46  600000 1209000   210 6.91
0.966 0.0905 83.44 110.00  64  46  600000 1209000   210 6.91
0.967 0.0852 83.69 110.00  64  46  600000 1209000   210 6.91
0.969 0.0779 83.96 110.00  64  46  600000 1209000   210 6.91
0.970 0.0858 84.26 110.00  64  46  600000 1209000   210 6.91
0.972 0.0841 84.57 110.00  64  46  600000 1209000   210 6.91
0.974 0.0853 84.89 110.00  64  46  600000 1209000   210 6.91
0.975 0.0833 85.23 110.00  64  46  600000 1209000   210 6.91
0.977 0.0857 85.58 110.00  64  46  600000 1209000   210 6.91
0.979 0.0857 85.95 110.00  64  46  600000 1209000   210 6.91
0.980 0.0806 86.32 110.00  64  46  600000 1209000   210 6.91
0.982 0.0933 86.69 110.00  64  46  600000 1209000   210 6.91
0.984 0.0854 87.06 110.00  64  46  600000 1209000   210 6.91
0.985 0.0914 87.46 110.00  64  46  600000 1209000   210 6.91
0.987 0.0930 87.87 110.00  64  46  600000 1209000   210 6.91
0.989 0.0804 88.31 110.00  64  46  600000 1209000   210 6.91
0.990 0.0890 88.75 110.00  64  46  600000 1209000   210 6.91
0.992 0.0916 89.20 110.00  64  46  600000 1209000   210 6.91
0.993 0.0944 89.67 110.00  64  46  600000 1209000   210 6.91
0.995 0.0835 90.13 110.00  64  46  600000 1209000   210 6.91
0.997 0.0858 90.58 110.00  64  46  600000 1209000   210 6.91
0.998 0.0913 91.01 110.00  64  46  600000 1209000   210 6.91
1.000 0.0974 91.42 110.00  64  46  600000 1209000   210 6.91
1.002 0.0851 91.81 110.00  64  46  600000 1209000   210 6.91
1.003 0.0935 92.19 110.00  64  46  600000 1209000   210 6.91
1.005 0.0946 92.57 110.00  64  46  600000 1209000   210 6.91
1.007 0.0951 92.95 110.00  64  46  600000 1209000   210 6.91
1.008 0.0995 93.34 110.00  64  46  600000 1209000   210 6.91
1.010 0.0897 93.74 110.00  64  46  600000 1209000   210 6.91
1.011 0.0944 94.15 110.00  64  46  600000 1209000   210 6.91
1.013 0.0923 94.58 110.00  64  46  600000 1209000   210 6.91
1.015 0.0955 95.01 110.00  64  46  600000 1209000   210 6.91
1.016 0.0998 95.44 110.00  64  46  600000 1209000   210 6.91
1.018 0.0961 95.87 110.00  64  46  600000 1209000   210 6.91
1.020 0.0858 96.29 110.00  64  46  600000 1209000   210 6.91
1.021 0.0999 96.70 110.00  64  46  600000 1209000   210 6.91
1.023 0.0975 97.11 110.00  64  46  600000 1209000   210 6.91
1.025 0.0964 97.50 110.00  64  46  600000 1209000   210 6.91
1.026 0.0996 97.88 110.00  64  46  600000 1209000   210 6.91
1.028 0.1002 98.25 110.00  64  46  600000 1209000   210 6.91
1.030 0.0962 98.63 110.00  64  46  600000 1209000   210 6.91
1.031 0.1003 99.04 110.00  64  46  600000 1209000   210 6.91
1.033 0.0986 99.49 110.00  64  46  600000 1209000   210 6.91
1.034 0.0989 99.97 110.00  64  46  600000 1209000   210 6.91
1.036 0.1029 100.44 110.00  64  46  600000 1209000   210 6.91
1.038 0.0997 100.90 110.00  64  46  600000 1209000   210 6.91
1.039 0.1022 101.33 110.00  64  46  600000 1209000   210 6.91
1.041 0.1043 101.72 110.00  64  46  600000 1209000   210 6.91
1.043 0.0991 102.07 110.00  64  46  600000 1209000   210 6.91
1.044 0.0996 102.37 110.00  64  46  600000 1209000   210 6.91
1.046 0.1045 102.64 110.00  64  46  600000 1209000   210 6.91
1.048 0.1082 102.86 110.00  64  46  600000 1209000   210 6.91
1.049 0.0964 103.05 110.00  64  46  600000 1209000   210 6.91
1.051 0.1051 103.22 110.00  64  46  600000 1209000   210 6.91
1.053 0.1006 103.37 110.00  64  46  600000 1209000   210 6.91
1.054 0.1097 103.50 110.00  64  46  600000 1209000   210 6.91
1.056 0.0952 103.62 110.00  64  46  600000 1209000   210 6.91
1.057 0.1074 103.71 110.00  64  46  600000 1209000   210 6.91
1.059 0.1105 103.77 110.00  64  46  600000 1209000   210 6.91
1.061 0.1110 103.78 110.00  64  46  600000 1209000   210 6.91
1.062 0.0985 103.75 110.00  64  46  600000 1209000   210 6.91
1.064 0.0995 103.68 110.00  64  46  600000 1209000   210 6.91
1.066 0.0968 103.56 110.00  64  46  600000 1209000   210 6.91
1.067 0.0987 103.41 110.00  64  46  600000 1209000   210 6.91
1.069 0.1095 103.22 110.00  64  46  600000 1209000   210 6.91
1.071 0.1034 103.01 110.00  64  46  600000 1209000   210 6.91
1.072 0.1074 102.78 110.00  64  46  600000 1209000   210 6.91
1.074 0.1023 102.52 110.00  64  46  600000 1209000   210 6.91
1.076 0.1001 102.25 110.00  64  46  600000 1209000   210 6.91
1.077 0.1028 101.98 110.00  64  46  600000 1209000   210 6.91
1.079 0.1038 101.70 110.00  64  46  600000 1209000   210 6.91
1.080 0.1007 101.41 110.00  64  46  600000 1209000   210 6.91
1.082 0.1059 101.11 110.00  64  46  600000 1209000   210 6.91
1.084 0.1010 100.80 110.00  64  46  600000 1209000   210 6.91
1.085 0.0898 100.48 110.00  64  46  600000 1209000   210 6.91
1.087 0.1038 100.15 110.00  64  46  600000 1209000   210 6.91
1.089 0.0954 99.80 110.00  64  46  600000 1209000   210 6.91
1.090 0.0987 99.41 110.00  64  46  600000 1209000   210 6.91
1.092 0.1034 98.99 110.00  64  46  600000 1209000   210 6.91
1.094 0.0965 98.54 110.00  64  46  600000 1209000   210 6.91
1.095 0.1032 98.06 110.00  64  46  600000 1209000   210 6.91
1.097 0.0969 97.55 110.00  64  46  600000 1209000   210 6.91
1.099 0.0922 97.04 110.00  64  46  600000 1209000   210 6.91
1.100 0.1049 96.55 110.00  64  46  600000 1209000   210 6.91
1.102 0.0921 96.09 110.00  64  46  600000 1209000   210 6.91
1.103 0.0940 95.64 110.00  64  46  600000 1209000   210 6.91
1.105 0.0997 95.20 110.00  64  46  600000 1209000   210 6.91
1.107 0.0957 94.76 110.00  64  46  600000 1209000   210 6.91
1.108 0.0931 94.31 110.00  64  46  600000 1209000   210 6.91
1.110 0.0886 93.85 110.00  64  46  600000 1209000   210 6.91
1.112 0.0954 93.38 110.00  64  46  600000 1209000   210 6.91
1.113 0.0923 92.92 110.00  64  46  600000 1209000   210 6.91
1.115 0.0985 92.47 110.00  64  46  600000 1209000   210 6.91
1.117 0.0839 92.06 110.00  64  46  600000 1209000   210 6.91
1.118 0.0963 91.71 110.00  64  46  600000 1209000   210 6.91
1.120 0.0848 91.41 110.00  64  46  600000 1209000   210 6.91
1.122 0.0929 91.18 110.00  64  46  600000 1209000   210 6.91
1.123 0.0935 91.02 110.00  64  46  600000 1209000   210 6.91
1.125 0.0932 90.91 110.00  64  46  600000 1209000   210 6.91
1.126 0.0873 90.85 110.00  64  46  600000 1209000   210 6.91
1.128 0.0889 90.82 110.00  64  46  600000 1209000   210 6.91
1.130 0.0957 90.83 110.00  64  46  600000 1209000   210 6.91
1.131 0.0887 90.87 110.00  64  46  600000 1209000   210 6.91
1.133 0.0896 90.94 110.00  64  46  600000 1209000   210 6.91
1.135 0.0939 91.03 110.00  64  46  600000 1209000   210 6.91
1.136 0.0816 91.14 110.00  64  46  600000 1209000   210 6.91
1.138 0.0956 91.27 110.00  64  46  600000 1209000   210 6.91
1.140 0.0898 91.39 110.00  64  46  600000 1209000   210 6.91
1.141 0.0898 91.51 110.00  64  46  600000 1209000   210 6.91
1.143 0.0953 91.62 110.00  64  46  600000 1209000   210 6.91
1.144 0.1011 91.70 110.00  64  46  600000 1209000   210 6.91
1.146 0.0908 91.76 110.00  64  46  600000 1209000   210 6.91
1.148 0.0881 91.77 110.00  64  46  600000 1209000   210 6.91
1.149 0.0941 91.75 110.00  64  46  600000 1209000   210 6.91
1.151 0.0856 91.69 110.00  64  46  600000 1209000   210 6.91
1.153 0.0903 91.60 110.00  64  46  600000 1209000   210 6.91
1.154 0.0944 91.50 110.00  64  46  600000 1209000   210 6.91
1.156 0.0934 91.37 110.00  64  46  600000 1209000   210 6.91
1.158 0.0890 91.21 110.00  64  46  600000 1209000   210 6.91
1.159 0.0948 91.03 110.00  64  46  600000 1209000   210 6.91
1.161 0.0963 90.83 110.00  64  46  600000 1209000   210 6.91
1.163 0.0848 90.63 110.00  64  46  600000 1209000   210 6.91
1.164 0.0891 90.45 110.00  64  46  600000 1209000   210 6.91
1.166 0.0929 90.27 110.00  64  46  600000 1209000   210 6.91
1.167 0.0897 90.12 110.00  64  46  600000 1209000   210 6.91
1.169 0.0921 90.00 110.00  64  46  600000 1209000   210 6.91
1.171 0.0816 89.92 110.00  64  46  600000 1209000   210 6.91
1.172 0.0892 89.87 110.00  64  46  600000 1209000   210 6.91
1.174 0.0921 89.85 110.00  64  46  600000 1209000   210 6.91
1.176 0.0875 89.86 110.00  64  46  600000 1209000   210 6.91
1.177 0.0928 89.88 110.00  64  46  600000 1209000   210 6.91
1.179 0.0859 89.92 110.00  64  46  600000 1209000   210 6.91
1.181 0.0917 89.97 110.00  64  46  600000 1209000   210 6.91
1.182 0.0977 90.04 110.00  64  46  600000 1209000   210 6.91
1.184 0.0859 90.15 110.00  64  46  600000 1209000   210 6.91
1.186 0.0890 90.29 110.00  64  46  600000 1209000   210 6.91
1.187 0.0846 90.43 110.00  64  46  600000 1209000   210 6.91
1.189 0.0943 90.57 110.00  64  46  600000 1209000   210 6.91
1.190 0.0919 90.68 110.00  64  46  600000 1209000   210 6.91
1.192 0.0915 90.77 110.00  64  46  600000 1209000   210 6.91
1.194 0.0952 90.81 110.00  64  46  600000 1209000   210 6.91
1.195 0.0918 90.80 110.00  64  46  600000 1209000   210 6.91
1.197 0.0834 90.76 110.00  64  46  600000 1209000   210 6.91
1.199 0.0917 90.69 110.00  64  46  600000 1209000   210 6.91
1.200 0.0962 90.61 110.00  64  46  600000 1209000   210 6.91
1.202 0.0873 90.50 110.00  64  46  600000 1209000   210 6.91
1.204 0.0879 90.39 110.00  64  46  600000 1209000   210 6.91
1.205 0.0930 90.27 110.00  64  46  600000 1209000   210 6.91
1.207 0.0924 90.15 110.00  64  46  600000 1209000   210 6.91
1.209 0.0889 90.03 110.00  64  46  600000 1209000   210 6.91
1.210 0.0930 89.90 110.00  64  46  600000 1209000   210 6.91
1.212 0.0879 89.76 110.00  64  46  600000 1209000   210 6.91
1.213 0.0911 89.59 110.00  64  46  600000 1209000   210 6.91
1.215 0.0840 89.41 110.00  64  46  600000 1209000   210 6.91
1.217 0.0894 89.22 110.00  64  46  600000 1209000   210 6.91
1.218 0.0822 89.02 110.00  64  46  600000 1209000   210 6.91
1.220 0.0928 88.83 110.00  64  46  600000 1209000   210 6.91
1.222 0.0926 88.66 110.00  64  46  600000 1209000   210 6.91
1.223 0.0871 88.51 110.00  64  46  600000 1209000   210 6.91
1.225 0.0882 88.37 110.00  64  46  600000 1209000   210 6.91
1.227 0.0908 88.22 110.00  64  46  600000 1209000   210 6.91
1.228 0.0911 88.07 110.00  64  46  600000 1209000   210 6.91
1.230 0.0859 87.91 110.00  64  46  600000 1209000   210 6.91
1.232 0.0893 87.77 110.00  64  46  600000 1209000   210 6.91
1.233 0.0888 87.64 110.00  64  46  600000 1209000   210 6.91
1.235 0.0807 87.55 110.00  64  46  600000 1209000   210 6.91
1.236 0.0905 87.47 110.00  64  46  600000 1209000   210 6.91
1.238 0.0893 87.42 110.00  64  46  600000 1209000   210 6.91
1.240 0.0829 87.41 110.00  64  46  600000 1209000   210 6.91
1.241 0.0844 87.42 110.00  64  46  600000 1209000   210 6.91
1.243 0.0953 87.46 110.00  64  46  600000 1209000   210 6.91
1.245 0.0823 87.52 110.00  64  46  600000 1209000   210 6.91
1.246 0.0852 87.62 110.00  64  46  600000 1209000   210 6.91
1.248 0.0945 87.74 110.00  64  46  600000 1209000   210 6.91
1.250 0.0898 87.90 110.00  64  46  600000 1209000   210 6.91
1.251 0.0879 88.09 110.00  64  46  600000 1209000   210 6.91
1.253 0.0787 88.32 110.00  64  46  600000 1209000   210 6.91
1.255 0.0890 88.56 110.00  64  46  600000 1209000   210 6.91
1.256 0.0869 88.82 110.00  64  46  600000 1209000   210 6.91
1.258 0.0914 89.08 110.00  64  46  600000 1209000   210 6.91
1.259 0.0891 89.34 110.00  64  46  600000 1209000   210 6.91
1.261 0.0930 89.59 110.00  64  46  600000 1209000   210 6.91
1.263 0.0941 89.83 110.00  64  46  600000 1209000   210 6.91
1.264 0.0903 90.06 110.00  64  46  600000 1209000   210 6.91
1.266 0.0866 90.27 110.00  64  46  600000 1209000   210 6.91
1.268 0.0947 90.47 110.00  64  46  600000 1209000   210 6.91
1.269 0.0895 90.67 110.00  64  46  600000 1209000   210 6.91
1.271 0.0907 90.87 110.00  64  46  600000 1209000   210 6.91
1.273 0.0881 91.06 110.00  64  46  600000 1209000   210 6.91
1.274 0.0944 91.23 110.00  64  46  600000 1209000   210 6.91
1.276 0.0883 91.40 110.00  64  46  600000 1209000   210 6.91
1.278 0.0916 91.55 110.00  64  46  600000 1209000   210 6.91
1.279 0.0916 91.68 110.00  64  46  600000 1209000   210 6.91
1.281 0.0928 91.79 110.00  64  46  600000 1209000   210 6.91
1.282 0.0900 91.89 110.00  64  46  600000 1209000   210 6.91
1.284 0.0947 91.97 110.00  64  46  600000 1209000   210 6.91
1.286 0.0916 92.06 110.00  64  46  600000 1209000   210 6.91
1.287 0.0921 92.18 110.00  64  46  600000 1209000   210 6.91
1.289 0.0912 92.33 110.00  64  46  600000 1209000   210 6.91
1.291 0.0942 92.51 110.00  64  46  600000 1209000   210 6.91
1.292 0.0915 92.70 110.00  64  46  600000 1209000   210 6.91
1.294 0.0925 92.92 110.00  64  46  600000 1209000   210 6.91
1.296 0.0936 93.16 110.00  64  46  600000 1209000   210 6.91
1.297 0.0944 93.40 110.00  64  46  600000 1209000   210 6.91
1.299 0.0961 93.65 110.00  64  46  600000 1209000   210 6.91
1.300 0.0942 93.91 110.00  64  46  600000 1209000   210 6.91
1.302 0.0914 94.18 110.00  64  46  600000 1209000   210 6.91
1.304 0.0906 94.45 110.00  64  46  600000 1209000   210 6.91
1.305 0.0948 94.74 110.00  64  46  600000 1209000   210 6.91
1.307 0.0974 95.03 110.00  64  46  600000 1209000   210 6.91
1.309 0.0958 95.34 110.00  64  46  600000 1209000   210 6.91
1.310 0.0929 95.65 110.00  64  46  600000 1209000   210 6.91
1.312 0.0964 95.98 110.00  64  46  600000 1209000   210 6.91
1.314 0.0969 96.32 110.00  64  46  600000 1209000   210 6.91
1.315 0.0983 96.67 110.00  64  46  600000 1209000   210 6.91
1.317 0.0999 97.02 110.00  64  46  600000 1209000   210 6.91
1.319 0.0978 97.37 110.00  64  46  600000 1209000   210 6.91
1.320 0.0927 97.73 110.00  64  46  600000 1209000   210 6.91
1.322 0.0968 98.09 110.00  64  46  600000 1209000   210 6.91
1.323 0.1021 98.45 110.00  64  46  600000 1209000   210 6.91
1.325 0.1045 98.80 110.00  64  46  600000 1209000   210 6.91
1.327 0.0938 99.15 110.00  64  46  600000 1209000   210 6.91
1.328 0.0953 99.48 110.00  64  46  600000 1209000   210 6.91
1.330 0.1039 99.81 110.00  64  46  600000 1209000   210 6.91
1.332 0.0999 100.12 110.00  64  46  600000 1209000   210 6.91
1.333 0.0982 100.41 110.00  64  46  600000 1209000   210 6.91
1.335 0.1015 100.69 110.00  64  46  600000 1209000   210 6.91
1.337 0.1034 100.97 110.00  64  46  600000 1209000   210 6.91
1.338 0.1002 101.26 110.00  64  46  600000 1209000   210 6.91
1.340 0.1021 101.56 110.00  64  46  600000 1209000   210 6.91
1.342 0.1003 101.88 110.00  64  46  600000 1209000   210 6.91
1.343 0.1061 102.20 110.00  64  46  600000 1209000   210 6.91
1.345 0.1005 102.55 110.00  64  46  600000 1209000   210 6.91
1.346 0.0991 102.91 110.00  64  46  600000 1209000   210 6.91
1.348 0.1082 103.29 110.00  64  46  600000 1209000   210 6.91
1.350 0.1033 103.67 110.00  64  46  600000 1209000   210 6.91
1.351 0.1042 104.06 110.00  64  46  600000 1209000   210 6.91
1.353 0.1025 104.43 110.00  64  46  600000 1209000   210 6.91
1.355 0.1012 104.80 110.00  64  46  600000 1209000   210 6.91
1.356 0.1073 105.16 110.00  64  46  600000 1209000   210 6.91
1.358 0.1051 105.51 110.00  64  46  600000 1209000   210 6.91
1.360 0.1080 105.85 110.00  64  46  600000 1209000   210 6.91
1.361 0.1074 106.20 110.00  64  46  600000 1209000   210 6.91
1.363 0.1003 106.55 110.00  64  46  600000 1209000   210 6.91
1.365 0.1108 106.92 110.00  64  46  600000 1209000   210 6.91
1.366 0.1098 107.30 110.00  64  46  600000 1209000   210 6.91
1.368 0.1080 107.70 110.00  64  46  600000 1209000   210 6.91
1.369 0.1063 108.10 110.00  64  46  600000 1209000   210 6.91
1.371 0.1112 108.51 110.00  64  46  600000 1209000   210 6.91
1.373 0.1094 108.93 110.00  64  46  600000 1209000   210 6.91
1.374 0.1069 109.35 110.00  64  46  600000 1209000   210 6.91
1.376 0.1143 109.76 110.00  64  46  600000 1209000   210 6.91
1.378 0.1064 110.18 110.00  64  46  600000 1209000   210 6.91
1.379 0.1091 110.60 110.00  64  46  600000 1209000   210 6.91
1.381 0.1079 111.03 110.00  64  46  600000 1209000   210 6.91
1.383 0.1106 111.48 110.00  64  46  600000 1209000   210 6.91
1.384 0.1128 111.96 110.00  64  46  600000 1209000   210 6.91
1.386 0.1128 112.47 110.00  64  46  600000 1209000   210 6.91
1.388 0.1164 113.01 110.00  64  46  600000 1209000   210 6.91
1.389 0.1134 113.60 110.00  64  46  600000 1209000   210 6.91
1.391 0.1164 114.22 110.00  64  46  600000 1209000   210 6.91
1.392 0.1133 114.87 110.00  64  46  600000 1209000   210 6.91
1.394 0.1128 115.53 110.00  64  46  600000 1209000   210 6.91
1.396 0.1180 116.19 110.00  64  46  600000 1209000   210 6.91
1.397 0.1180 116.86 110.00  64  46  600000 1209000   210 6.91
1.399 0.1103 117.52 110.00  64  46  600000 1209000   210 6.91
1.401 0.1249 118.17 110.00  64  46  600000 1209000   210 6.91
1.402 0.1152 118.80 110.00  64  46  600000 1209000   210 6.91
1.404 0.1162 119.39 110.00  64  46  600000 1209000   210 6.91
1.406 0.1215 119.96 110.00  64  46  600000 1209000   210 6.91
1.407 0.1190 120.50 110.00  64  46  600000 1209000   210 6.91
1.409 0.1322 121.02 110.00  64  46  600000 1209000   210 6.91
1.411 0.1151 121.52 110.00  64  46  600000 1209000   210 6.91
1.412 0.1272 122.00 110.00  64  46  600000 1209000   210 6.91
1.414 0.1212 122.47 110.00  64  46  600000 1209000   210 6.91
1.415 0.1216 122.95 110.00  64  46  600000 1209000   210 6.91
1.417 0.1246 123.41 110.00  64  46  600000 1209000   210 6.91
1.419 0.1238 123.86 110.00  64  46  600000 1209000   210 6.91
1.420 0.1231 124.28 110.00  64  46  600000 1209000   210 6.91
1.422 0.1264 124.67 110.00  64  46  600000 1209000   210 6.91
1.424 0.1168 125.03 110.00  64  46  600000 1209000   210 6.91
1.425 0.1284 125.36 110.00  64  46  600000 1209000   210 6.91
1.427 0.1276 125.68 110.00  64  46  600000 1209000   210 6.91
1.429 0.1298 125.99 110.00  64  46  600000 1209000   210 6.91
1.430 0.1157 126.31 110.00  64  46  600000 1209000   210 6.91
1.432 0.1358 126.62 110.00  64  46  600000 1209000   210 6.91
1.433 0.1239 126.93 110.00  64  46  600000 1209000   210 6.91
1.435 0.1286 127.27 110.00  64  46  600000 1209000   210 6.91
1.437 0.1259 127.63 110.00  64  46  600000 1209000   210 6.91
1.438 0.1313 128.01 110.00  64  46  600000 1209000   210 6.91
1.440 0.1248 128.42 110.00  64  46  600000 1209000   210 6.91
1.442 0.1346 128.83 110.00  64  46  600000 1209000   210 6.91
1.443 0.1259 129.25 110.00  64  46  600000 1209000   210 6.91
1.445 0.1299 129.67 110.00  64  46  600000 1209000   210 6.91
1.447 0.1307 130.09 110.00  64  46  600000 1209000   210 6.91
1.448 0.1303 130.51 110.00  64  46  600000 1209000   210 6.91
1.450 0.1191 130.92 110.00  64  46  600000 1209000   210 6.91
1.452 0.1449 131.33 110.00  64  46  600000 1209000   210 6.91
1.453 0.1248 131.71 110.00  64  46  600000 1209000   210 6.91
1.455 0.1361 132.08 110.00  64  46  600000 1209000   210 6.91
1.456 0.1339 132.45 110.00  64  46  600000 1209000   210 6.91
1.458 0.1288 132.84 110.00  64  46  600000 1209000   210 6.91
1.460 0.1333 133.24 110.00  64  46  600000 1209000   210 6.91
1.461 0.1368 133.66 110.00  64  46  600000 1209000   210 6.91
1.463 0.1284 134.10 110.00  64  46  600000 1209000   210 6.91
1.465 0.1436 134.56 110.00  64  46  600000 1209000   210 6.91
1.466 0.1307 135.05 110.00  64  46  600000 1209000   210 6.91
1.468 0.1426 135.56 110.00  64  46  600000 1209000   210 6.91
1.470 0.1318 136.06 110.00  64  46  600000 1209000   210 6.91
1.471 0.1305 136.56 110.00  64  46  600000 1209000   210 6.91
1.473 0.1354 137.03 110.00  64  46  600000 1209000   210 6.91
1.475 0.1472 137.47 110.00  64  46  600000 1209000   210 6.91
1.476 0.1336 137.88 110.00  64  46  600000 1209000   210 6.91
1.478 0.1318 138.26 110.00  64  46  600000 1209000   210 6.91
1.479 0.1424 138.61 110.00  64  46  600000 1209000   210 6.91
1.481 0.1383 138.94 110.00  64  46  600000 1209000   210 6.91
1.483 0.1309 139.25 110.00  64  46  600000 1209000   210 6.91
1.484 0.1451 139.55 110.00  64  46  600000 1209000   210 6.91
1.486 0.1482 139.84 110.00  64  46  600000 1209000   210 6.91
1.488 0.1427 140.14 110.00  64  46  600000 1209000   210 6.91
1.489 0.1469 140.45 110.00  64  46  600000 1209000   210 6.91
1.491 0.1250 140.77 110.00  64  46  600000 1209000   210 6.91
1.493 0.1549 141.10 110.00  64  46  600000 1209000   210 6.91
1.494 0.1361 141.45 110.00  64  46  600000 1209000   210 6.91
1.496 0.1433 141.81 110.00  64  46  600000 1209000   210 6.91
1.498 0.1370 142.18 110.00  64  46  600000 1209000   210 6.91
1.499 0.1439 142.56 110.00  64  46  600000 1209000   210 6.91
1.501 0.1357 142.94 110.00  64  46  600000 1209000   210 6.91
1.502 0.1484 143.32 110.00  64  46  600000 1209000   210 6.91
1.504 0.1383 143.70 110.00  64  46  600000 1209000   210 6.91
1.506 0.1433 144.10 110.00  64  46  600000 1209000   210 6.91
1.507 0.1487 144.53 110.00  64  46  600000 1209000   210 6.91
1.509 0.1481 144.97 110.00  64  46  600000 1209000   210 6.91
1.511 0.1430 145.42 110.00  64  46  600000 1209000   210 6.91
1.512 0.1403 145.88 110.00  64  46  600000 1209000   210 6.91
1.514 0.1500 146.37 110.00  64  46  600000 1209000   210 6.91
1.516 0.1517 146.89 110.00  64  46  600000 1209000   210 6.91
1.517 0.1477 147.45 110.00  64  46  600000 1209000   210 6.91
1.519 0.1508 148.04 110.00  64  46  600000 1209000   210 6.91
1.521 0.1497 148.63 110.00  64  46  600000 1209000   210 6.91
1.522 0.1442 149.21 110.00  64  46  600000 1209000   210 6.91
1.524 0.1457 149.77 110.00  64  46  600000 1209000   210 6.91
1.525 0.1576 150.33 110.00  64  46  600000 1209000   210 6.91
1.527 0.1543 150.86 110.00  64  46  600000 1209000   210 6.91
1.529 0.1420 151.37 110.00  64  46  600000 1209000   210 6.91
1.530 0.1512 151.86 110.00  64  46  600000 1209000   210 6.91
1.532 0.1581 152.33 110.00  64  46  600000 1209000   210 6.91
1.534 0.1453 152.81 110.00  64  46  600000 1209000   210 6.91
1.535 0.1562 153.28 110.00  64  46  600000 1209000   210 6.91
1.537 0.1579 153.77 110.00  64  46  600000 1209000   210 6.91
1.539 0.1520 154.28 110.00  64  46  600000 1209000   210 6.91
1.540 0.1424 154.81 110.00  64  46  600000 1209000   210 6.91
1.542 0.1631 155.35 110.00  64  46  600000 1209000   210 6.91
1.544 0.1683 155.91 110.00  64  46  600000 1209000   210 6.91
1.545 0.1559 156.47 110.00  64  46  600000 1209000   210 6.91
1.547 0.1535 157.06 110.00  64  46  600000 1209000   210 6.91
1.548 0.1646 157.70 110.00  64  46  600000 1209000   210 6.91
1.550 0.1497 158.38 110.00  64  46  600000 1209000   210 6.91
1.552 0.1589 159.12 110.00  64  46  600000 1209000   210 6.91
1.553 0.1552 159.90 110.00  64  46  600000 1209000   210 6.91
1.555 0.1667 160.72 110.00  64  46  600000 1209000   210 6.91
1.557 0.1585 161.58 110.00  64  46  600000 1209000   210 6.91
1.558 0.1618 162.47 110.00  64  46  600000 1209000   210 6.91
1.560 0.1539 163.40 110.00  64  46  600000 1209000   210 6.91
1.562 0.1743 164.36 110.00  64  46  600000 1209000   210 6.91
1.563 0.1686 165.35 110.00  64  46  600000 1209000   210 6.91
1.565 0.1625 166.38 110.00  64  46  600000 1209000   210 6.91
1.567 0.1632 167.45 110.00  64  46  600000 1209000   210 6.91
1.568 0.1679 168.54 110.00  64  46  600000 1209000   210 6.91
1.570 0.1767 169.66 110.00  64  46  600000 1209000   210 6.91
1.571 0.1698 170.79 110.00  64  46  600000 1209000   210 6.91
1.573 0.1570 171.92 110.00  64  46  600000 1209000   210 6.91
1.575 0.1826 173.05 110.00  64  46  600000 1209000   210 6.91
1.576 0.1795 174.17 110.00  64  46  600000 1209000   210 6.91
1.578 0.1804 175.28 110.00  64  46  600000 1209000   210 6.91
1.580 0.1799 176.38 110.00  64  46  600000 1209000   210 6.91
1.581 0.1790 177.46 110.00  64  46  600000 1209000   210 6.91
1.583 0.1728 178.56 110.00  64  46  600000 1209000   210 6.91
1.585 0.1740 179.64 110.00  64  46  600000 1209000   210 6.91
1.586 0.1735 180.68 110.00  64  46  600000 1209000   210 6.91
1.588 0.1886 181.70 110.00  64  46  600000 1209000   210 6.91
1.589 0.1904 182.70 110.00  64  46  600000 1209000   210 6.91
1.591 0.1703 183.69 110.00  64  46  600000 1209000   210 6.91
1.593 0.1996 184.67 110.00  64  46  600000 1209000   210 6.91
1.594 0.1818 185.66 110.00  64  46  600000 1209000   210 6.91
1.596 0.1771 186.66 110.00  64  46  600000 1209000   210 6.91
1.598 0.1939 187.68 110.00  64  46  600000 1209000   210 6.91
1.599 0.1844 188.73 110.00  64  46  600000 1209000   210 6.91
1.601 0.1934 189.82 110.00  64  46  600000 1209000   210 6.91
1.603 0.1894 190.96 110.00  64  46  600000 1209000   210 6.91
1.604 0.1922 192.14 110.00  64  46  600000 1209000   210 6.91
1.606 0.1985 193.37 110.00  64  46  600000 1209000   210 6.91
1.608 0.1914 194.65 110.00  64  46  600000 1209000   210 6.91
1.609 0.2029 195.98 110.00  64  46  600000 1209000   210 6.91
1.611 0.1998 197.34 110.00  64  46  600000 1209000   210 6.91
1.612 0.1901 198.71 110.00  64  46  600000 1209000   210 6.91
1.614 0.1928 200.06 110.00  64  46  600000 1209000   210 6.91
1.616 0.1962 201.36 110.00  64  46  600000 1209000   210 6.91
1.617 0.2005 202.65 110.00  64  46  600000 1209000   210 6.91
1.619 0.2042 203.93 110.00  64  46  600000 1209000   210 6.91
1.621 0.2305 205.20 110.00  64  46  600000 1209000   210 6.91
1.622 0.1939 206.44 110.00  64  46  600000 1209000   210 6.91
1.624 0.1986 207.63 110.00  64  46  600000 1209000   210 6.91
1.626 0.2154 208.77 110.00  64  46  600000 1209000   210 6.91
1.627 0.2169 209.87 110.00  64  46  600000 1209000   210 6.91
1.629 0.2086 210.94 110.00  64  46  600000 1209000   210 6.91
1.631 0.2122 211.99 110.00  64  46  600000 1209000   210 6.91
1.632 0.2114 213.02 110.00  64  46  600000 1209000   210 6.91
1.634 0.2129 214.04 110.00  64  46  600000 1209000   210 6.91
1.635 0.2242 215.02 110.00  64  46  600000 1209000   210 6.91
1.637 0.2102 215.97 110.00  64  46  600000 1209000   210 6.91
1.639 0.2284 216.89 110.00  64  46  600000 1209000   210 6.91
1.640 0.2148 217.78 110.00  64  46  600000 1209000   210 6.91
1.642 0.2082 218.64 110.00  64  46  600000 1209000   210 6.91
1.644 0.2178 219.48 110.00  64  46  600000 1209000   210 6.91
1.645 0.2111 220.33 110.00  64  46  600000 1209000   210 6.91
1.647 0.2272 221.21 110.00  64  46  600000 1209000   210 6.91
1.649 0.2288 222.14 110.00  64  46  600000 1209000   210 6.91
1.651 0.2284 223.13 110.00  64  46  600000 1209000   210 6.91
1.653 0.2136 224.19 110.00  64  46  600000 1209000   210 6.91
1.655 0.2215 225.30 110.00  64  46  600000 1209000   210 6.91
1.657 0.2311 226.47 110.00  64  46  600000 1209000   210 6.91
1.660 0.2350 227.70 110.00  64  46  600000 1209000   210 6.91
1.662 0.2250 229.01 110.00  64  46  600000 1209000   210 6.91
1.664 0.2349 230.41 110.00  64  46  600000 1209000   210 6.91
1.667 0.2269 231.90 110.00  64  46  600000 1209000   210 6.91
1.670 0.2291 233.46 110.00  64  46  600000 1209000   210 6.91
1.673 0.2387 235.09 110.00  64  46  600000 1209000   210 6.91
1.675 0.2345 236.79 110.00  64  46  600000 1209000   210 6.91
1.678 0.2365 238.55 110.00  64  46  600000 1209000   210 6.91
1.682 0.2414 240.37 110.00  64  46  600000 1209000   210 6.91
1.685 0.2406 242.22 110.00  64  46  600000 1209000   210 6.91
1.688 0.2430 244.10 110.00  64  46  600000 1209000   210 6.91
1.692 0.2449 245.98 110.00  64  46  600000 1209000   210 6.91
1.696 0.2465 247.86 110.00  64  46  600000 1209000   210 6.91
1.700 0.2505 249.72 110.00  64  46  600000 1209000   210 6.91
1.704 0.2420 251.54 110.00  64  46  600000 1209000   210 6.91
1.708 0.2584 253.27 110.00  64  46  600000 1209000   210 6.91
1.712 0.2532 254.87 110.00  64  46  600000 1209000   210 6.91
1.717 0.2596 256.28 110.00  64  46  600000 1209000   210 6.91
1.722 0.2576 257.47 110.00  64  46  600000 1209000   210 6.91
1.727 0.2622 258.40 110.00  64  46  600000 1209000   210 6.91
1.732 0.2537 259.04 110.00  64  46  600000 1209000   210 6.91
1.738 0.2616 259.34 110.00  64  46  600000 1209000   210 6.91
1.743 0.2600 259.30 110.00  64  46  600000 1209000   210 6.91
1.749 0.2668 258.91 110.00  64  46  600000 1209000   210 6.91
1.755 0.2562 258.21 110.00  64  46  600000 1209000   210 6.91
1.762 0.2600 257.20 110.00  64  46  600000 1209000   210 6.91
1.768 0.2605 255.91 110.00  64  46  600000 1209000   210 6.91
1.775 0.2571 254.31 110.00  64  46  600000 1209000   210 6.91
1.783 0.2487 252.36 110.00  64  46  600000 1209000   210 6.91
1.790 0.2475 250.04 110.00  64  46  600000 1209000   210 6.91
1.798 0.2471 247.28 110.00  64  46  600000 1209000   210 6.91
1.806 0.2440 244.01 110.00  64  46  600000 1209000   210 6.91
1.814 0.2393 240.19 110.00  64  46  600000 1209000   210 6.91
1.823 0.2348 235.77 110.00  64  46  600000 1209000   210 6.91
1.831 0.2283 230.74 110.00  64  46  600000 1209000   210 6.91
1.839 0.2213 225.10 110.00  64  46  600000 1209000   210 6.91
1.847 0.2191 218.88 110.00  64  46  600000 1209000   210 6.91
1.856 0.2140 212.13 110.00  64  46  600000 1209000   210 6.91
1.864 0.2100 204.93 110.00  64  46  600000 1209000   210 6.91
1.872 0.2063 197.38 110.00  64  46  600000 1209000   210 6.91
1.880 0.2060 189.58 110.00  64  46  600000 1209000   210 6.91
1.888 0.1972 181.64 110.00  64  46  600000 1209000   210 6.91
1.897 0.1885 173.71 110.00  64  46  600000 1209000   210 6.91
1.905 0.1778 165.90 110.00  64  46  600000 1209000   210 6.91
1.913 0.1595 158.31 110.00  64  46  600000 1209000   210 6.91
1.921 0.1537 151.07 110.00  64  46  600000 1209000   210 6.91
1.929 0.1310 144.28 110.00  64  46  600000 1209000   210 6.91
1.938 0.1230 138.02 110.00  64  46  600000 1209000   210 6.91
1.946 0.1174 132.39 110.00  64  46  600000 1209000   210 6.91
1.954 0.1119 127.46 110.00  64  46  600000 1209000   210 6.91
1.962 0.1072 123.31 110.00  64  46  600000 1209000   210 6.91
1.970 0.1092 119.99 110.00  64  46  600000 1209000   210 6.91
1.979 0.1092 117.54 110.00  64  46  600000 1209000   210 6.91
1.987 0.1120 116.01 110.00  64  46  600000 1209000   210 6.91
1.995 0.1123 115.42 110.00  64  46  600000 1209000   210 6.91
2.003 0.1137 115.79 110.00  64  46  600000 1209000   210 6.91
2.011 0.1186 117.11 110.00  64  46  600000 1209000   210 6.91
2.020 0.1255 119.36 110.00  64  46  600000 1209000   210 6.91
2.028 0.1214 122.45 110.00  64  46  600000 1209000   210 6.91
2.036 0.1281 126.27 110.00  64  46  600000 1209000   210 6.91
2.044 0.1391 130.67 110.00  64  46  600000 1209000   210 6.91
2.053 0.1427 135.51 110.00  64  46  600000 1209000   210 6.91
2.061 0.1447 140.62 110.00  64  46  600000 1209000   210 6.91
2.069 0.1477 145.84 110.00  64  46  600000 1209000   210 6.91
2.077 0.1537 151.06 110.00  64  46  600000 1209000   210 6.91
2.085 0.1579 156.19 110.00  64  46  600000 1209000   210 6.91
2.094 0.1648 161.18 110.00  64  46  600000 1209000   210 6.91
2.102 0.1677 166.03 110.00  64  46  600000 1209000   210 6.91
2.110 0.1716 170.95 110.00  64  46  600000 1209000   210 6.91
2.118 0.1830 177.28 110.00  64  46  600000 1209000   210 6.91
2.126 0.1897 187.17 110.00  64  46  600000 1209000   210 6.91
2.135 0.1963 198.40 110.00  64  46  600000 1209000   210 6.91
2.143 0.2047 209.63 110.00  64  46  600000 1209000   210 6.91
2.151 0.2116 220.37 110.00  64  46  600000 1209000   210 6.91
2.159 0.2200 230.43 110.00  64  46  600000 1209000   210 6.91
2.167 0.2241 239.79 110.00  64  46  600000 1209000   210 6.91
2.176 0.2269 248.47 110.00  64  46  600000 1209000   210 6.91
2.184 0.2310 256.52 110.00  64  46  600000 1209000   210 6.91
2.192 0.2435 263.98 110.00  64  46  600000 1209000   210 6.91
2.200 0.2580 270.91 110.00  64  46  600000 1209000   210 6.91
2.209 0.2661 277.35 110.00  64  46  600000 1209000   210 6.91
2.217 0.2858 283.34 110.00  64  46  600000 1209000   210 6.91
2.225 0.2964 288.90 110.00  64  46  600000 1209000   210 6.91
2.233 0.3322 294.06 110.00  64  46  600000 1209000   210 6.91
2.241 0.3599 298.83 110.00  64  46  600000 1209000   210 6.91
2.250 0.3848 303.20 110.00  64  46  600000 1209000   210 6.91
2.258 0.4275 307.17 110.00  64  46  600000 1209000   210 6.91
2.266 0.4766 310.72 110.00  64  46  600000 1209000   210 6.91
2.274 0.5117 313.82 110.00  64  46  600000 1209000   210 6.91
2.282 0.5425 316.43 110.00  64  46  600000 1209000   210 6.91
2.291 0.0000 318.49 110.00  64  46  600000 1209000   210 6.91
2.299 0.0000 319.92 110.00  64  46  600000 1209000   210 6.91
