     x     qy smooth tpara  cd  zL     xTr    xCpl frame tma
-3.223 0.6214 509.49 13.00  95 94  1086000 1423000   240 9.86
-3.208 0.3166 484.44 13.00  95 94  1086000 1423000   240 9.86
-3.193 0.6169 460.25 13.00  95 94  1086000 1423000   240 9.86
-3.178 0.4288 436.89 13.00  95 94  1086000 1423000   240 9.86
-3.163 0.3503 414.36 13.00  95 94  1086000 1423000   240 9.86
-3.148 0.3960 392.65 13.00  95 94  1086000 1423000   240 9.86
-3.134 0.3601 371.74 13.00  95 94  1086000 1423000   240 9.86
-3.119 0.3380 351.62 13.00  95 94  1086000 1423000   240 9.86
-3.104 0.3178 332.29 13.00  95 94  1086000 1423000   240 9.86
-3.089 0.2964 313.75 13.00  95 94  1086000 1423000   240 9.86
-3.074 0.2743 295.98 13.00  95 94  1086000 1423000   240 9.86
-3.059 0.2642 278.99 13.00  95 94  1086000 1423000   240 9.86
-3.045 0.2487 262.78 13.00  95 94  1086000 1423000   240 9.86
-3.030 0.2400 247.35 13.00  95 94  1086000 1423000   240 9.86
-3.015 0.2281 232.71 13.00  95 94  1086000 1423000   240 9.86
-3.000 0.2208 218.86 13.00  95 94  1086000 1423000   240 9.86
-2.985 0.2121 205.84 13.00  95 94  1086000 1423000   240 9.86
-2.970 0.2037 193.65 13.00  95 94  1086000 1423000   240 9.86
-2.955 0.1970 182.32 13.00  95 94  1086000 1423000   240 9.86
-2.941 0.1876 171.87 13.00  95 94  1086000 1423000   240 9.86
-2.926 0.1781 162.33 13.00  95 94  1086000 1423000   240 9.86
-2.911 0.1662 153.68 13.00  95 94  1086000 1423000   240 9.86
-2.896 0.1504 145.78 13.00  95 94  1086000 1423000   240 9.86
-2.881 0.1408 138.26 13.00  95 94  1086000 1423000   240 9.86
-2.866 0.1309 130.62 13.00  95 94  1086000 1423000   240 9.86
-2.852 0.1176 123.40 13.00  95 94  1086000 1423000   240 9.86
-2.837 0.1095 116.72 13.00  95 94  1086000 1423000   240 9.86
-2.822 0.1029 110.64 13.00  95 94  1086000 1423000   240 9.86
-2.807 0.0987 105.15 13.00  95 94  1086000 1423000   240 9.86
-2.792 0.0917 100.28 13.00  95 94  1086000 1423000   240 9.86
-2.777 0.0882 96.08 13.00  95 94  1086000 1423000   240 9.86
-2.763 0.0853 92.59 13.00  95 94  1086000 1423000   240 9.86
-2.748 0.0847 89.81 13.00  95 94  1086000 1423000   240 9.86
-2.733 0.0841 87.76 13.00  95 94  1086000 1423000   240 9.86
-2.718 0.0857 86.40 13.00  95 94  1086000 1423000   240 9.86
-2.703 0.0866 85.70 13.00  95 94  1086000 1423000   240 9.86
-2.688 0.0870 85.59 13.00  95 94  1086000 1423000   240 9.86
-2.674 0.0877 85.99 13.00  95 94  1086000 1423000   240 9.86
-2.659 0.0904 86.81 13.00  95 94  1086000 1423000   240 9.86
-2.644 0.0918 87.96 13.00  95 94  1086000 1423000   240 9.86
-2.629 0.0929 89.34 13.00  95 94  1086000 1423000   240 9.86
-2.614 0.0945 90.85 13.00  95 94  1086000 1423000   240 9.86
-2.599 0.0941 92.41 13.00  95 94  1086000 1423000   240 9.86
-2.585 0.0979 93.97 13.00  95 94  1086000 1423000   240 9.86
-2.570 0.0966 95.47 13.00  95 94  1086000 1423000   240 9.86
-2.555 0.0990 96.88 13.00  95 94  1086000 1423000   240 9.86
-2.540 0.0992 98.18 13.00  95 94  1086000 1423000   240 9.86
-2.525 0.1002 99.36 13.00  95 94  1086000 1423000   240 9.86
-2.510 0.0988 100.40 13.00  95 94  1086000 1423000   240 9.86
-2.496 0.1011 101.31 13.00  95 94  1086000 1423000   240 9.86
-2.481 0.1019 102.09 13.00  95 94  1086000 1423000   240 9.86
-2.466 0.1016 102.74 13.00  95 94  1086000 1423000   240 9.86
-2.451 0.1049 103.27 13.00  95 94  1086000 1423000   240 9.86
-2.436 0.1036 103.69 13.00  95 94  1086000 1423000   240 9.86
-2.421 0.1056 103.99 13.00  95 94  1086000 1423000   240 9.86
-2.407 0.1047 104.20 13.00  95 94  1086000 1423000   240 9.86
-2.392 0.1045 104.32 13.00  95 94  1086000 1423000   240 9.86
-2.377 0.1063 104.33 13.00  95 94  1086000 1423000   240 9.86
-2.362 0.1034 104.26 13.00  95 94  1086000 1423000   240 9.86
-2.347 0.1043 104.11 13.00  95 94  1086000 1423000   240 9.86
-2.332 0.1052 103.87 13.00  95 94  1086000 1423000   240 9.86
-2.318 0.1024 103.56 13.00  95 94  1086000 1423000   240 9.86
-2.303 0.1042 103.18 13.00  95 94  1086000 1423000   240 9.86
-2.288 0.1033 102.75 13.00  95 94  1086000 1423000   240 9.86
-2.273 0.1038 102.26 13.00  95 94  1086000 1423000   240 9.86
-2.258 0.1016 101.74 13.00  95 94  1086000 1423000   240 9.86
-2.243 0.1001 101.18 13.00  95 94  1086000 1423000   240 9.86
-2.228 0.0992 100.61 13.00  95 94  1086000 1423000   240 9.86
-2.214 0.1004 100.02 13.00  95 94  1086000 1423000   240 9.86
-2.199 0.0992 99.44 13.00  95 94  1086000 1423000   240 9.86
-2.184 0.0961 98.87 13.00  95 94  1086000 1423000   240 9.86
-2.169 0.0971 98.32 13.00  95 94  1086000 1423000   240 9.86
-2.154 0.0984 97.78 13.00  95 94  1086000 1423000   240 9.86
-2.139 0.0984 97.27 13.00  95 94  1086000 1423000   240 9.86
-2.125 0.0966 96.77 13.00  95 94  1086000 1423000   240 9.86
-2.110 0.0941 96.28 13.00  95 94  1086000 1423000   240 9.86
-2.095 0.0956 95.82 13.00  95 94  1086000 1423000   240 9.86
-2.080 0.0955 95.36 13.00  95 94  1086000 1423000   240 9.86
-2.065 0.0953 94.92 13.00  95 94  1086000 1423000   240 9.86
-2.050 0.0949 94.47 13.00  95 94  1086000 1423000   240 9.86
-2.036 0.0950 94.03 13.00  95 94  1086000 1423000   240 9.86
-2.021 0.0942 93.58 13.00  95 94  1086000 1423000   240 9.86
-2.006 0.0935 93.11 13.00  95 94  1086000 1423000   240 9.86
-1.991 0.0915 92.62 13.00  95 94  1086000 1423000   240 9.86
-1.976 0.0930 92.12 13.00  95 94  1086000 1423000   240 9.86
-1.961 0.0921 91.60 13.00  95 94  1086000 1423000   240 9.86
-1.947 0.0923 91.06 13.00  95 94  1086000 1423000   240 9.86
-1.932 0.0907 90.52 13.00  95 94  1086000 1423000   240 9.86
-1.917 0.0902 89.98 13.00  95 94  1086000 1423000   240 9.86
-1.902 0.0884 89.44 13.00  95 94  1086000 1423000   240 9.86
-1.887 0.0884 88.92 13.00  95 94  1086000 1423000   240 9.86
-1.872 0.0892 88.41 13.00  95 94  1086000 1423000   240 9.86
-1.858 0.0880 87.92 13.00  95 94  1086000 1423000   240 9.86
-1.843 0.0875 87.46 13.00  95 94  1086000 1423000   240 9.86
-1.828 0.0865 87.00 13.00  95 94  1086000 1423000   240 9.86
-1.813 0.0864 86.57 13.00  95 94  1086000 1423000   240 9.86
-1.798 0.0850 86.15 13.00  95 94  1086000 1423000   240 9.86
-1.783 0.0830 85.76 13.00  95 94  1086000 1423000   240 9.86
-1.769 0.0853 85.39 13.00  95 94  1086000 1423000   240 9.86
-1.754 0.0848 85.04 13.00  95 94  1086000 1423000   240 9.86
-1.739 0.0858 84.70 13.00  95 94  1086000 1423000   240 9.86
-1.724 0.0837 84.37 13.00  95 94  1086000 1423000   240 9.86
-1.709 0.0846 84.06 13.00  95 94  1086000 1423000   240 9.86
-1.694 0.0857 83.76 13.00  95 94  1086000 1423000   240 9.86
-1.680 0.0835 83.46 13.00  95 94  1086000 1423000   240 9.86
-1.665 0.0835 83.18 13.00  95 94  1086000 1423000   240 9.86
-1.650 0.0840 82.90 13.00  95 94  1086000 1423000   240 9.86
-1.635 0.0842 82.62 13.00  95 94  1086000 1423000   240 9.86
-1.620 0.0804 82.34 13.00  95 94  1086000 1423000   240 9.86
-1.605 0.0821 82.06 13.00  95 94  1086000 1423000   240 9.86
-1.591 0.0813 81.77 13.00  95 94  1086000 1423000   240 9.86
-1.576 0.0809 81.48 13.00  95 94  1086000 1423000   240 9.86
-1.561 0.0808 81.19 13.00  95 94  1086000 1423000   240 9.86
-1.546 0.0815 80.89 13.00  95 94  1086000 1423000   240 9.86
-1.531 0.0803 80.59 13.00  95 94  1086000 1423000   240 9.86
-1.516 0.0804 80.29 13.00  95 94  1086000 1423000   240 9.86
-1.501 0.0803 80.00 13.00  95 94  1086000 1423000   240 9.86
-1.487 0.0786 79.71 13.00  95 94  1086000 1423000   240 9.86
-1.472 0.0800 79.44 13.00  95 94  1086000 1423000   240 9.86
-1.457 0.0779 79.18 13.00  95 94  1086000 1423000   240 9.86
-1.442 0.0790 78.93 13.00  95 94  1086000 1423000   240 9.86
-1.427 0.0799 78.69 13.00  95 94  1086000 1423000   240 9.86
-1.412 0.0794 78.45 13.00  95 94  1086000 1423000   240 9.86
-1.398 0.0777 78.22 13.00  95 94  1086000 1423000   240 9.86
-1.383 0.0779 77.98 13.00  95 94  1086000 1423000   240 9.86
-1.368 0.0784 77.74 13.00  95 94  1086000 1423000   240 9.86
-1.353 0.0770 77.51 13.00  95 94  1086000 1423000   240 9.86
-1.338 0.0762 77.27 13.00  95 94  1086000 1423000   240 9.86
-1.323 0.0779 77.03 13.00  95 94  1086000 1423000   240 9.86
-1.309 0.0774 76.78 13.00  95 94  1086000 1423000   240 9.86
-1.294 0.0763 76.54 13.00  95 94  1086000 1423000   240 9.86
-1.279 0.0771 76.29 13.00  95 94  1086000 1423000   240 9.86
-1.264 0.0755 76.05 13.00  95 94  1086000 1423000   240 9.86
-1.249 0.0758 75.82 13.00  95 94  1086000 1423000   240 9.86
-1.234 0.0761 75.58 13.00  95 94  1086000 1423000   240 9.86
-1.220 0.0747 75.34 13.00  95 94  1086000 1423000   240 9.86
-1.205 0.0742 75.11 13.00  95 94  1086000 1423000   240 9.86
-1.190 0.0745 74.89 13.00  95 94  1086000 1423000   240 9.86
-1.175 0.0752 74.68 13.00  95 94  1086000 1423000   240 9.86
-1.160 0.0740 74.47 13.00  95 94  1086000 1423000   240 9.86
-1.145 0.0756 74.27 13.00  95 94  1086000 1423000   240 9.86
-1.131 0.0740 74.08 13.00  95 94  1086000 1423000   240 9.86
-1.116 0.0733 73.89 13.00  95 94  1086000 1423000   240 9.86
-1.101 0.0742 73.71 13.00  95 94  1086000 1423000   240 9.86
-1.086 0.0733 73.53 13.00  95 94  1086000 1423000   240 9.86
-1.071 0.0736 73.34 13.00  95 94  1086000 1423000   240 9.86
-1.056 0.0719 73.17 13.00  95 94  1086000 1423000   240 9.86
-1.042 0.0734 73.00 13.00  95 94  1086000 1423000   240 9.86
-1.027 0.0734 72.83 13.00  95 94  1086000 1423000   240 9.86
-1.012 0.0720 72.67 13.00  95 94  1086000 1423000   240 9.86
-0.997 0.0730 72.50 13.00  95 94  1086000 1423000   240 9.86
-0.982 0.0719 72.33 13.00  95 94  1086000 1423000   240 9.86
-0.967 0.0733 72.16 13.00  95 94  1086000 1423000   240 9.86
-0.953 0.0714 71.99 13.00  95 94  1086000 1423000   240 9.86
-0.938 0.0722 71.81 13.00  95 94  1086000 1423000   240 9.86
-0.923 0.0719 71.64 13.00  95 94  1086000 1423000   240 9.86
-0.908 0.0715 71.46 13.00  95 94  1086000 1423000   240 9.86
-0.893 0.0699 71.29 13.00  95 94  1086000 1423000   240 9.86
-0.878 0.0717 71.13 13.00  95 94  1086000 1423000   240 9.86
-0.864 0.0705 70.96 13.00  95 94  1086000 1423000   240 9.86
-0.849 0.0718 70.80 13.00  95 94  1086000 1423000   240 9.86
-0.834 0.0697 70.64 13.00  95 94  1086000 1423000   240 9.86
-0.819 0.0708 70.47 13.00  95 94  1086000 1423000   240 9.86
-0.804 0.0701 70.31 13.00  95 94  1086000 1423000   240 9.86
-0.789 0.0715 70.16 13.00  95 94  1086000 1423000   240 9.86
-0.774 0.0700 70.01 13.00  95 94  1086000 1423000   240 9.86
-0.760 0.0685 69.86 13.00  95 94  1086000 1423000   240 9.86
-0.745 0.0690 69.71 13.00  95 94  1086000 1423000   240 9.86
-0.730 0.0698 69.56 13.00  95 94  1086000 1423000   240 9.86
-0.715 0.0696 69.41 13.00  95 94  1086000 1423000   240 9.86
-0.700 0.0696 69.25 13.00  95 94  1086000 1423000   240 9.86
-0.685 0.0692 69.09 13.00  95 94  1086000 1423000   240 9.86
-0.671 0.0680 68.93 13.00  95 94  1086000 1423000   240 9.86
-0.656 0.0701 68.77 13.00  95 94  1086000 1423000   240 9.86
-0.641 0.0677 68.60 13.00  95 94  1086000 1423000   240 9.86
-0.626 0.0692 68.43 13.00  95 94  1086000 1423000   240 9.86
-0.611 0.0685 68.26 13.00  95 94  1086000 1423000   240 9.86
-0.596 0.0679 68.08 13.00  95 94  1086000 1423000   240 9.86
-0.582 0.0680 67.90 13.00  95 94  1086000 1423000   240 9.86
-0.567 0.0680 67.71 13.00  95 94  1086000 1423000   240 9.86
-0.552 0.0673 67.51 13.00  95 94  1086000 1423000   240 9.86
-0.537 0.0677 67.32 13.00  95 94  1086000 1423000   240 9.86
-0.523 0.0672 67.12 13.00  95 94  1086000 1423000   240 9.86
-0.509 0.0673 66.92 13.00  95 94  1086000 1423000   240 9.86
-0.496 0.0655 66.73 13.00  95 94  1086000 1423000   240 9.86
-0.483 0.0661 66.54 13.00  95 94  1086000 1423000   240 9.86
-0.471 0.0663 66.35 13.00  95 94  1086000 1423000   240 9.86
-0.460 0.0669 66.17 13.00  95 94  1086000 1423000   240 9.86
-0.449 0.0663 65.99 13.00  95 94  1086000 1423000   240 9.86
-0.438 0.0654 65.82 13.00  95 94  1086000 1423000   240 9.86
-0.428 0.0660 65.67 13.00  95 94  1086000 1423000   240 9.86
-0.418 0.0657 65.54 13.00  95 94  1086000 1423000   240 9.86
-0.408 0.0659 65.42 13.00  95 94  1086000 1423000   240 9.86
-0.399 0.0650 65.31 13.00  95 94  1086000 1423000   240 9.86
-0.391 0.0637 65.20 13.00  95 94  1086000 1423000   240 9.86
-0.382 0.0642 65.11 13.00  95 94  1086000 1423000   240 9.86
-0.374 0.0657 65.02 13.00  95 94  1086000 1423000   240 9.86
-0.367 0.0652 64.93 13.00  95 94  1086000 1423000   240 9.86
-0.359 0.0645 64.85 13.00  95 94  1086000 1423000   240 9.86
-0.352 0.0675 64.79 13.00  95 94  1086000 1423000   240 9.86
-0.346 0.0626 64.75 13.00  95 94  1086000 1423000   240 9.86
-0.339 0.0659 64.72 13.00  95 94  1086000 1423000   240 9.86
-0.333 0.0646 64.71 13.00  95 94  1086000 1423000   240 9.86
-0.327 0.0647 64.72 13.00  95 94  1086000 1423000   240 9.86
-0.321 0.0638 64.74 13.00  95 94  1086000 1423000   240 9.86
-0.316 0.0629 64.76 13.00  95 94  1086000 1423000   240 9.86
-0.310 0.0650 64.80 13.00  95 94  1086000 1423000   240 9.86
-0.305 0.0676 64.82 13.00  95 94  1086000 1423000   240 9.86
-0.300 0.0653 64.84 13.00  95 94  1086000 1423000   240 9.86
-0.296 0.0656 64.85 13.00  95 94  1086000 1423000   240 9.86
-0.291 0.0608 64.84 13.00  95 94  1086000 1423000   240 9.86
-0.287 0.0645 64.82 13.00  95 94  1086000 1423000   240 9.86
-0.283 0.0644 64.79 13.00  95 94  1086000 1423000   240 9.86
-0.279 0.0656 64.77 13.00  95 94  1086000 1423000   240 9.86
-0.275 0.0654 64.75 13.00  95 94  1086000 1423000   240 9.86
-0.271 0.0649 64.72 13.00  95 94  1086000 1423000   240 9.86
-0.268 0.0668 64.68 13.00  95 94  1086000 1423000   240 9.86
-0.264 0.0673 64.64 13.00  95 94  1086000 1423000   240 9.86
-0.261 0.0638 64.60 13.00  95 94  1086000 1423000   240 9.86
-0.258 0.0650 64.56 13.00  95 94  1086000 1423000   240 9.86
-0.255 0.0639 64.52 13.00  95 94  1086000 1423000   240 9.86
-0.252 0.0632 64.49 13.00  95 94  1086000 1423000   240 9.86
-0.249 0.0640 64.46 13.00  95 94  1086000 1423000   240 9.86
-0.246 0.0628 64.45 13.00  95 94  1086000 1423000   240 9.86
-0.243 0.0637 64.45 13.00  95 94  1086000 1423000   240 9.86
-0.240 0.0672 64.46 13.00  95 94  1086000 1423000   240 9.86
-0.237 0.0602 64.48 13.00  95 94  1086000 1423000   240 9.86
-0.234 0.0634 64.51 13.00  95 94  1086000 1423000   240 9.86
-0.231 0.0706 64.55 13.00  95 94  1086000 1423000   240 9.86
-0.228 0.0608 64.62 13.00  95 94  1086000 1423000   240 9.86
-0.226 0.0687 64.70 13.00  95 94  1086000 1423000   240 9.86
-0.223 0.0645 64.81 13.00  95 94  1086000 1423000   240 9.86
-0.220 0.0640 64.95 13.00  95 94  1086000 1423000   240 9.86
-0.217 0.0592 65.10 13.00  95 94  1086000 1423000   240 9.86
-0.214 0.0646 65.26 13.00  95 94  1086000 1423000   240 9.86
-0.211 0.0690 65.43 13.00  95 94  1086000 1423000   240 9.86
-0.208 0.0687 65.60 13.00  95 94  1086000 1423000   240 9.86
-0.205 0.0670 65.75 13.00  95 94  1086000 1423000   240 9.86
-0.202 0.0644 65.88 13.00  95 94  1086000 1423000   240 9.86
-0.199 0.0624 65.99 13.00  95 94  1086000 1423000   240 9.86
-0.196 0.0710 66.07 13.00  95 94  1086000 1423000   240 9.86
-0.193 0.0644 66.12 13.00  95 94  1086000 1423000   240 9.86
-0.190 0.0643 66.15 13.00  95 94  1086000 1423000   240 9.86
-0.187 0.0666 66.16 13.00  95 94  1086000 1423000   240 9.86
-0.184 0.0637 66.16 13.00  95 94  1086000 1423000   240 9.86
-0.181 0.0673 66.14 13.00  95 94  1086000 1423000   240 9.86
-0.178 0.0721 66.13 13.00  95 94  1086000 1423000   240 9.86
-0.175 0.0678 66.10 13.00  95 94  1086000 1423000   240 9.86
-0.172 0.0631 66.06 13.00  95 94  1086000 1423000   240 9.86
-0.169 0.0651 66.02 13.00  95 94  1086000 1423000   240 9.86
-0.166 0.0643 65.96 13.00  95 94  1086000 1423000   240 9.86
-0.163 0.0653 65.90 13.00  95 94  1086000 1423000   240 9.86
-0.160 0.0714 65.83 13.00  95 94  1086000 1423000   240 9.86
-0.157 0.0622 65.77 13.00  95 94  1086000 1423000   240 9.86
-0.154 0.0651 65.74 13.00  95 94  1086000 1423000   240 9.86
-0.151 0.0655 65.72 13.00  95 94  1086000 1423000   240 9.86
-0.148 0.0648 65.72 13.00  95 94  1086000 1423000   240 9.86
-0.145 0.0617 65.73 13.00  95 94  1086000 1423000   240 9.86
-0.142 0.0688 65.73 13.00  95 94  1086000 1423000   240 9.86
-0.139 0.0688 65.73 13.00  95 94  1086000 1423000   240 9.86
-0.136 0.0621 65.73 13.00  95 94  1086000 1423000   240 9.86
-0.134 0.0655 65.74 13.00  95 94  1086000 1423000   240 9.86
-0.131 0.0696 65.75 13.00  95 94  1086000 1423000   240 9.86
-0.128 0.0672 65.78 13.00  95 94  1086000 1423000   240 9.86
-0.125 0.0614 65.82 13.00  95 94  1086000 1423000   240 9.86
-0.122 0.0654 65.87 13.00  95 94  1086000 1423000   240 9.86
-0.119 0.0694 65.92 13.00  95 94  1086000 1423000   240 9.86
-0.116 0.0603 65.97 13.00  95 94  1086000 1423000   240 9.86
-0.113 0.0707 66.00 13.00  95 94  1086000 1423000   240 9.86
-0.110 0.0650 66.01 13.00  95 94  1086000 1423000   240 9.86
-0.107 0.0662 66.02 13.00  95 94  1086000 1423000   240 9.86
-0.104 0.0697 66.03 13.00  95 94  1086000 1423000   240 9.86
-0.101 0.0653 66.03 13.00  95 94  1086000 1423000   240 9.86
-0.098 0.0640 66.01 13.00  95 94  1086000 1423000   240 9.86
-0.095 0.0638 65.97 13.00  95 94  1086000 1423000   240 9.86
-0.092 0.0661 65.92 13.00  95 94  1086000 1423000   240 9.86
-0.089 0.0659 65.85 13.00  95 94  1086000 1423000   240 9.86
-0.086 0.0623 65.77 13.00  95 94  1086000 1423000   240 9.86
-0.083 0.0654 65.65 13.00  95 94  1086000 1423000   240 9.86
-0.080 0.0689 65.51 13.00  95 94  1086000 1423000   240 9.86
-0.077 0.0691 65.35 13.00  95 94  1086000 1423000   240 9.86
-0.074 0.0664 65.14 13.00  95 94  1086000 1423000   240 9.86
-0.071 0.0603 64.90 13.00  95 94  1086000 1423000   240 9.86
-0.068 0.0680 64.63 13.00  95 94  1086000 1423000   240 9.86
-0.065 0.0630 64.34 13.00  95 94  1086000 1423000   240 9.86
-0.062 0.0622 64.04 13.00  95 94  1086000 1423000   240 9.86
-0.059 0.0633 63.72 13.00  95 94  1086000 1423000   240 9.86
-0.056 0.0679 63.40 13.00  95 94  1086000 1423000   240 9.86
-0.053 0.0618 63.07 13.00  95 94  1086000 1423000   240 9.86
-0.050 0.0648 62.73 13.00  95 94  1086000 1423000   240 9.86
-0.047 0.0605 62.37 13.00  95 94  1086000 1423000   240 9.86
-0.045 0.0598 61.99 13.00  95 94  1086000 1423000   240 9.86
-0.042 0.0625 61.59 13.00  95 94  1086000 1423000   240 9.86
-0.039 0.0610 61.17 13.00  95 94  1086000 1423000   240 9.86
-0.036 0.0584 60.72 13.00  95 94  1086000 1423000   240 9.86
-0.033 0.0604 60.25 13.00  95 94  1086000 1423000   240 9.86
-0.030 0.0586 59.77 13.00  95 94  1086000 1423000   240 9.86
-0.027 0.0584 59.27 13.00  95 94  1086000 1423000   240 9.86
-0.024 0.0606 58.77 13.00  95 94  1086000 1423000   240 9.86
-0.021 0.0603 58.25 13.00  95 94  1086000 1423000   240 9.86
-0.018 0.0541 57.72 13.00  95 94  1086000 1423000   240 9.86
-0.015 0.0588 57.17 13.00  95 94  1086000 1423000   240 9.86
-0.012 0.0622 56.60 13.00  95 94  1086000 1423000   240 9.86
-0.009 0.0591 56.00 13.00  95 94  1086000 1423000   240 9.86
-0.006 0.0493 55.39 13.00  95 94  1086000 1423000   240 9.86
-0.003 0.0570 54.79 13.00  95 94  1086000 1423000   240 9.86
0.000 0.0569 54.17 13.00  95 94  1086000 1423000   240 9.86
0.003 0.0498 53.55 13.00  95 94  1086000 1423000   240 9.86
0.006 0.0514 52.92 13.00  95 94  1086000 1423000   240 9.86
0.009 0.0520 52.28 13.00  95 94  1086000 1423000   240 9.86
0.012 0.0549 51.67 13.00  95 94  1086000 1423000   240 9.86
0.015 0.0493 51.08 13.00  95 94  1086000 1423000   240 9.86
0.018 0.0460 50.54 13.00  95 94  1086000 1423000   240 9.86
0.021 0.0515 50.04 13.00  95 94  1086000 1423000   240 9.86
0.024 0.0522 49.60 13.00  95 94  1086000 1423000   240 9.86
0.027 0.0488 49.20 13.00  95 94  1086000 1423000   240 9.86
0.030 0.0496 48.83 13.00  95 94  1086000 1423000   240 9.86
0.033 0.0454 48.50 13.00  95 94  1086000 1423000   240 9.86
0.036 0.0477 48.19 13.00  95 94  1086000 1423000   240 9.86
0.039 0.0476 47.90 13.00  95 94  1086000 1423000   240 9.86
0.042 0.0443 47.63 13.00  95 94  1086000 1423000   240 9.86
0.045 0.0515 47.35 13.00  95 94  1086000 1423000   240 9.86
0.047 0.0440 47.08 13.00  95 94  1086000 1423000   240 9.86
0.050 0.0482 46.81 13.00  95 94  1086000 1423000   240 9.86
0.053 0.0509 46.52 13.00  95 94  1086000 1423000   240 9.86
0.056 0.0422 46.23 13.00  95 94  1086000 1423000   240 9.86
0.059 0.0458 45.92 13.00  95 94  1086000 1423000   240 9.86
0.062 0.0488 45.60 13.00  95 94  1086000 1423000   240 9.86
0.065 0.0495 45.25 13.00  95 94  1086000 1423000   240 9.86
0.068 0.0467 44.88 13.00  95 94  1086000 1423000   240 9.86
0.071 0.0460 44.50 13.00  95 94  1086000 1423000   240 9.86
0.074 0.0413 44.11 13.00  95 94  1086000 1423000   240 9.86
0.077 0.0406 43.71 13.00  95 94  1086000 1423000   240 9.86
0.080 0.0398 43.31 13.00  95 94  1086000 1423000   240 9.86
0.083 0.0424 42.92 13.00  95 94  1086000 1423000   240 9.86
0.086 0.0450 42.55 13.00  95 94  1086000 1423000   240 9.86
0.089 0.0438 42.20 13.00  95 94  1086000 1423000   240 9.86
0.092 0.0406 41.88 13.00  95 94  1086000 1423000   240 9.86
0.095 0.0424 41.61 13.00  95 94  1086000 1423000   240 9.86
0.098 0.0418 41.38 13.00  95 94  1086000 1423000   240 9.86
0.101 0.0408 41.21 13.00  95 94  1086000 1423000   240 9.86
0.104 0.0410 41.07 13.00  95 94  1086000 1423000   240 9.86
0.107 0.0406 40.97 13.00  95 94  1086000 1423000   240 9.86
0.110 0.0396 40.90 13.00  95 94  1086000 1423000   240 9.86
0.113 0.0387 40.86 13.00  95 94  1086000 1423000   240 9.86
0.116 0.0384 40.84 13.00  95 94  1086000 1423000   240 9.86
0.119 0.0394 40.85 13.00  95 94  1086000 1423000   240 9.86
0.122 0.0449 40.87 13.00  95 94  1086000 1423000   240 9.86
0.125 0.0423 40.91 13.00  95 94  1086000 1423000   240 9.86
0.128 0.0417 40.97 13.00  95 94  1086000 1423000   240 9.86
0.131 0.0430 41.03 13.00  95 94  1086000 1423000   240 9.86
0.134 0.0403 41.11 13.00  95 94  1086000 1423000   240 9.86
0.136 0.0424 41.21 13.00  95 94  1086000 1423000   240 9.86
0.139 0.0422 41.32 13.00  95 94  1086000 1423000   240 9.86
0.142 0.0388 41.44 13.00  95 94  1086000 1423000   240 9.86
0.145 0.0436 41.57 13.00  95 94  1086000 1423000   240 9.86
0.148 0.0417 41.69 13.00  95 94  1086000 1423000   240 9.86
0.151 0.0399 41.79 13.00  95 94  1086000 1423000   240 9.86
0.154 0.0383 41.88 13.00  95 94  1086000 1423000   240 9.86
0.157 0.0407 41.95 13.00  95 94  1086000 1423000   240 9.86
0.160 0.0435 42.01 13.00  95 94  1086000 1423000   240 9.86
0.163 0.0428 42.05 13.00  95 94  1086000 1423000   240 9.86
0.166 0.0432 42.08 13.00  95 94  1086000 1423000   240 9.86
0.169 0.0426 42.11 13.00  95 94  1086000 1423000   240 9.86
0.172 0.0410 42.13 13.00  95 94  1086000 1423000   240 9.86
0.175 0.0428 42.15 13.00  95 94  1086000 1423000   240 9.86
0.178 0.0464 42.18 13.00  95 94  1086000 1423000   240 9.86
0.181 0.0437 42.20 13.00  95 94  1086000 1423000   240 9.86
0.184 0.0388 42.21 13.00  95 94  1086000 1423000   240 9.86
0.187 0.0416 42.20 13.00  95 94  1086000 1423000   240 9.86
0.190 0.0434 42.17 13.00  95 94  1086000 1423000   240 9.86
0.193 0.0388 42.11 13.00  95 94  1086000 1423000   240 9.86
0.196 0.0440 42.04 13.00  95 94  1086000 1423000   240 9.86
0.199 0.0409 41.94 13.00  95 94  1086000 1423000   240 9.86
0.202 0.0427 41.84 13.00  95 94  1086000 1423000   240 9.86
0.205 0.0424 41.73 13.00  95 94  1086000 1423000   240 9.86
0.208 0.0426 41.61 13.00  95 94  1086000 1423000   240 9.86
0.211 0.0426 41.50 13.00  95 94  1086000 1423000   240 9.86
0.214 0.0365 41.40 13.00  95 94  1086000 1423000   240 9.86
0.217 0.0435 41.31 13.00  95 94  1086000 1423000   240 9.86
0.220 0.0433 41.24 13.00  95 94  1086000 1423000   240 9.86
0.223 0.0400 41.20 13.00  95 94  1086000 1423000   240 9.86
0.226 0.0387 41.17 13.00  95 94  1086000 1423000   240 9.86
0.228 0.0427 41.15 13.00  95 94  1086000 1423000   240 9.86
0.231 0.0397 41.14 13.00  95 94  1086000 1423000   240 9.86
0.234 0.0443 41.15 13.00  95 94  1086000 1423000   240 9.86
0.237 0.0377 41.18 13.00  95 94  1086000 1423000   240 9.86
0.240 0.0414 41.22 13.00  95 94  1086000 1423000   240 9.86
0.243 0.0422 41.26 13.00  95 94  1086000 1423000   240 9.86
0.246 0.0437 41.32 13.00  95 94  1086000 1423000   240 9.86
0.249 0.0383 41.39 13.00  95 94  1086000 1423000   240 9.86
0.252 0.0420 41.48 13.00  95 94  1086000 1423000   240 9.86
0.255 0.0433 41.57 13.00  95 94  1086000 1423000   240 9.86
0.258 0.0388 41.67 13.00  95 94  1086000 1423000   240 9.86
0.261 0.0412 41.78 13.00  95 94  1086000 1423000   240 9.86
0.264 0.0448 41.88 13.00  95 94  1086000 1423000   240 9.86
0.267 0.0411 41.98 13.00  95 94  1086000 1423000   240 9.86
0.270 0.0407 42.06 13.00  95 94  1086000 1423000   240 9.86
0.273 0.0438 42.13 13.00  95 94  1086000 1423000   240 9.86
0.276 0.0423 42.21 13.00  95 94  1086000 1423000   240 9.86
0.279 0.0430 42.28 13.00  95 94  1086000 1423000   240 9.86
0.282 0.0423 42.36 13.00  95 94  1086000 1423000   240 9.86
0.285 0.0413 42.44 13.00  95 94  1086000 1423000   240 9.86
0.288 0.0439 42.51 13.00  95 94  1086000 1423000   240 9.86
0.291 0.0443 42.58 13.00  95 94  1086000 1423000   240 9.86
0.294 0.0400 42.63 13.00  95 94  1086000 1423000   240 9.86
0.297 0.0434 42.69 13.00  95 94  1086000 1423000   240 9.86
0.300 0.0440 42.74 13.00  95 94  1086000 1423000   240 9.86
0.303 0.0398 42.81 13.00  95 94  1086000 1423000   240 9.86
0.306 0.0438 42.88 13.00  95 94  1086000 1423000   240 9.86
0.309 0.0440 42.96 13.00  95 94  1086000 1423000   240 9.86
0.312 0.0431 43.05 13.00  95 94  1086000 1423000   240 9.86
0.315 0.0422 43.15 13.00  95 94  1086000 1423000   240 9.86
0.318 0.0429 43.27 13.00  95 94  1086000 1423000   240 9.86
0.320 0.0428 43.40 13.00  95 94  1086000 1423000   240 9.86
0.323 0.0434 43.56 13.00  95 94  1086000 1423000   240 9.86
0.326 0.0441 43.72 13.00  95 94  1086000 1423000   240 9.86
0.329 0.0467 43.90 13.00  95 94  1086000 1423000   240 9.86
0.332 0.0439 44.08 13.00  95 94  1086000 1423000   240 9.86
0.335 0.0426 44.27 13.00  95 94  1086000 1423000   240 9.86
0.338 0.0443 44.46 13.00  95 94  1086000 1423000   240 9.86
0.341 0.0413 44.65 13.00  95 94  1086000 1423000   240 9.86
0.344 0.0451 44.83 13.00  95 94  1086000 1423000   240 9.86
0.347 0.0450 45.01 13.00  95 94  1086000 1423000   240 9.86
0.350 0.0469 45.17 13.00  95 94  1086000 1423000   240 9.86
0.353 0.0491 45.32 13.00  95 94  1086000 1423000   240 9.86
0.356 0.0459 45.46 13.00  95 94  1086000 1423000   240 9.86
0.359 0.0431 45.60 13.00  95 94  1086000 1423000   240 9.86
0.362 0.0472 45.74 13.00  95 94  1086000 1423000   240 9.86
0.365 0.0444 45.87 13.00  95 94  1086000 1423000   240 9.86
0.368 0.0449 46.00 13.00  95 94  1086000 1423000   240 9.86
0.371 0.0485 46.13 13.00  95 94  1086000 1423000   240 9.86
0.374 0.0466 46.26 13.00  95 94  1086000 1423000   240 9.86
0.377 0.0454 46.39 13.00  95 94  1086000 1423000   240 9.86
0.380 0.0478 46.52 13.00  95 94  1086000 1423000   240 9.86
0.383 0.0442 46.65 13.00  95 94  1086000 1423000   240 9.86
0.386 0.0461 46.78 13.00  95 94  1086000 1423000   240 9.86
0.389 0.0491 46.91 13.00  95 94  1086000 1423000   240 9.86
0.392 0.0459 47.05 13.00  95 94  1086000 1423000   240 9.86
0.395 0.0457 47.18 13.00  95 94  1086000 1423000   240 9.86
0.398 0.0479 47.32 13.00  95 94  1086000 1423000   240 9.86
0.401 0.0473 47.46 13.00  95 94  1086000 1423000   240 9.86
0.404 0.0463 47.61 13.00  95 94  1086000 1423000   240 9.86
0.407 0.0481 47.75 13.00  95 94  1086000 1423000   240 9.86
0.409 0.0497 47.89 13.00  95 94  1086000 1423000   240 9.86
0.412 0.0494 48.02 13.00  95 94  1086000 1423000   240 9.86
0.415 0.0481 48.13 13.00  95 94  1086000 1423000   240 9.86
0.418 0.0480 48.23 13.00  95 94  1086000 1423000   240 9.86
0.421 0.0466 48.31 13.00  95 94  1086000 1423000   240 9.86
0.424 0.0495 48.38 13.00  95 94  1086000 1423000   240 9.86
0.427 0.0486 48.44 13.00  95 94  1086000 1423000   240 9.86
0.430 0.0493 48.48 13.00  95 94  1086000 1423000   240 9.86
0.433 0.0481 48.51 13.00  95 94  1086000 1423000   240 9.86
0.436 0.0484 48.52 13.00  95 94  1086000 1423000   240 9.86
0.439 0.0496 48.53 13.00  95 94  1086000 1423000   240 9.86
0.442 0.0479 48.53 13.00  95 94  1086000 1423000   240 9.86
0.445 0.0500 48.53 13.00  95 94  1086000 1423000   240 9.86
0.448 0.0480 48.53 13.00  95 94  1086000 1423000   240 9.86
0.451 0.0461 48.53 13.00  95 94  1086000 1423000   240 9.86
0.454 0.0507 48.54 13.00  95 94  1086000 1423000   240 9.86
0.457 0.0446 48.56 13.00  95 94  1086000 1423000   240 9.86
0.460 0.0503 48.58 13.00  95 94  1086000 1423000   240 9.86
0.463 0.0464 48.61 13.00  95 94  1086000 1423000   240 9.86
0.466 0.0525 48.65 13.00  95 94  1086000 1423000   240 9.86
0.469 0.0489 48.70 13.00  95 94  1086000 1423000   240 9.86
0.472 0.0493 48.77 13.00  95 94  1086000 1423000   240 9.86
0.475 0.0480 48.84 13.00  95 94  1086000 1423000   240 9.86
0.478 0.0443 48.92 13.00  95 94  1086000 1423000   240 9.86
0.481 0.0523 49.02 13.00  95 94  1086000 1423000   240 9.86
0.484 0.0493 49.13 13.00  95 94  1086000 1423000   240 9.86
0.487 0.0500 49.25 13.00  95 94  1086000 1423000   240 9.86
0.490 0.0492 49.37 13.00  95 94  1086000 1423000   240 9.86
0.493 0.0495 49.50 13.00  95 94  1086000 1423000   240 9.86
0.496 0.0515 49.63 13.00  95 94  1086000 1423000   240 9.86
0.499 0.0477 49.77 13.00  95 94  1086000 1423000   240 9.86
0.501 0.0493 49.92 13.00  95 94  1086000 1423000   240 9.86
0.504 0.0519 50.08 13.00  95 94  1086000 1423000   240 9.86
0.507 0.0494 50.26 13.00  95 94  1086000 1423000   240 9.86
0.510 0.0499 50.46 13.00  95 94  1086000 1423000   240 9.86
0.513 0.0497 50.68 13.00  95 94  1086000 1423000   240 9.86
0.516 0.0520 50.92 13.00  95 94  1086000 1423000   240 9.86
0.519 0.0498 51.18 13.00  95 94  1086000 1423000   240 9.86
0.522 0.0533 51.45 13.00  95 94  1086000 1423000   240 9.86
0.525 0.0541 51.73 13.00  95 94  1086000 1423000   240 9.86
0.528 0.0493 52.02 13.00  95 94  1086000 1423000   240 9.86
0.531 0.0521 52.31 13.00  95 94  1086000 1423000   240 9.86
0.534 0.0519 52.60 13.00  95 94  1086000 1423000   240 9.86
0.537 0.0517 52.89 13.00  95 94  1086000 1423000   240 9.86
0.540 0.0522 53.19 13.00  95 94  1086000 1423000   240 9.86
0.543 0.0544 53.49 13.00  95 94  1086000 1423000   240 9.86
0.546 0.0543 53.80 13.00  95 94  1086000 1423000   240 9.86
0.549 0.0552 54.11 13.00  95 94  1086000 1423000   240 9.86
0.552 0.0567 54.42 13.00  95 94  1086000 1423000   240 9.86
0.555 0.0557 54.74 13.00  95 94  1086000 1423000   240 9.86
0.558 0.0543 55.07 13.00  95 94  1086000 1423000   240 9.86
0.561 0.0543 55.39 13.00  95 94  1086000 1423000   240 9.86
0.564 0.0549 55.72 13.00  95 94  1086000 1423000   240 9.86
0.567 0.0589 56.06 13.00  95 94  1086000 1423000   240 9.86
0.570 0.0530 56.39 13.00  95 94  1086000 1423000   240 9.86
0.573 0.0573 56.73 13.00  95 94  1086000 1423000   240 9.86
0.576 0.0552 57.05 13.00  95 94  1086000 1423000   240 9.86
0.579 0.0582 57.37 13.00  95 94  1086000 1423000   240 9.86
0.582 0.0587 57.68 13.00  95 94  1086000 1423000   240 9.86
0.585 0.0555 57.97 13.00  95 94  1086000 1423000   240 9.86
0.588 0.0604 58.26 13.00  95 94  1086000 1423000   240 9.86
0.591 0.0570 58.54 13.00  95 94  1086000 1423000   240 9.86
0.593 0.0599 58.82 13.00  95 94  1086000 1423000   240 9.86
0.596 0.0593 59.10 13.00  95 94  1086000 1423000   240 9.86
0.599 0.0610 59.39 13.00  95 94  1086000 1423000   240 9.86
0.602 0.0579 59.68 13.00  95 94  1086000 1423000   240 9.86
0.605 0.0633 59.98 13.00  95 94  1086000 1423000   240 9.86
0.608 0.0593 60.28 13.00  95 94  1086000 1423000   240 9.86
0.611 0.0591 60.56 13.00  95 94  1086000 1423000   240 9.86
0.614 0.0622 60.83 13.00  95 94  1086000 1423000   240 9.86
0.617 0.0603 61.08 13.00  95 94  1086000 1423000   240 9.86
0.620 0.0601 61.31 13.00  95 94  1086000 1423000   240 9.86
0.623 0.0617 61.52 13.00  95 94  1086000 1423000   240 9.86
0.626 0.0623 61.70 13.00  95 94  1086000 1423000   240 9.86
0.629 0.0601 61.86 13.00  95 94  1086000 1423000   240 9.86
0.632 0.0604 62.00 13.00  95 94  1086000 1423000   240 9.86
0.635 0.0638 62.11 13.00  95 94  1086000 1423000   240 9.86
0.638 0.0618 62.20 13.00  95 94  1086000 1423000   240 9.86
0.641 0.0640 62.28 13.00  95 94  1086000 1423000   240 9.86
0.644 0.0624 62.33 13.00  95 94  1086000 1423000   240 9.86
0.647 0.0649 62.36 13.00  95 94  1086000 1423000   240 9.86
0.650 0.0591 62.37 13.00  95 94  1086000 1423000   240 9.86
0.653 0.0647 62.37 13.00  95 94  1086000 1423000   240 9.86
0.656 0.0647 62.34 13.00  95 94  1086000 1423000   240 9.86
0.659 0.0606 62.30 13.00  95 94  1086000 1423000   240 9.86
0.662 0.0621 62.24 13.00  95 94  1086000 1423000   240 9.86
0.665 0.0623 62.16 13.00  95 94  1086000 1423000   240 9.86
0.668 0.0592 62.06 13.00  95 94  1086000 1423000   240 9.86
0.671 0.0653 61.93 13.00  95 94  1086000 1423000   240 9.86
0.674 0.0595 61.80 13.00  95 94  1086000 1423000   240 9.86
0.677 0.0617 61.65 13.00  95 94  1086000 1423000   240 9.86
0.680 0.0618 61.51 13.00  95 94  1086000 1423000   240 9.86
0.682 0.0603 61.36 13.00  95 94  1086000 1423000   240 9.86
0.685 0.0610 61.21 13.00  95 94  1086000 1423000   240 9.86
0.688 0.0611 61.07 13.00  95 94  1086000 1423000   240 9.86
0.691 0.0617 60.94 13.00  95 94  1086000 1423000   240 9.86
0.694 0.0626 60.82 13.00  95 94  1086000 1423000   240 9.86
0.697 0.0570 60.72 13.00  95 94  1086000 1423000   240 9.86
0.700 0.0632 60.62 13.00  95 94  1086000 1423000   240 9.86
0.703 0.0605 60.52 13.00  95 94  1086000 1423000   240 9.86
0.706 0.0603 60.43 13.00  95 94  1086000 1423000   240 9.86
0.709 0.0606 60.33 13.00  95 94  1086000 1423000   240 9.86
0.712 0.0597 60.22 13.00  95 94  1086000 1423000   240 9.86
0.715 0.0597 60.11 13.00  95 94  1086000 1423000   240 9.86
0.718 0.0603 59.99 13.00  95 94  1086000 1423000   240 9.86
0.721 0.0594 59.87 13.00  95 94  1086000 1423000   240 9.86
0.724 0.0597 59.75 13.00  95 94  1086000 1423000   240 9.86
0.727 0.0602 59.63 13.00  95 94  1086000 1423000   240 9.86
0.730 0.0613 59.51 13.00  95 94  1086000 1423000   240 9.86
0.733 0.0578 59.39 13.00  95 94  1086000 1423000   240 9.86
0.736 0.0602 59.28 13.00  95 94  1086000 1423000   240 9.86
0.739 0.0577 59.16 13.00  95 94  1086000 1423000   240 9.86
0.742 0.0599 59.05 13.00  95 94  1086000 1423000   240 9.86
0.745 0.0601 58.95 13.00  95 94  1086000 1423000   240 9.86
0.748 0.0584 58.84 13.00  95 94  1086000 1423000   240 9.86
0.751 0.0583 58.74 13.00  95 94  1086000 1423000   240 9.86
0.754 0.0575 58.65 13.00  95 94  1086000 1423000   240 9.86
0.757 0.0592 58.57 13.00  95 94  1086000 1423000   240 9.86
0.760 0.0581 58.50 13.00  95 94  1086000 1423000   240 9.86
0.763 0.0565 58.44 13.00  95 94  1086000 1423000   240 9.86
0.766 0.0607 58.40 13.00  95 94  1086000 1423000   240 9.86
0.769 0.0588 58.36 13.00  95 94  1086000 1423000   240 9.86
0.772 0.0573 58.33 13.00  95 94  1086000 1423000   240 9.86
0.774 0.0599 58.30 13.00  95 94  1086000 1423000   240 9.86
0.777 0.0578 58.29 13.00  95 94  1086000 1423000   240 9.86
0.780 0.0565 58.28 13.00  95 94  1086000 1423000   240 9.86
0.783 0.0598 58.28 13.00  95 94  1086000 1423000   240 9.86
0.786 0.0576 58.28 13.00  95 94  1086000 1423000   240 9.86
0.789 0.0561 58.28 13.00  95 94  1086000 1423000   240 9.86
0.792 0.0600 58.27 13.00  95 94  1086000 1423000   240 9.86
0.795 0.0584 58.26 13.00  95 94  1086000 1423000   240 9.86
0.798 0.0586 58.24 13.00  95 94  1086000 1423000   240 9.86
0.801 0.0572 58.21 13.00  95 94  1086000 1423000   240 9.86
0.804 0.0596 58.18 13.00  95 94  1086000 1423000   240 9.86
0.807 0.0588 58.15 13.00  95 94  1086000 1423000   240 9.86
0.810 0.0591 58.12 13.00  95 94  1086000 1423000   240 9.86
0.813 0.0584 58.08 13.00  95 94  1086000 1423000   240 9.86
0.816 0.0564 58.06 13.00  95 94  1086000 1423000   240 9.86
0.819 0.0576 58.04 13.00  95 94  1086000 1423000   240 9.86
0.822 0.0578 58.02 13.00  95 94  1086000 1423000   240 9.86
0.825 0.0588 58.01 13.00  95 94  1086000 1423000   240 9.86
0.828 0.0580 58.00 13.00  95 94  1086000 1423000   240 9.86
0.831 0.0570 58.00 13.00  95 94  1086000 1423000   240 9.86
0.834 0.0580 58.00 13.00  95 94  1086000 1423000   240 9.86
0.837 0.0597 58.01 13.00  95 94  1086000 1423000   240 9.86
0.840 0.0550 58.01 13.00  95 94  1086000 1423000   240 9.86
0.843 0.0598 58.01 13.00  95 94  1086000 1423000   240 9.86
0.846 0.0554 58.03 13.00  95 94  1086000 1423000   240 9.86
0.849 0.0587 58.04 13.00  95 94  1086000 1423000   240 9.86
0.852 0.0575 58.06 13.00  95 94  1086000 1423000   240 9.86
0.855 0.0611 58.09 13.00  95 94  1086000 1423000   240 9.86
0.858 0.0571 58.12 13.00  95 94  1086000 1423000   240 9.86
0.861 0.0572 58.14 13.00  95 94  1086000 1423000   240 9.86
0.864 0.0594 58.15 13.00  95 94  1086000 1423000   240 9.86
0.866 0.0590 58.16 13.00  95 94  1086000 1423000   240 9.86
0.869 0.0581 58.14 13.00  95 94  1086000 1423000   240 9.86
0.872 0.0573 58.11 13.00  95 94  1086000 1423000   240 9.86
0.875 0.0587 58.07 13.00  95 94  1086000 1423000   240 9.86
0.878 0.0576 58.01 13.00  95 94  1086000 1423000   240 9.86
0.881 0.0579 57.95 13.00  95 94  1086000 1423000   240 9.86
0.884 0.0611 57.88 13.00  95 94  1086000 1423000   240 9.86
0.887 0.0548 57.81 13.00  95 94  1086000 1423000   240 9.86
0.890 0.0560 57.75 13.00  95 94  1086000 1423000   240 9.86
0.893 0.0598 57.68 13.00  95 94  1086000 1423000   240 9.86
0.896 0.0571 57.62 13.00  95 94  1086000 1423000   240 9.86
0.899 0.0579 57.57 13.00  95 94  1086000 1423000   240 9.86
0.902 0.0600 57.53 13.00  95 94  1086000 1423000   240 9.86
0.905 0.0545 57.51 13.00  95 94  1086000 1423000   240 9.86
0.908 0.0575 57.49 13.00  95 94  1086000 1423000   240 9.86
0.911 0.0585 57.49 13.00  95 94  1086000 1423000   240 9.86
0.914 0.0555 57.50 13.00  95 94  1086000 1423000   240 9.86
0.917 0.0566 57.51 13.00  95 94  1086000 1423000   240 9.86
0.920 0.0566 57.54 13.00  95 94  1086000 1423000   240 9.86
0.923 0.0585 57.57 13.00  95 94  1086000 1423000   240 9.86
0.926 0.0591 57.61 13.00  95 94  1086000 1423000   240 9.86
0.929 0.0568 57.65 13.00  95 94  1086000 1423000   240 9.86
0.932 0.0587 57.70 13.00  95 94  1086000 1423000   240 9.86
0.935 0.0579 57.74 13.00  95 94  1086000 1423000   240 9.86
0.938 0.0572 57.79 13.00  95 94  1086000 1423000   240 9.86
0.941 0.0577 57.84 13.00  95 94  1086000 1423000   240 9.86
0.944 0.0600 57.88 13.00  95 94  1086000 1423000   240 9.86
0.947 0.0578 57.93 13.00  95 94  1086000 1423000   240 9.86
0.950 0.0579 57.98 13.00  95 94  1086000 1423000   240 9.86
0.953 0.0542 58.02 13.00  95 94  1086000 1423000   240 9.86
0.955 0.0628 58.06 13.00  95 94  1086000 1423000   240 9.86
0.958 0.0546 58.10 13.00  95 94  1086000 1423000   240 9.86
0.961 0.0596 58.13 13.00  95 94  1086000 1423000   240 9.86
0.964 0.0563 58.16 13.00  95 94  1086000 1423000   240 9.86
0.967 0.0610 58.17 13.00  95 94  1086000 1423000   240 9.86
0.970 0.0560 58.17 13.00  95 94  1086000 1423000   240 9.86
0.973 0.0601 58.17 13.00  95 94  1086000 1423000   240 9.86
0.976 0.0578 58.17 13.00  95 94  1086000 1423000   240 9.86
0.979 0.0562 58.16 13.00  95 94  1086000 1423000   240 9.86
0.982 0.0590 58.16 13.00  95 94  1086000 1423000   240 9.86
0.985 0.0585 58.15 13.00  95 94  1086000 1423000   240 9.86
0.988 0.0587 58.14 13.00  95 94  1086000 1423000   240 9.86
0.991 0.0559 58.12 13.00  95 94  1086000 1423000   240 9.86
0.994 0.0604 58.10 13.00  95 94  1086000 1423000   240 9.86
0.997 0.0599 58.08 13.00  95 94  1086000 1423000   240 9.86
1.000 0.0563 58.05 13.00  95 94  1086000 1423000   240 9.86
1.003 0.0601 58.02 13.00  95 94  1086000 1423000   240 9.86
1.006 0.0570 57.99 13.00  95 94  1086000 1423000   240 9.86
1.009 0.0568 57.97 13.00  95 94  1086000 1423000   240 9.86
1.012 0.0584 57.96 13.00  95 94  1086000 1423000   240 9.86
1.015 0.0581 57.96 13.00  95 94  1086000 1423000   240 9.86
1.018 0.0592 57.97 13.00  95 94  1086000 1423000   240 9.86
1.021 0.0525 57.98 13.00  95 94  1086000 1423000   240 9.86
1.024 0.0602 57.99 13.00  95 94  1086000 1423000   240 9.86
1.027 0.0581 58.01 13.00  95 94  1086000 1423000   240 9.86
1.030 0.0604 58.02 13.00  95 94  1086000 1423000   240 9.86
1.033 0.0555 58.05 13.00  95 94  1086000 1423000   240 9.86
1.036 0.0601 58.08 13.00  95 94  1086000 1423000   240 9.86
1.039 0.0562 58.11 13.00  95 94  1086000 1423000   240 9.86
1.042 0.0576 58.16 13.00  95 94  1086000 1423000   240 9.86
1.045 0.0589 58.20 13.00  95 94  1086000 1423000   240 9.86
1.047 0.0602 58.25 13.00  95 94  1086000 1423000   240 9.86
1.050 0.0556 58.29 13.00  95 94  1086000 1423000   240 9.86
1.053 0.0604 58.33 13.00  95 94  1086000 1423000   240 9.86
1.056 0.0550 58.38 13.00  95 94  1086000 1423000   240 9.86
1.059 0.0638 58.42 13.00  95 94  1086000 1423000   240 9.86
1.062 0.0598 58.45 13.00  95 94  1086000 1423000   240 9.86
1.065 0.0566 58.48 13.00  95 94  1086000 1423000   240 9.86
1.068 0.0594 58.50 13.00  95 94  1086000 1423000   240 9.86
1.071 0.0552 58.52 13.00  95 94  1086000 1423000   240 9.86
1.074 0.0559 58.54 13.00  95 94  1086000 1423000   240 9.86
1.077 0.0608 58.56 13.00  95 94  1086000 1423000   240 9.86
1.080 0.0586 58.58 13.00  95 94  1086000 1423000   240 9.86
1.083 0.0585 58.59 13.00  95 94  1086000 1423000   240 9.86
1.086 0.0624 58.60 13.00  95 94  1086000 1423000   240 9.86
1.089 0.0595 58.61 13.00  95 94  1086000 1423000   240 9.86
1.092 0.0550 58.62 13.00  95 94  1086000 1423000   240 9.86
1.095 0.0555 58.63 13.00  95 94  1086000 1423000   240 9.86
1.098 0.0614 58.65 13.00  95 94  1086000 1423000   240 9.86
1.101 0.0583 58.68 13.00  95 94  1086000 1423000   240 9.86
1.104 0.0576 58.72 13.00  95 94  1086000 1423000   240 9.86
1.107 0.0609 58.76 13.00  95 94  1086000 1423000   240 9.86
1.110 0.0628 58.82 13.00  95 94  1086000 1423000   240 9.86
1.113 0.0564 58.87 13.00  95 94  1086000 1423000   240 9.86
1.116 0.0559 58.92 13.00  95 94  1086000 1423000   240 9.86
1.119 0.0592 58.96 13.00  95 94  1086000 1423000   240 9.86
1.122 0.0584 58.99 13.00  95 94  1086000 1423000   240 9.86
1.125 0.0611 59.00 13.00  95 94  1086000 1423000   240 9.86
1.128 0.0604 59.00 13.00  95 94  1086000 1423000   240 9.86
1.131 0.0562 59.00 13.00  95 94  1086000 1423000   240 9.86
1.134 0.0583 59.00 13.00  95 94  1086000 1423000   240 9.86
1.136 0.0596 59.00 13.00  95 94  1086000 1423000   240 9.86
1.139 0.0587 59.01 13.00  95 94  1086000 1423000   240 9.86
1.142 0.0600 59.03 13.00  95 94  1086000 1423000   240 9.86
1.145 0.0616 59.04 13.00  95 94  1086000 1423000   240 9.86
1.148 0.0575 59.05 13.00  95 94  1086000 1423000   240 9.86
1.151 0.0604 59.07 13.00  95 94  1086000 1423000   240 9.86
1.154 0.0608 59.08 13.00  95 94  1086000 1423000   240 9.86
1.157 0.0542 59.10 13.00  95 94  1086000 1423000   240 9.86
1.160 0.0607 59.12 13.00  95 94  1086000 1423000   240 9.86
1.163 0.0585 59.15 13.00  95 94  1086000 1423000   240 9.86
1.166 0.0584 59.16 13.00  95 94  1086000 1423000   240 9.86
1.169 0.0608 59.17 13.00  95 94  1086000 1423000   240 9.86
1.172 0.0560 59.15 13.00  95 94  1086000 1423000   240 9.86
1.175 0.0602 59.13 13.00  95 94  1086000 1423000   240 9.86
1.178 0.0592 59.10 13.00  95 94  1086000 1423000   240 9.86
1.181 0.0589 59.08 13.00  95 94  1086000 1423000   240 9.86
1.184 0.0613 59.07 13.00  95 94  1086000 1423000   240 9.86
1.187 0.0598 59.05 13.00  95 94  1086000 1423000   240 9.86
1.190 0.0584 59.03 13.00  95 94  1086000 1423000   240 9.86
1.193 0.0596 59.01 13.00  95 94  1086000 1423000   240 9.86
1.196 0.0586 59.00 13.00  95 94  1086000 1423000   240 9.86
1.199 0.0598 58.99 13.00  95 94  1086000 1423000   240 9.86
1.202 0.0570 58.98 13.00  95 94  1086000 1423000   240 9.86
1.205 0.0604 58.98 13.00  95 94  1086000 1423000   240 9.86
1.208 0.0590 58.96 13.00  95 94  1086000 1423000   240 9.86
1.211 0.0571 58.95 13.00  95 94  1086000 1423000   240 9.86
1.214 0.0607 58.93 13.00  95 94  1086000 1423000   240 9.86
1.217 0.0563 58.90 13.00  95 94  1086000 1423000   240 9.86
1.220 0.0607 58.87 13.00  95 94  1086000 1423000   240 9.86
1.223 0.0564 58.84 13.00  95 94  1086000 1423000   240 9.86
1.226 0.0579 58.81 13.00  95 94  1086000 1423000   240 9.86
1.228 0.0606 58.78 13.00  95 94  1086000 1423000   240 9.86
1.231 0.0607 58.74 13.00  95 94  1086000 1423000   240 9.86
1.234 0.0605 58.70 13.00  95 94  1086000 1423000   240 9.86
1.237 0.0556 58.65 13.00  95 94  1086000 1423000   240 9.86
1.240 0.0587 58.60 13.00  95 94  1086000 1423000   240 9.86
1.243 0.0578 58.56 13.00  95 94  1086000 1423000   240 9.86
1.246 0.0618 58.52 13.00  95 94  1086000 1423000   240 9.86
1.249 0.0566 58.49 13.00  95 94  1086000 1423000   240 9.86
1.252 0.0598 58.48 13.00  95 94  1086000 1423000   240 9.86
1.255 0.0598 58.47 13.00  95 94  1086000 1423000   240 9.86
1.258 0.0597 58.49 13.00  95 94  1086000 1423000   240 9.86
1.261 0.0537 58.52 13.00  95 94  1086000 1423000   240 9.86
1.264 0.0590 58.56 13.00  95 94  1086000 1423000   240 9.86
1.267 0.0606 58.60 13.00  95 94  1086000 1423000   240 9.86
1.270 0.0564 58.66 13.00  95 94  1086000 1423000   240 9.86
1.273 0.0582 58.72 13.00  95 94  1086000 1423000   240 9.86
1.276 0.0579 58.78 13.00  95 94  1086000 1423000   240 9.86
1.279 0.0571 58.84 13.00  95 94  1086000 1423000   240 9.86
1.282 0.0608 58.90 13.00  95 94  1086000 1423000   240 9.86
1.285 0.0557 58.95 13.00  95 94  1086000 1423000   240 9.86
1.288 0.0615 58.98 13.00  95 94  1086000 1423000   240 9.86
1.291 0.0598 59.00 13.00  95 94  1086000 1423000   240 9.86
1.294 0.0590 58.99 13.00  95 94  1086000 1423000   240 9.86
1.297 0.0621 58.96 13.00  95 94  1086000 1423000   240 9.86
1.300 0.0598 58.93 13.00  95 94  1086000 1423000   240 9.86
1.303 0.0604 58.89 13.00  95 94  1086000 1423000   240 9.86
1.306 0.0581 58.84 13.00  95 94  1086000 1423000   240 9.86
1.309 0.0586 58.79 13.00  95 94  1086000 1423000   240 9.86
1.312 0.0569 58.73 13.00  95 94  1086000 1423000   240 9.86
1.315 0.0623 58.66 13.00  95 94  1086000 1423000   240 9.86
1.318 0.0572 58.59 13.00  95 94  1086000 1423000   240 9.86
1.320 0.0567 58.51 13.00  95 94  1086000 1423000   240 9.86
1.323 0.0578 58.43 13.00  95 94  1086000 1423000   240 9.86
1.326 0.0588 58.36 13.00  95 94  1086000 1423000   240 9.86
1.329 0.0586 58.28 13.00  95 94  1086000 1423000   240 9.86
1.332 0.0557 58.22 13.00  95 94  1086000 1423000   240 9.86
1.335 0.0565 58.17 13.00  95 94  1086000 1423000   240 9.86
1.338 0.0583 58.13 13.00  95 94  1086000 1423000   240 9.86
1.341 0.0564 58.11 13.00  95 94  1086000 1423000   240 9.86
1.344 0.0589 58.11 13.00  95 94  1086000 1423000   240 9.86
1.347 0.0611 58.14 13.00  95 94  1086000 1423000   240 9.86
1.350 0.0583 58.19 13.00  95 94  1086000 1423000   240 9.86
1.353 0.0599 58.27 13.00  95 94  1086000 1423000   240 9.86
1.356 0.0610 58.35 13.00  95 94  1086000 1423000   240 9.86
1.359 0.0550 58.44 13.00  95 94  1086000 1423000   240 9.86
1.362 0.0589 58.52 13.00  95 94  1086000 1423000   240 9.86
1.365 0.0580 58.58 13.00  95 94  1086000 1423000   240 9.86
1.368 0.0597 58.64 13.00  95 94  1086000 1423000   240 9.86
1.371 0.0574 58.68 13.00  95 94  1086000 1423000   240 9.86
1.374 0.0598 58.70 13.00  95 94  1086000 1423000   240 9.86
1.377 0.0563 58.71 13.00  95 94  1086000 1423000   240 9.86
1.380 0.0588 58.70 13.00  95 94  1086000 1423000   240 9.86
1.383 0.0592 58.68 13.00  95 94  1086000 1423000   240 9.86
1.386 0.0591 58.66 13.00  95 94  1086000 1423000   240 9.86
1.389 0.0583 58.64 13.00  95 94  1086000 1423000   240 9.86
1.392 0.0577 58.63 13.00  95 94  1086000 1423000   240 9.86
1.395 0.0610 58.64 13.00  95 94  1086000 1423000   240 9.86
1.398 0.0589 58.65 13.00  95 94  1086000 1423000   240 9.86
1.401 0.0601 58.68 13.00  95 94  1086000 1423000   240 9.86
1.404 0.0591 58.71 13.00  95 94  1086000 1423000   240 9.86
1.407 0.0580 58.73 13.00  95 94  1086000 1423000   240 9.86
1.409 0.0550 58.74 13.00  95 94  1086000 1423000   240 9.86
1.412 0.0596 58.73 13.00  95 94  1086000 1423000   240 9.86
1.415 0.0589 58.70 13.00  95 94  1086000 1423000   240 9.86
1.418 0.0563 58.67 13.00  95 94  1086000 1423000   240 9.86
1.421 0.0615 58.64 13.00  95 94  1086000 1423000   240 9.86
1.424 0.0581 58.60 13.00  95 94  1086000 1423000   240 9.86
1.427 0.0600 58.57 13.00  95 94  1086000 1423000   240 9.86
1.430 0.0572 58.55 13.00  95 94  1086000 1423000   240 9.86
1.433 0.0592 58.53 13.00  95 94  1086000 1423000   240 9.86
1.436 0.0586 58.51 13.00  95 94  1086000 1423000   240 9.86
1.439 0.0623 58.50 13.00  95 94  1086000 1423000   240 9.86
1.442 0.0580 58.49 13.00  95 94  1086000 1423000   240 9.86
1.445 0.0565 58.48 13.00  95 94  1086000 1423000   240 9.86
1.448 0.0584 58.48 13.00  95 94  1086000 1423000   240 9.86
1.451 0.0561 58.47 13.00  95 94  1086000 1423000   240 9.86
1.454 0.0594 58.46 13.00  95 94  1086000 1423000   240 9.86
1.457 0.0563 58.44 13.00  95 94  1086000 1423000   240 9.86
1.460 0.0585 58.41 13.00  95 94  1086000 1423000   240 9.86
1.463 0.0594 58.39 13.00  95 94  1086000 1423000   240 9.86
1.466 0.0578 58.36 13.00  95 94  1086000 1423000   240 9.86
1.469 0.0608 58.35 13.00  95 94  1086000 1423000   240 9.86
1.472 0.0587 58.34 13.00  95 94  1086000 1423000   240 9.86
1.475 0.0597 58.36 13.00  95 94  1086000 1423000   240 9.86
1.478 0.0591 58.40 13.00  95 94  1086000 1423000   240 9.86
1.481 0.0546 58.45 13.00  95 94  1086000 1423000   240 9.86
1.484 0.0585 58.51 13.00  95 94  1086000 1423000   240 9.86
1.487 0.0597 58.57 13.00  95 94  1086000 1423000   240 9.86
1.490 0.0564 58.62 13.00  95 94  1086000 1423000   240 9.86
1.493 0.0591 58.66 13.00  95 94  1086000 1423000   240 9.86
1.496 0.0606 58.69 13.00  95 94  1086000 1423000   240 9.86
1.499 0.0592 58.69 13.00  95 94  1086000 1423000   240 9.86
1.501 0.0553 58.67 13.00  95 94  1086000 1423000   240 9.86
1.504 0.0586 58.63 13.00  95 94  1086000 1423000   240 9.86
1.507 0.0615 58.56 13.00  95 94  1086000 1423000   240 9.86
1.510 0.0561 58.48 13.00  95 94  1086000 1423000   240 9.86
1.513 0.0595 58.40 13.00  95 94  1086000 1423000   240 9.86
1.516 0.0600 58.31 13.00  95 94  1086000 1423000   240 9.86
1.519 0.0608 58.23 13.00  95 94  1086000 1423000   240 9.86
1.522 0.0554 58.15 13.00  95 94  1086000 1423000   240 9.86
1.525 0.0599 58.07 13.00  95 94  1086000 1423000   240 9.86
1.528 0.0583 57.99 13.00  95 94  1086000 1423000   240 9.86
1.531 0.0573 57.90 13.00  95 94  1086000 1423000   240 9.86
1.535 0.0595 57.80 13.00  95 94  1086000 1423000   240 9.86
1.538 0.0553 57.70 13.00  95 94  1086000 1423000   240 9.86
1.541 0.0557 57.60 13.00  95 94  1086000 1423000   240 9.86
1.545 0.0578 57.51 13.00  95 94  1086000 1423000   240 9.86
1.549 0.0567 57.42 13.00  95 94  1086000 1423000   240 9.86
1.553 0.0579 57.35 13.00  95 94  1086000 1423000   240 9.86
1.557 0.0561 57.29 13.00  95 94  1086000 1423000   240 9.86
1.561 0.0568 57.24 13.00  95 94  1086000 1423000   240 9.86
1.566 0.0572 57.20 13.00  95 94  1086000 1423000   240 9.86
1.570 0.0582 57.19 13.00  95 94  1086000 1423000   240 9.86
1.575 0.0581 57.19 13.00  95 94  1086000 1423000   240 9.86
1.580 0.0583 57.22 13.00  95 94  1086000 1423000   240 9.86
1.586 0.0578 57.27 13.00  95 94  1086000 1423000   240 9.86
1.591 0.0563 57.33 13.00  95 94  1086000 1423000   240 9.86
1.597 0.0583 57.40 13.00  95 94  1086000 1423000   240 9.86
1.603 0.0564 57.48 13.00  95 94  1086000 1423000   240 9.86
1.609 0.0563 57.55 13.00  95 94  1086000 1423000   240 9.86
1.616 0.0588 57.62 13.00  95 94  1086000 1423000   240 9.86
1.622 0.0573 57.68 13.00  95 94  1086000 1423000   240 9.86
1.629 0.0566 57.73 13.00  95 94  1086000 1423000   240 9.86
1.637 0.0593 57.78 13.00  95 94  1086000 1423000   240 9.86
1.644 0.0575 57.82 13.00  95 94  1086000 1423000   240 9.86
1.652 0.0574 57.86 13.00  95 94  1086000 1423000   240 9.86
1.661 0.0588 57.90 13.00  95 94  1086000 1423000   240 9.86
1.669 0.0568 57.95 13.00  95 94  1086000 1423000   240 9.86
1.679 0.0582 57.99 13.00  95 94  1086000 1423000   240 9.86
1.688 0.0584 58.04 13.00  95 94  1086000 1423000   240 9.86
1.698 0.0589 58.10 13.00  95 94  1086000 1423000   240 9.86
1.708 0.0586 58.15 13.00  95 94  1086000 1423000   240 9.86
1.719 0.0584 58.21 13.00  95 94  1086000 1423000   240 9.86
1.730 0.0585 58.27 13.00  95 94  1086000 1423000   240 9.86
1.741 0.0576 58.32 13.00  95 94  1086000 1423000   240 9.86
1.753 0.0577 58.36 13.00  95 94  1086000 1423000   240 9.86
1.766 0.0578 58.40 13.00  95 94  1086000 1423000   240 9.86
1.779 0.0581 58.43 13.00  95 94  1086000 1423000   240 9.86
1.793 0.0594 58.46 13.00  95 94  1086000 1423000   240 9.86
1.807 0.0586 58.49 13.00  95 94  1086000 1423000   240 9.86
1.822 0.0582 58.52 13.00  95 94  1086000 1423000   240 9.86
1.837 0.0588 58.55 13.00  95 94  1086000 1423000   240 9.86
1.852 0.0583 58.58 13.00  95 94  1086000 1423000   240 9.86
1.866 0.0592 58.61 13.00  95 94  1086000 1423000   240 9.86
1.881 0.0577 58.64 13.00  95 94  1086000 1423000   240 9.86
1.896 0.0588 58.67 13.00  95 94  1086000 1423000   240 9.86
1.911 0.0602 58.70 13.00  95 94  1086000 1423000   240 9.86
1.926 0.0586 58.73 13.00  95 94  1086000 1423000   240 9.86
1.941 0.0579 58.75 13.00  95 94  1086000 1423000   240 9.86
1.955 0.0587 58.77 13.00  95 94  1086000 1423000   240 9.86
1.970 0.0592 58.77 13.00  95 94  1086000 1423000   240 9.86
1.985 0.0591 58.76 13.00  95 94  1086000 1423000   240 9.86
2.000 0.0587 58.72 13.00  95 94  1086000 1423000   240 9.86
2.015 0.0584 58.66 13.00  95 94  1086000 1423000   240 9.86
2.030 0.0590 58.58 13.00  95 94  1086000 1423000   240 9.86
2.045 0.0596 58.48 13.00  95 94  1086000 1423000   240 9.86
2.059 0.0592 58.37 13.00  95 94  1086000 1423000   240 9.86
2.074 0.0586 58.26 13.00  95 94  1086000 1423000   240 9.86
2.089 0.0596 58.17 13.00  95 94  1086000 1423000   240 9.86
2.104 0.0591 58.10 13.00  95 94  1086000 1423000   240 9.86
2.119 0.0595 58.08 13.00  95 94  1086000 1423000   240 9.86
2.134 0.0594 58.13 13.00  95 94  1086000 1423000   240 9.86
2.148 0.0592 58.30 13.00  95 94  1086000 1423000   240 9.86
2.163 0.0600 58.61 13.00  95 94  1086000 1423000   240 9.86
2.178 0.0596 59.11 13.00  95 94  1086000 1423000   240 9.86
2.193 0.0606 59.82 13.00  95 94  1086000 1423000   240 9.86
2.208 0.0612 60.77 13.00  95 94  1086000 1423000   240 9.86
2.223 0.0605 61.99 13.00  95 94  1086000 1423000   240 9.86
2.237 0.0619 63.49 13.00  95 94  1086000 1423000   240 9.86
2.252 0.0634 65.30 13.00  95 94  1086000 1423000   240 9.86
2.267 0.0646 67.41 13.00  95 94  1086000 1423000   240 9.86
2.282 0.0684 69.84 13.00  95 94  1086000 1423000   240 9.86
2.297 0.0708 72.59 13.00  95 94  1086000 1423000   240 9.86
2.312 0.0743 75.65 13.00  95 94  1086000 1423000   240 9.86
2.326 0.0778 79.01 13.00  95 94  1086000 1423000   240 9.86
2.341 0.0813 82.68 13.00  95 94  1086000 1423000   240 9.86
2.356 0.0874 86.66 13.00  95 94  1086000 1423000   240 9.86
2.371 0.0935 91.05 13.00  95 94  1086000 1423000   240 9.86
2.386 0.0985 97.03 13.00  95 94  1086000 1423000   240 9.86
2.401 0.1047 105.28 13.00  95 94  1086000 1423000   240 9.86
2.415 0.1110 114.24 13.00  95 94  1086000 1423000   240 9.86
2.430 0.1203 123.03 13.00  95 94  1086000 1423000   240 9.86
2.445 0.1233 131.39 13.00  95 94  1086000 1423000   240 9.86
2.460 0.1299 139.23 13.00  95 94  1086000 1423000   240 9.86
2.475 0.1331 146.57 13.00  95 94  1086000 1423000   240 9.86
2.490 0.1457 153.43 13.00  95 94  1086000 1423000   240 9.86
2.504 0.1539 159.84 13.00  95 94  1086000 1423000   240 9.86
2.519 0.1578 165.86 13.00  95 94  1086000 1423000   240 9.86
2.534 0.1675 171.52 13.00  95 94  1086000 1423000   240 9.86
2.549 0.1827 176.84 13.00  95 94  1086000 1423000   240 9.86
2.564 0.1936 181.85 13.00  95 94  1086000 1423000   240 9.86
2.579 0.2077 186.56 13.00  95 94  1086000 1423000   240 9.86
2.593 0.2196 190.98 13.00  95 94  1086000 1423000   240 9.86
2.608 0.2371 195.11 13.00  95 94  1086000 1423000   240 9.86
2.623 0.2572 198.95 13.00  95 94  1086000 1423000   240 9.86
2.638 0.2865 202.49 13.00  95 94  1086000 1423000   240 9.86
2.653 0.3034 205.70 13.00  95 94  1086000 1423000   240 9.86
2.668 0.3267 208.57 13.00  95 94  1086000 1423000   240 9.86
2.682 0.3570 211.06 13.00  95 94  1086000 1423000   240 9.86
2.697 0.0000 213.14 13.00  95 94  1086000 1423000   240 9.86
2.712 0.0000 214.73 13.00  95 94  1086000 1423000   240 9.86
