     x     qy smooth tpara  cd  zL     xTr    xCpl frame tma
-2.212 0.3984 376.38 21.50 101 94   938000 1362000   260 10.15
-2.200 0.4781 351.66 21.50 101 94   938000 1362000   260 10.15
-2.189 0.4058 328.19 21.50 101 94   938000 1362000   260 10.15
-2.177 0.2777 305.95 21.50 101 94   938000 1362000   260 10.15
-2.165 0.2348 284.90 21.50 101 94   938000 1362000   260 10.15
-2.153 0.2144 265.01 21.50 101 94   938000 1362000   260 10.15
-2.142 0.1985 246.25 21.50 101 94   938000 1362000   260 10.15
-2.130 0.1801 228.60 21.50 101 94   938000 1362000   260 10.15
-2.118 0.1707 212.03 21.50 101 94   938000 1362000   260 10.15
-2.106 0.1597 196.53 21.50 101 94   938000 1362000   260 10.15
-2.094 0.1477 182.09 21.50 101 94   938000 1362000   260 10.15
-2.083 0.1442 168.69 21.50 101 94   938000 1362000   260 10.15
-2.071 0.1376 156.34 21.50 101 94   938000 1362000   260 10.15
-2.059 0.1326 145.03 21.50 101 94   938000 1362000   260 10.15
-2.047 0.1274 134.79 21.50 101 94   938000 1362000   260 10.15
-2.035 0.1202 125.64 21.50 101 94   938000 1362000   260 10.15
-2.024 0.1177 117.61 21.50 101 94   938000 1362000   260 10.15
-2.012 0.1138 110.76 21.50 101 94   938000 1362000   260 10.15
-2.000 0.1116 105.14 21.50 101 94   938000 1362000   260 10.15
-1.988 0.1083 100.86 21.50 101 94   938000 1362000   260 10.15
-1.976 0.1051 98.02 21.50 101 94   938000 1362000   260 10.15
-1.965 0.1033 96.67 21.50 101 94   938000 1362000   260 10.15
-1.953 0.1007 96.58 21.50 101 94   938000 1362000   260 10.15
-1.941 0.0991 96.58 21.50 101 94   938000 1362000   260 10.15
-1.929 0.0978 95.14 21.50 101 94   938000 1362000   260 10.15
-1.917 0.0958 93.56 21.50 101 94   938000 1362000   260 10.15
-1.906 0.0940 91.97 21.50 101 94   938000 1362000   260 10.15
-1.894 0.0916 90.42 21.50 101 94   938000 1362000   260 10.15
-1.882 0.0891 88.93 21.50 101 94   938000 1362000   260 10.15
-1.870 0.0880 87.50 21.50 101 94   938000 1362000   260 10.15
-1.858 0.0860 86.14 21.50 101 94   938000 1362000   260 10.15
-1.847 0.0839 84.85 21.50 101 94   938000 1362000   260 10.15
-1.835 0.0854 83.64 21.50 101 94   938000 1362000   260 10.15
-1.823 0.0848 82.49 21.50 101 94   938000 1362000   260 10.15
-1.811 0.0805 81.42 21.50 101 94   938000 1362000   260 10.15
-1.800 0.0803 80.42 21.50 101 94   938000 1362000   260 10.15
-1.788 0.0783 79.49 21.50 101 94   938000 1362000   260 10.15
-1.776 0.0785 78.65 21.50 101 94   938000 1362000   260 10.15
-1.764 0.0767 77.89 21.50 101 94   938000 1362000   260 10.15
-1.752 0.0758 77.20 21.50 101 94   938000 1362000   260 10.15
-1.741 0.0750 76.60 21.50 101 94   938000 1362000   260 10.15
-1.729 0.0756 76.07 21.50 101 94   938000 1362000   260 10.15
-1.717 0.0775 75.61 21.50 101 94   938000 1362000   260 10.15
-1.705 0.0737 75.21 21.50 101 94   938000 1362000   260 10.15
-1.693 0.0778 74.88 21.50 101 94   938000 1362000   260 10.15
-1.682 0.0755 74.59 21.50 101 94   938000 1362000   260 10.15
-1.670 0.0750 74.36 21.50 101 94   938000 1362000   260 10.15
-1.658 0.0741 74.16 21.50 101 94   938000 1362000   260 10.15
-1.646 0.0733 73.99 21.50 101 94   938000 1362000   260 10.15
-1.634 0.0728 73.85 21.50 101 94   938000 1362000   260 10.15
-1.623 0.0757 73.74 21.50 101 94   938000 1362000   260 10.15
-1.611 0.0718 73.63 21.50 101 94   938000 1362000   260 10.15
-1.599 0.0735 73.54 21.50 101 94   938000 1362000   260 10.15
-1.587 0.0733 73.45 21.50 101 94   938000 1362000   260 10.15
-1.575 0.0756 73.36 21.50 101 94   938000 1362000   260 10.15
-1.564 0.0740 73.29 21.50 101 94   938000 1362000   260 10.15
-1.552 0.0725 73.22 21.50 101 94   938000 1362000   260 10.15
-1.540 0.0726 73.16 21.50 101 94   938000 1362000   260 10.15
-1.528 0.0722 73.13 21.50 101 94   938000 1362000   260 10.15
-1.517 0.0731 73.12 21.50 101 94   938000 1362000   260 10.15
-1.505 0.0723 73.13 21.50 101 94   938000 1362000   260 10.15
-1.493 0.0729 73.16 21.50 101 94   938000 1362000   260 10.15
-1.481 0.0747 73.20 21.50 101 94   938000 1362000   260 10.15
-1.469 0.0716 73.24 21.50 101 94   938000 1362000   260 10.15
-1.458 0.0736 73.25 21.50 101 94   938000 1362000   260 10.15
-1.446 0.0727 73.22 21.50 101 94   938000 1362000   260 10.15
-1.434 0.0720 73.12 21.50 101 94   938000 1362000   260 10.15
-1.422 0.0719 72.95 21.50 101 94   938000 1362000   260 10.15
-1.410 0.0725 72.68 21.50 101 94   938000 1362000   260 10.15
-1.399 0.0734 72.32 21.50 101 94   938000 1362000   260 10.15
-1.387 0.0728 71.87 21.50 101 94   938000 1362000   260 10.15
-1.375 0.0730 71.33 21.50 101 94   938000 1362000   260 10.15
-1.363 0.0724 70.72 21.50 101 94   938000 1362000   260 10.15
-1.351 0.0729 70.04 21.50 101 94   938000 1362000   260 10.15
-1.340 0.0717 69.33 21.50 101 94   938000 1362000   260 10.15
-1.328 0.0699 68.60 21.50 101 94   938000 1362000   260 10.15
-1.316 0.0698 67.87 21.50 101 94   938000 1362000   260 10.15
-1.304 0.0692 67.16 21.50 101 94   938000 1362000   260 10.15
-1.292 0.0671 66.49 21.50 101 94   938000 1362000   260 10.15
-1.281 0.0652 65.88 21.50 101 94   938000 1362000   260 10.15
-1.269 0.0644 65.34 21.50 101 94   938000 1362000   260 10.15
-1.257 0.0620 64.89 21.50 101 94   938000 1362000   260 10.15
-1.245 0.0615 64.53 21.50 101 94   938000 1362000   260 10.15
-1.233 0.0596 64.26 21.50 101 94   938000 1362000   260 10.15
-1.222 0.0597 64.10 21.50 101 94   938000 1362000   260 10.15
-1.210 0.0617 64.05 21.50 101 94   938000 1362000   260 10.15
-1.198 0.0616 64.11 21.50 101 94   938000 1362000   260 10.15
-1.186 0.0628 64.29 21.50 101 94   938000 1362000   260 10.15
-1.175 0.0652 64.58 21.50 101 94   938000 1362000   260 10.15
-1.163 0.0674 64.99 21.50 101 94   938000 1362000   260 10.15
-1.151 0.0660 65.48 21.50 101 94   938000 1362000   260 10.15
-1.139 0.0687 66.05 21.50 101 94   938000 1362000   260 10.15
-1.127 0.0670 66.67 21.50 101 94   938000 1362000   260 10.15
-1.116 0.0692 67.31 21.50 101 94   938000 1362000   260 10.15
-1.104 0.0697 67.94 21.50 101 94   938000 1362000   260 10.15
-1.092 0.0702 68.53 21.50 101 94   938000 1362000   260 10.15
-1.080 0.0679 69.07 21.50 101 94   938000 1362000   260 10.15
-1.068 0.0698 69.54 21.50 101 94   938000 1362000   260 10.15
-1.057 0.0698 69.91 21.50 101 94   938000 1362000   260 10.15
-1.045 0.0710 70.19 21.50 101 94   938000 1362000   260 10.15
-1.033 0.0699 70.37 21.50 101 94   938000 1362000   260 10.15
-1.021 0.0714 70.47 21.50 101 94   938000 1362000   260 10.15
-1.009 0.0711 70.49 21.50 101 94   938000 1362000   260 10.15
-0.998 0.0701 70.46 21.50 101 94   938000 1362000   260 10.15
-0.986 0.0723 70.38 21.50 101 94   938000 1362000   260 10.15
-0.974 0.0695 70.28 21.50 101 94   938000 1362000   260 10.15
-0.962 0.0717 70.15 21.50 101 94   938000 1362000   260 10.15
-0.950 0.0686 70.02 21.50 101 94   938000 1362000   260 10.15
-0.939 0.0696 69.87 21.50 101 94   938000 1362000   260 10.15
-0.927 0.0691 69.73 21.50 101 94   938000 1362000   260 10.15
-0.915 0.0697 69.58 21.50 101 94   938000 1362000   260 10.15
-0.903 0.0678 69.43 21.50 101 94   938000 1362000   260 10.15
-0.892 0.0682 69.28 21.50 101 94   938000 1362000   260 10.15
-0.880 0.0684 69.14 21.50 101 94   938000 1362000   260 10.15
-0.868 0.0693 69.01 21.50 101 94   938000 1362000   260 10.15
-0.856 0.0698 68.90 21.50 101 94   938000 1362000   260 10.15
-0.844 0.0684 68.80 21.50 101 94   938000 1362000   260 10.15
-0.833 0.0695 68.71 21.50 101 94   938000 1362000   260 10.15
-0.821 0.0680 68.63 21.50 101 94   938000 1362000   260 10.15
-0.809 0.0688 68.56 21.50 101 94   938000 1362000   260 10.15
-0.797 0.0693 68.50 21.50 101 94   938000 1362000   260 10.15
-0.785 0.0673 68.43 21.50 101 94   938000 1362000   260 10.15
-0.774 0.0689 68.36 21.50 101 94   938000 1362000   260 10.15
-0.762 0.0678 68.27 21.50 101 94   938000 1362000   260 10.15
-0.750 0.0673 68.17 21.50 101 94   938000 1362000   260 10.15
-0.738 0.0691 68.05 21.50 101 94   938000 1362000   260 10.15
-0.726 0.0679 67.91 21.50 101 94   938000 1362000   260 10.15
-0.715 0.0686 67.76 21.50 101 94   938000 1362000   260 10.15
-0.703 0.0694 67.60 21.50 101 94   938000 1362000   260 10.15
-0.691 0.0665 67.43 21.50 101 94   938000 1362000   260 10.15
-0.679 0.0670 67.26 21.50 101 94   938000 1362000   260 10.15
-0.667 0.0681 67.10 21.50 101 94   938000 1362000   260 10.15
-0.656 0.0671 66.93 21.50 101 94   938000 1362000   260 10.15
-0.644 0.0671 66.77 21.50 101 94   938000 1362000   260 10.15
-0.632 0.0658 66.61 21.50 101 94   938000 1362000   260 10.15
-0.620 0.0651 66.45 21.50 101 94   938000 1362000   260 10.15
-0.608 0.0658 66.28 21.50 101 94   938000 1362000   260 10.15
-0.597 0.0665 66.12 21.50 101 94   938000 1362000   260 10.15
-0.585 0.0643 65.94 21.50 101 94   938000 1362000   260 10.15
-0.573 0.0664 65.76 21.50 101 94   938000 1362000   260 10.15
-0.561 0.0647 65.58 21.50 101 94   938000 1362000   260 10.15
-0.550 0.0665 65.39 21.50 101 94   938000 1362000   260 10.15
-0.538 0.0661 65.20 21.50 101 94   938000 1362000   260 10.15
-0.526 0.0646 65.02 21.50 101 94   938000 1362000   260 10.15
-0.514 0.0654 64.85 21.50 101 94   938000 1362000   260 10.15
-0.502 0.0656 64.70 21.50 101 94   938000 1362000   260 10.15
-0.491 0.0655 64.56 21.50 101 94   938000 1362000   260 10.15
-0.479 0.0647 64.44 21.50 101 94   938000 1362000   260 10.15
-0.467 0.0642 64.34 21.50 101 94   938000 1362000   260 10.15
-0.455 0.0643 64.25 21.50 101 94   938000 1362000   260 10.15
-0.443 0.0641 64.18 21.50 101 94   938000 1362000   260 10.15
-0.432 0.0635 64.13 21.50 101 94   938000 1362000   260 10.15
-0.420 0.0635 64.09 21.50 101 94   938000 1362000   260 10.15
-0.408 0.0630 64.08 21.50 101 94   938000 1362000   260 10.15
-0.396 0.0646 64.09 21.50 101 94   938000 1362000   260 10.15
-0.384 0.0626 64.13 21.50 101 94   938000 1362000   260 10.15
-0.373 0.0638 64.20 21.50 101 94   938000 1362000   260 10.15
-0.361 0.0642 64.31 21.50 101 94   938000 1362000   260 10.15
-0.349 0.0640 64.45 21.50 101 94   938000 1362000   260 10.15
-0.337 0.0645 64.64 21.50 101 94   938000 1362000   260 10.15
-0.325 0.0647 64.85 21.50 101 94   938000 1362000   260 10.15
-0.314 0.0659 65.09 21.50 101 94   938000 1362000   260 10.15
-0.302 0.0658 65.35 21.50 101 94   938000 1362000   260 10.15
-0.290 0.0661 65.62 21.50 101 94   938000 1362000   260 10.15
-0.278 0.0658 65.90 21.50 101 94   938000 1362000   260 10.15
-0.267 0.0655 66.18 21.50 101 94   938000 1362000   260 10.15
-0.255 0.0658 66.44 21.50 101 94   938000 1362000   260 10.15
-0.243 0.0661 66.69 21.50 101 94   938000 1362000   260 10.15
-0.231 0.0673 66.91 21.50 101 94   938000 1362000   260 10.15
-0.219 0.0675 67.10 21.50 101 94   938000 1362000   260 10.15
-0.208 0.0660 67.25 21.50 101 94   938000 1362000   260 10.15
-0.196 0.0676 67.35 21.50 101 94   938000 1362000   260 10.15
-0.184 0.0684 67.39 21.50 101 94   938000 1362000   260 10.15
-0.172 0.0681 67.37 21.50 101 94   938000 1362000   260 10.15
-0.160 0.0671 67.26 21.50 101 94   938000 1362000   260 10.15
-0.149 0.0670 67.06 21.50 101 94   938000 1362000   260 10.15
-0.137 0.0669 66.76 21.50 101 94   938000 1362000   260 10.15
-0.125 0.0658 66.36 21.50 101 94   938000 1362000   260 10.15
-0.113 0.0664 65.84 21.50 101 94   938000 1362000   260 10.15
-0.101 0.0647 65.19 21.50 101 94   938000 1362000   260 10.15
-0.090 0.0662 64.42 21.50 101 94   938000 1362000   260 10.15
-0.078 0.0652 63.51 21.50 101 94   938000 1362000   260 10.15
-0.066 0.0613 62.49 21.50 101 94   938000 1362000   260 10.15
-0.056 0.0644 61.35 21.50 101 94   938000 1362000   260 10.15
-0.045 0.0610 60.12 21.50 101 94   938000 1362000   260 10.15
-0.035 0.0618 58.81 21.50 101 94   938000 1362000   260 10.15
-0.026 0.0570 57.45 21.50 101 94   938000 1362000   260 10.15
-0.016 0.0570 56.04 21.50 101 94   938000 1362000   260 10.15
-0.008 0.0555 54.62 21.50 101 94   938000 1362000   260 10.15
0.001 0.0522 53.19 21.50 101 94   938000 1362000   260 10.15
0.009 0.0514 51.78 21.50 101 94   938000 1362000   260 10.15
0.017 0.0496 50.40 21.50 101 94   938000 1362000   260 10.15
0.024 0.0491 49.06 21.50 101 94   938000 1362000   260 10.15
0.032 0.0448 47.78 21.50 101 94   938000 1362000   260 10.15
0.038 0.0445 46.57 21.50 101 94   938000 1362000   260 10.15
0.045 0.0453 45.45 21.50 101 94   938000 1362000   260 10.15
0.051 0.0433 44.42 21.50 101 94   938000 1362000   260 10.15
0.058 0.0399 43.49 21.50 101 94   938000 1362000   260 10.15
0.063 0.0414 42.67 21.50 101 94   938000 1362000   260 10.15
0.069 0.0418 41.95 21.50 101 94   938000 1362000   260 10.15
0.074 0.0427 41.34 21.50 101 94   938000 1362000   260 10.15
0.080 0.0417 40.84 21.50 101 94   938000 1362000   260 10.15
0.085 0.0418 40.42 21.50 101 94   938000 1362000   260 10.15
0.089 0.0392 40.10 21.50 101 94   938000 1362000   260 10.15
0.094 0.0408 39.86 21.50 101 94   938000 1362000   260 10.15
0.098 0.0399 39.68 21.50 101 94   938000 1362000   260 10.15
0.102 0.0405 39.55 21.50 101 94   938000 1362000   260 10.15
0.106 0.0382 39.47 21.50 101 94   938000 1362000   260 10.15
0.110 0.0381 39.42 21.50 101 94   938000 1362000   260 10.15
0.114 0.0435 39.39 21.50 101 94   938000 1362000   260 10.15
0.118 0.0375 39.37 21.50 101 94   938000 1362000   260 10.15
0.121 0.0389 39.34 21.50 101 94   938000 1362000   260 10.15
0.124 0.0393 39.33 21.50 101 94   938000 1362000   260 10.15
0.127 0.0403 39.32 21.50 101 94   938000 1362000   260 10.15
0.130 0.0383 39.32 21.50 101 94   938000 1362000   260 10.15
0.133 0.0387 39.34 21.50 101 94   938000 1362000   260 10.15
0.136 0.0406 39.38 21.50 101 94   938000 1362000   260 10.15
0.139 0.0393 39.44 21.50 101 94   938000 1362000   260 10.15
0.141 0.0390 39.52 21.50 101 94   938000 1362000   260 10.15
0.144 0.0390 39.62 21.50 101 94   938000 1362000   260 10.15
0.146 0.0422 39.72 21.50 101 94   938000 1362000   260 10.15
0.149 0.0395 39.83 21.50 101 94   938000 1362000   260 10.15
0.151 0.0408 39.93 21.50 101 94   938000 1362000   260 10.15
0.153 0.0380 40.02 21.50 101 94   938000 1362000   260 10.15
0.156 0.0407 40.10 21.50 101 94   938000 1362000   260 10.15
0.158 0.0395 40.16 21.50 101 94   938000 1362000   260 10.15
0.160 0.0386 40.20 21.50 101 94   938000 1362000   260 10.15
0.163 0.0413 40.24 21.50 101 94   938000 1362000   260 10.15
0.165 0.0382 40.26 21.50 101 94   938000 1362000   260 10.15
0.167 0.0406 40.27 21.50 101 94   938000 1362000   260 10.15
0.170 0.0436 40.27 21.50 101 94   938000 1362000   260 10.15
0.172 0.0421 40.25 21.50 101 94   938000 1362000   260 10.15
0.175 0.0411 40.22 21.50 101 94   938000 1362000   260 10.15
0.177 0.0396 40.18 21.50 101 94   938000 1362000   260 10.15
0.179 0.0392 40.12 21.50 101 94   938000 1362000   260 10.15
0.182 0.0416 40.05 21.50 101 94   938000 1362000   260 10.15
0.184 0.0372 39.96 21.50 101 94   938000 1362000   260 10.15
0.186 0.0401 39.88 21.50 101 94   938000 1362000   260 10.15
0.189 0.0381 39.78 21.50 101 94   938000 1362000   260 10.15
0.191 0.0414 39.69 21.50 101 94   938000 1362000   260 10.15
0.193 0.0390 39.60 21.50 101 94   938000 1362000   260 10.15
0.196 0.0395 39.51 21.50 101 94   938000 1362000   260 10.15
0.198 0.0383 39.43 21.50 101 94   938000 1362000   260 10.15
0.200 0.0412 39.35 21.50 101 94   938000 1362000   260 10.15
0.203 0.0392 39.28 21.50 101 94   938000 1362000   260 10.15
0.205 0.0395 39.23 21.50 101 94   938000 1362000   260 10.15
0.208 0.0385 39.20 21.50 101 94   938000 1362000   260 10.15
0.210 0.0398 39.19 21.50 101 94   938000 1362000   260 10.15
0.212 0.0393 39.21 21.50 101 94   938000 1362000   260 10.15
0.215 0.0370 39.24 21.50 101 94   938000 1362000   260 10.15
0.217 0.0382 39.27 21.50 101 94   938000 1362000   260 10.15
0.219 0.0392 39.30 21.50 101 94   938000 1362000   260 10.15
0.222 0.0410 39.31 21.50 101 94   938000 1362000   260 10.15
0.224 0.0377 39.31 21.50 101 94   938000 1362000   260 10.15
0.226 0.0433 39.30 21.50 101 94   938000 1362000   260 10.15
0.229 0.0374 39.29 21.50 101 94   938000 1362000   260 10.15
0.231 0.0407 39.28 21.50 101 94   938000 1362000   260 10.15
0.233 0.0398 39.28 21.50 101 94   938000 1362000   260 10.15
0.236 0.0371 39.29 21.50 101 94   938000 1362000   260 10.15
0.238 0.0400 39.31 21.50 101 94   938000 1362000   260 10.15
0.241 0.0386 39.34 21.50 101 94   938000 1362000   260 10.15
0.243 0.0400 39.36 21.50 101 94   938000 1362000   260 10.15
0.245 0.0415 39.37 21.50 101 94   938000 1362000   260 10.15
0.248 0.0379 39.38 21.50 101 94   938000 1362000   260 10.15
0.250 0.0397 39.37 21.50 101 94   938000 1362000   260 10.15
0.252 0.0398 39.36 21.50 101 94   938000 1362000   260 10.15
0.255 0.0403 39.36 21.50 101 94   938000 1362000   260 10.15
0.257 0.0350 39.35 21.50 101 94   938000 1362000   260 10.15
0.259 0.0381 39.36 21.50 101 94   938000 1362000   260 10.15
0.262 0.0419 39.36 21.50 101 94   938000 1362000   260 10.15
0.264 0.0363 39.37 21.50 101 94   938000 1362000   260 10.15
0.267 0.0395 39.39 21.50 101 94   938000 1362000   260 10.15
0.269 0.0438 39.41 21.50 101 94   938000 1362000   260 10.15
0.271 0.0412 39.43 21.50 101 94   938000 1362000   260 10.15
0.274 0.0410 39.45 21.50 101 94   938000 1362000   260 10.15
0.276 0.0376 39.46 21.50 101 94   938000 1362000   260 10.15
0.278 0.0367 39.46 21.50 101 94   938000 1362000   260 10.15
0.281 0.0397 39.45 21.50 101 94   938000 1362000   260 10.15
0.283 0.0410 39.45 21.50 101 94   938000 1362000   260 10.15
0.285 0.0367 39.47 21.50 101 94   938000 1362000   260 10.15
0.288 0.0393 39.50 21.50 101 94   938000 1362000   260 10.15
0.290 0.0392 39.54 21.50 101 94   938000 1362000   260 10.15
0.292 0.0425 39.58 21.50 101 94   938000 1362000   260 10.15
0.295 0.0420 39.62 21.50 101 94   938000 1362000   260 10.15
0.297 0.0388 39.66 21.50 101 94   938000 1362000   260 10.15
0.300 0.0403 39.70 21.50 101 94   938000 1362000   260 10.15
0.302 0.0381 39.74 21.50 101 94   938000 1362000   260 10.15
0.304 0.0355 39.79 21.50 101 94   938000 1362000   260 10.15
0.307 0.0416 39.84 21.50 101 94   938000 1362000   260 10.15
0.309 0.0393 39.90 21.50 101 94   938000 1362000   260 10.15
0.311 0.0401 39.98 21.50 101 94   938000 1362000   260 10.15
0.314 0.0423 40.07 21.50 101 94   938000 1362000   260 10.15
0.316 0.0376 40.17 21.50 101 94   938000 1362000   260 10.15
0.318 0.0407 40.28 21.50 101 94   938000 1362000   260 10.15
0.321 0.0412 40.40 21.50 101 94   938000 1362000   260 10.15
0.323 0.0437 40.51 21.50 101 94   938000 1362000   260 10.15
0.325 0.0405 40.63 21.50 101 94   938000 1362000   260 10.15
0.328 0.0425 40.75 21.50 101 94   938000 1362000   260 10.15
0.330 0.0416 40.88 21.50 101 94   938000 1362000   260 10.15
0.333 0.0365 41.00 21.50 101 94   938000 1362000   260 10.15
0.335 0.0366 41.11 21.50 101 94   938000 1362000   260 10.15
0.337 0.0428 41.21 21.50 101 94   938000 1362000   260 10.15
0.340 0.0434 41.31 21.50 101 94   938000 1362000   260 10.15
0.342 0.0421 41.40 21.50 101 94   938000 1362000   260 10.15
0.344 0.0400 41.48 21.50 101 94   938000 1362000   260 10.15
0.347 0.0421 41.55 21.50 101 94   938000 1362000   260 10.15
0.349 0.0435 41.62 21.50 101 94   938000 1362000   260 10.15
0.351 0.0406 41.70 21.50 101 94   938000 1362000   260 10.15
0.354 0.0450 41.80 21.50 101 94   938000 1362000   260 10.15
0.356 0.0394 41.90 21.50 101 94   938000 1362000   260 10.15
0.358 0.0442 42.02 21.50 101 94   938000 1362000   260 10.15
0.361 0.0424 42.13 21.50 101 94   938000 1362000   260 10.15
0.363 0.0417 42.25 21.50 101 94   938000 1362000   260 10.15
0.366 0.0395 42.37 21.50 101 94   938000 1362000   260 10.15
0.368 0.0404 42.48 21.50 101 94   938000 1362000   260 10.15
0.370 0.0423 42.59 21.50 101 94   938000 1362000   260 10.15
0.373 0.0455 42.70 21.50 101 94   938000 1362000   260 10.15
0.375 0.0426 42.79 21.50 101 94   938000 1362000   260 10.15
0.377 0.0406 42.89 21.50 101 94   938000 1362000   260 10.15
0.380 0.0467 42.99 21.50 101 94   938000 1362000   260 10.15
0.382 0.0419 43.10 21.50 101 94   938000 1362000   260 10.15
0.384 0.0445 43.23 21.50 101 94   938000 1362000   260 10.15
0.387 0.0416 43.38 21.50 101 94   938000 1362000   260 10.15
0.389 0.0436 43.54 21.50 101 94   938000 1362000   260 10.15
0.392 0.0460 43.69 21.50 101 94   938000 1362000   260 10.15
0.394 0.0425 43.83 21.50 101 94   938000 1362000   260 10.15
0.396 0.0441 43.97 21.50 101 94   938000 1362000   260 10.15
0.399 0.0399 44.09 21.50 101 94   938000 1362000   260 10.15
0.401 0.0485 44.20 21.50 101 94   938000 1362000   260 10.15
0.403 0.0421 44.29 21.50 101 94   938000 1362000   260 10.15
0.406 0.0456 44.36 21.50 101 94   938000 1362000   260 10.15
0.408 0.0448 44.42 21.50 101 94   938000 1362000   260 10.15
0.410 0.0443 44.48 21.50 101 94   938000 1362000   260 10.15
0.413 0.0426 44.52 21.50 101 94   938000 1362000   260 10.15
0.415 0.0481 44.56 21.50 101 94   938000 1362000   260 10.15
0.417 0.0444 44.60 21.50 101 94   938000 1362000   260 10.15
0.420 0.0427 44.63 21.50 101 94   938000 1362000   260 10.15
0.422 0.0466 44.65 21.50 101 94   938000 1362000   260 10.15
0.425 0.0454 44.66 21.50 101 94   938000 1362000   260 10.15
0.427 0.0441 44.66 21.50 101 94   938000 1362000   260 10.15
0.429 0.0424 44.65 21.50 101 94   938000 1362000   260 10.15
0.432 0.0465 44.63 21.50 101 94   938000 1362000   260 10.15
0.434 0.0418 44.61 21.50 101 94   938000 1362000   260 10.15
0.436 0.0451 44.59 21.50 101 94   938000 1362000   260 10.15
0.439 0.0481 44.57 21.50 101 94   938000 1362000   260 10.15
0.441 0.0426 44.56 21.50 101 94   938000 1362000   260 10.15
0.443 0.0441 44.56 21.50 101 94   938000 1362000   260 10.15
0.446 0.0431 44.58 21.50 101 94   938000 1362000   260 10.15
0.448 0.0482 44.61 21.50 101 94   938000 1362000   260 10.15
0.450 0.0439 44.67 21.50 101 94   938000 1362000   260 10.15
0.453 0.0431 44.73 21.50 101 94   938000 1362000   260 10.15
0.455 0.0452 44.81 21.50 101 94   938000 1362000   260 10.15
0.458 0.0448 44.89 21.50 101 94   938000 1362000   260 10.15
0.460 0.0437 44.98 21.50 101 94   938000 1362000   260 10.15
0.462 0.0426 45.06 21.50 101 94   938000 1362000   260 10.15
0.465 0.0477 45.13 21.50 101 94   938000 1362000   260 10.15
0.467 0.0457 45.19 21.50 101 94   938000 1362000   260 10.15
0.469 0.0440 45.23 21.50 101 94   938000 1362000   260 10.15
0.472 0.0466 45.26 21.50 101 94   938000 1362000   260 10.15
0.474 0.0460 45.29 21.50 101 94   938000 1362000   260 10.15
0.476 0.0465 45.32 21.50 101 94   938000 1362000   260 10.15
0.479 0.0437 45.35 21.50 101 94   938000 1362000   260 10.15
0.481 0.0481 45.38 21.50 101 94   938000 1362000   260 10.15
0.483 0.0435 45.42 21.50 101 94   938000 1362000   260 10.15
0.486 0.0453 45.47 21.50 101 94   938000 1362000   260 10.15
0.488 0.0504 45.53 21.50 101 94   938000 1362000   260 10.15
0.491 0.0455 45.60 21.50 101 94   938000 1362000   260 10.15
0.493 0.0425 45.69 21.50 101 94   938000 1362000   260 10.15
0.495 0.0452 45.79 21.50 101 94   938000 1362000   260 10.15
0.498 0.0443 45.90 21.50 101 94   938000 1362000   260 10.15
0.500 0.0479 46.04 21.50 101 94   938000 1362000   260 10.15
0.502 0.0443 46.19 21.50 101 94   938000 1362000   260 10.15
0.505 0.0453 46.38 21.50 101 94   938000 1362000   260 10.15
0.507 0.0443 46.59 21.50 101 94   938000 1362000   260 10.15
0.509 0.0463 46.83 21.50 101 94   938000 1362000   260 10.15
0.512 0.0492 47.10 21.50 101 94   938000 1362000   260 10.15
0.514 0.0502 47.38 21.50 101 94   938000 1362000   260 10.15
0.517 0.0452 47.68 21.50 101 94   938000 1362000   260 10.15
0.519 0.0505 47.98 21.50 101 94   938000 1362000   260 10.15
0.521 0.0470 48.30 21.50 101 94   938000 1362000   260 10.15
0.524 0.0478 48.61 21.50 101 94   938000 1362000   260 10.15
0.526 0.0478 48.92 21.50 101 94   938000 1362000   260 10.15
0.528 0.0521 49.23 21.50 101 94   938000 1362000   260 10.15
0.531 0.0524 49.53 21.50 101 94   938000 1362000   260 10.15
0.533 0.0465 49.83 21.50 101 94   938000 1362000   260 10.15
0.535 0.0509 50.13 21.50 101 94   938000 1362000   260 10.15
0.538 0.0509 50.41 21.50 101 94   938000 1362000   260 10.15
0.540 0.0524 50.69 21.50 101 94   938000 1362000   260 10.15
0.542 0.0481 50.97 21.50 101 94   938000 1362000   260 10.15
0.545 0.0524 51.25 21.50 101 94   938000 1362000   260 10.15
0.547 0.0546 51.54 21.50 101 94   938000 1362000   260 10.15
0.550 0.0503 51.82 21.50 101 94   938000 1362000   260 10.15
0.552 0.0493 52.11 21.50 101 94   938000 1362000   260 10.15
0.554 0.0485 52.41 21.50 101 94   938000 1362000   260 10.15
0.557 0.0572 52.72 21.50 101 94   938000 1362000   260 10.15
0.559 0.0517 53.05 21.50 101 94   938000 1362000   260 10.15
0.561 0.0533 53.39 21.50 101 94   938000 1362000   260 10.15
0.564 0.0561 53.74 21.50 101 94   938000 1362000   260 10.15
0.566 0.0515 54.11 21.50 101 94   938000 1362000   260 10.15
0.568 0.0524 54.49 21.50 101 94   938000 1362000   260 10.15
0.571 0.0591 54.89 21.50 101 94   938000 1362000   260 10.15
0.573 0.0556 55.30 21.50 101 94   938000 1362000   260 10.15
0.575 0.0581 55.73 21.50 101 94   938000 1362000   260 10.15
0.578 0.0523 56.17 21.50 101 94   938000 1362000   260 10.15
0.580 0.0580 56.61 21.50 101 94   938000 1362000   260 10.15
0.583 0.0543 57.04 21.50 101 94   938000 1362000   260 10.15
0.585 0.0592 57.48 21.50 101 94   938000 1362000   260 10.15
0.587 0.0599 57.91 21.50 101 94   938000 1362000   260 10.15
0.590 0.0537 58.32 21.50 101 94   938000 1362000   260 10.15
0.592 0.0573 58.72 21.50 101 94   938000 1362000   260 10.15
0.594 0.0620 59.10 21.50 101 94   938000 1362000   260 10.15
0.597 0.0606 59.45 21.50 101 94   938000 1362000   260 10.15
0.599 0.0606 59.79 21.50 101 94   938000 1362000   260 10.15
0.601 0.0600 60.10 21.50 101 94   938000 1362000   260 10.15
0.604 0.0566 60.40 21.50 101 94   938000 1362000   260 10.15
0.606 0.0628 60.67 21.50 101 94   938000 1362000   260 10.15
0.608 0.0642 60.92 21.50 101 94   938000 1362000   260 10.15
0.611 0.0603 61.13 21.50 101 94   938000 1362000   260 10.15
0.613 0.0597 61.32 21.50 101 94   938000 1362000   260 10.15
0.616 0.0633 61.47 21.50 101 94   938000 1362000   260 10.15
0.618 0.0584 61.60 21.50 101 94   938000 1362000   260 10.15
0.620 0.0649 61.70 21.50 101 94   938000 1362000   260 10.15
0.623 0.0638 61.78 21.50 101 94   938000 1362000   260 10.15
0.625 0.0586 61.83 21.50 101 94   938000 1362000   260 10.15
0.627 0.0637 61.86 21.50 101 94   938000 1362000   260 10.15
0.630 0.0617 61.88 21.50 101 94   938000 1362000   260 10.15
0.632 0.0611 61.90 21.50 101 94   938000 1362000   260 10.15
0.634 0.0595 61.91 21.50 101 94   938000 1362000   260 10.15
0.637 0.0638 61.90 21.50 101 94   938000 1362000   260 10.15
0.639 0.0642 61.88 21.50 101 94   938000 1362000   260 10.15
0.642 0.0566 61.85 21.50 101 94   938000 1362000   260 10.15
0.644 0.0627 61.81 21.50 101 94   938000 1362000   260 10.15
0.646 0.0645 61.76 21.50 101 94   938000 1362000   260 10.15
0.649 0.0578 61.69 21.50 101 94   938000 1362000   260 10.15
0.651 0.0636 61.62 21.50 101 94   938000 1362000   260 10.15
0.653 0.0640 61.54 21.50 101 94   938000 1362000   260 10.15
0.656 0.0598 61.46 21.50 101 94   938000 1362000   260 10.15
0.658 0.0562 61.38 21.50 101 94   938000 1362000   260 10.15
0.660 0.0688 61.30 21.50 101 94   938000 1362000   260 10.15
0.663 0.0625 61.21 21.50 101 94   938000 1362000   260 10.15
0.665 0.0583 61.13 21.50 101 94   938000 1362000   260 10.15
0.667 0.0624 61.04 21.50 101 94   938000 1362000   260 10.15
0.670 0.0600 60.94 21.50 101 94   938000 1362000   260 10.15
0.672 0.0628 60.84 21.50 101 94   938000 1362000   260 10.15
0.675 0.0562 60.73 21.50 101 94   938000 1362000   260 10.15
0.677 0.0635 60.63 21.50 101 94   938000 1362000   260 10.15
0.679 0.0587 60.52 21.50 101 94   938000 1362000   260 10.15
0.682 0.0597 60.42 21.50 101 94   938000 1362000   260 10.15
0.684 0.0555 60.33 21.50 101 94   938000 1362000   260 10.15
0.686 0.0660 60.24 21.50 101 94   938000 1362000   260 10.15
0.689 0.0628 60.15 21.50 101 94   938000 1362000   260 10.15
0.691 0.0574 60.07 21.50 101 94   938000 1362000   260 10.15
0.693 0.0579 59.98 21.50 101 94   938000 1362000   260 10.15
0.696 0.0619 59.90 21.50 101 94   938000 1362000   260 10.15
0.698 0.0605 59.82 21.50 101 94   938000 1362000   260 10.15
0.700 0.0596 59.73 21.50 101 94   938000 1362000   260 10.15
0.703 0.0599 59.65 21.50 101 94   938000 1362000   260 10.15
0.705 0.0581 59.56 21.50 101 94   938000 1362000   260 10.15
0.708 0.0592 59.47 21.50 101 94   938000 1362000   260 10.15
0.710 0.0615 59.37 21.50 101 94   938000 1362000   260 10.15
0.712 0.0575 59.26 21.50 101 94   938000 1362000   260 10.15
0.715 0.0588 59.14 21.50 101 94   938000 1362000   260 10.15
0.717 0.0616 59.02 21.50 101 94   938000 1362000   260 10.15
0.719 0.0617 58.89 21.50 101 94   938000 1362000   260 10.15
0.722 0.0565 58.77 21.50 101 94   938000 1362000   260 10.15
0.724 0.0553 58.64 21.50 101 94   938000 1362000   260 10.15
0.726 0.0614 58.52 21.50 101 94   938000 1362000   260 10.15
0.729 0.0571 58.40 21.50 101 94   938000 1362000   260 10.15
0.731 0.0574 58.28 21.50 101 94   938000 1362000   260 10.15
0.733 0.0591 58.17 21.50 101 94   938000 1362000   260 10.15
0.736 0.0554 58.06 21.50 101 94   938000 1362000   260 10.15
0.738 0.0564 57.96 21.50 101 94   938000 1362000   260 10.15
0.741 0.0651 57.85 21.50 101 94   938000 1362000   260 10.15
0.743 0.0560 57.75 21.50 101 94   938000 1362000   260 10.15
0.745 0.0565 57.65 21.50 101 94   938000 1362000   260 10.15
0.748 0.0566 57.56 21.50 101 94   938000 1362000   260 10.15
0.750 0.0565 57.48 21.50 101 94   938000 1362000   260 10.15
0.752 0.0591 57.39 21.50 101 94   938000 1362000   260 10.15
0.755 0.0585 57.32 21.50 101 94   938000 1362000   260 10.15
0.757 0.0570 57.26 21.50 101 94   938000 1362000   260 10.15
0.759 0.0570 57.20 21.50 101 94   938000 1362000   260 10.15
0.762 0.0568 57.14 21.50 101 94   938000 1362000   260 10.15
0.764 0.0563 57.08 21.50 101 94   938000 1362000   260 10.15
0.767 0.0584 57.01 21.50 101 94   938000 1362000   260 10.15
0.769 0.0544 56.94 21.50 101 94   938000 1362000   260 10.15
0.771 0.0599 56.87 21.50 101 94   938000 1362000   260 10.15
0.774 0.0545 56.80 21.50 101 94   938000 1362000   260 10.15
0.776 0.0568 56.74 21.50 101 94   938000 1362000   260 10.15
0.778 0.0591 56.69 21.50 101 94   938000 1362000   260 10.15
0.781 0.0548 56.65 21.50 101 94   938000 1362000   260 10.15
0.783 0.0588 56.62 21.50 101 94   938000 1362000   260 10.15
0.785 0.0523 56.61 21.50 101 94   938000 1362000   260 10.15
0.788 0.0585 56.61 21.50 101 94   938000 1362000   260 10.15
0.790 0.0583 56.62 21.50 101 94   938000 1362000   260 10.15
0.792 0.0553 56.64 21.50 101 94   938000 1362000   260 10.15
0.795 0.0584 56.68 21.50 101 94   938000 1362000   260 10.15
0.797 0.0544 56.73 21.50 101 94   938000 1362000   260 10.15
0.800 0.0589 56.80 21.50 101 94   938000 1362000   260 10.15
0.802 0.0548 56.88 21.50 101 94   938000 1362000   260 10.15
0.804 0.0565 56.98 21.50 101 94   938000 1362000   260 10.15
0.807 0.0552 57.08 21.50 101 94   938000 1362000   260 10.15
0.809 0.0596 57.19 21.50 101 94   938000 1362000   260 10.15
0.811 0.0578 57.30 21.50 101 94   938000 1362000   260 10.15
0.814 0.0574 57.41 21.50 101 94   938000 1362000   260 10.15
0.816 0.0561 57.51 21.50 101 94   938000 1362000   260 10.15
0.818 0.0572 57.62 21.50 101 94   938000 1362000   260 10.15
0.821 0.0585 57.71 21.50 101 94   938000 1362000   260 10.15
0.823 0.0595 57.81 21.50 101 94   938000 1362000   260 10.15
0.825 0.0587 57.90 21.50 101 94   938000 1362000   260 10.15
0.828 0.0544 57.99 21.50 101 94   938000 1362000   260 10.15
0.830 0.0616 58.08 21.50 101 94   938000 1362000   260 10.15
0.833 0.0579 58.17 21.50 101 94   938000 1362000   260 10.15
0.835 0.0563 58.26 21.50 101 94   938000 1362000   260 10.15
0.837 0.0605 58.33 21.50 101 94   938000 1362000   260 10.15
0.840 0.0582 58.40 21.50 101 94   938000 1362000   260 10.15
0.842 0.0596 58.45 21.50 101 94   938000 1362000   260 10.15
0.844 0.0567 58.48 21.50 101 94   938000 1362000   260 10.15
0.847 0.0582 58.50 21.50 101 94   938000 1362000   260 10.15
0.849 0.0597 58.52 21.50 101 94   938000 1362000   260 10.15
0.851 0.0559 58.53 21.50 101 94   938000 1362000   260 10.15
0.854 0.0577 58.55 21.50 101 94   938000 1362000   260 10.15
0.856 0.0581 58.55 21.50 101 94   938000 1362000   260 10.15
0.858 0.0588 58.56 21.50 101 94   938000 1362000   260 10.15
0.861 0.0626 58.56 21.50 101 94   938000 1362000   260 10.15
0.863 0.0590 58.55 21.50 101 94   938000 1362000   260 10.15
0.866 0.0557 58.55 21.50 101 94   938000 1362000   260 10.15
0.868 0.0598 58.55 21.50 101 94   938000 1362000   260 10.15
0.870 0.0608 58.55 21.50 101 94   938000 1362000   260 10.15
0.873 0.0574 58.56 21.50 101 94   938000 1362000   260 10.15
0.875 0.0583 58.56 21.50 101 94   938000 1362000   260 10.15
0.877 0.0567 58.56 21.50 101 94   938000 1362000   260 10.15
0.880 0.0568 58.57 21.50 101 94   938000 1362000   260 10.15
0.882 0.0608 58.58 21.50 101 94   938000 1362000   260 10.15
0.884 0.0596 58.59 21.50 101 94   938000 1362000   260 10.15
0.887 0.0563 58.59 21.50 101 94   938000 1362000   260 10.15
0.889 0.0594 58.60 21.50 101 94   938000 1362000   260 10.15
0.892 0.0605 58.60 21.50 101 94   938000 1362000   260 10.15
0.894 0.0579 58.60 21.50 101 94   938000 1362000   260 10.15
0.896 0.0591 58.60 21.50 101 94   938000 1362000   260 10.15
0.899 0.0547 58.59 21.50 101 94   938000 1362000   260 10.15
0.901 0.0582 58.59 21.50 101 94   938000 1362000   260 10.15
0.903 0.0604 58.58 21.50 101 94   938000 1362000   260 10.15
0.906 0.0597 58.58 21.50 101 94   938000 1362000   260 10.15
0.908 0.0595 58.56 21.50 101 94   938000 1362000   260 10.15
0.910 0.0588 58.54 21.50 101 94   938000 1362000   260 10.15
0.913 0.0571 58.51 21.50 101 94   938000 1362000   260 10.15
0.915 0.0597 58.46 21.50 101 94   938000 1362000   260 10.15
0.917 0.0581 58.41 21.50 101 94   938000 1362000   260 10.15
0.920 0.0596 58.35 21.50 101 94   938000 1362000   260 10.15
0.922 0.0576 58.29 21.50 101 94   938000 1362000   260 10.15
0.925 0.0577 58.23 21.50 101 94   938000 1362000   260 10.15
0.927 0.0588 58.18 21.50 101 94   938000 1362000   260 10.15
0.929 0.0586 58.15 21.50 101 94   938000 1362000   260 10.15
0.932 0.0566 58.11 21.50 101 94   938000 1362000   260 10.15
0.934 0.0573 58.09 21.50 101 94   938000 1362000   260 10.15
0.936 0.0591 58.07 21.50 101 94   938000 1362000   260 10.15
0.939 0.0569 58.05 21.50 101 94   938000 1362000   260 10.15
0.941 0.0605 58.04 21.50 101 94   938000 1362000   260 10.15
0.943 0.0528 58.03 21.50 101 94   938000 1362000   260 10.15
0.946 0.0599 58.02 21.50 101 94   938000 1362000   260 10.15
0.948 0.0598 58.02 21.50 101 94   938000 1362000   260 10.15
0.950 0.0567 58.01 21.50 101 94   938000 1362000   260 10.15
0.953 0.0588 58.00 21.50 101 94   938000 1362000   260 10.15
0.955 0.0556 57.98 21.50 101 94   938000 1362000   260 10.15
0.958 0.0611 57.95 21.50 101 94   938000 1362000   260 10.15
0.960 0.0562 57.91 21.50 101 94   938000 1362000   260 10.15
0.962 0.0600 57.86 21.50 101 94   938000 1362000   260 10.15
0.965 0.0574 57.82 21.50 101 94   938000 1362000   260 10.15
0.967 0.0586 57.76 21.50 101 94   938000 1362000   260 10.15
0.969 0.0593 57.71 21.50 101 94   938000 1362000   260 10.15
0.972 0.0571 57.64 21.50 101 94   938000 1362000   260 10.15
0.974 0.0568 57.57 21.50 101 94   938000 1362000   260 10.15
0.976 0.0561 57.50 21.50 101 94   938000 1362000   260 10.15
0.979 0.0596 57.43 21.50 101 94   938000 1362000   260 10.15
0.981 0.0563 57.35 21.50 101 94   938000 1362000   260 10.15
0.983 0.0572 57.28 21.50 101 94   938000 1362000   260 10.15
0.986 0.0542 57.21 21.50 101 94   938000 1362000   260 10.15
0.988 0.0574 57.14 21.50 101 94   938000 1362000   260 10.15
0.991 0.0594 57.08 21.50 101 94   938000 1362000   260 10.15
0.993 0.0558 57.02 21.50 101 94   938000 1362000   260 10.15
0.995 0.0533 56.98 21.50 101 94   938000 1362000   260 10.15
0.998 0.0597 56.94 21.50 101 94   938000 1362000   260 10.15
1.000 0.0579 56.92 21.50 101 94   938000 1362000   260 10.15
1.002 0.0581 56.89 21.50 101 94   938000 1362000   260 10.15
1.005 0.0570 56.87 21.50 101 94   938000 1362000   260 10.15
1.007 0.0555 56.85 21.50 101 94   938000 1362000   260 10.15
1.009 0.0577 56.83 21.50 101 94   938000 1362000   260 10.15
1.012 0.0572 56.79 21.50 101 94   938000 1362000   260 10.15
1.014 0.0553 56.75 21.50 101 94   938000 1362000   260 10.15
1.017 0.0556 56.70 21.50 101 94   938000 1362000   260 10.15
1.019 0.0580 56.63 21.50 101 94   938000 1362000   260 10.15
1.021 0.0583 56.55 21.50 101 94   938000 1362000   260 10.15
1.024 0.0564 56.47 21.50 101 94   938000 1362000   260 10.15
1.026 0.0557 56.38 21.50 101 94   938000 1362000   260 10.15
1.028 0.0536 56.29 21.50 101 94   938000 1362000   260 10.15
1.031 0.0591 56.20 21.50 101 94   938000 1362000   260 10.15
1.033 0.0561 56.11 21.50 101 94   938000 1362000   260 10.15
1.035 0.0565 56.02 21.50 101 94   938000 1362000   260 10.15
1.038 0.0557 55.95 21.50 101 94   938000 1362000   260 10.15
1.040 0.0561 55.88 21.50 101 94   938000 1362000   260 10.15
1.042 0.0530 55.82 21.50 101 94   938000 1362000   260 10.15
1.045 0.0575 55.77 21.50 101 94   938000 1362000   260 10.15
1.047 0.0542 55.74 21.50 101 94   938000 1362000   260 10.15
1.050 0.0564 55.71 21.50 101 94   938000 1362000   260 10.15
1.052 0.0540 55.68 21.50 101 94   938000 1362000   260 10.15
1.054 0.0585 55.66 21.50 101 94   938000 1362000   260 10.15
1.057 0.0543 55.63 21.50 101 94   938000 1362000   260 10.15
1.059 0.0572 55.60 21.50 101 94   938000 1362000   260 10.15
1.061 0.0530 55.57 21.50 101 94   938000 1362000   260 10.15
1.064 0.0566 55.55 21.50 101 94   938000 1362000   260 10.15
1.066 0.0564 55.53 21.50 101 94   938000 1362000   260 10.15
1.068 0.0562 55.51 21.50 101 94   938000 1362000   260 10.15
1.071 0.0539 55.49 21.50 101 94   938000 1362000   260 10.15
1.073 0.0558 55.46 21.50 101 94   938000 1362000   260 10.15
1.075 0.0582 55.44 21.50 101 94   938000 1362000   260 10.15
1.078 0.0531 55.43 21.50 101 94   938000 1362000   260 10.15
1.080 0.0548 55.42 21.50 101 94   938000 1362000   260 10.15
1.083 0.0578 55.41 21.50 101 94   938000 1362000   260 10.15
1.085 0.0559 55.40 21.50 101 94   938000 1362000   260 10.15
1.087 0.0533 55.39 21.50 101 94   938000 1362000   260 10.15
1.090 0.0579 55.40 21.50 101 94   938000 1362000   260 10.15
1.092 0.0527 55.43 21.50 101 94   938000 1362000   260 10.15
1.094 0.0540 55.47 21.50 101 94   938000 1362000   260 10.15
1.097 0.0558 55.51 21.50 101 94   938000 1362000   260 10.15
1.099 0.0551 55.57 21.50 101 94   938000 1362000   260 10.15
1.101 0.0550 55.64 21.50 101 94   938000 1362000   260 10.15
1.104 0.0579 55.71 21.50 101 94   938000 1362000   260 10.15
1.106 0.0561 55.79 21.50 101 94   938000 1362000   260 10.15
1.108 0.0540 55.86 21.50 101 94   938000 1362000   260 10.15
1.111 0.0573 55.94 21.50 101 94   938000 1362000   260 10.15
1.113 0.0559 56.01 21.50 101 94   938000 1362000   260 10.15
1.116 0.0553 56.08 21.50 101 94   938000 1362000   260 10.15
1.118 0.0563 56.14 21.50 101 94   938000 1362000   260 10.15
1.120 0.0579 56.20 21.50 101 94   938000 1362000   260 10.15
1.123 0.0552 56.26 21.50 101 94   938000 1362000   260 10.15
1.125 0.0575 56.31 21.50 101 94   938000 1362000   260 10.15
1.127 0.0542 56.35 21.50 101 94   938000 1362000   260 10.15
1.130 0.0591 56.38 21.50 101 94   938000 1362000   260 10.15
1.132 0.0576 56.40 21.50 101 94   938000 1362000   260 10.15
1.134 0.0568 56.42 21.50 101 94   938000 1362000   260 10.15
1.137 0.0535 56.42 21.50 101 94   938000 1362000   260 10.15
1.139 0.0554 56.41 21.50 101 94   938000 1362000   260 10.15
1.142 0.0566 56.38 21.50 101 94   938000 1362000   260 10.15
1.144 0.0573 56.35 21.50 101 94   938000 1362000   260 10.15
1.146 0.0571 56.32 21.50 101 94   938000 1362000   260 10.15
1.149 0.0553 56.28 21.50 101 94   938000 1362000   260 10.15
1.151 0.0545 56.25 21.50 101 94   938000 1362000   260 10.15
1.153 0.0552 56.20 21.50 101 94   938000 1362000   260 10.15
1.156 0.0599 56.15 21.50 101 94   938000 1362000   260 10.15
1.158 0.0539 56.12 21.50 101 94   938000 1362000   260 10.15
1.160 0.0590 56.09 21.50 101 94   938000 1362000   260 10.15
1.163 0.0570 56.08 21.50 101 94   938000 1362000   260 10.15
1.165 0.0542 56.09 21.50 101 94   938000 1362000   260 10.15
1.167 0.0563 56.10 21.50 101 94   938000 1362000   260 10.15
1.170 0.0556 56.12 21.50 101 94   938000 1362000   260 10.15
1.172 0.0566 56.14 21.50 101 94   938000 1362000   260 10.15
1.175 0.0555 56.16 21.50 101 94   938000 1362000   260 10.15
1.177 0.0565 56.18 21.50 101 94   938000 1362000   260 10.15
1.179 0.0551 56.19 21.50 101 94   938000 1362000   260 10.15
1.182 0.0547 56.20 21.50 101 94   938000 1362000   260 10.15
1.184 0.0554 56.20 21.50 101 94   938000 1362000   260 10.15
1.186 0.0580 56.20 21.50 101 94   938000 1362000   260 10.15
1.189 0.0559 56.21 21.50 101 94   938000 1362000   260 10.15
1.191 0.0580 56.22 21.50 101 94   938000 1362000   260 10.15
1.193 0.0546 56.22 21.50 101 94   938000 1362000   260 10.15
1.196 0.0571 56.22 21.50 101 94   938000 1362000   260 10.15
1.198 0.0563 56.22 21.50 101 94   938000 1362000   260 10.15
1.200 0.0545 56.21 21.50 101 94   938000 1362000   260 10.15
1.203 0.0656 56.20 21.50 101 94   938000 1362000   260 10.15
1.205 0.0509 56.18 21.50 101 94   938000 1362000   260 10.15
1.208 0.0533 56.15 21.50 101 94   938000 1362000   260 10.15
1.210 0.0555 56.12 21.50 101 94   938000 1362000   260 10.15
1.212 0.0581 56.08 21.50 101 94   938000 1362000   260 10.15
1.215 0.0544 56.03 21.50 101 94   938000 1362000   260 10.15
1.217 0.0583 55.98 21.50 101 94   938000 1362000   260 10.15
1.219 0.0566 55.94 21.50 101 94   938000 1362000   260 10.15
1.222 0.0521 55.90 21.50 101 94   938000 1362000   260 10.15
1.224 0.0597 55.88 21.50 101 94   938000 1362000   260 10.15
1.226 0.0551 55.87 21.50 101 94   938000 1362000   260 10.15
1.229 0.0546 55.87 21.50 101 94   938000 1362000   260 10.15
1.231 0.0555 55.89 21.50 101 94   938000 1362000   260 10.15
1.233 0.0582 55.92 21.50 101 94   938000 1362000   260 10.15
1.236 0.0528 55.97 21.50 101 94   938000 1362000   260 10.15
1.238 0.0549 56.02 21.50 101 94   938000 1362000   260 10.15
1.241 0.0573 56.08 21.50 101 94   938000 1362000   260 10.15
1.243 0.0564 56.15 21.50 101 94   938000 1362000   260 10.15
1.245 0.0577 56.21 21.50 101 94   938000 1362000   260 10.15
1.248 0.0539 56.26 21.50 101 94   938000 1362000   260 10.15
1.250 0.0572 56.32 21.50 101 94   938000 1362000   260 10.15
1.252 0.0572 56.36 21.50 101 94   938000 1362000   260 10.15
1.255 0.0568 56.40 21.50 101 94   938000 1362000   260 10.15
1.257 0.0577 56.43 21.50 101 94   938000 1362000   260 10.15
1.259 0.0536 56.47 21.50 101 94   938000 1362000   260 10.15
1.262 0.0572 56.51 21.50 101 94   938000 1362000   260 10.15
1.264 0.0569 56.54 21.50 101 94   938000 1362000   260 10.15
1.267 0.0599 56.56 21.50 101 94   938000 1362000   260 10.15
1.269 0.0542 56.57 21.50 101 94   938000 1362000   260 10.15
1.271 0.0559 56.57 21.50 101 94   938000 1362000   260 10.15
1.274 0.0570 56.55 21.50 101 94   938000 1362000   260 10.15
1.276 0.0544 56.53 21.50 101 94   938000 1362000   260 10.15
1.278 0.0590 56.49 21.50 101 94   938000 1362000   260 10.15
1.281 0.0557 56.45 21.50 101 94   938000 1362000   260 10.15
1.283 0.0571 56.41 21.50 101 94   938000 1362000   260 10.15
1.285 0.0550 56.36 21.50 101 94   938000 1362000   260 10.15
1.288 0.0551 56.31 21.50 101 94   938000 1362000   260 10.15
1.290 0.0566 56.26 21.50 101 94   938000 1362000   260 10.15
1.292 0.0580 56.22 21.50 101 94   938000 1362000   260 10.15
1.295 0.0580 56.17 21.50 101 94   938000 1362000   260 10.15
1.297 0.0540 56.13 21.50 101 94   938000 1362000   260 10.15
1.300 0.0559 56.09 21.50 101 94   938000 1362000   260 10.15
1.302 0.0561 56.06 21.50 101 94   938000 1362000   260 10.15
1.304 0.0592 56.03 21.50 101 94   938000 1362000   260 10.15
1.307 0.0544 56.01 21.50 101 94   938000 1362000   260 10.15
1.309 0.0532 55.99 21.50 101 94   938000 1362000   260 10.15
1.311 0.0555 55.98 21.50 101 94   938000 1362000   260 10.15
1.314 0.0578 55.98 21.50 101 94   938000 1362000   260 10.15
1.316 0.0580 55.98 21.50 101 94   938000 1362000   260 10.15
1.318 0.0523 55.99 21.50 101 94   938000 1362000   260 10.15
1.321 0.0559 56.00 21.50 101 94   938000 1362000   260 10.15
1.323 0.0586 56.02 21.50 101 94   938000 1362000   260 10.15
1.325 0.0543 56.03 21.50 101 94   938000 1362000   260 10.15
1.328 0.0561 56.05 21.50 101 94   938000 1362000   260 10.15
1.330 0.0542 56.07 21.50 101 94   938000 1362000   260 10.15
1.333 0.0603 56.08 21.50 101 94   938000 1362000   260 10.15
1.335 0.0550 56.08 21.50 101 94   938000 1362000   260 10.15
1.337 0.0532 56.07 21.50 101 94   938000 1362000   260 10.15
1.340 0.0585 56.04 21.50 101 94   938000 1362000   260 10.15
1.342 0.0560 56.01 21.50 101 94   938000 1362000   260 10.15
1.344 0.0555 55.96 21.50 101 94   938000 1362000   260 10.15
1.347 0.0583 55.91 21.50 101 94   938000 1362000   260 10.15
1.349 0.0540 55.85 21.50 101 94   938000 1362000   260 10.15
1.351 0.0582 55.80 21.50 101 94   938000 1362000   260 10.15
1.354 0.0549 55.74 21.50 101 94   938000 1362000   260 10.15
1.356 0.0558 55.69 21.50 101 94   938000 1362000   260 10.15
1.358 0.0560 55.65 21.50 101 94   938000 1362000   260 10.15
1.361 0.0546 55.62 21.50 101 94   938000 1362000   260 10.15
1.363 0.0556 55.60 21.50 101 94   938000 1362000   260 10.15
1.366 0.0559 55.59 21.50 101 94   938000 1362000   260 10.15
1.368 0.0545 55.59 21.50 101 94   938000 1362000   260 10.15
1.370 0.0534 55.60 21.50 101 94   938000 1362000   260 10.15
1.373 0.0573 55.62 21.50 101 94   938000 1362000   260 10.15
1.375 0.0574 55.65 21.50 101 94   938000 1362000   260 10.15
1.377 0.0503 55.68 21.50 101 94   938000 1362000   260 10.15
1.380 0.0553 55.73 21.50 101 94   938000 1362000   260 10.15
1.382 0.0566 55.79 21.50 101 94   938000 1362000   260 10.15
1.384 0.0607 55.85 21.50 101 94   938000 1362000   260 10.15
1.387 0.0533 55.92 21.50 101 94   938000 1362000   260 10.15
1.389 0.0580 56.00 21.50 101 94   938000 1362000   260 10.15
1.392 0.0572 56.07 21.50 101 94   938000 1362000   260 10.15
1.394 0.0542 56.13 21.50 101 94   938000 1362000   260 10.15
1.396 0.0559 56.18 21.50 101 94   938000 1362000   260 10.15
1.399 0.0560 56.21 21.50 101 94   938000 1362000   260 10.15
1.401 0.0576 56.23 21.50 101 94   938000 1362000   260 10.15
1.403 0.0570 56.23 21.50 101 94   938000 1362000   260 10.15
1.406 0.0565 56.21 21.50 101 94   938000 1362000   260 10.15
1.408 0.0535 56.19 21.50 101 94   938000 1362000   260 10.15
1.410 0.0591 56.16 21.50 101 94   938000 1362000   260 10.15
1.413 0.0561 56.14 21.50 101 94   938000 1362000   260 10.15
1.415 0.0517 56.13 21.50 101 94   938000 1362000   260 10.15
1.417 0.0581 56.12 21.50 101 94   938000 1362000   260 10.15
1.420 0.0567 56.11 21.50 101 94   938000 1362000   260 10.15
1.422 0.0587 56.12 21.50 101 94   938000 1362000   260 10.15
1.425 0.0545 56.14 21.50 101 94   938000 1362000   260 10.15
1.427 0.0562 56.16 21.50 101 94   938000 1362000   260 10.15
1.429 0.0541 56.20 21.50 101 94   938000 1362000   260 10.15
1.432 0.0571 56.24 21.50 101 94   938000 1362000   260 10.15
1.434 0.0531 56.29 21.50 101 94   938000 1362000   260 10.15
1.436 0.0576 56.33 21.50 101 94   938000 1362000   260 10.15
1.439 0.0558 56.36 21.50 101 94   938000 1362000   260 10.15
1.441 0.0556 56.38 21.50 101 94   938000 1362000   260 10.15
1.443 0.0606 56.38 21.50 101 94   938000 1362000   260 10.15
1.446 0.0558 56.38 21.50 101 94   938000 1362000   260 10.15
1.448 0.0556 56.37 21.50 101 94   938000 1362000   260 10.15
1.450 0.0552 56.35 21.50 101 94   938000 1362000   260 10.15
1.453 0.0611 56.32 21.50 101 94   938000 1362000   260 10.15
1.455 0.0543 56.28 21.50 101 94   938000 1362000   260 10.15
1.458 0.0589 56.24 21.50 101 94   938000 1362000   260 10.15
1.460 0.0534 56.19 21.50 101 94   938000 1362000   260 10.15
1.462 0.0543 56.14 21.50 101 94   938000 1362000   260 10.15
1.465 0.0565 56.08 21.50 101 94   938000 1362000   260 10.15
1.467 0.0577 56.02 21.50 101 94   938000 1362000   260 10.15
1.469 0.0566 55.96 21.50 101 94   938000 1362000   260 10.15
1.472 0.0554 55.89 21.50 101 94   938000 1362000   260 10.15
1.474 0.0549 55.82 21.50 101 94   938000 1362000   260 10.15
1.476 0.0561 55.76 21.50 101 94   938000 1362000   260 10.15
1.479 0.0533 55.70 21.50 101 94   938000 1362000   260 10.15
1.481 0.0545 55.65 21.50 101 94   938000 1362000   260 10.15
1.483 0.0564 55.61 21.50 101 94   938000 1362000   260 10.15
1.486 0.0560 55.58 21.50 101 94   938000 1362000   260 10.15
1.488 0.0558 55.55 21.50 101 94   938000 1362000   260 10.15
1.491 0.0570 55.52 21.50 101 94   938000 1362000   260 10.15
1.493 0.0542 55.49 21.50 101 94   938000 1362000   260 10.15
1.495 0.0582 55.47 21.50 101 94   938000 1362000   260 10.15
1.498 0.0552 55.45 21.50 101 94   938000 1362000   260 10.15
1.500 0.0531 55.44 21.50 101 94   938000 1362000   260 10.15
1.502 0.0560 55.43 21.50 101 94   938000 1362000   260 10.15
1.505 0.0557 55.42 21.50 101 94   938000 1362000   260 10.15
1.507 0.0575 55.42 21.50 101 94   938000 1362000   260 10.15
1.509 0.0565 55.43 21.50 101 94   938000 1362000   260 10.15
1.512 0.0515 55.43 21.50 101 94   938000 1362000   260 10.15
1.514 0.0566 55.44 21.50 101 94   938000 1362000   260 10.15
1.517 0.0559 55.45 21.50 101 94   938000 1362000   260 10.15
1.519 0.0545 55.46 21.50 101 94   938000 1362000   260 10.15
1.521 0.0535 55.47 21.50 101 94   938000 1362000   260 10.15
1.524 0.0588 55.49 21.50 101 94   938000 1362000   260 10.15
1.526 0.0518 55.51 21.50 101 94   938000 1362000   260 10.15
1.528 0.0566 55.55 21.50 101 94   938000 1362000   260 10.15
1.531 0.0542 55.59 21.50 101 94   938000 1362000   260 10.15
1.533 0.0570 55.63 21.50 101 94   938000 1362000   260 10.15
1.535 0.0572 55.68 21.50 101 94   938000 1362000   260 10.15
1.538 0.0561 55.72 21.50 101 94   938000 1362000   260 10.15
1.540 0.0580 55.76 21.50 101 94   938000 1362000   260 10.15
1.542 0.0527 55.80 21.50 101 94   938000 1362000   260 10.15
1.545 0.0570 55.85 21.50 101 94   938000 1362000   260 10.15
1.547 0.0569 55.90 21.50 101 94   938000 1362000   260 10.15
1.550 0.0543 55.95 21.50 101 94   938000 1362000   260 10.15
1.552 0.0561 56.00 21.50 101 94   938000 1362000   260 10.15
1.554 0.0562 56.06 21.50 101 94   938000 1362000   260 10.15
1.557 0.0565 56.11 21.50 101 94   938000 1362000   260 10.15
1.559 0.0559 56.16 21.50 101 94   938000 1362000   260 10.15
1.561 0.0549 56.20 21.50 101 94   938000 1362000   260 10.15
1.564 0.0588 56.25 21.50 101 94   938000 1362000   260 10.15
1.566 0.0574 56.31 21.50 101 94   938000 1362000   260 10.15
1.569 0.0536 56.37 21.50 101 94   938000 1362000   260 10.15
1.571 0.0545 56.43 21.50 101 94   938000 1362000   260 10.15
1.574 0.0561 56.51 21.50 101 94   938000 1362000   260 10.15
1.577 0.0573 56.60 21.50 101 94   938000 1362000   260 10.15
1.580 0.0566 56.69 21.50 101 94   938000 1362000   260 10.15
1.583 0.0587 56.80 21.50 101 94   938000 1362000   260 10.15
1.587 0.0570 56.91 21.50 101 94   938000 1362000   260 10.15
1.590 0.0586 57.02 21.50 101 94   938000 1362000   260 10.15
1.593 0.0573 57.12 21.50 101 94   938000 1362000   260 10.15
1.597 0.0553 57.22 21.50 101 94   938000 1362000   260 10.15
1.601 0.0565 57.31 21.50 101 94   938000 1362000   260 10.15
1.605 0.0587 57.40 21.50 101 94   938000 1362000   260 10.15
1.609 0.0566 57.49 21.50 101 94   938000 1362000   260 10.15
1.614 0.0572 57.57 21.50 101 94   938000 1362000   260 10.15
1.618 0.0593 57.65 21.50 101 94   938000 1362000   260 10.15
1.623 0.0564 57.72 21.50 101 94   938000 1362000   260 10.15
1.628 0.0576 57.79 21.50 101 94   938000 1362000   260 10.15
1.633 0.0584 57.85 21.50 101 94   938000 1362000   260 10.15
1.639 0.0580 57.90 21.50 101 94   938000 1362000   260 10.15
1.644 0.0582 57.95 21.50 101 94   938000 1362000   260 10.15
1.650 0.0582 57.99 21.50 101 94   938000 1362000   260 10.15
1.656 0.0587 58.02 21.50 101 94   938000 1362000   260 10.15
1.662 0.0571 58.05 21.50 101 94   938000 1362000   260 10.15
1.669 0.0581 58.09 21.50 101 94   938000 1362000   260 10.15
1.676 0.0586 58.12 21.50 101 94   938000 1362000   260 10.15
1.683 0.0573 58.16 21.50 101 94   938000 1362000   260 10.15
1.691 0.0585 58.20 21.50 101 94   938000 1362000   260 10.15
1.698 0.0579 58.23 21.50 101 94   938000 1362000   260 10.15
1.707 0.0585 58.26 21.50 101 94   938000 1362000   260 10.15
1.715 0.0593 58.29 21.50 101 94   938000 1362000   260 10.15
1.724 0.0592 58.32 21.50 101 94   938000 1362000   260 10.15
1.733 0.0587 58.34 21.50 101 94   938000 1362000   260 10.15
1.743 0.0573 58.37 21.50 101 94   938000 1362000   260 10.15
1.753 0.0580 58.39 21.50 101 94   938000 1362000   260 10.15
1.763 0.0593 58.42 21.50 101 94   938000 1362000   260 10.15
1.774 0.0588 58.44 21.50 101 94   938000 1362000   260 10.15
1.785 0.0579 58.48 21.50 101 94   938000 1362000   260 10.15
1.797 0.0593 58.54 21.50 101 94   938000 1362000   260 10.15
1.809 0.0596 58.65 21.50 101 94   938000 1362000   260 10.15
1.821 0.0599 58.82 21.50 101 94   938000 1362000   260 10.15
1.833 0.0597 59.09 21.50 101 94   938000 1362000   260 10.15
1.844 0.0603 59.48 21.50 101 94   938000 1362000   260 10.15
1.856 0.0610 60.02 21.50 101 94   938000 1362000   260 10.15
1.868 0.0614 60.74 21.50 101 94   938000 1362000   260 10.15
1.880 0.0611 61.66 21.50 101 94   938000 1362000   260 10.15
1.892 0.0614 62.80 21.50 101 94   938000 1362000   260 10.15
1.903 0.0618 64.15 21.50 101 94   938000 1362000   260 10.15
1.915 0.0621 65.70 21.50 101 94   938000 1362000   260 10.15
1.927 0.0652 67.43 21.50 101 94   938000 1362000   260 10.15
1.939 0.0674 69.30 21.50 101 94   938000 1362000   260 10.15
1.950 0.0672 71.26 21.50 101 94   938000 1362000   260 10.15
1.962 0.0700 73.28 21.50 101 94   938000 1362000   260 10.15
1.974 0.0723 75.31 21.50 101 94   938000 1362000   260 10.15
1.986 0.0767 77.33 21.50 101 94   938000 1362000   260 10.15
1.998 0.0793 79.33 21.50 101 94   938000 1362000   260 10.15
2.009 0.0827 81.30 21.50 101 94   938000 1362000   260 10.15
2.021 0.0890 83.26 21.50 101 94   938000 1362000   260 10.15
2.033 0.0906 85.21 21.50 101 94   938000 1362000   260 10.15
2.045 0.0926 87.19 21.50 101 94   938000 1362000   260 10.15
2.057 0.0960 89.22 21.50 101 94   938000 1362000   260 10.15
2.068 0.0986 91.35 21.50 101 94   938000 1362000   260 10.15
2.080 0.0994 93.58 21.50 101 94   938000 1362000   260 10.15
2.092 0.0992 95.95 21.50 101 94   938000 1362000   260 10.15
2.104 0.1008 98.45 21.50 101 94   938000 1362000   260 10.15
2.116 0.0971 101.08 21.50 101 94   938000 1362000   260 10.15
2.127 0.0987 103.83 21.50 101 94   938000 1362000   260 10.15
2.139 0.0975 106.69 21.50 101 94   938000 1362000   260 10.15
2.151 0.1019 109.62 21.50 101 94   938000 1362000   260 10.15
2.163 0.1045 112.64 21.50 101 94   938000 1362000   260 10.15
2.175 0.1082 115.73 21.50 101 94   938000 1362000   260 10.15
2.186 0.1161 118.89 21.50 101 94   938000 1362000   260 10.15
2.198 0.1210 122.12 21.50 101 94   938000 1362000   260 10.15
2.210 0.1291 125.46 21.50 101 94   938000 1362000   260 10.15
2.222 0.1364 128.94 21.50 101 94   938000 1362000   260 10.15
2.233 0.1416 132.74 21.50 101 94   938000 1362000   260 10.15
2.245 0.1471 138.04 21.50 101 94   938000 1362000   260 10.15
2.257 0.1536 146.10 21.50 101 94   938000 1362000   260 10.15
2.269 0.1578 155.15 21.50 101 94   938000 1362000   260 10.15
2.281 0.1633 164.14 21.50 101 94   938000 1362000   260 10.15
2.292 0.1658 172.67 21.50 101 94   938000 1362000   260 10.15
2.304 0.1655 180.65 21.50 101 94   938000 1362000   260 10.15
2.316 0.1688 188.04 21.50 101 94   938000 1362000   260 10.15
2.328 0.1792 194.87 21.50 101 94   938000 1362000   260 10.15
2.340 0.1797 201.17 21.50 101 94   938000 1362000   260 10.15
2.351 0.1902 207.00 21.50 101 94   938000 1362000   260 10.15
2.363 0.1988 212.38 21.50 101 94   938000 1362000   260 10.15
2.375 0.2149 217.36 21.50 101 94   938000 1362000   260 10.15
2.387 0.2267 221.97 21.50 101 94   938000 1362000   260 10.15
2.399 0.2425 226.22 21.50 101 94   938000 1362000   260 10.15
2.410 0.2578 230.14 21.50 101 94   938000 1362000   260 10.15
2.422 0.2883 233.72 21.50 101 94   938000 1362000   260 10.15
2.434 0.3085 236.97 21.50 101 94   938000 1362000   260 10.15
2.446 0.3326 239.88 21.50 101 94   938000 1362000   260 10.15
2.458 0.3712 242.43 21.50 101 94   938000 1362000   260 10.15
2.469 0.3867 244.61 21.50 101 94   938000 1362000   260 10.15
2.481 0.4184 246.36 21.50 101 94   938000 1362000   260 10.15
2.493 0.0000 247.65 21.50 101 94   938000 1362000   260 10.15
2.505 0.0000 248.42 21.50 101 94   938000 1362000   260 10.15
