     x     qy smooth tpara  cd  zL     xTr    xCpl frame tma
-2.038 0.4427 356.05 26.10 108 94   905000 1349000   250 10.07
-2.027 0.3550 332.19 26.10 108 94   905000 1349000   250 10.07
-2.016 0.4191 309.55 26.10 108 94   905000 1349000   250 10.07
-2.005 0.2663 288.12 26.10 108 94   905000 1349000   250 10.07
-1.993 0.2263 267.84 26.10 108 94   905000 1349000   250 10.07
-1.982 0.1959 248.70 26.10 108 94   905000 1349000   250 10.07
-1.971 0.1646 230.67 26.10 108 94   905000 1349000   250 10.07
-1.959 0.1689 213.71 26.10 108 94   905000 1349000   250 10.07
-1.948 0.1560 197.82 26.10 108 94   905000 1349000   250 10.07
-1.937 0.1476 182.97 26.10 108 94   905000 1349000   250 10.07
-1.926 0.1384 169.15 26.10 108 94   905000 1349000   250 10.07
-1.914 0.1341 156.35 26.10 108 94   905000 1349000   250 10.07
-1.903 0.1254 144.58 26.10 108 94   905000 1349000   250 10.07
-1.892 0.1207 133.84 26.10 108 94   905000 1349000   250 10.07
-1.881 0.1156 124.14 26.10 108 94   905000 1349000   250 10.07
-1.869 0.1146 115.51 26.10 108 94   905000 1349000   250 10.07
-1.858 0.1093 107.99 26.10 108 94   905000 1349000   250 10.07
-1.847 0.1048 101.62 26.10 108 94   905000 1349000   250 10.07
-1.836 0.1041 96.46 26.10 108 94   905000 1349000   250 10.07
-1.824 0.1008 92.61 26.10 108 94   905000 1349000   250 10.07
-1.813 0.0992 90.16 26.10 108 94   905000 1349000   250 10.07
-1.802 0.0943 89.12 26.10 108 94   905000 1349000   250 10.07
-1.791 0.0930 89.23 26.10 108 94   905000 1349000   250 10.07
-1.779 0.0919 89.35 26.10 108 94   905000 1349000   250 10.07
-1.768 0.0896 88.08 26.10 108 94   905000 1349000   250 10.07
-1.757 0.0874 86.63 26.10 108 94   905000 1349000   250 10.07
-1.745 0.0859 85.14 26.10 108 94   905000 1349000   250 10.07
-1.734 0.0841 83.69 26.10 108 94   905000 1349000   250 10.07
-1.723 0.0827 82.30 26.10 108 94   905000 1349000   250 10.07
-1.712 0.0824 81.00 26.10 108 94   905000 1349000   250 10.07
-1.700 0.0792 79.76 26.10 108 94   905000 1349000   250 10.07
-1.689 0.0793 78.60 26.10 108 94   905000 1349000   250 10.07
-1.678 0.0785 77.53 26.10 108 94   905000 1349000   250 10.07
-1.667 0.0761 76.55 26.10 108 94   905000 1349000   250 10.07
-1.655 0.0774 75.65 26.10 108 94   905000 1349000   250 10.07
-1.644 0.0748 74.84 26.10 108 94   905000 1349000   250 10.07
-1.633 0.0746 74.10 26.10 108 94   905000 1349000   250 10.07
-1.622 0.0726 73.44 26.10 108 94   905000 1349000   250 10.07
-1.610 0.0718 72.84 26.10 108 94   905000 1349000   250 10.07
-1.599 0.0698 72.30 26.10 108 94   905000 1349000   250 10.07
-1.588 0.0691 71.81 26.10 108 94   905000 1349000   250 10.07
-1.577 0.0719 71.38 26.10 108 94   905000 1349000   250 10.07
-1.565 0.0721 70.99 26.10 108 94   905000 1349000   250 10.07
-1.554 0.0700 70.65 26.10 108 94   905000 1349000   250 10.07
-1.543 0.0727 70.37 26.10 108 94   905000 1349000   250 10.07
-1.532 0.0708 70.12 26.10 108 94   905000 1349000   250 10.07
-1.520 0.0708 69.92 26.10 108 94   905000 1349000   250 10.07
-1.509 0.0701 69.75 26.10 108 94   905000 1349000   250 10.07
-1.498 0.0699 69.61 26.10 108 94   905000 1349000   250 10.07
-1.486 0.0702 69.50 26.10 108 94   905000 1349000   250 10.07
-1.475 0.0714 69.41 26.10 108 94   905000 1349000   250 10.07
-1.464 0.0701 69.33 26.10 108 94   905000 1349000   250 10.07
-1.453 0.0662 69.26 26.10 108 94   905000 1349000   250 10.07
-1.441 0.0675 69.19 26.10 108 94   905000 1349000   250 10.07
-1.430 0.0689 69.11 26.10 108 94   905000 1349000   250 10.07
-1.419 0.0684 69.02 26.10 108 94   905000 1349000   250 10.07
-1.408 0.0690 68.91 26.10 108 94   905000 1349000   250 10.07
-1.396 0.0694 68.79 26.10 108 94   905000 1349000   250 10.07
-1.385 0.0687 68.66 26.10 108 94   905000 1349000   250 10.07
-1.374 0.0689 68.53 26.10 108 94   905000 1349000   250 10.07
-1.363 0.0698 68.40 26.10 108 94   905000 1349000   250 10.07
-1.351 0.0688 68.29 26.10 108 94   905000 1349000   250 10.07
-1.340 0.0679 68.19 26.10 108 94   905000 1349000   250 10.07
-1.329 0.0677 68.09 26.10 108 94   905000 1349000   250 10.07
-1.318 0.0677 67.99 26.10 108 94   905000 1349000   250 10.07
-1.306 0.0682 67.89 26.10 108 94   905000 1349000   250 10.07
-1.295 0.0692 67.79 26.10 108 94   905000 1349000   250 10.07
-1.284 0.0680 67.68 26.10 108 94   905000 1349000   250 10.07
-1.273 0.0678 67.55 26.10 108 94   905000 1349000   250 10.07
-1.261 0.0673 67.41 26.10 108 94   905000 1349000   250 10.07
-1.250 0.0658 67.26 26.10 108 94   905000 1349000   250 10.07
-1.239 0.0664 67.09 26.10 108 94   905000 1349000   250 10.07
-1.227 0.0657 66.93 26.10 108 94   905000 1349000   250 10.07
-1.216 0.0669 66.76 26.10 108 94   905000 1349000   250 10.07
-1.205 0.0670 66.61 26.10 108 94   905000 1349000   250 10.07
-1.194 0.0673 66.48 26.10 108 94   905000 1349000   250 10.07
-1.182 0.0666 66.38 26.10 108 94   905000 1349000   250 10.07
-1.171 0.0677 66.30 26.10 108 94   905000 1349000   250 10.07
-1.160 0.0652 66.24 26.10 108 94   905000 1349000   250 10.07
-1.149 0.0668 66.19 26.10 108 94   905000 1349000   250 10.07
-1.137 0.0655 66.14 26.10 108 94   905000 1349000   250 10.07
-1.126 0.0654 66.08 26.10 108 94   905000 1349000   250 10.07
-1.115 0.0664 66.02 26.10 108 94   905000 1349000   250 10.07
-1.104 0.0663 65.95 26.10 108 94   905000 1349000   250 10.07
-1.092 0.0645 65.86 26.10 108 94   905000 1349000   250 10.07
-1.081 0.0643 65.76 26.10 108 94   905000 1349000   250 10.07
-1.070 0.0657 65.65 26.10 108 94   905000 1349000   250 10.07
-1.059 0.0661 65.53 26.10 108 94   905000 1349000   250 10.07
-1.047 0.0663 65.40 26.10 108 94   905000 1349000   250 10.07
-1.036 0.0660 65.27 26.10 108 94   905000 1349000   250 10.07
-1.025 0.0661 65.16 26.10 108 94   905000 1349000   250 10.07
-1.014 0.0676 65.06 26.10 108 94   905000 1349000   250 10.07
-1.002 0.0647 64.98 26.10 108 94   905000 1349000   250 10.07
-0.991 0.0662 64.91 26.10 108 94   905000 1349000   250 10.07
-0.980 0.0644 64.87 26.10 108 94   905000 1349000   250 10.07
-0.968 0.0644 64.84 26.10 108 94   905000 1349000   250 10.07
-0.957 0.0635 64.82 26.10 108 94   905000 1349000   250 10.07
-0.946 0.0621 64.81 26.10 108 94   905000 1349000   250 10.07
-0.935 0.0625 64.80 26.10 108 94   905000 1349000   250 10.07
-0.923 0.0654 64.80 26.10 108 94   905000 1349000   250 10.07
-0.912 0.0639 64.82 26.10 108 94   905000 1349000   250 10.07
-0.901 0.0657 64.85 26.10 108 94   905000 1349000   250 10.07
-0.890 0.0645 64.89 26.10 108 94   905000 1349000   250 10.07
-0.878 0.0658 64.96 26.10 108 94   905000 1349000   250 10.07
-0.867 0.0655 65.04 26.10 108 94   905000 1349000   250 10.07
-0.856 0.0660 65.14 26.10 108 94   905000 1349000   250 10.07
-0.845 0.0660 65.26 26.10 108 94   905000 1349000   250 10.07
-0.833 0.0658 65.38 26.10 108 94   905000 1349000   250 10.07
-0.822 0.0658 65.51 26.10 108 94   905000 1349000   250 10.07
-0.811 0.0656 65.64 26.10 108 94   905000 1349000   250 10.07
-0.800 0.0649 65.74 26.10 108 94   905000 1349000   250 10.07
-0.788 0.0664 65.83 26.10 108 94   905000 1349000   250 10.07
-0.777 0.0653 65.89 26.10 108 94   905000 1349000   250 10.07
-0.766 0.0656 65.91 26.10 108 94   905000 1349000   250 10.07
-0.755 0.0662 65.91 26.10 108 94   905000 1349000   250 10.07
-0.743 0.0654 65.88 26.10 108 94   905000 1349000   250 10.07
-0.732 0.0663 65.84 26.10 108 94   905000 1349000   250 10.07
-0.721 0.0672 65.78 26.10 108 94   905000 1349000   250 10.07
-0.709 0.0663 65.71 26.10 108 94   905000 1349000   250 10.07
-0.698 0.0634 65.64 26.10 108 94   905000 1349000   250 10.07
-0.687 0.0664 65.58 26.10 108 94   905000 1349000   250 10.07
-0.676 0.0663 65.52 26.10 108 94   905000 1349000   250 10.07
-0.664 0.0662 65.46 26.10 108 94   905000 1349000   250 10.07
-0.653 0.0641 65.40 26.10 108 94   905000 1349000   250 10.07
-0.642 0.0658 65.33 26.10 108 94   905000 1349000   250 10.07
-0.631 0.0643 65.27 26.10 108 94   905000 1349000   250 10.07
-0.619 0.0652 65.20 26.10 108 94   905000 1349000   250 10.07
-0.608 0.0652 65.13 26.10 108 94   905000 1349000   250 10.07
-0.597 0.0642 65.06 26.10 108 94   905000 1349000   250 10.07
-0.586 0.0649 64.99 26.10 108 94   905000 1349000   250 10.07
-0.574 0.0654 64.93 26.10 108 94   905000 1349000   250 10.07
-0.563 0.0660 64.87 26.10 108 94   905000 1349000   250 10.07
-0.552 0.0635 64.82 26.10 108 94   905000 1349000   250 10.07
-0.541 0.0647 64.78 26.10 108 94   905000 1349000   250 10.07
-0.529 0.0654 64.74 26.10 108 94   905000 1349000   250 10.07
-0.518 0.0641 64.71 26.10 108 94   905000 1349000   250 10.07
-0.507 0.0652 64.69 26.10 108 94   905000 1349000   250 10.07
-0.495 0.0661 64.67 26.10 108 94   905000 1349000   250 10.07
-0.484 0.0647 64.66 26.10 108 94   905000 1349000   250 10.07
-0.473 0.0636 64.66 26.10 108 94   905000 1349000   250 10.07
-0.462 0.0648 64.67 26.10 108 94   905000 1349000   250 10.07
-0.450 0.0633 64.68 26.10 108 94   905000 1349000   250 10.07
-0.439 0.0657 64.72 26.10 108 94   905000 1349000   250 10.07
-0.428 0.0634 64.76 26.10 108 94   905000 1349000   250 10.07
-0.417 0.0662 64.81 26.10 108 94   905000 1349000   250 10.07
-0.405 0.0656 64.87 26.10 108 94   905000 1349000   250 10.07
-0.394 0.0629 64.94 26.10 108 94   905000 1349000   250 10.07
-0.383 0.0650 65.02 26.10 108 94   905000 1349000   250 10.07
-0.372 0.0657 65.11 26.10 108 94   905000 1349000   250 10.07
-0.360 0.0645 65.20 26.10 108 94   905000 1349000   250 10.07
-0.349 0.0647 65.29 26.10 108 94   905000 1349000   250 10.07
-0.338 0.0647 65.37 26.10 108 94   905000 1349000   250 10.07
-0.327 0.0654 65.45 26.10 108 94   905000 1349000   250 10.07
-0.315 0.0655 65.50 26.10 108 94   905000 1349000   250 10.07
-0.304 0.0655 65.54 26.10 108 94   905000 1349000   250 10.07
-0.293 0.0657 65.56 26.10 108 94   905000 1349000   250 10.07
-0.282 0.0666 65.54 26.10 108 94   905000 1349000   250 10.07
-0.270 0.0650 65.49 26.10 108 94   905000 1349000   250 10.07
-0.259 0.0653 65.40 26.10 108 94   905000 1349000   250 10.07
-0.248 0.0658 65.24 26.10 108 94   905000 1349000   250 10.07
-0.236 0.0654 65.02 26.10 108 94   905000 1349000   250 10.07
-0.225 0.0654 64.73 26.10 108 94   905000 1349000   250 10.07
-0.214 0.0628 64.35 26.10 108 94   905000 1349000   250 10.07
-0.203 0.0638 63.87 26.10 108 94   905000 1349000   250 10.07
-0.191 0.0643 63.29 26.10 108 94   905000 1349000   250 10.07
-0.180 0.0624 62.59 26.10 108 94   905000 1349000   250 10.07
-0.169 0.0628 61.77 26.10 108 94   905000 1349000   250 10.07
-0.158 0.0611 60.84 26.10 108 94   905000 1349000   250 10.07
-0.146 0.0614 59.79 26.10 108 94   905000 1349000   250 10.07
-0.135 0.0584 58.64 26.10 108 94   905000 1349000   250 10.07
-0.124 0.0593 57.41 26.10 108 94   905000 1349000   250 10.07
-0.113 0.0571 56.11 26.10 108 94   905000 1349000   250 10.07
-0.101 0.0566 54.76 26.10 108 94   905000 1349000   250 10.07
-0.090 0.0550 53.39 26.10 108 94   905000 1349000   250 10.07
-0.079 0.0530 52.01 26.10 108 94   905000 1349000   250 10.07
-0.068 0.0505 50.65 26.10 108 94   905000 1349000   250 10.07
-0.056 0.0492 49.31 26.10 108 94   905000 1349000   250 10.07
-0.045 0.0468 48.01 26.10 108 94   905000 1349000   250 10.07
-0.034 0.0453 46.77 26.10 108 94   905000 1349000   250 10.07
-0.023 0.0437 45.58 26.10 108 94   905000 1349000   250 10.07
-0.011 0.0434 44.46 26.10 108 94   905000 1349000   250 10.07
0.000 0.0415 43.43 26.10 108 94   905000 1349000   250 10.07
0.011 0.0399 42.48 26.10 108 94   905000 1349000   250 10.07
0.021 0.0391 41.62 26.10 108 94   905000 1349000   250 10.07
0.031 0.0395 40.87 26.10 108 94   905000 1349000   250 10.07
0.041 0.0408 40.21 26.10 108 94   905000 1349000   250 10.07
0.050 0.0395 39.66 26.10 108 94   905000 1349000   250 10.07
0.059 0.0401 39.21 26.10 108 94   905000 1349000   250 10.07
0.067 0.0400 38.85 26.10 108 94   905000 1349000   250 10.07
0.075 0.0395 38.57 26.10 108 94   905000 1349000   250 10.07
0.083 0.0398 38.36 26.10 108 94   905000 1349000   250 10.07
0.090 0.0400 38.21 26.10 108 94   905000 1349000   250 10.07
0.098 0.0385 38.12 26.10 108 94   905000 1349000   250 10.07
0.104 0.0377 38.05 26.10 108 94   905000 1349000   250 10.07
0.111 0.0381 38.01 26.10 108 94   905000 1349000   250 10.07
0.117 0.0382 37.97 26.10 108 94   905000 1349000   250 10.07
0.123 0.0354 37.94 26.10 108 94   905000 1349000   250 10.07
0.129 0.0384 37.91 26.10 108 94   905000 1349000   250 10.07
0.135 0.0359 37.89 26.10 108 94   905000 1349000   250 10.07
0.140 0.0397 37.87 26.10 108 94   905000 1349000   250 10.07
0.145 0.0398 37.86 26.10 108 94   905000 1349000   250 10.07
0.150 0.0358 37.85 26.10 108 94   905000 1349000   250 10.07
0.155 0.0363 37.85 26.10 108 94   905000 1349000   250 10.07
0.160 0.0405 37.87 26.10 108 94   905000 1349000   250 10.07
0.164 0.0384 37.89 26.10 108 94   905000 1349000   250 10.07
0.168 0.0360 37.93 26.10 108 94   905000 1349000   250 10.07
0.172 0.0378 37.97 26.10 108 94   905000 1349000   250 10.07
0.176 0.0392 38.01 26.10 108 94   905000 1349000   250 10.07
0.180 0.0377 38.04 26.10 108 94   905000 1349000   250 10.07
0.183 0.0371 38.06 26.10 108 94   905000 1349000   250 10.07
0.187 0.0416 38.05 26.10 108 94   905000 1349000   250 10.07
0.190 0.0368 38.01 26.10 108 94   905000 1349000   250 10.07
0.193 0.0348 37.96 26.10 108 94   905000 1349000   250 10.07
0.196 0.0409 37.89 26.10 108 94   905000 1349000   250 10.07
0.199 0.0385 37.83 26.10 108 94   905000 1349000   250 10.07
0.202 0.0383 37.76 26.10 108 94   905000 1349000   250 10.07
0.204 0.0389 37.70 26.10 108 94   905000 1349000   250 10.07
0.207 0.0364 37.65 26.10 108 94   905000 1349000   250 10.07
0.209 0.0389 37.62 26.10 108 94   905000 1349000   250 10.07
0.212 0.0347 37.59 26.10 108 94   905000 1349000   250 10.07
0.214 0.0391 37.56 26.10 108 94   905000 1349000   250 10.07
0.216 0.0354 37.52 26.10 108 94   905000 1349000   250 10.07
0.218 0.0372 37.47 26.10 108 94   905000 1349000   250 10.07
0.221 0.0391 37.42 26.10 108 94   905000 1349000   250 10.07
0.223 0.0365 37.36 26.10 108 94   905000 1349000   250 10.07
0.225 0.0368 37.30 26.10 108 94   905000 1349000   250 10.07
0.227 0.0345 37.24 26.10 108 94   905000 1349000   250 10.07
0.230 0.0360 37.19 26.10 108 94   905000 1349000   250 10.07
0.232 0.0404 37.16 26.10 108 94   905000 1349000   250 10.07
0.234 0.0377 37.15 26.10 108 94   905000 1349000   250 10.07
0.236 0.0371 37.15 26.10 108 94   905000 1349000   250 10.07
0.239 0.0418 37.17 26.10 108 94   905000 1349000   250 10.07
0.241 0.0397 37.20 26.10 108 94   905000 1349000   250 10.07
0.243 0.0340 37.25 26.10 108 94   905000 1349000   250 10.07
0.245 0.0358 37.30 26.10 108 94   905000 1349000   250 10.07
0.248 0.0373 37.37 26.10 108 94   905000 1349000   250 10.07
0.250 0.0392 37.44 26.10 108 94   905000 1349000   250 10.07
0.252 0.0330 37.50 26.10 108 94   905000 1349000   250 10.07
0.255 0.0355 37.55 26.10 108 94   905000 1349000   250 10.07
0.257 0.0377 37.61 26.10 108 94   905000 1349000   250 10.07
0.259 0.0379 37.67 26.10 108 94   905000 1349000   250 10.07
0.261 0.0372 37.75 26.10 108 94   905000 1349000   250 10.07
0.264 0.0418 37.83 26.10 108 94   905000 1349000   250 10.07
0.266 0.0368 37.93 26.10 108 94   905000 1349000   250 10.07
0.268 0.0392 38.04 26.10 108 94   905000 1349000   250 10.07
0.270 0.0380 38.17 26.10 108 94   905000 1349000   250 10.07
0.273 0.0395 38.31 26.10 108 94   905000 1349000   250 10.07
0.275 0.0376 38.47 26.10 108 94   905000 1349000   250 10.07
0.277 0.0392 38.64 26.10 108 94   905000 1349000   250 10.07
0.279 0.0385 38.83 26.10 108 94   905000 1349000   250 10.07
0.282 0.0388 39.02 26.10 108 94   905000 1349000   250 10.07
0.284 0.0384 39.21 26.10 108 94   905000 1349000   250 10.07
0.286 0.0401 39.41 26.10 108 94   905000 1349000   250 10.07
0.288 0.0404 39.61 26.10 108 94   905000 1349000   250 10.07
0.291 0.0379 39.80 26.10 108 94   905000 1349000   250 10.07
0.293 0.0393 40.01 26.10 108 94   905000 1349000   250 10.07
0.295 0.0383 40.21 26.10 108 94   905000 1349000   250 10.07
0.297 0.0447 40.42 26.10 108 94   905000 1349000   250 10.07
0.300 0.0386 40.62 26.10 108 94   905000 1349000   250 10.07
0.302 0.0430 40.83 26.10 108 94   905000 1349000   250 10.07
0.304 0.0383 41.05 26.10 108 94   905000 1349000   250 10.07
0.306 0.0407 41.26 26.10 108 94   905000 1349000   250 10.07
0.309 0.0423 41.48 26.10 108 94   905000 1349000   250 10.07
0.311 0.0426 41.69 26.10 108 94   905000 1349000   250 10.07
0.313 0.0384 41.90 26.10 108 94   905000 1349000   250 10.07
0.315 0.0481 42.10 26.10 108 94   905000 1349000   250 10.07
0.318 0.0400 42.31 26.10 108 94   905000 1349000   250 10.07
0.320 0.0450 42.51 26.10 108 94   905000 1349000   250 10.07
0.322 0.0427 42.73 26.10 108 94   905000 1349000   250 10.07
0.324 0.0432 42.95 26.10 108 94   905000 1349000   250 10.07
0.327 0.0439 43.17 26.10 108 94   905000 1349000   250 10.07
0.329 0.0417 43.39 26.10 108 94   905000 1349000   250 10.07
0.331 0.0410 43.61 26.10 108 94   905000 1349000   250 10.07
0.333 0.0437 43.82 26.10 108 94   905000 1349000   250 10.07
0.336 0.0438 44.02 26.10 108 94   905000 1349000   250 10.07
0.338 0.0433 44.21 26.10 108 94   905000 1349000   250 10.07
0.340 0.0404 44.38 26.10 108 94   905000 1349000   250 10.07
0.342 0.0504 44.56 26.10 108 94   905000 1349000   250 10.07
0.345 0.0438 44.73 26.10 108 94   905000 1349000   250 10.07
0.347 0.0467 44.90 26.10 108 94   905000 1349000   250 10.07
0.349 0.0437 45.06 26.10 108 94   905000 1349000   250 10.07
0.351 0.0443 45.23 26.10 108 94   905000 1349000   250 10.07
0.354 0.0464 45.38 26.10 108 94   905000 1349000   250 10.07
0.356 0.0470 45.53 26.10 108 94   905000 1349000   250 10.07
0.358 0.0458 45.66 26.10 108 94   905000 1349000   250 10.07
0.360 0.0474 45.78 26.10 108 94   905000 1349000   250 10.07
0.363 0.0464 45.89 26.10 108 94   905000 1349000   250 10.07
0.365 0.0441 45.98 26.10 108 94   905000 1349000   250 10.07
0.367 0.0470 46.06 26.10 108 94   905000 1349000   250 10.07
0.369 0.0432 46.11 26.10 108 94   905000 1349000   250 10.07
0.372 0.0441 46.15 26.10 108 94   905000 1349000   250 10.07
0.374 0.0484 46.18 26.10 108 94   905000 1349000   250 10.07
0.376 0.0464 46.21 26.10 108 94   905000 1349000   250 10.07
0.378 0.0446 46.23 26.10 108 94   905000 1349000   250 10.07
0.381 0.0501 46.26 26.10 108 94   905000 1349000   250 10.07
0.383 0.0447 46.30 26.10 108 94   905000 1349000   250 10.07
0.385 0.0461 46.35 26.10 108 94   905000 1349000   250 10.07
0.387 0.0473 46.41 26.10 108 94   905000 1349000   250 10.07
0.390 0.0469 46.47 26.10 108 94   905000 1349000   250 10.07
0.392 0.0448 46.53 26.10 108 94   905000 1349000   250 10.07
0.394 0.0419 46.57 26.10 108 94   905000 1349000   250 10.07
0.396 0.0469 46.59 26.10 108 94   905000 1349000   250 10.07
0.399 0.0523 46.60 26.10 108 94   905000 1349000   250 10.07
0.401 0.0463 46.59 26.10 108 94   905000 1349000   250 10.07
0.403 0.0495 46.57 26.10 108 94   905000 1349000   250 10.07
0.405 0.0439 46.53 26.10 108 94   905000 1349000   250 10.07
0.408 0.0434 46.47 26.10 108 94   905000 1349000   250 10.07
0.410 0.0479 46.40 26.10 108 94   905000 1349000   250 10.07
0.412 0.0459 46.33 26.10 108 94   905000 1349000   250 10.07
0.414 0.0505 46.25 26.10 108 94   905000 1349000   250 10.07
0.417 0.0435 46.17 26.10 108 94   905000 1349000   250 10.07
0.419 0.0455 46.08 26.10 108 94   905000 1349000   250 10.07
0.421 0.0470 45.98 26.10 108 94   905000 1349000   250 10.07
0.423 0.0476 45.86 26.10 108 94   905000 1349000   250 10.07
0.426 0.0451 45.72 26.10 108 94   905000 1349000   250 10.07
0.428 0.0452 45.56 26.10 108 94   905000 1349000   250 10.07
0.430 0.0431 45.40 26.10 108 94   905000 1349000   250 10.07
0.432 0.0445 45.23 26.10 108 94   905000 1349000   250 10.07
0.435 0.0446 45.06 26.10 108 94   905000 1349000   250 10.07
0.437 0.0441 44.91 26.10 108 94   905000 1349000   250 10.07
0.439 0.0467 44.77 26.10 108 94   905000 1349000   250 10.07
0.441 0.0456 44.64 26.10 108 94   905000 1349000   250 10.07
0.444 0.0476 44.54 26.10 108 94   905000 1349000   250 10.07
0.446 0.0439 44.45 26.10 108 94   905000 1349000   250 10.07
0.448 0.0434 44.37 26.10 108 94   905000 1349000   250 10.07
0.450 0.0443 44.33 26.10 108 94   905000 1349000   250 10.07
0.453 0.0438 44.32 26.10 108 94   905000 1349000   250 10.07
0.455 0.0440 44.34 26.10 108 94   905000 1349000   250 10.07
0.457 0.0464 44.39 26.10 108 94   905000 1349000   250 10.07
0.459 0.0381 44.47 26.10 108 94   905000 1349000   250 10.07
0.462 0.0441 44.55 26.10 108 94   905000 1349000   250 10.07
0.464 0.0459 44.63 26.10 108 94   905000 1349000   250 10.07
0.466 0.0466 44.72 26.10 108 94   905000 1349000   250 10.07
0.468 0.0438 44.83 26.10 108 94   905000 1349000   250 10.07
0.471 0.0475 44.97 26.10 108 94   905000 1349000   250 10.07
0.473 0.0449 45.13 26.10 108 94   905000 1349000   250 10.07
0.475 0.0432 45.33 26.10 108 94   905000 1349000   250 10.07
0.477 0.0472 45.56 26.10 108 94   905000 1349000   250 10.07
0.480 0.0442 45.83 26.10 108 94   905000 1349000   250 10.07
0.482 0.0471 46.13 26.10 108 94   905000 1349000   250 10.07
0.484 0.0456 46.46 26.10 108 94   905000 1349000   250 10.07
0.486 0.0478 46.79 26.10 108 94   905000 1349000   250 10.07
0.489 0.0478 47.12 26.10 108 94   905000 1349000   250 10.07
0.491 0.0521 47.43 26.10 108 94   905000 1349000   250 10.07
0.493 0.0461 47.72 26.10 108 94   905000 1349000   250 10.07
0.495 0.0433 48.00 26.10 108 94   905000 1349000   250 10.07
0.498 0.0455 48.25 26.10 108 94   905000 1349000   250 10.07
0.500 0.0476 48.49 26.10 108 94   905000 1349000   250 10.07
0.502 0.0490 48.71 26.10 108 94   905000 1349000   250 10.07
0.505 0.0500 48.91 26.10 108 94   905000 1349000   250 10.07
0.507 0.0483 49.10 26.10 108 94   905000 1349000   250 10.07
0.509 0.0552 49.28 26.10 108 94   905000 1349000   250 10.07
0.511 0.0556 49.45 26.10 108 94   905000 1349000   250 10.07
0.514 0.0454 49.62 26.10 108 94   905000 1349000   250 10.07
0.516 0.0481 49.78 26.10 108 94   905000 1349000   250 10.07
0.518 0.0514 49.93 26.10 108 94   905000 1349000   250 10.07
0.520 0.0504 50.08 26.10 108 94   905000 1349000   250 10.07
0.523 0.0486 50.23 26.10 108 94   905000 1349000   250 10.07
0.525 0.0535 50.38 26.10 108 94   905000 1349000   250 10.07
0.527 0.0445 50.55 26.10 108 94   905000 1349000   250 10.07
0.529 0.0516 50.73 26.10 108 94   905000 1349000   250 10.07
0.532 0.0514 50.94 26.10 108 94   905000 1349000   250 10.07
0.534 0.0490 51.16 26.10 108 94   905000 1349000   250 10.07
0.536 0.0543 51.41 26.10 108 94   905000 1349000   250 10.07
0.538 0.0527 51.69 26.10 108 94   905000 1349000   250 10.07
0.541 0.0485 51.98 26.10 108 94   905000 1349000   250 10.07
0.543 0.0507 52.31 26.10 108 94   905000 1349000   250 10.07
0.545 0.0549 52.68 26.10 108 94   905000 1349000   250 10.07
0.547 0.0527 53.09 26.10 108 94   905000 1349000   250 10.07
0.550 0.0508 53.53 26.10 108 94   905000 1349000   250 10.07
0.552 0.0546 53.99 26.10 108 94   905000 1349000   250 10.07
0.554 0.0589 54.46 26.10 108 94   905000 1349000   250 10.07
0.556 0.0537 54.94 26.10 108 94   905000 1349000   250 10.07
0.559 0.0531 55.41 26.10 108 94   905000 1349000   250 10.07
0.561 0.0546 55.87 26.10 108 94   905000 1349000   250 10.07
0.563 0.0602 56.32 26.10 108 94   905000 1349000   250 10.07
0.565 0.0560 56.76 26.10 108 94   905000 1349000   250 10.07
0.568 0.0571 57.18 26.10 108 94   905000 1349000   250 10.07
0.570 0.0613 57.57 26.10 108 94   905000 1349000   250 10.07
0.572 0.0571 57.93 26.10 108 94   905000 1349000   250 10.07
0.574 0.0547 58.26 26.10 108 94   905000 1349000   250 10.07
0.577 0.0616 58.56 26.10 108 94   905000 1349000   250 10.07
0.579 0.0535 58.84 26.10 108 94   905000 1349000   250 10.07
0.581 0.0610 59.10 26.10 108 94   905000 1349000   250 10.07
0.583 0.0603 59.36 26.10 108 94   905000 1349000   250 10.07
0.586 0.0585 59.60 26.10 108 94   905000 1349000   250 10.07
0.588 0.0640 59.84 26.10 108 94   905000 1349000   250 10.07
0.590 0.0611 60.06 26.10 108 94   905000 1349000   250 10.07
0.592 0.0582 60.27 26.10 108 94   905000 1349000   250 10.07
0.595 0.0560 60.47 26.10 108 94   905000 1349000   250 10.07
0.597 0.0672 60.64 26.10 108 94   905000 1349000   250 10.07
0.599 0.0586 60.80 26.10 108 94   905000 1349000   250 10.07
0.601 0.0584 60.92 26.10 108 94   905000 1349000   250 10.07
0.604 0.0610 61.02 26.10 108 94   905000 1349000   250 10.07
0.606 0.0595 61.07 26.10 108 94   905000 1349000   250 10.07
0.608 0.0623 61.07 26.10 108 94   905000 1349000   250 10.07
0.610 0.0603 61.03 26.10 108 94   905000 1349000   250 10.07
0.613 0.0583 60.96 26.10 108 94   905000 1349000   250 10.07
0.615 0.0665 60.85 26.10 108 94   905000 1349000   250 10.07
0.617 0.0596 60.73 26.10 108 94   905000 1349000   250 10.07
0.619 0.0653 60.58 26.10 108 94   905000 1349000   250 10.07
0.622 0.0623 60.42 26.10 108 94   905000 1349000   250 10.07
0.624 0.0581 60.24 26.10 108 94   905000 1349000   250 10.07
0.626 0.0604 60.04 26.10 108 94   905000 1349000   250 10.07
0.628 0.0617 59.84 26.10 108 94   905000 1349000   250 10.07
0.631 0.0535 59.63 26.10 108 94   905000 1349000   250 10.07
0.633 0.0567 59.42 26.10 108 94   905000 1349000   250 10.07
0.635 0.0664 59.21 26.10 108 94   905000 1349000   250 10.07
0.637 0.0577 58.99 26.10 108 94   905000 1349000   250 10.07
0.640 0.0546 58.76 26.10 108 94   905000 1349000   250 10.07
0.642 0.0597 58.53 26.10 108 94   905000 1349000   250 10.07
0.644 0.0589 58.30 26.10 108 94   905000 1349000   250 10.07
0.646 0.0523 58.09 26.10 108 94   905000 1349000   250 10.07
0.649 0.0581 57.89 26.10 108 94   905000 1349000   250 10.07
0.651 0.0615 57.73 26.10 108 94   905000 1349000   250 10.07
0.653 0.0601 57.61 26.10 108 94   905000 1349000   250 10.07
0.655 0.0595 57.53 26.10 108 94   905000 1349000   250 10.07
0.658 0.0572 57.48 26.10 108 94   905000 1349000   250 10.07
0.660 0.0581 57.47 26.10 108 94   905000 1349000   250 10.07
0.662 0.0528 57.48 26.10 108 94   905000 1349000   250 10.07
0.664 0.0502 57.51 26.10 108 94   905000 1349000   250 10.07
0.667 0.0675 57.53 26.10 108 94   905000 1349000   250 10.07
0.669 0.0578 57.55 26.10 108 94   905000 1349000   250 10.07
0.671 0.0585 57.57 26.10 108 94   905000 1349000   250 10.07
0.673 0.0594 57.59 26.10 108 94   905000 1349000   250 10.07
0.676 0.0558 57.60 26.10 108 94   905000 1349000   250 10.07
0.678 0.0501 57.62 26.10 108 94   905000 1349000   250 10.07
0.680 0.0542 57.63 26.10 108 94   905000 1349000   250 10.07
0.682 0.0614 57.64 26.10 108 94   905000 1349000   250 10.07
0.685 0.0609 57.64 26.10 108 94   905000 1349000   250 10.07
0.687 0.0613 57.64 26.10 108 94   905000 1349000   250 10.07
0.689 0.0572 57.65 26.10 108 94   905000 1349000   250 10.07
0.691 0.0553 57.67 26.10 108 94   905000 1349000   250 10.07
0.694 0.0613 57.71 26.10 108 94   905000 1349000   250 10.07
0.696 0.0566 57.77 26.10 108 94   905000 1349000   250 10.07
0.698 0.0560 57.85 26.10 108 94   905000 1349000   250 10.07
0.700 0.0606 57.93 26.10 108 94   905000 1349000   250 10.07
0.703 0.0581 58.02 26.10 108 94   905000 1349000   250 10.07
0.705 0.0563 58.09 26.10 108 94   905000 1349000   250 10.07
0.707 0.0545 58.17 26.10 108 94   905000 1349000   250 10.07
0.709 0.0591 58.24 26.10 108 94   905000 1349000   250 10.07
0.712 0.0595 58.31 26.10 108 94   905000 1349000   250 10.07
0.714 0.0580 58.38 26.10 108 94   905000 1349000   250 10.07
0.716 0.0600 58.44 26.10 108 94   905000 1349000   250 10.07
0.718 0.0553 58.49 26.10 108 94   905000 1349000   250 10.07
0.721 0.0585 58.53 26.10 108 94   905000 1349000   250 10.07
0.723 0.0593 58.57 26.10 108 94   905000 1349000   250 10.07
0.725 0.0579 58.62 26.10 108 94   905000 1349000   250 10.07
0.727 0.0599 58.70 26.10 108 94   905000 1349000   250 10.07
0.730 0.0624 58.79 26.10 108 94   905000 1349000   250 10.07
0.732 0.0579 58.90 26.10 108 94   905000 1349000   250 10.07
0.734 0.0605 59.00 26.10 108 94   905000 1349000   250 10.07
0.736 0.0619 59.10 26.10 108 94   905000 1349000   250 10.07
0.739 0.0575 59.20 26.10 108 94   905000 1349000   250 10.07
0.741 0.0549 59.28 26.10 108 94   905000 1349000   250 10.07
0.743 0.0607 59.36 26.10 108 94   905000 1349000   250 10.07
0.745 0.0569 59.42 26.10 108 94   905000 1349000   250 10.07
0.748 0.0579 59.46 26.10 108 94   905000 1349000   250 10.07
0.750 0.0609 59.49 26.10 108 94   905000 1349000   250 10.07
0.752 0.0609 59.50 26.10 108 94   905000 1349000   250 10.07
0.755 0.0579 59.51 26.10 108 94   905000 1349000   250 10.07
0.757 0.0616 59.52 26.10 108 94   905000 1349000   250 10.07
0.759 0.0615 59.53 26.10 108 94   905000 1349000   250 10.07
0.761 0.0562 59.56 26.10 108 94   905000 1349000   250 10.07
0.764 0.0577 59.62 26.10 108 94   905000 1349000   250 10.07
0.766 0.0660 59.70 26.10 108 94   905000 1349000   250 10.07
0.768 0.0572 59.81 26.10 108 94   905000 1349000   250 10.07
0.770 0.0631 59.94 26.10 108 94   905000 1349000   250 10.07
0.773 0.0635 60.08 26.10 108 94   905000 1349000   250 10.07
0.775 0.0556 60.22 26.10 108 94   905000 1349000   250 10.07
0.777 0.0556 60.34 26.10 108 94   905000 1349000   250 10.07
0.779 0.0624 60.43 26.10 108 94   905000 1349000   250 10.07
0.782 0.0601 60.51 26.10 108 94   905000 1349000   250 10.07
0.784 0.0568 60.57 26.10 108 94   905000 1349000   250 10.07
0.786 0.0642 60.63 26.10 108 94   905000 1349000   250 10.07
0.788 0.0587 60.67 26.10 108 94   905000 1349000   250 10.07
0.791 0.0595 60.72 26.10 108 94   905000 1349000   250 10.07
0.793 0.0632 60.78 26.10 108 94   905000 1349000   250 10.07
0.795 0.0617 60.82 26.10 108 94   905000 1349000   250 10.07
0.797 0.0589 60.87 26.10 108 94   905000 1349000   250 10.07
0.800 0.0674 60.91 26.10 108 94   905000 1349000   250 10.07
0.802 0.0590 60.95 26.10 108 94   905000 1349000   250 10.07
0.804 0.0657 60.97 26.10 108 94   905000 1349000   250 10.07
0.806 0.0605 60.99 26.10 108 94   905000 1349000   250 10.07
0.809 0.0571 60.99 26.10 108 94   905000 1349000   250 10.07
0.811 0.0582 60.98 26.10 108 94   905000 1349000   250 10.07
0.813 0.0596 60.96 26.10 108 94   905000 1349000   250 10.07
0.815 0.0618 60.91 26.10 108 94   905000 1349000   250 10.07
0.818 0.0598 60.84 26.10 108 94   905000 1349000   250 10.07
0.820 0.0629 60.75 26.10 108 94   905000 1349000   250 10.07
0.822 0.0609 60.67 26.10 108 94   905000 1349000   250 10.07
0.824 0.0631 60.61 26.10 108 94   905000 1349000   250 10.07
0.827 0.0567 60.57 26.10 108 94   905000 1349000   250 10.07
0.829 0.0645 60.56 26.10 108 94   905000 1349000   250 10.07
0.831 0.0572 60.57 26.10 108 94   905000 1349000   250 10.07
0.833 0.0583 60.58 26.10 108 94   905000 1349000   250 10.07
0.836 0.0637 60.58 26.10 108 94   905000 1349000   250 10.07
0.838 0.0581 60.59 26.10 108 94   905000 1349000   250 10.07
0.840 0.0626 60.60 26.10 108 94   905000 1349000   250 10.07
0.842 0.0625 60.60 26.10 108 94   905000 1349000   250 10.07
0.845 0.0578 60.58 26.10 108 94   905000 1349000   250 10.07
0.847 0.0598 60.55 26.10 108 94   905000 1349000   250 10.07
0.849 0.0604 60.50 26.10 108 94   905000 1349000   250 10.07
0.851 0.0625 60.43 26.10 108 94   905000 1349000   250 10.07
0.854 0.0610 60.35 26.10 108 94   905000 1349000   250 10.07
0.856 0.0574 60.28 26.10 108 94   905000 1349000   250 10.07
0.858 0.0630 60.21 26.10 108 94   905000 1349000   250 10.07
0.860 0.0614 60.16 26.10 108 94   905000 1349000   250 10.07
0.863 0.0575 60.10 26.10 108 94   905000 1349000   250 10.07
0.865 0.0687 60.05 26.10 108 94   905000 1349000   250 10.07
0.867 0.0573 59.99 26.10 108 94   905000 1349000   250 10.07
0.869 0.0548 59.92 26.10 108 94   905000 1349000   250 10.07
0.872 0.0558 59.85 26.10 108 94   905000 1349000   250 10.07
0.874 0.0613 59.78 26.10 108 94   905000 1349000   250 10.07
0.876 0.0584 59.71 26.10 108 94   905000 1349000   250 10.07
0.878 0.0604 59.64 26.10 108 94   905000 1349000   250 10.07
0.881 0.0627 59.58 26.10 108 94   905000 1349000   250 10.07
0.883 0.0622 59.52 26.10 108 94   905000 1349000   250 10.07
0.885 0.0573 59.48 26.10 108 94   905000 1349000   250 10.07
0.887 0.0547 59.43 26.10 108 94   905000 1349000   250 10.07
0.890 0.0613 59.39 26.10 108 94   905000 1349000   250 10.07
0.892 0.0614 59.34 26.10 108 94   905000 1349000   250 10.07
0.894 0.0616 59.30 26.10 108 94   905000 1349000   250 10.07
0.896 0.0575 59.26 26.10 108 94   905000 1349000   250 10.07
0.899 0.0581 59.20 26.10 108 94   905000 1349000   250 10.07
0.901 0.0604 59.12 26.10 108 94   905000 1349000   250 10.07
0.903 0.0562 59.03 26.10 108 94   905000 1349000   250 10.07
0.905 0.0604 58.92 26.10 108 94   905000 1349000   250 10.07
0.908 0.0604 58.80 26.10 108 94   905000 1349000   250 10.07
0.910 0.0590 58.66 26.10 108 94   905000 1349000   250 10.07
0.912 0.0587 58.51 26.10 108 94   905000 1349000   250 10.07
0.914 0.0577 58.36 26.10 108 94   905000 1349000   250 10.07
0.917 0.0585 58.21 26.10 108 94   905000 1349000   250 10.07
0.919 0.0570 58.07 26.10 108 94   905000 1349000   250 10.07
0.921 0.0595 57.95 26.10 108 94   905000 1349000   250 10.07
0.923 0.0571 57.83 26.10 108 94   905000 1349000   250 10.07
0.926 0.0578 57.72 26.10 108 94   905000 1349000   250 10.07
0.928 0.0580 57.61 26.10 108 94   905000 1349000   250 10.07
0.930 0.0562 57.50 26.10 108 94   905000 1349000   250 10.07
0.932 0.0563 57.40 26.10 108 94   905000 1349000   250 10.07
0.935 0.0580 57.31 26.10 108 94   905000 1349000   250 10.07
0.937 0.0573 57.22 26.10 108 94   905000 1349000   250 10.07
0.939 0.0542 57.14 26.10 108 94   905000 1349000   250 10.07
0.941 0.0568 57.06 26.10 108 94   905000 1349000   250 10.07
0.944 0.0609 56.98 26.10 108 94   905000 1349000   250 10.07
0.946 0.0580 56.90 26.10 108 94   905000 1349000   250 10.07
0.948 0.0552 56.82 26.10 108 94   905000 1349000   250 10.07
0.950 0.0560 56.75 26.10 108 94   905000 1349000   250 10.07
0.953 0.0600 56.69 26.10 108 94   905000 1349000   250 10.07
0.955 0.0555 56.63 26.10 108 94   905000 1349000   250 10.07
0.957 0.0561 56.56 26.10 108 94   905000 1349000   250 10.07
0.959 0.0558 56.48 26.10 108 94   905000 1349000   250 10.07
0.962 0.0528 56.41 26.10 108 94   905000 1349000   250 10.07
0.964 0.0617 56.33 26.10 108 94   905000 1349000   250 10.07
0.966 0.0559 56.25 26.10 108 94   905000 1349000   250 10.07
0.968 0.0549 56.16 26.10 108 94   905000 1349000   250 10.07
0.971 0.0559 56.06 26.10 108 94   905000 1349000   250 10.07
0.973 0.0584 55.97 26.10 108 94   905000 1349000   250 10.07
0.975 0.0530 55.87 26.10 108 94   905000 1349000   250 10.07
0.977 0.0551 55.77 26.10 108 94   905000 1349000   250 10.07
0.980 0.0557 55.67 26.10 108 94   905000 1349000   250 10.07
0.982 0.0553 55.57 26.10 108 94   905000 1349000   250 10.07
0.984 0.0571 55.48 26.10 108 94   905000 1349000   250 10.07
0.986 0.0545 55.38 26.10 108 94   905000 1349000   250 10.07
0.989 0.0559 55.29 26.10 108 94   905000 1349000   250 10.07
0.991 0.0555 55.21 26.10 108 94   905000 1349000   250 10.07
0.993 0.0587 55.14 26.10 108 94   905000 1349000   250 10.07
0.995 0.0520 55.07 26.10 108 94   905000 1349000   250 10.07
0.998 0.0537 55.02 26.10 108 94   905000 1349000   250 10.07
1.000 0.0555 54.98 26.10 108 94   905000 1349000   250 10.07
1.002 0.0556 54.95 26.10 108 94   905000 1349000   250 10.07
1.005 0.0559 54.94 26.10 108 94   905000 1349000   250 10.07
1.007 0.0538 54.93 26.10 108 94   905000 1349000   250 10.07
1.009 0.0545 54.94 26.10 108 94   905000 1349000   250 10.07
1.011 0.0536 54.95 26.10 108 94   905000 1349000   250 10.07
1.014 0.0559 54.95 26.10 108 94   905000 1349000   250 10.07
1.016 0.0549 54.97 26.10 108 94   905000 1349000   250 10.07
1.018 0.0556 54.98 26.10 108 94   905000 1349000   250 10.07
1.020 0.0520 55.01 26.10 108 94   905000 1349000   250 10.07
1.023 0.0532 55.04 26.10 108 94   905000 1349000   250 10.07
1.025 0.0577 55.08 26.10 108 94   905000 1349000   250 10.07
1.027 0.0600 55.13 26.10 108 94   905000 1349000   250 10.07
1.029 0.0512 55.18 26.10 108 94   905000 1349000   250 10.07
1.032 0.0554 55.23 26.10 108 94   905000 1349000   250 10.07
1.034 0.0593 55.28 26.10 108 94   905000 1349000   250 10.07
1.036 0.0526 55.31 26.10 108 94   905000 1349000   250 10.07
1.038 0.0569 55.34 26.10 108 94   905000 1349000   250 10.07
1.041 0.0527 55.35 26.10 108 94   905000 1349000   250 10.07
1.043 0.0563 55.35 26.10 108 94   905000 1349000   250 10.07
1.045 0.0552 55.34 26.10 108 94   905000 1349000   250 10.07
1.047 0.0567 55.33 26.10 108 94   905000 1349000   250 10.07
1.050 0.0528 55.30 26.10 108 94   905000 1349000   250 10.07
1.052 0.0542 55.25 26.10 108 94   905000 1349000   250 10.07
1.054 0.0573 55.20 26.10 108 94   905000 1349000   250 10.07
1.056 0.0568 55.15 26.10 108 94   905000 1349000   250 10.07
1.059 0.0555 55.10 26.10 108 94   905000 1349000   250 10.07
1.061 0.0557 55.07 26.10 108 94   905000 1349000   250 10.07
1.063 0.0509 55.04 26.10 108 94   905000 1349000   250 10.07
1.065 0.0582 55.03 26.10 108 94   905000 1349000   250 10.07
1.068 0.0543 55.02 26.10 108 94   905000 1349000   250 10.07
1.070 0.0548 55.04 26.10 108 94   905000 1349000   250 10.07
1.072 0.0526 55.06 26.10 108 94   905000 1349000   250 10.07
1.074 0.0578 55.08 26.10 108 94   905000 1349000   250 10.07
1.077 0.0535 55.10 26.10 108 94   905000 1349000   250 10.07
1.079 0.0546 55.12 26.10 108 94   905000 1349000   250 10.07
1.081 0.0561 55.14 26.10 108 94   905000 1349000   250 10.07
1.083 0.0550 55.15 26.10 108 94   905000 1349000   250 10.07
1.086 0.0555 55.16 26.10 108 94   905000 1349000   250 10.07
1.088 0.0539 55.18 26.10 108 94   905000 1349000   250 10.07
1.090 0.0540 55.20 26.10 108 94   905000 1349000   250 10.07
1.092 0.0552 55.22 26.10 108 94   905000 1349000   250 10.07
1.095 0.0581 55.24 26.10 108 94   905000 1349000   250 10.07
1.097 0.0560 55.26 26.10 108 94   905000 1349000   250 10.07
1.099 0.0561 55.27 26.10 108 94   905000 1349000   250 10.07
1.101 0.0547 55.28 26.10 108 94   905000 1349000   250 10.07
1.104 0.0545 55.28 26.10 108 94   905000 1349000   250 10.07
1.106 0.0550 55.26 26.10 108 94   905000 1349000   250 10.07
1.108 0.0560 55.24 26.10 108 94   905000 1349000   250 10.07
1.110 0.0551 55.21 26.10 108 94   905000 1349000   250 10.07
1.113 0.0548 55.17 26.10 108 94   905000 1349000   250 10.07
1.115 0.0541 55.13 26.10 108 94   905000 1349000   250 10.07
1.117 0.0541 55.09 26.10 108 94   905000 1349000   250 10.07
1.119 0.0567 55.05 26.10 108 94   905000 1349000   250 10.07
1.122 0.0560 55.02 26.10 108 94   905000 1349000   250 10.07
1.124 0.0528 54.99 26.10 108 94   905000 1349000   250 10.07
1.126 0.0565 54.98 26.10 108 94   905000 1349000   250 10.07
1.128 0.0552 54.97 26.10 108 94   905000 1349000   250 10.07
1.131 0.0546 54.97 26.10 108 94   905000 1349000   250 10.07
1.133 0.0572 54.98 26.10 108 94   905000 1349000   250 10.07
1.135 0.0506 55.00 26.10 108 94   905000 1349000   250 10.07
1.137 0.0555 55.03 26.10 108 94   905000 1349000   250 10.07
1.140 0.0549 55.07 26.10 108 94   905000 1349000   250 10.07
1.142 0.0563 55.10 26.10 108 94   905000 1349000   250 10.07
1.144 0.0559 55.14 26.10 108 94   905000 1349000   250 10.07
1.146 0.0540 55.17 26.10 108 94   905000 1349000   250 10.07
1.149 0.0553 55.21 26.10 108 94   905000 1349000   250 10.07
1.151 0.0561 55.25 26.10 108 94   905000 1349000   250 10.07
1.153 0.0551 55.29 26.10 108 94   905000 1349000   250 10.07
1.155 0.0534 55.33 26.10 108 94   905000 1349000   250 10.07
1.158 0.0571 55.37 26.10 108 94   905000 1349000   250 10.07
1.160 0.0574 55.42 26.10 108 94   905000 1349000   250 10.07
1.162 0.0542 55.46 26.10 108 94   905000 1349000   250 10.07
1.164 0.0551 55.50 26.10 108 94   905000 1349000   250 10.07
1.167 0.0539 55.54 26.10 108 94   905000 1349000   250 10.07
1.169 0.0588 55.57 26.10 108 94   905000 1349000   250 10.07
1.171 0.0543 55.59 26.10 108 94   905000 1349000   250 10.07
1.173 0.0546 55.60 26.10 108 94   905000 1349000   250 10.07
1.176 0.0548 55.61 26.10 108 94   905000 1349000   250 10.07
1.178 0.0563 55.61 26.10 108 94   905000 1349000   250 10.07
1.180 0.0575 55.61 26.10 108 94   905000 1349000   250 10.07
1.182 0.0545 55.61 26.10 108 94   905000 1349000   250 10.07
1.185 0.0553 55.61 26.10 108 94   905000 1349000   250 10.07
1.187 0.0553 55.60 26.10 108 94   905000 1349000   250 10.07
1.189 0.0570 55.60 26.10 108 94   905000 1349000   250 10.07
1.191 0.0557 55.58 26.10 108 94   905000 1349000   250 10.07
1.194 0.0552 55.57 26.10 108 94   905000 1349000   250 10.07
1.196 0.0544 55.55 26.10 108 94   905000 1349000   250 10.07
1.198 0.0566 55.54 26.10 108 94   905000 1349000   250 10.07
1.200 0.0565 55.53 26.10 108 94   905000 1349000   250 10.07
1.203 0.0532 55.53 26.10 108 94   905000 1349000   250 10.07
1.205 0.0562 55.53 26.10 108 94   905000 1349000   250 10.07
1.207 0.0561 55.52 26.10 108 94   905000 1349000   250 10.07
1.209 0.0554 55.52 26.10 108 94   905000 1349000   250 10.07
1.212 0.0541 55.51 26.10 108 94   905000 1349000   250 10.07
1.214 0.0563 55.51 26.10 108 94   905000 1349000   250 10.07
1.216 0.0569 55.50 26.10 108 94   905000 1349000   250 10.07
1.218 0.0576 55.49 26.10 108 94   905000 1349000   250 10.07
1.221 0.0498 55.48 26.10 108 94   905000 1349000   250 10.07
1.223 0.0573 55.47 26.10 108 94   905000 1349000   250 10.07
1.225 0.0557 55.46 26.10 108 94   905000 1349000   250 10.07
1.227 0.0555 55.45 26.10 108 94   905000 1349000   250 10.07
1.230 0.0542 55.44 26.10 108 94   905000 1349000   250 10.07
1.232 0.0573 55.43 26.10 108 94   905000 1349000   250 10.07
1.234 0.0562 55.42 26.10 108 94   905000 1349000   250 10.07
1.236 0.0545 55.41 26.10 108 94   905000 1349000   250 10.07
1.239 0.0574 55.39 26.10 108 94   905000 1349000   250 10.07
1.241 0.0537 55.37 26.10 108 94   905000 1349000   250 10.07
1.243 0.0572 55.34 26.10 108 94   905000 1349000   250 10.07
1.245 0.0527 55.30 26.10 108 94   905000 1349000   250 10.07
1.248 0.0549 55.27 26.10 108 94   905000 1349000   250 10.07
1.250 0.0542 55.23 26.10 108 94   905000 1349000   250 10.07
1.252 0.0580 55.20 26.10 108 94   905000 1349000   250 10.07
1.255 0.0546 55.17 26.10 108 94   905000 1349000   250 10.07
1.257 0.0532 55.14 26.10 108 94   905000 1349000   250 10.07
1.259 0.0571 55.13 26.10 108 94   905000 1349000   250 10.07
1.261 0.0545 55.11 26.10 108 94   905000 1349000   250 10.07
1.264 0.0567 55.10 26.10 108 94   905000 1349000   250 10.07
1.266 0.0514 55.09 26.10 108 94   905000 1349000   250 10.07
1.268 0.0582 55.08 26.10 108 94   905000 1349000   250 10.07
1.270 0.0561 55.09 26.10 108 94   905000 1349000   250 10.07
1.273 0.0538 55.10 26.10 108 94   905000 1349000   250 10.07
1.275 0.0539 55.11 26.10 108 94   905000 1349000   250 10.07
1.277 0.0534 55.12 26.10 108 94   905000 1349000   250 10.07
1.279 0.0547 55.13 26.10 108 94   905000 1349000   250 10.07
1.282 0.0584 55.14 26.10 108 94   905000 1349000   250 10.07
1.284 0.0544 55.14 26.10 108 94   905000 1349000   250 10.07
1.286 0.0544 55.14 26.10 108 94   905000 1349000   250 10.07
1.288 0.0557 55.13 26.10 108 94   905000 1349000   250 10.07
1.291 0.0561 55.13 26.10 108 94   905000 1349000   250 10.07
1.293 0.0564 55.13 26.10 108 94   905000 1349000   250 10.07
1.295 0.0542 55.15 26.10 108 94   905000 1349000   250 10.07
1.297 0.0539 55.18 26.10 108 94   905000 1349000   250 10.07
1.300 0.0567 55.22 26.10 108 94   905000 1349000   250 10.07
1.302 0.0558 55.28 26.10 108 94   905000 1349000   250 10.07
1.304 0.0508 55.34 26.10 108 94   905000 1349000   250 10.07
1.306 0.0565 55.41 26.10 108 94   905000 1349000   250 10.07
1.309 0.0584 55.49 26.10 108 94   905000 1349000   250 10.07
1.311 0.0539 55.56 26.10 108 94   905000 1349000   250 10.07
1.313 0.0589 55.64 26.10 108 94   905000 1349000   250 10.07
1.315 0.0508 55.72 26.10 108 94   905000 1349000   250 10.07
1.318 0.0548 55.80 26.10 108 94   905000 1349000   250 10.07
1.320 0.0574 55.87 26.10 108 94   905000 1349000   250 10.07
1.322 0.0564 55.95 26.10 108 94   905000 1349000   250 10.07
1.324 0.0554 56.04 26.10 108 94   905000 1349000   250 10.07
1.327 0.0569 56.12 26.10 108 94   905000 1349000   250 10.07
1.329 0.0554 56.21 26.10 108 94   905000 1349000   250 10.07
1.331 0.0558 56.28 26.10 108 94   905000 1349000   250 10.07
1.333 0.0593 56.34 26.10 108 94   905000 1349000   250 10.07
1.336 0.0568 56.39 26.10 108 94   905000 1349000   250 10.07
1.338 0.0583 56.42 26.10 108 94   905000 1349000   250 10.07
1.340 0.0548 56.43 26.10 108 94   905000 1349000   250 10.07
1.342 0.0566 56.42 26.10 108 94   905000 1349000   250 10.07
1.345 0.0533 56.40 26.10 108 94   905000 1349000   250 10.07
1.347 0.0577 56.37 26.10 108 94   905000 1349000   250 10.07
1.349 0.0565 56.35 26.10 108 94   905000 1349000   250 10.07
1.351 0.0568 56.33 26.10 108 94   905000 1349000   250 10.07
1.354 0.0556 56.32 26.10 108 94   905000 1349000   250 10.07
1.356 0.0572 56.31 26.10 108 94   905000 1349000   250 10.07
1.358 0.0565 56.31 26.10 108 94   905000 1349000   250 10.07
1.360 0.0557 56.32 26.10 108 94   905000 1349000   250 10.07
1.363 0.0561 56.33 26.10 108 94   905000 1349000   250 10.07
1.365 0.0560 56.34 26.10 108 94   905000 1349000   250 10.07
1.367 0.0568 56.37 26.10 108 94   905000 1349000   250 10.07
1.369 0.0558 56.40 26.10 108 94   905000 1349000   250 10.07
1.372 0.0540 56.43 26.10 108 94   905000 1349000   250 10.07
1.374 0.0594 56.46 26.10 108 94   905000 1349000   250 10.07
1.376 0.0528 56.48 26.10 108 94   905000 1349000   250 10.07
1.378 0.0588 56.49 26.10 108 94   905000 1349000   250 10.07
1.381 0.0565 56.50 26.10 108 94   905000 1349000   250 10.07
1.383 0.0545 56.50 26.10 108 94   905000 1349000   250 10.07
1.385 0.0596 56.50 26.10 108 94   905000 1349000   250 10.07
1.387 0.0584 56.50 26.10 108 94   905000 1349000   250 10.07
1.390 0.0591 56.50 26.10 108 94   905000 1349000   250 10.07
1.392 0.0561 56.51 26.10 108 94   905000 1349000   250 10.07
1.394 0.0543 56.52 26.10 108 94   905000 1349000   250 10.07
1.396 0.0555 56.54 26.10 108 94   905000 1349000   250 10.07
1.399 0.0552 56.55 26.10 108 94   905000 1349000   250 10.07
1.401 0.0566 56.55 26.10 108 94   905000 1349000   250 10.07
1.403 0.0581 56.55 26.10 108 94   905000 1349000   250 10.07
1.405 0.0542 56.55 26.10 108 94   905000 1349000   250 10.07
1.408 0.0565 56.54 26.10 108 94   905000 1349000   250 10.07
1.410 0.0580 56.54 26.10 108 94   905000 1349000   250 10.07
1.412 0.0565 56.53 26.10 108 94   905000 1349000   250 10.07
1.414 0.0539 56.54 26.10 108 94   905000 1349000   250 10.07
1.417 0.0565 56.55 26.10 108 94   905000 1349000   250 10.07
1.419 0.0572 56.56 26.10 108 94   905000 1349000   250 10.07
1.421 0.0584 56.58 26.10 108 94   905000 1349000   250 10.07
1.423 0.0576 56.59 26.10 108 94   905000 1349000   250 10.07
1.426 0.0573 56.61 26.10 108 94   905000 1349000   250 10.07
1.428 0.0563 56.63 26.10 108 94   905000 1349000   250 10.07
1.430 0.0570 56.64 26.10 108 94   905000 1349000   250 10.07
1.432 0.0548 56.65 26.10 108 94   905000 1349000   250 10.07
1.435 0.0564 56.65 26.10 108 94   905000 1349000   250 10.07
1.437 0.0577 56.65 26.10 108 94   905000 1349000   250 10.07
1.439 0.0570 56.65 26.10 108 94   905000 1349000   250 10.07
1.441 0.0578 56.66 26.10 108 94   905000 1349000   250 10.07
1.444 0.0528 56.68 26.10 108 94   905000 1349000   250 10.07
1.446 0.0618 56.71 26.10 108 94   905000 1349000   250 10.07
1.448 0.0540 56.76 26.10 108 94   905000 1349000   250 10.07
1.450 0.0550 56.82 26.10 108 94   905000 1349000   250 10.07
1.453 0.0573 56.89 26.10 108 94   905000 1349000   250 10.07
1.455 0.0613 56.96 26.10 108 94   905000 1349000   250 10.07
1.457 0.0509 57.04 26.10 108 94   905000 1349000   250 10.07
1.459 0.0564 57.12 26.10 108 94   905000 1349000   250 10.07
1.462 0.0568 57.20 26.10 108 94   905000 1349000   250 10.07
1.464 0.0591 57.28 26.10 108 94   905000 1349000   250 10.07
1.466 0.0580 57.36 26.10 108 94   905000 1349000   250 10.07
1.468 0.0574 57.44 26.10 108 94   905000 1349000   250 10.07
1.471 0.0582 57.51 26.10 108 94   905000 1349000   250 10.07
1.473 0.0579 57.57 26.10 108 94   905000 1349000   250 10.07
1.475 0.0599 57.62 26.10 108 94   905000 1349000   250 10.07
1.477 0.0565 57.67 26.10 108 94   905000 1349000   250 10.07
1.480 0.0582 57.71 26.10 108 94   905000 1349000   250 10.07
1.482 0.0577 57.74 26.10 108 94   905000 1349000   250 10.07
1.484 0.0606 57.76 26.10 108 94   905000 1349000   250 10.07
1.486 0.0522 57.76 26.10 108 94   905000 1349000   250 10.07
1.489 0.0585 57.76 26.10 108 94   905000 1349000   250 10.07
1.491 0.0619 57.75 26.10 108 94   905000 1349000   250 10.07
1.493 0.0561 57.74 26.10 108 94   905000 1349000   250 10.07
1.495 0.0538 57.73 26.10 108 94   905000 1349000   250 10.07
1.498 0.0581 57.71 26.10 108 94   905000 1349000   250 10.07
1.500 0.0589 57.70 26.10 108 94   905000 1349000   250 10.07
1.502 0.0576 57.70 26.10 108 94   905000 1349000   250 10.07
1.505 0.0577 57.69 26.10 108 94   905000 1349000   250 10.07
1.507 0.0590 57.70 26.10 108 94   905000 1349000   250 10.07
1.509 0.0574 57.72 26.10 108 94   905000 1349000   250 10.07
1.511 0.0564 57.76 26.10 108 94   905000 1349000   250 10.07
1.514 0.0605 57.80 26.10 108 94   905000 1349000   250 10.07
1.516 0.0530 57.84 26.10 108 94   905000 1349000   250 10.07
1.518 0.0614 57.88 26.10 108 94   905000 1349000   250 10.07
1.520 0.0552 57.91 26.10 108 94   905000 1349000   250 10.07
1.523 0.0605 57.92 26.10 108 94   905000 1349000   250 10.07
1.525 0.0578 57.92 26.10 108 94   905000 1349000   250 10.07
1.527 0.0571 57.91 26.10 108 94   905000 1349000   250 10.07
1.529 0.0590 57.89 26.10 108 94   905000 1349000   250 10.07
1.532 0.0585 57.86 26.10 108 94   905000 1349000   250 10.07
1.534 0.0580 57.84 26.10 108 94   905000 1349000   250 10.07
1.536 0.0572 57.81 26.10 108 94   905000 1349000   250 10.07
1.538 0.0590 57.78 26.10 108 94   905000 1349000   250 10.07
1.541 0.0543 57.75 26.10 108 94   905000 1349000   250 10.07
1.543 0.0571 57.72 26.10 108 94   905000 1349000   250 10.07
1.545 0.0598 57.70 26.10 108 94   905000 1349000   250 10.07
1.547 0.0601 57.68 26.10 108 94   905000 1349000   250 10.07
1.550 0.0575 57.67 26.10 108 94   905000 1349000   250 10.07
1.552 0.0549 57.65 26.10 108 94   905000 1349000   250 10.07
1.554 0.0594 57.63 26.10 108 94   905000 1349000   250 10.07
1.556 0.0576 57.61 26.10 108 94   905000 1349000   250 10.07
1.559 0.0528 57.59 26.10 108 94   905000 1349000   250 10.07
1.561 0.0585 57.58 26.10 108 94   905000 1349000   250 10.07
1.563 0.0581 57.57 26.10 108 94   905000 1349000   250 10.07
1.565 0.0586 57.56 26.10 108 94   905000 1349000   250 10.07
1.568 0.0591 57.57 26.10 108 94   905000 1349000   250 10.07
1.570 0.0583 57.57 26.10 108 94   905000 1349000   250 10.07
1.572 0.0572 57.58 26.10 108 94   905000 1349000   250 10.07
1.575 0.0564 57.59 26.10 108 94   905000 1349000   250 10.07
1.578 0.0581 57.60 26.10 108 94   905000 1349000   250 10.07
1.580 0.0585 57.61 26.10 108 94   905000 1349000   250 10.07
1.583 0.0571 57.63 26.10 108 94   905000 1349000   250 10.07
1.586 0.0577 57.66 26.10 108 94   905000 1349000   250 10.07
1.589 0.0575 57.70 26.10 108 94   905000 1349000   250 10.07
1.593 0.0577 57.74 26.10 108 94   905000 1349000   250 10.07
1.596 0.0570 57.79 26.10 108 94   905000 1349000   250 10.07
1.600 0.0586 57.84 26.10 108 94   905000 1349000   250 10.07
1.603 0.0561 57.89 26.10 108 94   905000 1349000   250 10.07
1.607 0.0571 57.92 26.10 108 94   905000 1349000   250 10.07
1.611 0.0592 57.95 26.10 108 94   905000 1349000   250 10.07
1.615 0.0592 57.98 26.10 108 94   905000 1349000   250 10.07
1.620 0.0581 58.01 26.10 108 94   905000 1349000   250 10.07
1.624 0.0565 58.04 26.10 108 94   905000 1349000   250 10.07
1.629 0.0585 58.07 26.10 108 94   905000 1349000   250 10.07
1.634 0.0584 58.09 26.10 108 94   905000 1349000   250 10.07
1.639 0.0579 58.10 26.10 108 94   905000 1349000   250 10.07
1.644 0.0588 58.11 26.10 108 94   905000 1349000   250 10.07
1.650 0.0592 58.10 26.10 108 94   905000 1349000   250 10.07
1.656 0.0594 58.09 26.10 108 94   905000 1349000   250 10.07
1.662 0.0582 58.08 26.10 108 94   905000 1349000   250 10.07
1.668 0.0594 58.06 26.10 108 94   905000 1349000   250 10.07
1.675 0.0568 58.04 26.10 108 94   905000 1349000   250 10.07
1.682 0.0585 58.02 26.10 108 94   905000 1349000   250 10.07
1.689 0.0576 58.02 26.10 108 94   905000 1349000   250 10.07
1.696 0.0572 58.03 26.10 108 94   905000 1349000   250 10.07
1.704 0.0592 58.07 26.10 108 94   905000 1349000   250 10.07
1.712 0.0586 58.15 26.10 108 94   905000 1349000   250 10.07
1.721 0.0586 58.29 26.10 108 94   905000 1349000   250 10.07
1.729 0.0592 58.52 26.10 108 94   905000 1349000   250 10.07
1.739 0.0589 58.87 26.10 108 94   905000 1349000   250 10.07
1.748 0.0596 59.36 26.10 108 94   905000 1349000   250 10.07
1.758 0.0596 60.01 26.10 108 94   905000 1349000   250 10.07
1.768 0.0608 60.86 26.10 108 94   905000 1349000   250 10.07
1.779 0.0615 61.93 26.10 108 94   905000 1349000   250 10.07
1.791 0.0634 63.23 26.10 108 94   905000 1349000   250 10.07
1.802 0.0636 64.76 26.10 108 94   905000 1349000   250 10.07
1.813 0.0633 66.52 26.10 108 94   905000 1349000   250 10.07
1.824 0.0656 68.48 26.10 108 94   905000 1349000   250 10.07
1.836 0.0665 70.61 26.10 108 94   905000 1349000   250 10.07
1.847 0.0709 72.86 26.10 108 94   905000 1349000   250 10.07
1.858 0.0713 75.18 26.10 108 94   905000 1349000   250 10.07
1.869 0.0759 77.51 26.10 108 94   905000 1349000   250 10.07
1.881 0.0778 79.81 26.10 108 94   905000 1349000   250 10.07
1.892 0.0818 82.03 26.10 108 94   905000 1349000   250 10.07
1.903 0.0836 84.13 26.10 108 94   905000 1349000   250 10.07
1.914 0.0890 86.09 26.10 108 94   905000 1349000   250 10.07
1.926 0.0936 87.91 26.10 108 94   905000 1349000   250 10.07
1.937 0.0973 89.58 26.10 108 94   905000 1349000   250 10.07
1.948 0.0990 91.15 26.10 108 94   905000 1349000   250 10.07
1.959 0.0994 92.67 26.10 108 94   905000 1349000   250 10.07
1.971 0.1018 94.21 26.10 108 94   905000 1349000   250 10.07
1.982 0.1030 95.83 26.10 108 94   905000 1349000   250 10.07
1.993 0.1019 97.60 26.10 108 94   905000 1349000   250 10.07
2.005 0.1027 99.60 26.10 108 94   905000 1349000   250 10.07
2.016 0.0997 101.87 26.10 108 94   905000 1349000   250 10.07
2.027 0.1000 104.45 26.10 108 94   905000 1349000   250 10.07
2.038 0.1009 107.38 26.10 108 94   905000 1349000   250 10.07
2.050 0.0997 110.69 26.10 108 94   905000 1349000   250 10.07
2.061 0.1013 114.37 26.10 108 94   905000 1349000   250 10.07
2.072 0.1079 118.42 26.10 108 94   905000 1349000   250 10.07
2.083 0.1099 122.82 26.10 108 94   905000 1349000   250 10.07
2.095 0.1181 127.52 26.10 108 94   905000 1349000   250 10.07
2.106 0.1224 132.47 26.10 108 94   905000 1349000   250 10.07
2.117 0.1333 137.58 26.10 108 94   905000 1349000   250 10.07
2.128 0.1410 142.75 26.10 108 94   905000 1349000   250 10.07
2.140 0.1540 147.86 26.10 108 94   905000 1349000   250 10.07
2.151 0.1605 152.80 26.10 108 94   905000 1349000   250 10.07
2.162 0.1674 157.43 26.10 108 94   905000 1349000   250 10.07
2.173 0.1770 161.63 26.10 108 94   905000 1349000   250 10.07
2.185 0.1812 165.32 26.10 108 94   905000 1349000   250 10.07
2.196 0.1829 168.44 26.10 108 94   905000 1349000   250 10.07
2.207 0.1829 171.14 26.10 108 94   905000 1349000   250 10.07
2.218 0.1891 173.56 26.10 108 94   905000 1349000   250 10.07
2.230 0.1888 178.97 26.10 108 94   905000 1349000   250 10.07
2.241 0.1858 185.79 26.10 108 94   905000 1349000   250 10.07
2.252 0.1926 192.89 26.10 108 94   905000 1349000   250 10.07
2.264 0.1919 199.73 26.10 108 94   905000 1349000   250 10.07
2.275 0.1892 206.12 26.10 108 94   905000 1349000   250 10.07
2.286 0.1868 211.98 26.10 108 94   905000 1349000   250 10.07
2.297 0.1922 217.31 26.10 108 94   905000 1349000   250 10.07
2.309 0.1909 222.10 26.10 108 94   905000 1349000   250 10.07
2.320 0.1891 226.42 26.10 108 94   905000 1349000   250 10.07
2.331 0.1977 230.28 26.10 108 94   905000 1349000   250 10.07
2.342 0.2070 233.73 26.10 108 94   905000 1349000   250 10.07
2.354 0.2184 236.80 26.10 108 94   905000 1349000   250 10.07
2.365 0.2341 239.53 26.10 108 94   905000 1349000   250 10.07
2.376 0.2566 241.94 26.10 108 94   905000 1349000   250 10.07
2.387 0.2822 244.05 26.10 108 94   905000 1349000   250 10.07
2.399 0.3161 245.87 26.10 108 94   905000 1349000   250 10.07
2.410 0.3447 247.41 26.10 108 94   905000 1349000   250 10.07
2.421 0.3895 248.65 26.10 108 94   905000 1349000   250 10.07
2.432 0.4309 249.60 26.10 108 94   905000 1349000   250 10.07
2.444 0.4423 250.22 26.10 108 94   905000 1349000   250 10.07
2.455 0.0000 250.47 26.10 108 94   905000 1349000   250 10.07
2.466 0.0000 250.31 26.10 108 94   905000 1349000   250 10.07
