     x     qy smooth tpara  cd  zL     xTr    xCpl frame tma
-1.410 0.3722 313.01 32.60 113 94   760000 1299000   250 10.02
-1.401 0.2885 292.82 32.60 113 94   760000 1299000   250 10.02
-1.391 0.3732 273.65 32.60 113 94   760000 1299000   250 10.02
-1.382 0.2751 255.47 32.60 113 94   760000 1299000   250 10.02
-1.373 0.2251 238.27 32.60 113 94   760000 1299000   250 10.02
-1.364 0.1519 222.01 32.60 113 94   760000 1299000   250 10.02
-1.354 0.1555 206.68 32.60 113 94   760000 1299000   250 10.02
-1.345 0.1551 192.24 32.60 113 94   760000 1299000   250 10.02
-1.336 0.1421 178.69 32.60 113 94   760000 1299000   250 10.02
-1.327 0.1338 166.00 32.60 113 94   760000 1299000   250 10.02
-1.317 0.1297 154.17 32.60 113 94   760000 1299000   250 10.02
-1.308 0.1211 143.19 32.60 113 94   760000 1299000   250 10.02
-1.299 0.1179 133.06 32.60 113 94   760000 1299000   250 10.02
-1.289 0.1125 123.78 32.60 113 94   760000 1299000   250 10.02
-1.280 0.1097 115.37 32.60 113 94   760000 1299000   250 10.02
-1.271 0.1053 107.84 32.60 113 94   760000 1299000   250 10.02
-1.262 0.1013 101.21 32.60 113 94   760000 1299000   250 10.02
-1.252 0.0988 95.55 32.60 113 94   760000 1299000   250 10.02
-1.243 0.0961 90.89 32.60 113 94   760000 1299000   250 10.02
-1.234 0.0963 87.32 32.60 113 94   760000 1299000   250 10.02
-1.224 0.0894 84.92 32.60 113 94   760000 1299000   250 10.02
-1.215 0.0916 83.76 32.60 113 94   760000 1299000   250 10.02
-1.206 0.0865 83.65 32.60 113 94   760000 1299000   250 10.02
-1.197 0.0866 83.71 32.60 113 94   760000 1299000   250 10.02
-1.187 0.0847 82.53 32.60 113 94   760000 1299000   250 10.02
-1.178 0.0810 81.15 32.60 113 94   760000 1299000   250 10.02
-1.169 0.0811 79.70 32.60 113 94   760000 1299000   250 10.02
-1.160 0.0793 78.29 32.60 113 94   760000 1299000   250 10.02
-1.150 0.0785 76.96 32.60 113 94   760000 1299000   250 10.02
-1.141 0.0752 75.73 32.60 113 94   760000 1299000   250 10.02
-1.132 0.0732 74.58 32.60 113 94   760000 1299000   250 10.02
-1.122 0.0743 73.52 32.60 113 94   760000 1299000   250 10.02
-1.113 0.0721 72.55 32.60 113 94   760000 1299000   250 10.02
-1.104 0.0727 71.68 32.60 113 94   760000 1299000   250 10.02
-1.095 0.0712 70.92 32.60 113 94   760000 1299000   250 10.02
-1.085 0.0692 70.27 32.60 113 94   760000 1299000   250 10.02
-1.076 0.0698 69.73 32.60 113 94   760000 1299000   250 10.02
-1.067 0.0686 69.29 32.60 113 94   760000 1299000   250 10.02
-1.058 0.0681 68.95 32.60 113 94   760000 1299000   250 10.02
-1.048 0.0665 68.71 32.60 113 94   760000 1299000   250 10.02
-1.039 0.0674 68.55 32.60 113 94   760000 1299000   250 10.02
-1.030 0.0688 68.47 32.60 113 94   760000 1299000   250 10.02
-1.020 0.0685 68.44 32.60 113 94   760000 1299000   250 10.02
-1.011 0.0694 68.47 32.60 113 94   760000 1299000   250 10.02
-1.002 0.0690 68.54 32.60 113 94   760000 1299000   250 10.02
-0.993 0.0677 68.65 32.60 113 94   760000 1299000   250 10.02
-0.983 0.0701 68.77 32.60 113 94   760000 1299000   250 10.02
-0.974 0.0695 68.91 32.60 113 94   760000 1299000   250 10.02
-0.965 0.0693 69.04 32.60 113 94   760000 1299000   250 10.02
-0.955 0.0702 69.18 32.60 113 94   760000 1299000   250 10.02
-0.946 0.0694 69.31 32.60 113 94   760000 1299000   250 10.02
-0.937 0.0703 69.42 32.60 113 94   760000 1299000   250 10.02
-0.928 0.0709 69.51 32.60 113 94   760000 1299000   250 10.02
-0.918 0.0706 69.58 32.60 113 94   760000 1299000   250 10.02
-0.909 0.0694 69.62 32.60 113 94   760000 1299000   250 10.02
-0.900 0.0696 69.63 32.60 113 94   760000 1299000   250 10.02
-0.891 0.0681 69.62 32.60 113 94   760000 1299000   250 10.02
-0.881 0.0691 69.58 32.60 113 94   760000 1299000   250 10.02
-0.872 0.0703 69.53 32.60 113 94   760000 1299000   250 10.02
-0.863 0.0687 69.46 32.60 113 94   760000 1299000   250 10.02
-0.853 0.0689 69.38 32.60 113 94   760000 1299000   250 10.02
-0.844 0.0688 69.29 32.60 113 94   760000 1299000   250 10.02
-0.835 0.0700 69.20 32.60 113 94   760000 1299000   250 10.02
-0.826 0.0689 69.11 32.60 113 94   760000 1299000   250 10.02
-0.816 0.0697 69.01 32.60 113 94   760000 1299000   250 10.02
-0.807 0.0684 68.90 32.60 113 94   760000 1299000   250 10.02
-0.798 0.0686 68.80 32.60 113 94   760000 1299000   250 10.02
-0.788 0.0689 68.69 32.60 113 94   760000 1299000   250 10.02
-0.779 0.0689 68.59 32.60 113 94   760000 1299000   250 10.02
-0.770 0.0685 68.49 32.60 113 94   760000 1299000   250 10.02
-0.761 0.0680 68.40 32.60 113 94   760000 1299000   250 10.02
-0.751 0.0687 68.29 32.60 113 94   760000 1299000   250 10.02
-0.742 0.0688 68.18 32.60 113 94   760000 1299000   250 10.02
-0.733 0.0671 68.06 32.60 113 94   760000 1299000   250 10.02
-0.724 0.0688 67.93 32.60 113 94   760000 1299000   250 10.02
-0.714 0.0674 67.79 32.60 113 94   760000 1299000   250 10.02
-0.705 0.0670 67.63 32.60 113 94   760000 1299000   250 10.02
-0.696 0.0672 67.47 32.60 113 94   760000 1299000   250 10.02
-0.686 0.0671 67.29 32.60 113 94   760000 1299000   250 10.02
-0.677 0.0677 67.10 32.60 113 94   760000 1299000   250 10.02
-0.668 0.0666 66.89 32.60 113 94   760000 1299000   250 10.02
-0.659 0.0656 66.66 32.60 113 94   760000 1299000   250 10.02
-0.649 0.0670 66.42 32.60 113 94   760000 1299000   250 10.02
-0.640 0.0680 66.16 32.60 113 94   760000 1299000   250 10.02
-0.631 0.0656 65.91 32.60 113 94   760000 1299000   250 10.02
-0.622 0.0669 65.66 32.60 113 94   760000 1299000   250 10.02
-0.612 0.0658 65.43 32.60 113 94   760000 1299000   250 10.02
-0.603 0.0655 65.21 32.60 113 94   760000 1299000   250 10.02
-0.594 0.0653 65.03 32.60 113 94   760000 1299000   250 10.02
-0.584 0.0632 64.86 32.60 113 94   760000 1299000   250 10.02
-0.575 0.0642 64.72 32.60 113 94   760000 1299000   250 10.02
-0.566 0.0650 64.59 32.60 113 94   760000 1299000   250 10.02
-0.557 0.0651 64.49 32.60 113 94   760000 1299000   250 10.02
-0.547 0.0625 64.39 32.60 113 94   760000 1299000   250 10.02
-0.538 0.0648 64.32 32.60 113 94   760000 1299000   250 10.02
-0.529 0.0619 64.25 32.60 113 94   760000 1299000   250 10.02
-0.519 0.0641 64.20 32.60 113 94   760000 1299000   250 10.02
-0.510 0.0613 64.16 32.60 113 94   760000 1299000   250 10.02
-0.501 0.0652 64.12 32.60 113 94   760000 1299000   250 10.02
-0.492 0.0631 64.10 32.60 113 94   760000 1299000   250 10.02
-0.482 0.0656 64.09 32.60 113 94   760000 1299000   250 10.02
-0.473 0.0657 64.08 32.60 113 94   760000 1299000   250 10.02
-0.464 0.0671 64.08 32.60 113 94   760000 1299000   250 10.02
-0.455 0.0654 64.09 32.60 113 94   760000 1299000   250 10.02
-0.445 0.0632 64.09 32.60 113 94   760000 1299000   250 10.02
-0.436 0.0657 64.08 32.60 113 94   760000 1299000   250 10.02
-0.427 0.0627 64.07 32.60 113 94   760000 1299000   250 10.02
-0.417 0.0636 64.04 32.60 113 94   760000 1299000   250 10.02
-0.408 0.0630 63.99 32.60 113 94   760000 1299000   250 10.02
-0.399 0.0635 63.94 32.60 113 94   760000 1299000   250 10.02
-0.390 0.0642 63.88 32.60 113 94   760000 1299000   250 10.02
-0.380 0.0641 63.82 32.60 113 94   760000 1299000   250 10.02
-0.371 0.0632 63.76 32.60 113 94   760000 1299000   250 10.02
-0.362 0.0636 63.71 32.60 113 94   760000 1299000   250 10.02
-0.353 0.0636 63.67 32.60 113 94   760000 1299000   250 10.02
-0.343 0.0633 63.64 32.60 113 94   760000 1299000   250 10.02
-0.334 0.0632 63.64 32.60 113 94   760000 1299000   250 10.02
-0.325 0.0644 63.67 32.60 113 94   760000 1299000   250 10.02
-0.315 0.0632 63.73 32.60 113 94   760000 1299000   250 10.02
-0.306 0.0639 63.82 32.60 113 94   760000 1299000   250 10.02
-0.297 0.0652 63.94 32.60 113 94   760000 1299000   250 10.02
-0.288 0.0622 64.08 32.60 113 94   760000 1299000   250 10.02
-0.278 0.0644 64.23 32.60 113 94   760000 1299000   250 10.02
-0.269 0.0645 64.39 32.60 113 94   760000 1299000   250 10.02
-0.260 0.0637 64.56 32.60 113 94   760000 1299000   250 10.02
-0.250 0.0654 64.73 32.60 113 94   760000 1299000   250 10.02
-0.241 0.0639 64.90 32.60 113 94   760000 1299000   250 10.02
-0.232 0.0654 65.07 32.60 113 94   760000 1299000   250 10.02
-0.223 0.0665 65.24 32.60 113 94   760000 1299000   250 10.02
-0.213 0.0647 65.40 32.60 113 94   760000 1299000   250 10.02
-0.204 0.0646 65.54 32.60 113 94   760000 1299000   250 10.02
-0.195 0.0656 65.67 32.60 113 94   760000 1299000   250 10.02
-0.186 0.0658 65.78 32.60 113 94   760000 1299000   250 10.02
-0.176 0.0663 65.87 32.60 113 94   760000 1299000   250 10.02
-0.167 0.0657 65.93 32.60 113 94   760000 1299000   250 10.02
-0.158 0.0675 65.96 32.60 113 94   760000 1299000   250 10.02
-0.148 0.0643 65.95 32.60 113 94   760000 1299000   250 10.02
-0.139 0.0663 65.90 32.60 113 94   760000 1299000   250 10.02
-0.130 0.0658 65.80 32.60 113 94   760000 1299000   250 10.02
-0.121 0.0664 65.63 32.60 113 94   760000 1299000   250 10.02
-0.111 0.0646 65.39 32.60 113 94   760000 1299000   250 10.02
-0.102 0.0655 65.06 32.60 113 94   760000 1299000   250 10.02
-0.093 0.0645 64.63 32.60 113 94   760000 1299000   250 10.02
-0.083 0.0640 64.10 32.60 113 94   760000 1299000   250 10.02
-0.074 0.0636 63.47 32.60 113 94   760000 1299000   250 10.02
-0.065 0.0625 62.72 32.60 113 94   760000 1299000   250 10.02
-0.056 0.0616 61.88 32.60 113 94   760000 1299000   250 10.02
-0.046 0.0629 60.94 32.60 113 94   760000 1299000   250 10.02
-0.037 0.0614 59.91 32.60 113 94   760000 1299000   250 10.02
-0.028 0.0600 58.80 32.60 113 94   760000 1299000   250 10.02
-0.019 0.0592 57.62 32.60 113 94   760000 1299000   250 10.02
-0.009 0.0574 56.39 32.60 113 94   760000 1299000   250 10.02
0.000 0.0565 55.12 32.60 113 94   760000 1299000   250 10.02
0.009 0.0538 53.80 32.60 113 94   760000 1299000   250 10.02
0.019 0.0537 52.46 32.60 113 94   760000 1299000   250 10.02
0.028 0.0495 51.10 32.60 113 94   760000 1299000   250 10.02
0.037 0.0488 49.74 32.60 113 94   760000 1299000   250 10.02
0.046 0.0467 48.37 32.60 113 94   760000 1299000   250 10.02
0.056 0.0456 47.03 32.60 113 94   760000 1299000   250 10.02
0.065 0.0439 45.72 32.60 113 94   760000 1299000   250 10.02
0.074 0.0430 44.47 32.60 113 94   760000 1299000   250 10.02
0.083 0.0445 43.29 32.60 113 94   760000 1299000   250 10.02
0.093 0.0422 42.21 32.60 113 94   760000 1299000   250 10.02
0.102 0.0408 41.23 32.60 113 94   760000 1299000   250 10.02
0.111 0.0407 40.36 32.60 113 94   760000 1299000   250 10.02
0.121 0.0403 39.61 32.60 113 94   760000 1299000   250 10.02
0.130 0.0399 38.98 32.60 113 94   760000 1299000   250 10.02
0.139 0.0376 38.45 32.60 113 94   760000 1299000   250 10.02
0.148 0.0369 38.02 32.60 113 94   760000 1299000   250 10.02
0.158 0.0370 37.68 32.60 113 94   760000 1299000   250 10.02
0.167 0.0362 37.42 32.60 113 94   760000 1299000   250 10.02
0.176 0.0361 37.21 32.60 113 94   760000 1299000   250 10.02
0.186 0.0354 37.06 32.60 113 94   760000 1299000   250 10.02
0.195 0.0366 36.94 32.60 113 94   760000 1299000   250 10.02
0.204 0.0367 36.84 32.60 113 94   760000 1299000   250 10.02
0.213 0.0373 36.77 32.60 113 94   760000 1299000   250 10.02
0.223 0.0370 36.71 32.60 113 94   760000 1299000   250 10.02
0.232 0.0385 36.67 32.60 113 94   760000 1299000   250 10.02
0.241 0.0390 36.66 32.60 113 94   760000 1299000   250 10.02
0.250 0.0384 36.66 32.60 113 94   760000 1299000   250 10.02
0.260 0.0365 36.69 32.60 113 94   760000 1299000   250 10.02
0.269 0.0376 36.72 32.60 113 94   760000 1299000   250 10.02
0.278 0.0373 36.78 32.60 113 94   760000 1299000   250 10.02
0.286 0.0362 36.84 32.60 113 94   760000 1299000   250 10.02
0.295 0.0362 36.91 32.60 113 94   760000 1299000   250 10.02
0.303 0.0365 36.98 32.60 113 94   760000 1299000   250 10.02
0.310 0.0364 37.05 32.60 113 94   760000 1299000   250 10.02
0.317 0.0368 37.11 32.60 113 94   760000 1299000   250 10.02
0.324 0.0396 37.18 32.60 113 94   760000 1299000   250 10.02
0.331 0.0361 37.26 32.60 113 94   760000 1299000   250 10.02
0.337 0.0339 37.36 32.60 113 94   760000 1299000   250 10.02
0.344 0.0374 37.49 32.60 113 94   760000 1299000   250 10.02
0.349 0.0376 37.68 32.60 113 94   760000 1299000   250 10.02
0.355 0.0378 37.91 32.60 113 94   760000 1299000   250 10.02
0.361 0.0397 38.19 32.60 113 94   760000 1299000   250 10.02
0.366 0.0395 38.51 32.60 113 94   760000 1299000   250 10.02
0.371 0.0369 38.88 32.60 113 94   760000 1299000   250 10.02
0.376 0.0415 39.28 32.60 113 94   760000 1299000   250 10.02
0.380 0.0388 39.69 32.60 113 94   760000 1299000   250 10.02
0.385 0.0395 40.10 32.60 113 94   760000 1299000   250 10.02
0.389 0.0409 40.51 32.60 113 94   760000 1299000   250 10.02
0.393 0.0415 40.90 32.60 113 94   760000 1299000   250 10.02
0.397 0.0417 41.27 32.60 113 94   760000 1299000   250 10.02
0.400 0.0370 41.63 32.60 113 94   760000 1299000   250 10.02
0.404 0.0413 41.96 32.60 113 94   760000 1299000   250 10.02
0.408 0.0446 42.26 32.60 113 94   760000 1299000   250 10.02
0.411 0.0409 42.54 32.60 113 94   760000 1299000   250 10.02
0.414 0.0451 42.78 32.60 113 94   760000 1299000   250 10.02
0.417 0.0459 42.99 32.60 113 94   760000 1299000   250 10.02
0.420 0.0451 43.16 32.60 113 94   760000 1299000   250 10.02
0.423 0.0446 43.30 32.60 113 94   760000 1299000   250 10.02
0.425 0.0416 43.41 32.60 113 94   760000 1299000   250 10.02
0.428 0.0425 43.49 32.60 113 94   760000 1299000   250 10.02
0.431 0.0432 43.54 32.60 113 94   760000 1299000   250 10.02
0.433 0.0445 43.54 32.60 113 94   760000 1299000   250 10.02
0.435 0.0431 43.51 32.60 113 94   760000 1299000   250 10.02
0.437 0.0419 43.44 32.60 113 94   760000 1299000   250 10.02
0.439 0.0414 43.34 32.60 113 94   760000 1299000   250 10.02
0.441 0.0467 43.22 32.60 113 94   760000 1299000   250 10.02
0.443 0.0418 43.10 32.60 113 94   760000 1299000   250 10.02
0.445 0.0444 42.97 32.60 113 94   760000 1299000   250 10.02
0.447 0.0428 42.86 32.60 113 94   760000 1299000   250 10.02
0.449 0.0427 42.76 32.60 113 94   760000 1299000   250 10.02
0.451 0.0426 42.66 32.60 113 94   760000 1299000   250 10.02
0.453 0.0410 42.59 32.60 113 94   760000 1299000   250 10.02
0.455 0.0432 42.53 32.60 113 94   760000 1299000   250 10.02
0.456 0.0417 42.47 32.60 113 94   760000 1299000   250 10.02
0.458 0.0422 42.43 32.60 113 94   760000 1299000   250 10.02
0.460 0.0431 42.38 32.60 113 94   760000 1299000   250 10.02
0.462 0.0420 42.32 32.60 113 94   760000 1299000   250 10.02
0.464 0.0429 42.26 32.60 113 94   760000 1299000   250 10.02
0.466 0.0413 42.20 32.60 113 94   760000 1299000   250 10.02
0.468 0.0381 42.14 32.60 113 94   760000 1299000   250 10.02
0.469 0.0443 42.09 32.60 113 94   760000 1299000   250 10.02
0.471 0.0443 42.07 32.60 113 94   760000 1299000   250 10.02
0.473 0.0446 42.07 32.60 113 94   760000 1299000   250 10.02
0.475 0.0424 42.10 32.60 113 94   760000 1299000   250 10.02
0.477 0.0418 42.15 32.60 113 94   760000 1299000   250 10.02
0.479 0.0433 42.22 32.60 113 94   760000 1299000   250 10.02
0.481 0.0425 42.31 32.60 113 94   760000 1299000   250 10.02
0.482 0.0400 42.40 32.60 113 94   760000 1299000   250 10.02
0.484 0.0387 42.50 32.60 113 94   760000 1299000   250 10.02
0.486 0.0434 42.63 32.60 113 94   760000 1299000   250 10.02
0.488 0.0433 42.77 32.60 113 94   760000 1299000   250 10.02
0.490 0.0439 42.93 32.60 113 94   760000 1299000   250 10.02
0.492 0.0383 43.10 32.60 113 94   760000 1299000   250 10.02
0.494 0.0483 43.29 32.60 113 94   760000 1299000   250 10.02
0.495 0.0426 43.50 32.60 113 94   760000 1299000   250 10.02
0.497 0.0413 43.72 32.60 113 94   760000 1299000   250 10.02
0.499 0.0462 43.95 32.60 113 94   760000 1299000   250 10.02
0.501 0.0450 44.20 32.60 113 94   760000 1299000   250 10.02
0.503 0.0445 44.45 32.60 113 94   760000 1299000   250 10.02
0.505 0.0463 44.71 32.60 113 94   760000 1299000   250 10.02
0.506 0.0460 44.97 32.60 113 94   760000 1299000   250 10.02
0.508 0.0425 45.23 32.60 113 94   760000 1299000   250 10.02
0.510 0.0450 45.48 32.60 113 94   760000 1299000   250 10.02
0.512 0.0447 45.69 32.60 113 94   760000 1299000   250 10.02
0.514 0.0458 45.87 32.60 113 94   760000 1299000   250 10.02
0.516 0.0463 46.01 32.60 113 94   760000 1299000   250 10.02
0.518 0.0499 46.13 32.60 113 94   760000 1299000   250 10.02
0.519 0.0476 46.24 32.60 113 94   760000 1299000   250 10.02
0.521 0.0473 46.34 32.60 113 94   760000 1299000   250 10.02
0.523 0.0439 46.45 32.60 113 94   760000 1299000   250 10.02
0.525 0.0425 46.58 32.60 113 94   760000 1299000   250 10.02
0.527 0.0493 46.74 32.60 113 94   760000 1299000   250 10.02
0.529 0.0500 46.93 32.60 113 94   760000 1299000   250 10.02
0.531 0.0470 47.16 32.60 113 94   760000 1299000   250 10.02
0.532 0.0453 47.43 32.60 113 94   760000 1299000   250 10.02
0.534 0.0473 47.74 32.60 113 94   760000 1299000   250 10.02
0.536 0.0481 48.08 32.60 113 94   760000 1299000   250 10.02
0.538 0.0494 48.44 32.60 113 94   760000 1299000   250 10.02
0.540 0.0475 48.83 32.60 113 94   760000 1299000   250 10.02
0.542 0.0481 49.24 32.60 113 94   760000 1299000   250 10.02
0.544 0.0463 49.64 32.60 113 94   760000 1299000   250 10.02
0.545 0.0477 50.05 32.60 113 94   760000 1299000   250 10.02
0.547 0.0511 50.46 32.60 113 94   760000 1299000   250 10.02
0.549 0.0513 50.88 32.60 113 94   760000 1299000   250 10.02
0.551 0.0526 51.30 32.60 113 94   760000 1299000   250 10.02
0.553 0.0532 51.72 32.60 113 94   760000 1299000   250 10.02
0.555 0.0554 52.14 32.60 113 94   760000 1299000   250 10.02
0.557 0.0525 52.56 32.60 113 94   760000 1299000   250 10.02
0.558 0.0528 52.95 32.60 113 94   760000 1299000   250 10.02
0.560 0.0586 53.32 32.60 113 94   760000 1299000   250 10.02
0.562 0.0528 53.68 32.60 113 94   760000 1299000   250 10.02
0.564 0.0525 54.04 32.60 113 94   760000 1299000   250 10.02
0.566 0.0564 54.41 32.60 113 94   760000 1299000   250 10.02
0.568 0.0505 54.79 32.60 113 94   760000 1299000   250 10.02
0.570 0.0557 55.17 32.60 113 94   760000 1299000   250 10.02
0.571 0.0554 55.57 32.60 113 94   760000 1299000   250 10.02
0.573 0.0560 55.98 32.60 113 94   760000 1299000   250 10.02
0.575 0.0544 56.40 32.60 113 94   760000 1299000   250 10.02
0.577 0.0545 56.84 32.60 113 94   760000 1299000   250 10.02
0.579 0.0574 57.31 32.60 113 94   760000 1299000   250 10.02
0.581 0.0558 57.80 32.60 113 94   760000 1299000   250 10.02
0.583 0.0620 58.31 32.60 113 94   760000 1299000   250 10.02
0.584 0.0592 58.84 32.60 113 94   760000 1299000   250 10.02
0.586 0.0575 59.38 32.60 113 94   760000 1299000   250 10.02
0.588 0.0578 59.92 32.60 113 94   760000 1299000   250 10.02
0.590 0.0637 60.45 32.60 113 94   760000 1299000   250 10.02
0.592 0.0572 60.97 32.60 113 94   760000 1299000   250 10.02
0.594 0.0586 61.46 32.60 113 94   760000 1299000   250 10.02
0.596 0.0687 61.92 32.60 113 94   760000 1299000   250 10.02
0.597 0.0651 62.35 32.60 113 94   760000 1299000   250 10.02
0.599 0.0663 62.74 32.60 113 94   760000 1299000   250 10.02
0.601 0.0636 63.08 32.60 113 94   760000 1299000   250 10.02
0.603 0.0617 63.36 32.60 113 94   760000 1299000   250 10.02
0.605 0.0604 63.57 32.60 113 94   760000 1299000   250 10.02
0.607 0.0652 63.73 32.60 113 94   760000 1299000   250 10.02
0.609 0.0617 63.85 32.60 113 94   760000 1299000   250 10.02
0.610 0.0656 63.93 32.60 113 94   760000 1299000   250 10.02
0.612 0.0655 63.98 32.60 113 94   760000 1299000   250 10.02
0.614 0.0639 64.02 32.60 113 94   760000 1299000   250 10.02
0.616 0.0616 64.05 32.60 113 94   760000 1299000   250 10.02
0.618 0.0624 64.09 32.60 113 94   760000 1299000   250 10.02
0.620 0.0633 64.14 32.60 113 94   760000 1299000   250 10.02
0.622 0.0666 64.21 32.60 113 94   760000 1299000   250 10.02
0.623 0.0677 64.28 32.60 113 94   760000 1299000   250 10.02
0.625 0.0649 64.38 32.60 113 94   760000 1299000   250 10.02
0.627 0.0582 64.49 32.60 113 94   760000 1299000   250 10.02
0.629 0.0668 64.63 32.60 113 94   760000 1299000   250 10.02
0.631 0.0685 64.77 32.60 113 94   760000 1299000   250 10.02
0.633 0.0588 64.92 32.60 113 94   760000 1299000   250 10.02
0.635 0.0637 65.06 32.60 113 94   760000 1299000   250 10.02
0.636 0.0618 65.19 32.60 113 94   760000 1299000   250 10.02
0.638 0.0651 65.29 32.60 113 94   760000 1299000   250 10.02
0.640 0.0705 65.38 32.60 113 94   760000 1299000   250 10.02
0.642 0.0659 65.45 32.60 113 94   760000 1299000   250 10.02
0.644 0.0696 65.51 32.60 113 94   760000 1299000   250 10.02
0.646 0.0674 65.55 32.60 113 94   760000 1299000   250 10.02
0.647 0.0598 65.57 32.60 113 94   760000 1299000   250 10.02
0.649 0.0684 65.56 32.60 113 94   760000 1299000   250 10.02
0.651 0.0667 65.53 32.60 113 94   760000 1299000   250 10.02
0.653 0.0667 65.50 32.60 113 94   760000 1299000   250 10.02
0.655 0.0613 65.46 32.60 113 94   760000 1299000   250 10.02
0.657 0.0667 65.40 32.60 113 94   760000 1299000   250 10.02
0.659 0.0636 65.32 32.60 113 94   760000 1299000   250 10.02
0.660 0.0652 65.19 32.60 113 94   760000 1299000   250 10.02
0.662 0.0667 65.02 32.60 113 94   760000 1299000   250 10.02
0.664 0.0659 64.79 32.60 113 94   760000 1299000   250 10.02
0.666 0.0582 64.53 32.60 113 94   760000 1299000   250 10.02
0.668 0.0673 64.23 32.60 113 94   760000 1299000   250 10.02
0.670 0.0667 63.93 32.60 113 94   760000 1299000   250 10.02
0.672 0.0637 63.62 32.60 113 94   760000 1299000   250 10.02
0.673 0.0635 63.34 32.60 113 94   760000 1299000   250 10.02
0.675 0.0604 63.09 32.60 113 94   760000 1299000   250 10.02
0.677 0.0654 62.87 32.60 113 94   760000 1299000   250 10.02
0.679 0.0582 62.66 32.60 113 94   760000 1299000   250 10.02
0.681 0.0662 62.46 32.60 113 94   760000 1299000   250 10.02
0.683 0.0626 62.26 32.60 113 94   760000 1299000   250 10.02
0.685 0.0679 62.06 32.60 113 94   760000 1299000   250 10.02
0.686 0.0599 61.85 32.60 113 94   760000 1299000   250 10.02
0.688 0.0651 61.65 32.60 113 94   760000 1299000   250 10.02
0.690 0.0552 61.44 32.60 113 94   760000 1299000   250 10.02
0.692 0.0524 61.24 32.60 113 94   760000 1299000   250 10.02
0.694 0.0566 61.03 32.60 113 94   760000 1299000   250 10.02
0.696 0.0666 60.83 32.60 113 94   760000 1299000   250 10.02
0.698 0.0625 60.63 32.60 113 94   760000 1299000   250 10.02
0.699 0.0605 60.44 32.60 113 94   760000 1299000   250 10.02
0.701 0.0637 60.26 32.60 113 94   760000 1299000   250 10.02
0.703 0.0608 60.08 32.60 113 94   760000 1299000   250 10.02
0.705 0.0623 59.92 32.60 113 94   760000 1299000   250 10.02
0.707 0.0606 59.76 32.60 113 94   760000 1299000   250 10.02
0.709 0.0617 59.63 32.60 113 94   760000 1299000   250 10.02
0.711 0.0576 59.51 32.60 113 94   760000 1299000   250 10.02
0.712 0.0548 59.40 32.60 113 94   760000 1299000   250 10.02
0.714 0.0610 59.31 32.60 113 94   760000 1299000   250 10.02
0.716 0.0571 59.23 32.60 113 94   760000 1299000   250 10.02
0.718 0.0593 59.15 32.60 113 94   760000 1299000   250 10.02
0.720 0.0599 59.07 32.60 113 94   760000 1299000   250 10.02
0.722 0.0600 58.99 32.60 113 94   760000 1299000   250 10.02
0.724 0.0557 58.89 32.60 113 94   760000 1299000   250 10.02
0.725 0.0609 58.80 32.60 113 94   760000 1299000   250 10.02
0.727 0.0604 58.73 32.60 113 94   760000 1299000   250 10.02
0.729 0.0572 58.70 32.60 113 94   760000 1299000   250 10.02
0.731 0.0561 58.72 32.60 113 94   760000 1299000   250 10.02
0.733 0.0580 58.79 32.60 113 94   760000 1299000   250 10.02
0.735 0.0606 58.90 32.60 113 94   760000 1299000   250 10.02
0.737 0.0598 59.04 32.60 113 94   760000 1299000   250 10.02
0.738 0.0601 59.19 32.60 113 94   760000 1299000   250 10.02
0.740 0.0602 59.34 32.60 113 94   760000 1299000   250 10.02
0.742 0.0582 59.50 32.60 113 94   760000 1299000   250 10.02
0.744 0.0624 59.65 32.60 113 94   760000 1299000   250 10.02
0.746 0.0609 59.80 32.60 113 94   760000 1299000   250 10.02
0.748 0.0532 59.94 32.60 113 94   760000 1299000   250 10.02
0.750 0.0592 60.08 32.60 113 94   760000 1299000   250 10.02
0.751 0.0644 60.19 32.60 113 94   760000 1299000   250 10.02
0.753 0.0574 60.29 32.60 113 94   760000 1299000   250 10.02
0.755 0.0593 60.37 32.60 113 94   760000 1299000   250 10.02
0.757 0.0638 60.41 32.60 113 94   760000 1299000   250 10.02
0.759 0.0588 60.44 32.60 113 94   760000 1299000   250 10.02
0.761 0.0656 60.45 32.60 113 94   760000 1299000   250 10.02
0.763 0.0603 60.45 32.60 113 94   760000 1299000   250 10.02
0.764 0.0576 60.44 32.60 113 94   760000 1299000   250 10.02
0.766 0.0624 60.44 32.60 113 94   760000 1299000   250 10.02
0.768 0.0591 60.43 32.60 113 94   760000 1299000   250 10.02
0.770 0.0611 60.42 32.60 113 94   760000 1299000   250 10.02
0.772 0.0610 60.40 32.60 113 94   760000 1299000   250 10.02
0.774 0.0564 60.36 32.60 113 94   760000 1299000   250 10.02
0.776 0.0681 60.31 32.60 113 94   760000 1299000   250 10.02
0.777 0.0571 60.25 32.60 113 94   760000 1299000   250 10.02
0.779 0.0572 60.18 32.60 113 94   760000 1299000   250 10.02
0.781 0.0595 60.11 32.60 113 94   760000 1299000   250 10.02
0.783 0.0633 60.04 32.60 113 94   760000 1299000   250 10.02
0.785 0.0534 59.97 32.60 113 94   760000 1299000   250 10.02
0.787 0.0590 59.92 32.60 113 94   760000 1299000   250 10.02
0.788 0.0615 59.89 32.60 113 94   760000 1299000   250 10.02
0.790 0.0626 59.89 32.60 113 94   760000 1299000   250 10.02
0.792 0.0621 59.90 32.60 113 94   760000 1299000   250 10.02
0.794 0.0635 59.92 32.60 113 94   760000 1299000   250 10.02
0.796 0.0551 59.96 32.60 113 94   760000 1299000   250 10.02
0.798 0.0628 60.00 32.60 113 94   760000 1299000   250 10.02
0.800 0.0613 60.04 32.60 113 94   760000 1299000   250 10.02
0.801 0.0553 60.08 32.60 113 94   760000 1299000   250 10.02
0.803 0.0581 60.13 32.60 113 94   760000 1299000   250 10.02
0.805 0.0597 60.19 32.60 113 94   760000 1299000   250 10.02
0.807 0.0606 60.25 32.60 113 94   760000 1299000   250 10.02
0.809 0.0608 60.32 32.60 113 94   760000 1299000   250 10.02
0.811 0.0643 60.38 32.60 113 94   760000 1299000   250 10.02
0.813 0.0609 60.44 32.60 113 94   760000 1299000   250 10.02
0.814 0.0611 60.50 32.60 113 94   760000 1299000   250 10.02
0.816 0.0591 60.56 32.60 113 94   760000 1299000   250 10.02
0.818 0.0542 60.63 32.60 113 94   760000 1299000   250 10.02
0.820 0.0659 60.70 32.60 113 94   760000 1299000   250 10.02
0.822 0.0618 60.78 32.60 113 94   760000 1299000   250 10.02
0.824 0.0608 60.87 32.60 113 94   760000 1299000   250 10.02
0.826 0.0580 60.98 32.60 113 94   760000 1299000   250 10.02
0.827 0.0632 61.09 32.60 113 94   760000 1299000   250 10.02
0.829 0.0603 61.18 32.60 113 94   760000 1299000   250 10.02
0.831 0.0598 61.26 32.60 113 94   760000 1299000   250 10.02
0.833 0.0617 61.32 32.60 113 94   760000 1299000   250 10.02
0.835 0.0655 61.36 32.60 113 94   760000 1299000   250 10.02
0.837 0.0612 61.40 32.60 113 94   760000 1299000   250 10.02
0.839 0.0590 61.44 32.60 113 94   760000 1299000   250 10.02
0.840 0.0632 61.46 32.60 113 94   760000 1299000   250 10.02
0.842 0.0566 61.47 32.60 113 94   760000 1299000   250 10.02
0.844 0.0640 61.47 32.60 113 94   760000 1299000   250 10.02
0.846 0.0613 61.44 32.60 113 94   760000 1299000   250 10.02
0.848 0.0623 61.38 32.60 113 94   760000 1299000   250 10.02
0.850 0.0606 61.30 32.60 113 94   760000 1299000   250 10.02
0.852 0.0637 61.19 32.60 113 94   760000 1299000   250 10.02
0.853 0.0608 61.07 32.60 113 94   760000 1299000   250 10.02
0.855 0.0604 60.94 32.60 113 94   760000 1299000   250 10.02
0.857 0.0594 60.83 32.60 113 94   760000 1299000   250 10.02
0.859 0.0660 60.72 32.60 113 94   760000 1299000   250 10.02
0.861 0.0586 60.63 32.60 113 94   760000 1299000   250 10.02
0.863 0.0562 60.54 32.60 113 94   760000 1299000   250 10.02
0.865 0.0621 60.46 32.60 113 94   760000 1299000   250 10.02
0.866 0.0618 60.39 32.60 113 94   760000 1299000   250 10.02
0.868 0.0607 60.31 32.60 113 94   760000 1299000   250 10.02
0.870 0.0608 60.24 32.60 113 94   760000 1299000   250 10.02
0.872 0.0580 60.16 32.60 113 94   760000 1299000   250 10.02
0.874 0.0586 60.08 32.60 113 94   760000 1299000   250 10.02
0.876 0.0562 59.98 32.60 113 94   760000 1299000   250 10.02
0.878 0.0620 59.88 32.60 113 94   760000 1299000   250 10.02
0.879 0.0586 59.79 32.60 113 94   760000 1299000   250 10.02
0.881 0.0610 59.71 32.60 113 94   760000 1299000   250 10.02
0.883 0.0607 59.65 32.60 113 94   760000 1299000   250 10.02
0.885 0.0636 59.60 32.60 113 94   760000 1299000   250 10.02
0.887 0.0598 59.57 32.60 113 94   760000 1299000   250 10.02
0.889 0.0605 59.54 32.60 113 94   760000 1299000   250 10.02
0.891 0.0570 59.52 32.60 113 94   760000 1299000   250 10.02
0.892 0.0617 59.50 32.60 113 94   760000 1299000   250 10.02
0.894 0.0575 59.49 32.60 113 94   760000 1299000   250 10.02
0.896 0.0622 59.47 32.60 113 94   760000 1299000   250 10.02
0.898 0.0544 59.46 32.60 113 94   760000 1299000   250 10.02
0.900 0.0580 59.43 32.60 113 94   760000 1299000   250 10.02
0.902 0.0591 59.39 32.60 113 94   760000 1299000   250 10.02
0.904 0.0592 59.32 32.60 113 94   760000 1299000   250 10.02
0.905 0.0628 59.24 32.60 113 94   760000 1299000   250 10.02
0.907 0.0564 59.15 32.60 113 94   760000 1299000   250 10.02
0.909 0.0552 59.04 32.60 113 94   760000 1299000   250 10.02
0.911 0.0661 58.93 32.60 113 94   760000 1299000   250 10.02
0.913 0.0574 58.84 32.60 113 94   760000 1299000   250 10.02
0.915 0.0590 58.77 32.60 113 94   760000 1299000   250 10.02
0.917 0.0613 58.72 32.60 113 94   760000 1299000   250 10.02
0.918 0.0593 58.71 32.60 113 94   760000 1299000   250 10.02
0.920 0.0563 58.71 32.60 113 94   760000 1299000   250 10.02
0.922 0.0583 58.72 32.60 113 94   760000 1299000   250 10.02
0.924 0.0626 58.74 32.60 113 94   760000 1299000   250 10.02
0.926 0.0540 58.75 32.60 113 94   760000 1299000   250 10.02
0.928 0.0609 58.73 32.60 113 94   760000 1299000   250 10.02
0.929 0.0581 58.70 32.60 113 94   760000 1299000   250 10.02
0.931 0.0561 58.66 32.60 113 94   760000 1299000   250 10.02
0.933 0.0579 58.60 32.60 113 94   760000 1299000   250 10.02
0.935 0.0568 58.53 32.60 113 94   760000 1299000   250 10.02
0.937 0.0549 58.46 32.60 113 94   760000 1299000   250 10.02
0.939 0.0618 58.38 32.60 113 94   760000 1299000   250 10.02
0.941 0.0600 58.31 32.60 113 94   760000 1299000   250 10.02
0.942 0.0602 58.24 32.60 113 94   760000 1299000   250 10.02
0.944 0.0593 58.16 32.60 113 94   760000 1299000   250 10.02
0.946 0.0567 58.09 32.60 113 94   760000 1299000   250 10.02
0.948 0.0615 58.03 32.60 113 94   760000 1299000   250 10.02
0.950 0.0615 57.98 32.60 113 94   760000 1299000   250 10.02
0.952 0.0571 57.92 32.60 113 94   760000 1299000   250 10.02
0.954 0.0563 57.86 32.60 113 94   760000 1299000   250 10.02
0.955 0.0539 57.78 32.60 113 94   760000 1299000   250 10.02
0.957 0.0589 57.69 32.60 113 94   760000 1299000   250 10.02
0.959 0.0550 57.57 32.60 113 94   760000 1299000   250 10.02
0.961 0.0551 57.43 32.60 113 94   760000 1299000   250 10.02
0.963 0.0582 57.28 32.60 113 94   760000 1299000   250 10.02
0.965 0.0599 57.12 32.60 113 94   760000 1299000   250 10.02
0.967 0.0562 56.96 32.60 113 94   760000 1299000   250 10.02
0.968 0.0577 56.81 32.60 113 94   760000 1299000   250 10.02
0.970 0.0544 56.68 32.60 113 94   760000 1299000   250 10.02
0.972 0.0596 56.57 32.60 113 94   760000 1299000   250 10.02
0.974 0.0552 56.48 32.60 113 94   760000 1299000   250 10.02
0.976 0.0557 56.43 32.60 113 94   760000 1299000   250 10.02
0.978 0.0575 56.42 32.60 113 94   760000 1299000   250 10.02
0.980 0.0614 56.43 32.60 113 94   760000 1299000   250 10.02
0.981 0.0544 56.45 32.60 113 94   760000 1299000   250 10.02
0.983 0.0563 56.48 32.60 113 94   760000 1299000   250 10.02
0.985 0.0570 56.52 32.60 113 94   760000 1299000   250 10.02
0.987 0.0531 56.55 32.60 113 94   760000 1299000   250 10.02
0.989 0.0526 56.58 32.60 113 94   760000 1299000   250 10.02
0.991 0.0579 56.59 32.60 113 94   760000 1299000   250 10.02
0.993 0.0569 56.61 32.60 113 94   760000 1299000   250 10.02
0.994 0.0577 56.63 32.60 113 94   760000 1299000   250 10.02
0.996 0.0556 56.65 32.60 113 94   760000 1299000   250 10.02
0.998 0.0592 56.68 32.60 113 94   760000 1299000   250 10.02
1.000 0.0566 56.72 32.60 113 94   760000 1299000   250 10.02
1.002 0.0563 56.75 32.60 113 94   760000 1299000   250 10.02
1.004 0.0559 56.79 32.60 113 94   760000 1299000   250 10.02
1.006 0.0546 56.81 32.60 113 94   760000 1299000   250 10.02
1.007 0.0629 56.81 32.60 113 94   760000 1299000   250 10.02
1.009 0.0567 56.80 32.60 113 94   760000 1299000   250 10.02
1.011 0.0578 56.78 32.60 113 94   760000 1299000   250 10.02
1.013 0.0573 56.75 32.60 113 94   760000 1299000   250 10.02
1.015 0.0531 56.71 32.60 113 94   760000 1299000   250 10.02
1.017 0.0551 56.64 32.60 113 94   760000 1299000   250 10.02
1.019 0.0601 56.56 32.60 113 94   760000 1299000   250 10.02
1.020 0.0550 56.46 32.60 113 94   760000 1299000   250 10.02
1.022 0.0565 56.34 32.60 113 94   760000 1299000   250 10.02
1.024 0.0566 56.23 32.60 113 94   760000 1299000   250 10.02
1.026 0.0539 56.13 32.60 113 94   760000 1299000   250 10.02
1.028 0.0574 56.05 32.60 113 94   760000 1299000   250 10.02
1.030 0.0561 55.97 32.60 113 94   760000 1299000   250 10.02
1.032 0.0551 55.91 32.60 113 94   760000 1299000   250 10.02
1.033 0.0577 55.85 32.60 113 94   760000 1299000   250 10.02
1.035 0.0559 55.80 32.60 113 94   760000 1299000   250 10.02
1.037 0.0511 55.77 32.60 113 94   760000 1299000   250 10.02
1.039 0.0600 55.76 32.60 113 94   760000 1299000   250 10.02
1.041 0.0539 55.76 32.60 113 94   760000 1299000   250 10.02
1.043 0.0518 55.77 32.60 113 94   760000 1299000   250 10.02
1.045 0.0606 55.79 32.60 113 94   760000 1299000   250 10.02
1.046 0.0585 55.80 32.60 113 94   760000 1299000   250 10.02
1.048 0.0549 55.81 32.60 113 94   760000 1299000   250 10.02
1.050 0.0517 55.81 32.60 113 94   760000 1299000   250 10.02
1.052 0.0560 55.80 32.60 113 94   760000 1299000   250 10.02
1.054 0.0581 55.78 32.60 113 94   760000 1299000   250 10.02
1.056 0.0557 55.76 32.60 113 94   760000 1299000   250 10.02
1.058 0.0546 55.73 32.60 113 94   760000 1299000   250 10.02
1.059 0.0577 55.69 32.60 113 94   760000 1299000   250 10.02
1.061 0.0547 55.65 32.60 113 94   760000 1299000   250 10.02
1.063 0.0546 55.61 32.60 113 94   760000 1299000   250 10.02
1.065 0.0566 55.57 32.60 113 94   760000 1299000   250 10.02
1.067 0.0528 55.54 32.60 113 94   760000 1299000   250 10.02
1.069 0.0606 55.51 32.60 113 94   760000 1299000   250 10.02
1.071 0.0568 55.48 32.60 113 94   760000 1299000   250 10.02
1.072 0.0536 55.45 32.60 113 94   760000 1299000   250 10.02
1.074 0.0552 55.43 32.60 113 94   760000 1299000   250 10.02
1.076 0.0529 55.42 32.60 113 94   760000 1299000   250 10.02
1.078 0.0529 55.41 32.60 113 94   760000 1299000   250 10.02
1.080 0.0574 55.42 32.60 113 94   760000 1299000   250 10.02
1.082 0.0581 55.44 32.60 113 94   760000 1299000   250 10.02
1.083 0.0539 55.48 32.60 113 94   760000 1299000   250 10.02
1.085 0.0517 55.52 32.60 113 94   760000 1299000   250 10.02
1.087 0.0575 55.55 32.60 113 94   760000 1299000   250 10.02
1.089 0.0562 55.58 32.60 113 94   760000 1299000   250 10.02
1.091 0.0553 55.61 32.60 113 94   760000 1299000   250 10.02
1.093 0.0579 55.64 32.60 113 94   760000 1299000   250 10.02
1.095 0.0561 55.67 32.60 113 94   760000 1299000   250 10.02
1.096 0.0547 55.68 32.60 113 94   760000 1299000   250 10.02
1.098 0.0559 55.69 32.60 113 94   760000 1299000   250 10.02
1.100 0.0548 55.70 32.60 113 94   760000 1299000   250 10.02
1.102 0.0551 55.70 32.60 113 94   760000 1299000   250 10.02
1.104 0.0590 55.71 32.60 113 94   760000 1299000   250 10.02
1.106 0.0516 55.70 32.60 113 94   760000 1299000   250 10.02
1.108 0.0584 55.69 32.60 113 94   760000 1299000   250 10.02
1.109 0.0562 55.67 32.60 113 94   760000 1299000   250 10.02
1.111 0.0560 55.64 32.60 113 94   760000 1299000   250 10.02
1.113 0.0570 55.60 32.60 113 94   760000 1299000   250 10.02
1.115 0.0534 55.57 32.60 113 94   760000 1299000   250 10.02
1.117 0.0561 55.54 32.60 113 94   760000 1299000   250 10.02
1.119 0.0558 55.51 32.60 113 94   760000 1299000   250 10.02
1.121 0.0493 55.49 32.60 113 94   760000 1299000   250 10.02
1.122 0.0567 55.47 32.60 113 94   760000 1299000   250 10.02
1.124 0.0559 55.45 32.60 113 94   760000 1299000   250 10.02
1.126 0.0576 55.44 32.60 113 94   760000 1299000   250 10.02
1.128 0.0568 55.43 32.60 113 94   760000 1299000   250 10.02
1.130 0.0540 55.43 32.60 113 94   760000 1299000   250 10.02
1.132 0.0575 55.43 32.60 113 94   760000 1299000   250 10.02
1.134 0.0541 55.44 32.60 113 94   760000 1299000   250 10.02
1.135 0.0552 55.45 32.60 113 94   760000 1299000   250 10.02
1.137 0.0578 55.47 32.60 113 94   760000 1299000   250 10.02
1.139 0.0550 55.49 32.60 113 94   760000 1299000   250 10.02
1.141 0.0529 55.52 32.60 113 94   760000 1299000   250 10.02
1.143 0.0546 55.55 32.60 113 94   760000 1299000   250 10.02
1.145 0.0577 55.58 32.60 113 94   760000 1299000   250 10.02
1.147 0.0554 55.60 32.60 113 94   760000 1299000   250 10.02
1.148 0.0554 55.60 32.60 113 94   760000 1299000   250 10.02
1.150 0.0555 55.60 32.60 113 94   760000 1299000   250 10.02
1.152 0.0569 55.59 32.60 113 94   760000 1299000   250 10.02
1.154 0.0558 55.56 32.60 113 94   760000 1299000   250 10.02
1.156 0.0527 55.54 32.60 113 94   760000 1299000   250 10.02
1.158 0.0553 55.53 32.60 113 94   760000 1299000   250 10.02
1.160 0.0570 55.52 32.60 113 94   760000 1299000   250 10.02
1.161 0.0574 55.51 32.60 113 94   760000 1299000   250 10.02
1.163 0.0549 55.52 32.60 113 94   760000 1299000   250 10.02
1.165 0.0543 55.52 32.60 113 94   760000 1299000   250 10.02
1.167 0.0564 55.51 32.60 113 94   760000 1299000   250 10.02
1.169 0.0556 55.50 32.60 113 94   760000 1299000   250 10.02
1.171 0.0573 55.50 32.60 113 94   760000 1299000   250 10.02
1.173 0.0523 55.49 32.60 113 94   760000 1299000   250 10.02
1.174 0.0571 55.50 32.60 113 94   760000 1299000   250 10.02
1.176 0.0560 55.51 32.60 113 94   760000 1299000   250 10.02
1.178 0.0536 55.53 32.60 113 94   760000 1299000   250 10.02
1.180 0.0555 55.55 32.60 113 94   760000 1299000   250 10.02
1.182 0.0544 55.59 32.60 113 94   760000 1299000   250 10.02
1.184 0.0565 55.63 32.60 113 94   760000 1299000   250 10.02
1.186 0.0572 55.68 32.60 113 94   760000 1299000   250 10.02
1.187 0.0550 55.73 32.60 113 94   760000 1299000   250 10.02
1.189 0.0543 55.79 32.60 113 94   760000 1299000   250 10.02
1.191 0.0563 55.84 32.60 113 94   760000 1299000   250 10.02
1.193 0.0584 55.90 32.60 113 94   760000 1299000   250 10.02
1.195 0.0538 55.96 32.60 113 94   760000 1299000   250 10.02
1.197 0.0545 56.02 32.60 113 94   760000 1299000   250 10.02
1.199 0.0585 56.09 32.60 113 94   760000 1299000   250 10.02
1.200 0.0557 56.15 32.60 113 94   760000 1299000   250 10.02
1.202 0.0550 56.21 32.60 113 94   760000 1299000   250 10.02
1.204 0.0598 56.27 32.60 113 94   760000 1299000   250 10.02
1.206 0.0555 56.31 32.60 113 94   760000 1299000   250 10.02
1.208 0.0566 56.35 32.60 113 94   760000 1299000   250 10.02
1.210 0.0543 56.38 32.60 113 94   760000 1299000   250 10.02
1.212 0.0570 56.40 32.60 113 94   760000 1299000   250 10.02
1.213 0.0576 56.42 32.60 113 94   760000 1299000   250 10.02
1.215 0.0548 56.43 32.60 113 94   760000 1299000   250 10.02
1.217 0.0569 56.44 32.60 113 94   760000 1299000   250 10.02
1.219 0.0558 56.44 32.60 113 94   760000 1299000   250 10.02
1.221 0.0580 56.45 32.60 113 94   760000 1299000   250 10.02
1.223 0.0553 56.46 32.60 113 94   760000 1299000   250 10.02
1.224 0.0567 56.47 32.60 113 94   760000 1299000   250 10.02
1.226 0.0555 56.49 32.60 113 94   760000 1299000   250 10.02
1.228 0.0581 56.50 32.60 113 94   760000 1299000   250 10.02
1.230 0.0587 56.52 32.60 113 94   760000 1299000   250 10.02
1.232 0.0530 56.54 32.60 113 94   760000 1299000   250 10.02
1.234 0.0571 56.55 32.60 113 94   760000 1299000   250 10.02
1.236 0.0561 56.57 32.60 113 94   760000 1299000   250 10.02
1.237 0.0575 56.58 32.60 113 94   760000 1299000   250 10.02
1.239 0.0553 56.59 32.60 113 94   760000 1299000   250 10.02
1.241 0.0572 56.60 32.60 113 94   760000 1299000   250 10.02
1.243 0.0571 56.60 32.60 113 94   760000 1299000   250 10.02
1.245 0.0558 56.60 32.60 113 94   760000 1299000   250 10.02
1.247 0.0577 56.59 32.60 113 94   760000 1299000   250 10.02
1.249 0.0563 56.59 32.60 113 94   760000 1299000   250 10.02
1.250 0.0575 56.59 32.60 113 94   760000 1299000   250 10.02
1.252 0.0557 56.59 32.60 113 94   760000 1299000   250 10.02
1.254 0.0579 56.59 32.60 113 94   760000 1299000   250 10.02
1.256 0.0558 56.60 32.60 113 94   760000 1299000   250 10.02
1.258 0.0559 56.61 32.60 113 94   760000 1299000   250 10.02
1.260 0.0578 56.63 32.60 113 94   760000 1299000   250 10.02
1.262 0.0561 56.65 32.60 113 94   760000 1299000   250 10.02
1.263 0.0568 56.67 32.60 113 94   760000 1299000   250 10.02
1.265 0.0529 56.69 32.60 113 94   760000 1299000   250 10.02
1.267 0.0593 56.71 32.60 113 94   760000 1299000   250 10.02
1.269 0.0579 56.72 32.60 113 94   760000 1299000   250 10.02
1.271 0.0546 56.73 32.60 113 94   760000 1299000   250 10.02
1.273 0.0577 56.74 32.60 113 94   760000 1299000   250 10.02
1.275 0.0572 56.76 32.60 113 94   760000 1299000   250 10.02
1.276 0.0568 56.78 32.60 113 94   760000 1299000   250 10.02
1.278 0.0575 56.80 32.60 113 94   760000 1299000   250 10.02
1.280 0.0546 56.82 32.60 113 94   760000 1299000   250 10.02
1.282 0.0593 56.84 32.60 113 94   760000 1299000   250 10.02
1.284 0.0549 56.86 32.60 113 94   760000 1299000   250 10.02
1.286 0.0582 56.87 32.60 113 94   760000 1299000   250 10.02
1.288 0.0574 56.89 32.60 113 94   760000 1299000   250 10.02
1.289 0.0573 56.90 32.60 113 94   760000 1299000   250 10.02
1.291 0.0577 56.91 32.60 113 94   760000 1299000   250 10.02
1.293 0.0537 56.92 32.60 113 94   760000 1299000   250 10.02
1.295 0.0589 56.92 32.60 113 94   760000 1299000   250 10.02
1.297 0.0575 56.91 32.60 113 94   760000 1299000   250 10.02
1.299 0.0544 56.91 32.60 113 94   760000 1299000   250 10.02
1.301 0.0556 56.90 32.60 113 94   760000 1299000   250 10.02
1.302 0.0589 56.89 32.60 113 94   760000 1299000   250 10.02
1.304 0.0587 56.88 32.60 113 94   760000 1299000   250 10.02
1.306 0.0557 56.88 32.60 113 94   760000 1299000   250 10.02
1.308 0.0542 56.88 32.60 113 94   760000 1299000   250 10.02
1.310 0.0616 56.88 32.60 113 94   760000 1299000   250 10.02
1.312 0.0546 56.88 32.60 113 94   760000 1299000   250 10.02
1.314 0.0576 56.88 32.60 113 94   760000 1299000   250 10.02
1.315 0.0544 56.89 32.60 113 94   760000 1299000   250 10.02
1.317 0.0607 56.90 32.60 113 94   760000 1299000   250 10.02
1.319 0.0562 56.92 32.60 113 94   760000 1299000   250 10.02
1.321 0.0551 56.94 32.60 113 94   760000 1299000   250 10.02
1.323 0.0581 56.96 32.60 113 94   760000 1299000   250 10.02
1.325 0.0561 56.99 32.60 113 94   760000 1299000   250 10.02
1.327 0.0566 57.01 32.60 113 94   760000 1299000   250 10.02
1.328 0.0590 57.03 32.60 113 94   760000 1299000   250 10.02
1.330 0.0550 57.04 32.60 113 94   760000 1299000   250 10.02
1.332 0.0565 57.05 32.60 113 94   760000 1299000   250 10.02
1.334 0.0581 57.06 32.60 113 94   760000 1299000   250 10.02
1.336 0.0565 57.07 32.60 113 94   760000 1299000   250 10.02
1.338 0.0592 57.09 32.60 113 94   760000 1299000   250 10.02
1.340 0.0564 57.11 32.60 113 94   760000 1299000   250 10.02
1.341 0.0562 57.12 32.60 113 94   760000 1299000   250 10.02
1.343 0.0562 57.14 32.60 113 94   760000 1299000   250 10.02
1.345 0.0575 57.15 32.60 113 94   760000 1299000   250 10.02
1.347 0.0603 57.15 32.60 113 94   760000 1299000   250 10.02
1.349 0.0543 57.16 32.60 113 94   760000 1299000   250 10.02
1.351 0.0622 57.16 32.60 113 94   760000 1299000   250 10.02
1.353 0.0535 57.16 32.60 113 94   760000 1299000   250 10.02
1.354 0.0550 57.16 32.60 113 94   760000 1299000   250 10.02
1.356 0.0594 57.17 32.60 113 94   760000 1299000   250 10.02
1.358 0.0557 57.17 32.60 113 94   760000 1299000   250 10.02
1.360 0.0595 57.17 32.60 113 94   760000 1299000   250 10.02
1.362 0.0565 57.17 32.60 113 94   760000 1299000   250 10.02
1.364 0.0557 57.18 32.60 113 94   760000 1299000   250 10.02
1.365 0.0567 57.19 32.60 113 94   760000 1299000   250 10.02
1.367 0.0577 57.22 32.60 113 94   760000 1299000   250 10.02
1.369 0.0599 57.26 32.60 113 94   760000 1299000   250 10.02
1.371 0.0554 57.31 32.60 113 94   760000 1299000   250 10.02
1.373 0.0580 57.37 32.60 113 94   760000 1299000   250 10.02
1.375 0.0552 57.42 32.60 113 94   760000 1299000   250 10.02
1.377 0.0571 57.48 32.60 113 94   760000 1299000   250 10.02
1.378 0.0593 57.53 32.60 113 94   760000 1299000   250 10.02
1.380 0.0565 57.57 32.60 113 94   760000 1299000   250 10.02
1.382 0.0596 57.61 32.60 113 94   760000 1299000   250 10.02
1.384 0.0555 57.64 32.60 113 94   760000 1299000   250 10.02
1.386 0.0575 57.65 32.60 113 94   760000 1299000   250 10.02
1.388 0.0623 57.65 32.60 113 94   760000 1299000   250 10.02
1.390 0.0535 57.63 32.60 113 94   760000 1299000   250 10.02
1.391 0.0567 57.60 32.60 113 94   760000 1299000   250 10.02
1.393 0.0593 57.57 32.60 113 94   760000 1299000   250 10.02
1.395 0.0570 57.54 32.60 113 94   760000 1299000   250 10.02
1.397 0.0594 57.50 32.60 113 94   760000 1299000   250 10.02
1.399 0.0598 57.47 32.60 113 94   760000 1299000   250 10.02
1.401 0.0578 57.44 32.60 113 94   760000 1299000   250 10.02
1.403 0.0574 57.40 32.60 113 94   760000 1299000   250 10.02
1.404 0.0537 57.38 32.60 113 94   760000 1299000   250 10.02
1.406 0.0569 57.35 32.60 113 94   760000 1299000   250 10.02
1.408 0.0549 57.33 32.60 113 94   760000 1299000   250 10.02
1.410 0.0587 57.30 32.60 113 94   760000 1299000   250 10.02
1.412 0.0599 57.28 32.60 113 94   760000 1299000   250 10.02
1.414 0.0561 57.27 32.60 113 94   760000 1299000   250 10.02
1.416 0.0568 57.28 32.60 113 94   760000 1299000   250 10.02
1.417 0.0559 57.30 32.60 113 94   760000 1299000   250 10.02
1.419 0.0567 57.33 32.60 113 94   760000 1299000   250 10.02
1.421 0.0582 57.37 32.60 113 94   760000 1299000   250 10.02
1.423 0.0569 57.41 32.60 113 94   760000 1299000   250 10.02
1.425 0.0604 57.45 32.60 113 94   760000 1299000   250 10.02
1.427 0.0582 57.50 32.60 113 94   760000 1299000   250 10.02
1.429 0.0564 57.53 32.60 113 94   760000 1299000   250 10.02
1.430 0.0555 57.57 32.60 113 94   760000 1299000   250 10.02
1.432 0.0597 57.59 32.60 113 94   760000 1299000   250 10.02
1.434 0.0583 57.61 32.60 113 94   760000 1299000   250 10.02
1.436 0.0554 57.61 32.60 113 94   760000 1299000   250 10.02
1.438 0.0591 57.60 32.60 113 94   760000 1299000   250 10.02
1.440 0.0587 57.59 32.60 113 94   760000 1299000   250 10.02
1.442 0.0555 57.58 32.60 113 94   760000 1299000   250 10.02
1.443 0.0561 57.58 32.60 113 94   760000 1299000   250 10.02
1.445 0.0615 57.59 32.60 113 94   760000 1299000   250 10.02
1.447 0.0575 57.60 32.60 113 94   760000 1299000   250 10.02
1.449 0.0597 57.61 32.60 113 94   760000 1299000   250 10.02
1.451 0.0537 57.63 32.60 113 94   760000 1299000   250 10.02
1.453 0.0565 57.64 32.60 113 94   760000 1299000   250 10.02
1.455 0.0589 57.65 32.60 113 94   760000 1299000   250 10.02
1.456 0.0571 57.66 32.60 113 94   760000 1299000   250 10.02
1.458 0.0543 57.67 32.60 113 94   760000 1299000   250 10.02
1.460 0.0598 57.67 32.60 113 94   760000 1299000   250 10.02
1.462 0.0578 57.68 32.60 113 94   760000 1299000   250 10.02
1.464 0.0588 57.69 32.60 113 94   760000 1299000   250 10.02
1.466 0.0573 57.71 32.60 113 94   760000 1299000   250 10.02
1.468 0.0581 57.74 32.60 113 94   760000 1299000   250 10.02
1.469 0.0600 57.78 32.60 113 94   760000 1299000   250 10.02
1.471 0.0590 57.84 32.60 113 94   760000 1299000   250 10.02
1.473 0.0567 57.90 32.60 113 94   760000 1299000   250 10.02
1.475 0.0570 57.97 32.60 113 94   760000 1299000   250 10.02
1.477 0.0611 58.05 32.60 113 94   760000 1299000   250 10.02
1.479 0.0524 58.11 32.60 113 94   760000 1299000   250 10.02
1.481 0.0598 58.17 32.60 113 94   760000 1299000   250 10.02
1.482 0.0577 58.22 32.60 113 94   760000 1299000   250 10.02
1.484 0.0570 58.26 32.60 113 94   760000 1299000   250 10.02
1.486 0.0599 58.29 32.60 113 94   760000 1299000   250 10.02
1.488 0.0569 58.30 32.60 113 94   760000 1299000   250 10.02
1.490 0.0571 58.31 32.60 113 94   760000 1299000   250 10.02
1.492 0.0601 58.32 32.60 113 94   760000 1299000   250 10.02
1.494 0.0591 58.32 32.60 113 94   760000 1299000   250 10.02
1.495 0.0570 58.31 32.60 113 94   760000 1299000   250 10.02
1.497 0.0609 58.31 32.60 113 94   760000 1299000   250 10.02
1.499 0.0616 58.30 32.60 113 94   760000 1299000   250 10.02
1.501 0.0575 58.28 32.60 113 94   760000 1299000   250 10.02
1.503 0.0565 58.27 32.60 113 94   760000 1299000   250 10.02
1.505 0.0570 58.24 32.60 113 94   760000 1299000   250 10.02
1.506 0.0579 58.22 32.60 113 94   760000 1299000   250 10.02
1.508 0.0582 58.20 32.60 113 94   760000 1299000   250 10.02
1.510 0.0593 58.17 32.60 113 94   760000 1299000   250 10.02
1.512 0.0578 58.13 32.60 113 94   760000 1299000   250 10.02
1.514 0.0566 58.09 32.60 113 94   760000 1299000   250 10.02
1.516 0.0583 58.05 32.60 113 94   760000 1299000   250 10.02
1.518 0.0609 58.01 32.60 113 94   760000 1299000   250 10.02
1.519 0.0549 57.97 32.60 113 94   760000 1299000   250 10.02
1.521 0.0572 57.93 32.60 113 94   760000 1299000   250 10.02
1.523 0.0596 57.90 32.60 113 94   760000 1299000   250 10.02
1.525 0.0565 57.88 32.60 113 94   760000 1299000   250 10.02
1.527 0.0558 57.88 32.60 113 94   760000 1299000   250 10.02
1.529 0.0595 57.89 32.60 113 94   760000 1299000   250 10.02
1.531 0.0593 57.91 32.60 113 94   760000 1299000   250 10.02
1.532 0.0590 57.95 32.60 113 94   760000 1299000   250 10.02
1.534 0.0592 58.00 32.60 113 94   760000 1299000   250 10.02
1.536 0.0568 58.06 32.60 113 94   760000 1299000   250 10.02
1.538 0.0591 58.13 32.60 113 94   760000 1299000   250 10.02
1.540 0.0586 58.22 32.60 113 94   760000 1299000   250 10.02
1.542 0.0595 58.31 32.60 113 94   760000 1299000   250 10.02
1.544 0.0540 58.42 32.60 113 94   760000 1299000   250 10.02
1.545 0.0576 58.52 32.60 113 94   760000 1299000   250 10.02
1.547 0.0594 58.63 32.60 113 94   760000 1299000   250 10.02
1.549 0.0551 58.73 32.60 113 94   760000 1299000   250 10.02
1.551 0.0624 58.82 32.60 113 94   760000 1299000   250 10.02
1.553 0.0589 58.91 32.60 113 94   760000 1299000   250 10.02
1.555 0.0560 58.97 32.60 113 94   760000 1299000   250 10.02
1.557 0.0610 59.03 32.60 113 94   760000 1299000   250 10.02
1.558 0.0637 59.08 32.60 113 94   760000 1299000   250 10.02
1.560 0.0587 59.12 32.60 113 94   760000 1299000   250 10.02
1.562 0.0549 59.16 32.60 113 94   760000 1299000   250 10.02
1.564 0.0617 59.20 32.60 113 94   760000 1299000   250 10.02
1.566 0.0598 59.24 32.60 113 94   760000 1299000   250 10.02
1.569 0.0617 59.29 32.60 113 94   760000 1299000   250 10.02
1.571 0.0594 59.33 32.60 113 94   760000 1299000   250 10.02
1.573 0.0601 59.37 32.60 113 94   760000 1299000   250 10.02
1.576 0.0595 59.40 32.60 113 94   760000 1299000   250 10.02
1.578 0.0561 59.43 32.60 113 94   760000 1299000   250 10.02
1.581 0.0591 59.46 32.60 113 94   760000 1299000   250 10.02
1.584 0.0609 59.50 32.60 113 94   760000 1299000   250 10.02
1.587 0.0577 59.55 32.60 113 94   760000 1299000   250 10.02
1.590 0.0595 59.61 32.60 113 94   760000 1299000   250 10.02
1.593 0.0589 59.70 32.60 113 94   760000 1299000   250 10.02
1.596 0.0608 59.82 32.60 113 94   760000 1299000   250 10.02
1.600 0.0610 59.97 32.60 113 94   760000 1299000   250 10.02
1.603 0.0580 60.15 32.60 113 94   760000 1299000   250 10.02
1.607 0.0614 60.38 32.60 113 94   760000 1299000   250 10.02
1.611 0.0628 60.64 32.60 113 94   760000 1299000   250 10.02
1.615 0.0629 60.96 32.60 113 94   760000 1299000   250 10.02
1.619 0.0608 61.33 32.60 113 94   760000 1299000   250 10.02
1.624 0.0634 61.79 32.60 113 94   760000 1299000   250 10.02
1.628 0.0618 62.35 32.60 113 94   760000 1299000   250 10.02
1.633 0.0624 63.03 32.60 113 94   760000 1299000   250 10.02
1.638 0.0622 63.87 32.60 113 94   760000 1299000   250 10.02
1.643 0.0662 64.86 32.60 113 94   760000 1299000   250 10.02
1.649 0.0657 66.01 32.60 113 94   760000 1299000   250 10.02
1.654 0.0659 67.33 32.60 113 94   760000 1299000   250 10.02
1.660 0.0672 68.79 32.60 113 94   760000 1299000   250 10.02
1.666 0.0678 70.39 32.60 113 94   760000 1299000   250 10.02
1.673 0.0693 72.09 32.60 113 94   760000 1299000   250 10.02
1.679 0.0708 73.83 32.60 113 94   760000 1299000   250 10.02
1.686 0.0738 75.58 32.60 113 94   760000 1299000   250 10.02
1.694 0.0756 77.30 32.60 113 94   760000 1299000   250 10.02
1.701 0.0771 78.96 32.60 113 94   760000 1299000   250 10.02
1.709 0.0805 80.53 32.60 113 94   760000 1299000   250 10.02
1.717 0.0822 82.01 32.60 113 94   760000 1299000   250 10.02
1.726 0.0856 83.39 32.60 113 94   760000 1299000   250 10.02
1.735 0.0895 84.69 32.60 113 94   760000 1299000   250 10.02
1.744 0.0945 85.94 32.60 113 94   760000 1299000   250 10.02
1.753 0.0972 87.17 32.60 113 94   760000 1299000   250 10.02
1.763 0.0953 88.42 32.60 113 94   760000 1299000   250 10.02
1.772 0.0951 89.75 32.60 113 94   760000 1299000   250 10.02
1.781 0.0940 91.20 32.60 113 94   760000 1299000   250 10.02
1.790 0.0950 92.81 32.60 113 94   760000 1299000   250 10.02
1.800 0.0940 94.62 32.60 113 94   760000 1299000   250 10.02
1.809 0.0921 96.67 32.60 113 94   760000 1299000   250 10.02
1.818 0.0918 98.98 32.60 113 94   760000 1299000   250 10.02
1.827 0.0919 101.55 32.60 113 94   760000 1299000   250 10.02
1.837 0.0949 104.41 32.60 113 94   760000 1299000   250 10.02
1.846 0.0971 107.56 32.60 113 94   760000 1299000   250 10.02
1.855 0.1042 111.00 32.60 113 94   760000 1299000   250 10.02
1.865 0.1087 114.72 32.60 113 94   760000 1299000   250 10.02
1.874 0.1160 118.72 32.60 113 94   760000 1299000   250 10.02
1.883 0.1209 122.97 32.60 113 94   760000 1299000   250 10.02
1.892 0.1256 127.44 32.60 113 94   760000 1299000   250 10.02
1.902 0.1343 132.08 32.60 113 94   760000 1299000   250 10.02
1.911 0.1409 136.84 32.60 113 94   760000 1299000   250 10.02
1.920 0.1464 141.64 32.60 113 94   760000 1299000   250 10.02
1.929 0.1533 146.40 32.60 113 94   760000 1299000   250 10.02
1.939 0.1550 151.03 32.60 113 94   760000 1299000   250 10.02
1.948 0.1611 155.43 32.60 113 94   760000 1299000   250 10.02
1.957 0.1631 159.52 32.60 113 94   760000 1299000   250 10.02
1.967 0.1636 163.24 32.60 113 94   760000 1299000   250 10.02
1.976 0.1709 166.52 32.60 113 94   760000 1299000   250 10.02
1.985 0.1714 169.31 32.60 113 94   760000 1299000   250 10.02
1.994 0.1707 171.60 32.60 113 94   760000 1299000   250 10.02
2.004 0.1733 173.35 32.60 113 94   760000 1299000   250 10.02
2.013 0.1749 174.58 32.60 113 94   760000 1299000   250 10.02
2.022 0.1790 175.29 32.60 113 94   760000 1299000   250 10.02
2.032 0.1765 175.51 32.60 113 94   760000 1299000   250 10.02
2.041 0.1813 175.28 32.60 113 94   760000 1299000   250 10.02
2.050 0.1807 174.66 32.60 113 94   760000 1299000   250 10.02
2.059 0.1780 173.72 32.60 113 94   760000 1299000   250 10.02
2.069 0.1798 172.55 32.60 113 94   760000 1299000   250 10.02
2.078 0.1756 171.23 32.60 113 94   760000 1299000   250 10.02
2.087 0.1788 170.03 32.60 113 94   760000 1299000   250 10.02
2.096 0.1761 170.40 32.60 113 94   760000 1299000   250 10.02
2.106 0.1754 174.50 32.60 113 94   760000 1299000   250 10.02
2.115 0.1758 180.45 32.60 113 94   760000 1299000   250 10.02
2.124 0.1713 186.96 32.60 113 94   760000 1299000   250 10.02
2.134 0.1761 193.47 32.60 113 94   760000 1299000   250 10.02
2.143 0.1745 199.76 32.60 113 94   760000 1299000   250 10.02
2.152 0.1766 205.77 32.60 113 94   760000 1299000   250 10.02
2.161 0.1769 211.49 32.60 113 94   760000 1299000   250 10.02
2.171 0.1864 216.97 32.60 113 94   760000 1299000   250 10.02
2.180 0.1906 222.25 32.60 113 94   760000 1299000   250 10.02
2.189 0.2000 227.36 32.60 113 94   760000 1299000   250 10.02
2.199 0.2182 232.37 32.60 113 94   760000 1299000   250 10.02
2.208 0.2285 237.30 32.60 113 94   760000 1299000   250 10.02
2.217 0.2512 242.18 32.60 113 94   760000 1299000   250 10.02
2.226 0.2815 247.06 32.60 113 94   760000 1299000   250 10.02
2.236 0.3024 251.93 32.60 113 94   760000 1299000   250 10.02
2.245 0.3277 256.81 32.60 113 94   760000 1299000   250 10.02
2.254 0.3651 261.70 32.60 113 94   760000 1299000   250 10.02
2.263 0.4118 266.58 32.60 113 94   760000 1299000   250 10.02
2.273 0.4533 271.44 32.60 113 94   760000 1299000   250 10.02
2.282 0.5030 276.25 32.60 113 94   760000 1299000   250 10.02
2.291 0.0000 280.96 32.60 113 94   760000 1299000   250 10.02
2.301 0.0000 285.51 32.60 113 94   760000 1299000   250 10.02
