     x     qy smooth tpara  cd  zL     xTr    xCpl frame tma
-3.227 0.3059 252.63 22.00 100 94  1094000 1433000   240 9.93
-3.212 0.2797 237.56 22.00 100 94  1094000 1433000   240 9.93
-3.198 0.2102 223.22 22.00 100 94  1094000 1433000   240 9.93
-3.183 0.2112 209.59 22.00 100 94  1094000 1433000   240 9.93
-3.168 0.1812 196.65 22.00 100 94  1094000 1433000   240 9.93
-3.153 0.1640 184.38 22.00 100 94  1094000 1433000   240 9.93
-3.139 0.1490 172.78 22.00 100 94  1094000 1433000   240 9.93
-3.124 0.1405 161.82 22.00 100 94  1094000 1433000   240 9.93
-3.109 0.1301 151.51 22.00 100 94  1094000 1433000   240 9.93
-3.094 0.1219 141.83 22.00 100 94  1094000 1433000   240 9.93
-3.080 0.1150 132.77 22.00 100 94  1094000 1433000   240 9.93
-3.065 0.1114 124.33 22.00 100 94  1094000 1433000   240 9.93
-3.050 0.1063 116.51 22.00 100 94  1094000 1433000   240 9.93
-3.035 0.1008 109.31 22.00 100 94  1094000 1433000   240 9.93
-3.021 0.0991 102.74 22.00 100 94  1094000 1433000   240 9.93
-3.006 0.0928 96.81 22.00 100 94  1094000 1433000   240 9.93
-2.991 0.0909 91.53 22.00 100 94  1094000 1433000   240 9.93
-2.976 0.0883 86.94 22.00 100 94  1094000 1433000   240 9.93
-2.962 0.0844 83.06 22.00 100 94  1094000 1433000   240 9.93
-2.947 0.0827 79.93 22.00 100 94  1094000 1433000   240 9.93
-2.932 0.0823 77.59 22.00 100 94  1094000 1433000   240 9.93
-2.917 0.0794 76.07 22.00 100 94  1094000 1433000   240 9.93
-2.903 0.0766 75.21 22.00 100 94  1094000 1433000   240 9.93
-2.888 0.0762 74.47 22.00 100 94  1094000 1433000   240 9.93
-2.873 0.0743 73.20 22.00 100 94  1094000 1433000   240 9.93
-2.858 0.0729 71.96 22.00 100 94  1094000 1433000   240 9.93
-2.844 0.0717 70.75 22.00 100 94  1094000 1433000   240 9.93
-2.829 0.0712 69.58 22.00 100 94  1094000 1433000   240 9.93
-2.814 0.0694 68.47 22.00 100 94  1094000 1433000   240 9.93
-2.799 0.0684 67.42 22.00 100 94  1094000 1433000   240 9.93
-2.785 0.0666 66.44 22.00 100 94  1094000 1433000   240 9.93
-2.770 0.0667 65.54 22.00 100 94  1094000 1433000   240 9.93
-2.755 0.0653 64.71 22.00 100 94  1094000 1433000   240 9.93
-2.740 0.0643 63.95 22.00 100 94  1094000 1433000   240 9.93
-2.726 0.0626 63.27 22.00 100 94  1094000 1433000   240 9.93
-2.711 0.0622 62.66 22.00 100 94  1094000 1433000   240 9.93
-2.696 0.0606 62.11 22.00 100 94  1094000 1433000   240 9.93
-2.681 0.0607 61.63 22.00 100 94  1094000 1433000   240 9.93
-2.667 0.0605 61.22 22.00 100 94  1094000 1433000   240 9.93
-2.652 0.0598 60.86 22.00 100 94  1094000 1433000   240 9.93
-2.637 0.0601 60.56 22.00 100 94  1094000 1433000   240 9.93
-2.622 0.0594 60.30 22.00 100 94  1094000 1433000   240 9.93
-2.608 0.0614 60.10 22.00 100 94  1094000 1433000   240 9.93
-2.593 0.0598 59.93 22.00 100 94  1094000 1433000   240 9.93
-2.578 0.0607 59.81 22.00 100 94  1094000 1433000   240 9.93
-2.563 0.0601 59.72 22.00 100 94  1094000 1433000   240 9.93
-2.549 0.0609 59.65 22.00 100 94  1094000 1433000   240 9.93
-2.534 0.0603 59.61 22.00 100 94  1094000 1433000   240 9.93
-2.519 0.0606 59.57 22.00 100 94  1094000 1433000   240 9.93
-2.504 0.0597 59.54 22.00 100 94  1094000 1433000   240 9.93
-2.490 0.0589 59.51 22.00 100 94  1094000 1433000   240 9.93
-2.475 0.0610 59.46 22.00 100 94  1094000 1433000   240 9.93
-2.460 0.0592 59.41 22.00 100 94  1094000 1433000   240 9.93
-2.445 0.0592 59.35 22.00 100 94  1094000 1433000   240 9.93
-2.431 0.0587 59.27 22.00 100 94  1094000 1433000   240 9.93
-2.416 0.0587 59.19 22.00 100 94  1094000 1433000   240 9.93
-2.401 0.0583 59.11 22.00 100 94  1094000 1433000   240 9.93
-2.386 0.0594 59.03 22.00 100 94  1094000 1433000   240 9.93
-2.372 0.0586 58.95 22.00 100 94  1094000 1433000   240 9.93
-2.357 0.0585 58.88 22.00 100 94  1094000 1433000   240 9.93
-2.342 0.0600 58.82 22.00 100 94  1094000 1433000   240 9.93
-2.327 0.0586 58.77 22.00 100 94  1094000 1433000   240 9.93
-2.313 0.0593 58.73 22.00 100 94  1094000 1433000   240 9.93
-2.298 0.0580 58.69 22.00 100 94  1094000 1433000   240 9.93
-2.283 0.0577 58.65 22.00 100 94  1094000 1433000   240 9.93
-2.268 0.0582 58.62 22.00 100 94  1094000 1433000   240 9.93
-2.254 0.0599 58.59 22.00 100 94  1094000 1433000   240 9.93
-2.239 0.0586 58.55 22.00 100 94  1094000 1433000   240 9.93
-2.224 0.0572 58.51 22.00 100 94  1094000 1433000   240 9.93
-2.209 0.0589 58.47 22.00 100 94  1094000 1433000   240 9.93
-2.195 0.0606 58.43 22.00 100 94  1094000 1433000   240 9.93
-2.180 0.0591 58.39 22.00 100 94  1094000 1433000   240 9.93
-2.165 0.0580 58.35 22.00 100 94  1094000 1433000   240 9.93
-2.150 0.0575 58.32 22.00 100 94  1094000 1433000   240 9.93
-2.136 0.0584 58.29 22.00 100 94  1094000 1433000   240 9.93
-2.121 0.0579 58.26 22.00 100 94  1094000 1433000   240 9.93
-2.106 0.0571 58.24 22.00 100 94  1094000 1433000   240 9.93
-2.091 0.0593 58.22 22.00 100 94  1094000 1433000   240 9.93
-2.077 0.0579 58.19 22.00 100 94  1094000 1433000   240 9.93
-2.062 0.0575 58.17 22.00 100 94  1094000 1433000   240 9.93
-2.047 0.0575 58.14 22.00 100 94  1094000 1433000   240 9.93
-2.032 0.0588 58.09 22.00 100 94  1094000 1433000   240 9.93
-2.018 0.0574 58.03 22.00 100 94  1094000 1433000   240 9.93
-2.003 0.0582 57.97 22.00 100 94  1094000 1433000   240 9.93
-1.988 0.0575 57.89 22.00 100 94  1094000 1433000   240 9.93
-1.973 0.0585 57.82 22.00 100 94  1094000 1433000   240 9.93
-1.959 0.0586 57.74 22.00 100 94  1094000 1433000   240 9.93
-1.944 0.0581 57.67 22.00 100 94  1094000 1433000   240 9.93
-1.929 0.0579 57.60 22.00 100 94  1094000 1433000   240 9.93
-1.914 0.0579 57.53 22.00 100 94  1094000 1433000   240 9.93
-1.900 0.0581 57.47 22.00 100 94  1094000 1433000   240 9.93
-1.885 0.0575 57.40 22.00 100 94  1094000 1433000   240 9.93
-1.870 0.0572 57.34 22.00 100 94  1094000 1433000   240 9.93
-1.855 0.0568 57.28 22.00 100 94  1094000 1433000   240 9.93
-1.841 0.0563 57.21 22.00 100 94  1094000 1433000   240 9.93
-1.826 0.0571 57.15 22.00 100 94  1094000 1433000   240 9.93
-1.811 0.0565 57.09 22.00 100 94  1094000 1433000   240 9.93
-1.796 0.0555 57.03 22.00 100 94  1094000 1433000   240 9.93
-1.782 0.0565 56.97 22.00 100 94  1094000 1433000   240 9.93
-1.767 0.0566 56.92 22.00 100 94  1094000 1433000   240 9.93
-1.752 0.0573 56.86 22.00 100 94  1094000 1433000   240 9.93
-1.737 0.0575 56.81 22.00 100 94  1094000 1433000   240 9.93
-1.723 0.0568 56.76 22.00 100 94  1094000 1433000   240 9.93
-1.708 0.0576 56.71 22.00 100 94  1094000 1433000   240 9.93
-1.693 0.0575 56.67 22.00 100 94  1094000 1433000   240 9.93
-1.678 0.0568 56.62 22.00 100 94  1094000 1433000   240 9.93
-1.664 0.0569 56.58 22.00 100 94  1094000 1433000   240 9.93
-1.649 0.0562 56.53 22.00 100 94  1094000 1433000   240 9.93
-1.634 0.0567 56.49 22.00 100 94  1094000 1433000   240 9.93
-1.619 0.0565 56.44 22.00 100 94  1094000 1433000   240 9.93
-1.605 0.0564 56.39 22.00 100 94  1094000 1433000   240 9.93
-1.590 0.0564 56.34 22.00 100 94  1094000 1433000   240 9.93
-1.575 0.0553 56.28 22.00 100 94  1094000 1433000   240 9.93
-1.560 0.0556 56.21 22.00 100 94  1094000 1433000   240 9.93
-1.546 0.0574 56.14 22.00 100 94  1094000 1433000   240 9.93
-1.531 0.0554 56.06 22.00 100 94  1094000 1433000   240 9.93
-1.516 0.0552 55.97 22.00 100 94  1094000 1433000   240 9.93
-1.501 0.0553 55.88 22.00 100 94  1094000 1433000   240 9.93
-1.487 0.0558 55.79 22.00 100 94  1094000 1433000   240 9.93
-1.472 0.0555 55.69 22.00 100 94  1094000 1433000   240 9.93
-1.457 0.0556 55.59 22.00 100 94  1094000 1433000   240 9.93
-1.442 0.0558 55.49 22.00 100 94  1094000 1433000   240 9.93
-1.428 0.0559 55.38 22.00 100 94  1094000 1433000   240 9.93
-1.413 0.0563 55.27 22.00 100 94  1094000 1433000   240 9.93
-1.398 0.0547 55.15 22.00 100 94  1094000 1433000   240 9.93
-1.383 0.0563 55.02 22.00 100 94  1094000 1433000   240 9.93
-1.369 0.0562 54.89 22.00 100 94  1094000 1433000   240 9.93
-1.354 0.0550 54.76 22.00 100 94  1094000 1433000   240 9.93
-1.339 0.0535 54.63 22.00 100 94  1094000 1433000   240 9.93
-1.324 0.0537 54.50 22.00 100 94  1094000 1433000   240 9.93
-1.310 0.0538 54.37 22.00 100 94  1094000 1433000   240 9.93
-1.295 0.0543 54.24 22.00 100 94  1094000 1433000   240 9.93
-1.280 0.0534 54.11 22.00 100 94  1094000 1433000   240 9.93
-1.265 0.0536 53.99 22.00 100 94  1094000 1433000   240 9.93
-1.251 0.0534 53.86 22.00 100 94  1094000 1433000   240 9.93
-1.236 0.0540 53.74 22.00 100 94  1094000 1433000   240 9.93
-1.221 0.0541 53.62 22.00 100 94  1094000 1433000   240 9.93
-1.206 0.0530 53.50 22.00 100 94  1094000 1433000   240 9.93
-1.192 0.0539 53.39 22.00 100 94  1094000 1433000   240 9.93
-1.177 0.0526 53.28 22.00 100 94  1094000 1433000   240 9.93
-1.162 0.0530 53.18 22.00 100 94  1094000 1433000   240 9.93
-1.147 0.0537 53.08 22.00 100 94  1094000 1433000   240 9.93
-1.133 0.0534 53.00 22.00 100 94  1094000 1433000   240 9.93
-1.118 0.0532 52.92 22.00 100 94  1094000 1433000   240 9.93
-1.103 0.0544 52.86 22.00 100 94  1094000 1433000   240 9.93
-1.088 0.0532 52.80 22.00 100 94  1094000 1433000   240 9.93
-1.074 0.0516 52.75 22.00 100 94  1094000 1433000   240 9.93
-1.059 0.0530 52.70 22.00 100 94  1094000 1433000   240 9.93
-1.044 0.0526 52.66 22.00 100 94  1094000 1433000   240 9.93
-1.029 0.0528 52.63 22.00 100 94  1094000 1433000   240 9.93
-1.015 0.0514 52.59 22.00 100 94  1094000 1433000   240 9.93
-1.000 0.0514 52.56 22.00 100 94  1094000 1433000   240 9.93
-0.985 0.0522 52.52 22.00 100 94  1094000 1433000   240 9.93
-0.971 0.0520 52.48 22.00 100 94  1094000 1433000   240 9.93
-0.956 0.0518 52.42 22.00 100 94  1094000 1433000   240 9.93
-0.941 0.0524 52.36 22.00 100 94  1094000 1433000   240 9.93
-0.926 0.0523 52.29 22.00 100 94  1094000 1433000   240 9.93
-0.912 0.0534 52.21 22.00 100 94  1094000 1433000   240 9.93
-0.897 0.0533 52.13 22.00 100 94  1094000 1433000   240 9.93
-0.882 0.0522 52.05 22.00 100 94  1094000 1433000   240 9.93
-0.867 0.0533 51.97 22.00 100 94  1094000 1433000   240 9.93
-0.853 0.0516 51.89 22.00 100 94  1094000 1433000   240 9.93
-0.838 0.0526 51.80 22.00 100 94  1094000 1433000   240 9.93
-0.823 0.0525 51.71 22.00 100 94  1094000 1433000   240 9.93
-0.808 0.0520 51.62 22.00 100 94  1094000 1433000   240 9.93
-0.794 0.0510 51.53 22.00 100 94  1094000 1433000   240 9.93
-0.779 0.0511 51.43 22.00 100 94  1094000 1433000   240 9.93
-0.764 0.0498 51.32 22.00 100 94  1094000 1433000   240 9.93
-0.749 0.0504 51.22 22.00 100 94  1094000 1433000   240 9.93
-0.735 0.0504 51.12 22.00 100 94  1094000 1433000   240 9.93
-0.720 0.0509 51.03 22.00 100 94  1094000 1433000   240 9.93
-0.705 0.0508 50.95 22.00 100 94  1094000 1433000   240 9.93
-0.690 0.0510 50.89 22.00 100 94  1094000 1433000   240 9.93
-0.676 0.0503 50.85 22.00 100 94  1094000 1433000   240 9.93
-0.661 0.0516 50.83 22.00 100 94  1094000 1433000   240 9.93
-0.646 0.0515 50.83 22.00 100 94  1094000 1433000   240 9.93
-0.631 0.0512 50.85 22.00 100 94  1094000 1433000   240 9.93
-0.617 0.0509 50.88 22.00 100 94  1094000 1433000   240 9.93
-0.602 0.0505 50.91 22.00 100 94  1094000 1433000   240 9.93
-0.587 0.0507 50.95 22.00 100 94  1094000 1433000   240 9.93
-0.572 0.0512 50.99 22.00 100 94  1094000 1433000   240 9.93
-0.558 0.0512 51.02 22.00 100 94  1094000 1433000   240 9.93
-0.543 0.0515 51.06 22.00 100 94  1094000 1433000   240 9.93
-0.530 0.0508 51.09 22.00 100 94  1094000 1433000   240 9.93
-0.517 0.0513 51.11 22.00 100 94  1094000 1433000   240 9.93
-0.504 0.0508 51.14 22.00 100 94  1094000 1433000   240 9.93
-0.492 0.0518 51.17 22.00 100 94  1094000 1433000   240 9.93
-0.481 0.0515 51.21 22.00 100 94  1094000 1433000   240 9.93
-0.470 0.0511 51.26 22.00 100 94  1094000 1433000   240 9.93
-0.459 0.0515 51.31 22.00 100 94  1094000 1433000   240 9.93
-0.449 0.0510 51.38 22.00 100 94  1094000 1433000   240 9.93
-0.439 0.0512 51.45 22.00 100 94  1094000 1433000   240 9.93
-0.430 0.0504 51.54 22.00 100 94  1094000 1433000   240 9.93
-0.421 0.0519 51.62 22.00 100 94  1094000 1433000   240 9.93
-0.412 0.0522 51.71 22.00 100 94  1094000 1433000   240 9.93
-0.404 0.0507 51.81 22.00 100 94  1094000 1433000   240 9.93
-0.396 0.0513 51.90 22.00 100 94  1094000 1433000   240 9.93
-0.388 0.0534 52.00 22.00 100 94  1094000 1433000   240 9.93
-0.381 0.0511 52.10 22.00 100 94  1094000 1433000   240 9.93
-0.374 0.0532 52.20 22.00 100 94  1094000 1433000   240 9.93
-0.367 0.0521 52.31 22.00 100 94  1094000 1433000   240 9.93
-0.361 0.0528 52.41 22.00 100 94  1094000 1433000   240 9.93
-0.354 0.0533 52.51 22.00 100 94  1094000 1433000   240 9.93
-0.348 0.0523 52.60 22.00 100 94  1094000 1433000   240 9.93
-0.343 0.0540 52.67 22.00 100 94  1094000 1433000   240 9.93
-0.337 0.0505 52.73 22.00 100 94  1094000 1433000   240 9.93
-0.332 0.0537 52.77 22.00 100 94  1094000 1433000   240 9.93
-0.327 0.0519 52.81 22.00 100 94  1094000 1433000   240 9.93
-0.322 0.0532 52.82 22.00 100 94  1094000 1433000   240 9.93
-0.318 0.0529 52.83 22.00 100 94  1094000 1433000   240 9.93
-0.313 0.0540 52.82 22.00 100 94  1094000 1433000   240 9.93
-0.309 0.0523 52.80 22.00 100 94  1094000 1433000   240 9.93
-0.305 0.0522 52.78 22.00 100 94  1094000 1433000   240 9.93
-0.301 0.0530 52.75 22.00 100 94  1094000 1433000   240 9.93
-0.297 0.0525 52.72 22.00 100 94  1094000 1433000   240 9.93
-0.293 0.0548 52.69 22.00 100 94  1094000 1433000   240 9.93
-0.290 0.0504 52.66 22.00 100 94  1094000 1433000   240 9.93
-0.287 0.0548 52.63 22.00 100 94  1094000 1433000   240 9.93
-0.283 0.0535 52.59 22.00 100 94  1094000 1433000   240 9.93
-0.280 0.0467 52.56 22.00 100 94  1094000 1433000   240 9.93
-0.277 0.0569 52.52 22.00 100 94  1094000 1433000   240 9.93
-0.274 0.0504 52.49 22.00 100 94  1094000 1433000   240 9.93
-0.271 0.0507 52.46 22.00 100 94  1094000 1433000   240 9.93
-0.268 0.0531 52.44 22.00 100 94  1094000 1433000   240 9.93
-0.265 0.0570 52.42 22.00 100 94  1094000 1433000   240 9.93
-0.263 0.0512 52.41 22.00 100 94  1094000 1433000   240 9.93
-0.260 0.0499 52.41 22.00 100 94  1094000 1433000   240 9.93
-0.257 0.0535 52.42 22.00 100 94  1094000 1433000   240 9.93
-0.254 0.0520 52.43 22.00 100 94  1094000 1433000   240 9.93
-0.251 0.0538 52.44 22.00 100 94  1094000 1433000   240 9.93
-0.248 0.0520 52.46 22.00 100 94  1094000 1433000   240 9.93
-0.245 0.0507 52.48 22.00 100 94  1094000 1433000   240 9.93
-0.242 0.0531 52.50 22.00 100 94  1094000 1433000   240 9.93
-0.239 0.0527 52.53 22.00 100 94  1094000 1433000   240 9.93
-0.236 0.0528 52.55 22.00 100 94  1094000 1433000   240 9.93
-0.233 0.0527 52.57 22.00 100 94  1094000 1433000   240 9.93
-0.230 0.0529 52.60 22.00 100 94  1094000 1433000   240 9.93
-0.227 0.0473 52.62 22.00 100 94  1094000 1433000   240 9.93
-0.224 0.0586 52.64 22.00 100 94  1094000 1433000   240 9.93
-0.221 0.0547 52.67 22.00 100 94  1094000 1433000   240 9.93
-0.218 0.0493 52.69 22.00 100 94  1094000 1433000   240 9.93
-0.215 0.0530 52.72 22.00 100 94  1094000 1433000   240 9.93
-0.212 0.0525 52.74 22.00 100 94  1094000 1433000   240 9.93
-0.209 0.0535 52.75 22.00 100 94  1094000 1433000   240 9.93
-0.206 0.0502 52.74 22.00 100 94  1094000 1433000   240 9.93
-0.204 0.0567 52.72 22.00 100 94  1094000 1433000   240 9.93
-0.201 0.0482 52.69 22.00 100 94  1094000 1433000   240 9.93
-0.198 0.0540 52.64 22.00 100 94  1094000 1433000   240 9.93
-0.195 0.0539 52.59 22.00 100 94  1094000 1433000   240 9.93
-0.192 0.0542 52.54 22.00 100 94  1094000 1433000   240 9.93
-0.189 0.0519 52.48 22.00 100 94  1094000 1433000   240 9.93
-0.186 0.0501 52.42 22.00 100 94  1094000 1433000   240 9.93
-0.183 0.0552 52.36 22.00 100 94  1094000 1433000   240 9.93
-0.180 0.0507 52.30 22.00 100 94  1094000 1433000   240 9.93
-0.177 0.0524 52.25 22.00 100 94  1094000 1433000   240 9.93
-0.174 0.0541 52.20 22.00 100 94  1094000 1433000   240 9.93
-0.171 0.0533 52.14 22.00 100 94  1094000 1433000   240 9.93
-0.168 0.0476 52.07 22.00 100 94  1094000 1433000   240 9.93
-0.165 0.0512 52.00 22.00 100 94  1094000 1433000   240 9.93
-0.162 0.0556 51.92 22.00 100 94  1094000 1433000   240 9.93
-0.159 0.0476 51.85 22.00 100 94  1094000 1433000   240 9.93
-0.156 0.0524 51.77 22.00 100 94  1094000 1433000   240 9.93
-0.153 0.0524 51.70 22.00 100 94  1094000 1433000   240 9.93
-0.150 0.0520 51.64 22.00 100 94  1094000 1433000   240 9.93
-0.147 0.0526 51.57 22.00 100 94  1094000 1433000   240 9.93
-0.145 0.0510 51.50 22.00 100 94  1094000 1433000   240 9.93
-0.142 0.0538 51.44 22.00 100 94  1094000 1433000   240 9.93
-0.139 0.0487 51.39 22.00 100 94  1094000 1433000   240 9.93
-0.136 0.0529 51.34 22.00 100 94  1094000 1433000   240 9.93
-0.133 0.0510 51.29 22.00 100 94  1094000 1433000   240 9.93
-0.130 0.0517 51.24 22.00 100 94  1094000 1433000   240 9.93
-0.127 0.0512 51.19 22.00 100 94  1094000 1433000   240 9.93
-0.124 0.0512 51.12 22.00 100 94  1094000 1433000   240 9.93
-0.121 0.0482 51.06 22.00 100 94  1094000 1433000   240 9.93
-0.118 0.0495 50.99 22.00 100 94  1094000 1433000   240 9.93
-0.115 0.0525 50.91 22.00 100 94  1094000 1433000   240 9.93
-0.112 0.0515 50.84 22.00 100 94  1094000 1433000   240 9.93
-0.109 0.0533 50.76 22.00 100 94  1094000 1433000   240 9.93
-0.106 0.0510 50.68 22.00 100 94  1094000 1433000   240 9.93
-0.103 0.0506 50.61 22.00 100 94  1094000 1433000   240 9.93
-0.100 0.0485 50.53 22.00 100 94  1094000 1433000   240 9.93
-0.097 0.0476 50.44 22.00 100 94  1094000 1433000   240 9.93
-0.094 0.0498 50.36 22.00 100 94  1094000 1433000   240 9.93
-0.091 0.0535 50.28 22.00 100 94  1094000 1433000   240 9.93
-0.088 0.0527 50.21 22.00 100 94  1094000 1433000   240 9.93
-0.086 0.0488 50.13 22.00 100 94  1094000 1433000   240 9.93
-0.083 0.0489 50.05 22.00 100 94  1094000 1433000   240 9.93
-0.080 0.0503 49.96 22.00 100 94  1094000 1433000   240 9.93
-0.077 0.0500 49.86 22.00 100 94  1094000 1433000   240 9.93
-0.074 0.0480 49.74 22.00 100 94  1094000 1433000   240 9.93
-0.071 0.0481 49.60 22.00 100 94  1094000 1433000   240 9.93
-0.068 0.0526 49.44 22.00 100 94  1094000 1433000   240 9.93
-0.065 0.0515 49.27 22.00 100 94  1094000 1433000   240 9.93
-0.062 0.0470 49.08 22.00 100 94  1094000 1433000   240 9.93
-0.059 0.0475 48.89 22.00 100 94  1094000 1433000   240 9.93
-0.056 0.0499 48.70 22.00 100 94  1094000 1433000   240 9.93
-0.053 0.0491 48.49 22.00 100 94  1094000 1433000   240 9.93
-0.050 0.0451 48.27 22.00 100 94  1094000 1433000   240 9.93
-0.047 0.0488 48.05 22.00 100 94  1094000 1433000   240 9.93
-0.044 0.0505 47.81 22.00 100 94  1094000 1433000   240 9.93
-0.041 0.0487 47.58 22.00 100 94  1094000 1433000   240 9.93
-0.038 0.0478 47.34 22.00 100 94  1094000 1433000   240 9.93
-0.035 0.0491 47.10 22.00 100 94  1094000 1433000   240 9.93
-0.032 0.0454 46.86 22.00 100 94  1094000 1433000   240 9.93
-0.029 0.0416 46.61 22.00 100 94  1094000 1433000   240 9.93
-0.027 0.0464 46.34 22.00 100 94  1094000 1433000   240 9.93
-0.024 0.0467 46.06 22.00 100 94  1094000 1433000   240 9.93
-0.021 0.0465 45.78 22.00 100 94  1094000 1433000   240 9.93
-0.018 0.0434 45.51 22.00 100 94  1094000 1433000   240 9.93
-0.015 0.0448 45.23 22.00 100 94  1094000 1433000   240 9.93
-0.012 0.0461 44.95 22.00 100 94  1094000 1433000   240 9.93
-0.009 0.0501 44.67 22.00 100 94  1094000 1433000   240 9.93
-0.006 0.0445 44.40 22.00 100 94  1094000 1433000   240 9.93
-0.003 0.0390 44.13 22.00 100 94  1094000 1433000   240 9.93
0.000 0.0443 43.85 22.00 100 94  1094000 1433000   240 9.93
0.003 0.0438 43.57 22.00 100 94  1094000 1433000   240 9.93
0.006 0.0470 43.27 22.00 100 94  1094000 1433000   240 9.93
0.009 0.0415 42.96 22.00 100 94  1094000 1433000   240 9.93
0.012 0.0422 42.64 22.00 100 94  1094000 1433000   240 9.93
0.015 0.0417 42.30 22.00 100 94  1094000 1433000   240 9.93
0.018 0.0397 41.96 22.00 100 94  1094000 1433000   240 9.93
0.021 0.0427 41.60 22.00 100 94  1094000 1433000   240 9.93
0.024 0.0426 41.23 22.00 100 94  1094000 1433000   240 9.93
0.027 0.0393 40.87 22.00 100 94  1094000 1433000   240 9.93
0.029 0.0435 40.51 22.00 100 94  1094000 1433000   240 9.93
0.032 0.0437 40.17 22.00 100 94  1094000 1433000   240 9.93
0.035 0.0366 39.84 22.00 100 94  1094000 1433000   240 9.93
0.038 0.0361 39.53 22.00 100 94  1094000 1433000   240 9.93
0.041 0.0405 39.23 22.00 100 94  1094000 1433000   240 9.93
0.044 0.0400 38.94 22.00 100 94  1094000 1433000   240 9.93
0.047 0.0417 38.65 22.00 100 94  1094000 1433000   240 9.93
0.050 0.0363 38.38 22.00 100 94  1094000 1433000   240 9.93
0.053 0.0345 38.11 22.00 100 94  1094000 1433000   240 9.93
0.056 0.0367 37.85 22.00 100 94  1094000 1433000   240 9.93
0.059 0.0369 37.61 22.00 100 94  1094000 1433000   240 9.93
0.062 0.0402 37.40 22.00 100 94  1094000 1433000   240 9.93
0.065 0.0386 37.24 22.00 100 94  1094000 1433000   240 9.93
0.068 0.0365 37.11 22.00 100 94  1094000 1433000   240 9.93
0.071 0.0384 37.02 22.00 100 94  1094000 1433000   240 9.93
0.074 0.0378 36.98 22.00 100 94  1094000 1433000   240 9.93
0.077 0.0368 36.97 22.00 100 94  1094000 1433000   240 9.93
0.080 0.0355 36.99 22.00 100 94  1094000 1433000   240 9.93
0.083 0.0359 37.03 22.00 100 94  1094000 1433000   240 9.93
0.086 0.0363 37.08 22.00 100 94  1094000 1433000   240 9.93
0.088 0.0362 37.13 22.00 100 94  1094000 1433000   240 9.93
0.091 0.0370 37.17 22.00 100 94  1094000 1433000   240 9.93
0.094 0.0353 37.21 22.00 100 94  1094000 1433000   240 9.93
0.097 0.0374 37.23 22.00 100 94  1094000 1433000   240 9.93
0.100 0.0398 37.24 22.00 100 94  1094000 1433000   240 9.93
0.103 0.0366 37.24 22.00 100 94  1094000 1433000   240 9.93
0.106 0.0358 37.23 22.00 100 94  1094000 1433000   240 9.93
0.109 0.0383 37.20 22.00 100 94  1094000 1433000   240 9.93
0.112 0.0405 37.15 22.00 100 94  1094000 1433000   240 9.93
0.115 0.0382 37.09 22.00 100 94  1094000 1433000   240 9.93
0.118 0.0399 37.02 22.00 100 94  1094000 1433000   240 9.93
0.121 0.0376 36.95 22.00 100 94  1094000 1433000   240 9.93
0.124 0.0346 36.88 22.00 100 94  1094000 1433000   240 9.93
0.127 0.0347 36.78 22.00 100 94  1094000 1433000   240 9.93
0.130 0.0369 36.67 22.00 100 94  1094000 1433000   240 9.93
0.133 0.0362 36.54 22.00 100 94  1094000 1433000   240 9.93
0.136 0.0340 36.40 22.00 100 94  1094000 1433000   240 9.93
0.139 0.0356 36.25 22.00 100 94  1094000 1433000   240 9.93
0.142 0.0406 36.10 22.00 100 94  1094000 1433000   240 9.93
0.145 0.0338 35.96 22.00 100 94  1094000 1433000   240 9.93
0.147 0.0362 35.85 22.00 100 94  1094000 1433000   240 9.93
0.150 0.0347 35.76 22.00 100 94  1094000 1433000   240 9.93
0.153 0.0355 35.69 22.00 100 94  1094000 1433000   240 9.93
0.156 0.0335 35.65 22.00 100 94  1094000 1433000   240 9.93
0.159 0.0367 35.64 22.00 100 94  1094000 1433000   240 9.93
0.162 0.0369 35.66 22.00 100 94  1094000 1433000   240 9.93
0.165 0.0357 35.70 22.00 100 94  1094000 1433000   240 9.93
0.168 0.0344 35.76 22.00 100 94  1094000 1433000   240 9.93
0.171 0.0375 35.83 22.00 100 94  1094000 1433000   240 9.93
0.174 0.0375 35.91 22.00 100 94  1094000 1433000   240 9.93
0.177 0.0350 35.98 22.00 100 94  1094000 1433000   240 9.93
0.180 0.0353 36.03 22.00 100 94  1094000 1433000   240 9.93
0.183 0.0342 36.08 22.00 100 94  1094000 1433000   240 9.93
0.186 0.0374 36.11 22.00 100 94  1094000 1433000   240 9.93
0.189 0.0368 36.15 22.00 100 94  1094000 1433000   240 9.93
0.192 0.0354 36.19 22.00 100 94  1094000 1433000   240 9.93
0.195 0.0362 36.23 22.00 100 94  1094000 1433000   240 9.93
0.198 0.0361 36.28 22.00 100 94  1094000 1433000   240 9.93
0.201 0.0393 36.34 22.00 100 94  1094000 1433000   240 9.93
0.204 0.0372 36.40 22.00 100 94  1094000 1433000   240 9.93
0.206 0.0360 36.48 22.00 100 94  1094000 1433000   240 9.93
0.209 0.0316 36.55 22.00 100 94  1094000 1433000   240 9.93
0.212 0.0397 36.64 22.00 100 94  1094000 1433000   240 9.93
0.215 0.0384 36.75 22.00 100 94  1094000 1433000   240 9.93
0.218 0.0384 36.88 22.00 100 94  1094000 1433000   240 9.93
0.221 0.0348 37.02 22.00 100 94  1094000 1433000   240 9.93
0.224 0.0337 37.19 22.00 100 94  1094000 1433000   240 9.93
0.227 0.0374 37.36 22.00 100 94  1094000 1433000   240 9.93
0.230 0.0381 37.54 22.00 100 94  1094000 1433000   240 9.93
0.233 0.0378 37.72 22.00 100 94  1094000 1433000   240 9.93
0.236 0.0359 37.91 22.00 100 94  1094000 1433000   240 9.93
0.239 0.0380 38.08 22.00 100 94  1094000 1433000   240 9.93
0.242 0.0426 38.25 22.00 100 94  1094000 1433000   240 9.93
0.245 0.0372 38.41 22.00 100 94  1094000 1433000   240 9.93
0.248 0.0389 38.57 22.00 100 94  1094000 1433000   240 9.93
0.251 0.0385 38.72 22.00 100 94  1094000 1433000   240 9.93
0.254 0.0385 38.86 22.00 100 94  1094000 1433000   240 9.93
0.257 0.0380 38.99 22.00 100 94  1094000 1433000   240 9.93
0.260 0.0414 39.11 22.00 100 94  1094000 1433000   240 9.93
0.263 0.0401 39.21 22.00 100 94  1094000 1433000   240 9.93
0.265 0.0389 39.30 22.00 100 94  1094000 1433000   240 9.93
0.268 0.0385 39.38 22.00 100 94  1094000 1433000   240 9.93
0.271 0.0414 39.45 22.00 100 94  1094000 1433000   240 9.93
0.274 0.0414 39.51 22.00 100 94  1094000 1433000   240 9.93
0.277 0.0376 39.56 22.00 100 94  1094000 1433000   240 9.93
0.280 0.0391 39.59 22.00 100 94  1094000 1433000   240 9.93
0.283 0.0370 39.60 22.00 100 94  1094000 1433000   240 9.93
0.286 0.0390 39.61 22.00 100 94  1094000 1433000   240 9.93
0.289 0.0408 39.62 22.00 100 94  1094000 1433000   240 9.93
0.292 0.0390 39.65 22.00 100 94  1094000 1433000   240 9.93
0.295 0.0369 39.69 22.00 100 94  1094000 1433000   240 9.93
0.298 0.0435 39.75 22.00 100 94  1094000 1433000   240 9.93
0.301 0.0411 39.83 22.00 100 94  1094000 1433000   240 9.93
0.304 0.0386 39.94 22.00 100 94  1094000 1433000   240 9.93
0.307 0.0426 40.07 22.00 100 94  1094000 1433000   240 9.93
0.310 0.0385 40.23 22.00 100 94  1094000 1433000   240 9.93
0.313 0.0398 40.40 22.00 100 94  1094000 1433000   240 9.93
0.316 0.0410 40.58 22.00 100 94  1094000 1433000   240 9.93
0.319 0.0393 40.76 22.00 100 94  1094000 1433000   240 9.93
0.322 0.0419 40.93 22.00 100 94  1094000 1433000   240 9.93
0.324 0.0408 41.08 22.00 100 94  1094000 1433000   240 9.93
0.327 0.0414 41.21 22.00 100 94  1094000 1433000   240 9.93
0.330 0.0391 41.32 22.00 100 94  1094000 1433000   240 9.93
0.333 0.0392 41.40 22.00 100 94  1094000 1433000   240 9.93
0.336 0.0416 41.47 22.00 100 94  1094000 1433000   240 9.93
0.339 0.0424 41.54 22.00 100 94  1094000 1433000   240 9.93
0.342 0.0466 41.60 22.00 100 94  1094000 1433000   240 9.93
0.345 0.0434 41.67 22.00 100 94  1094000 1433000   240 9.93
0.348 0.0419 41.75 22.00 100 94  1094000 1433000   240 9.93
0.351 0.0426 41.84 22.00 100 94  1094000 1433000   240 9.93
0.354 0.0392 41.93 22.00 100 94  1094000 1433000   240 9.93
0.357 0.0428 42.02 22.00 100 94  1094000 1433000   240 9.93
0.360 0.0460 42.11 22.00 100 94  1094000 1433000   240 9.93
0.363 0.0393 42.19 22.00 100 94  1094000 1433000   240 9.93
0.366 0.0374 42.27 22.00 100 94  1094000 1433000   240 9.93
0.369 0.0422 42.35 22.00 100 94  1094000 1433000   240 9.93
0.372 0.0418 42.42 22.00 100 94  1094000 1433000   240 9.93
0.375 0.0418 42.48 22.00 100 94  1094000 1433000   240 9.93
0.378 0.0433 42.56 22.00 100 94  1094000 1433000   240 9.93
0.381 0.0417 42.64 22.00 100 94  1094000 1433000   240 9.93
0.383 0.0450 42.74 22.00 100 94  1094000 1433000   240 9.93
0.386 0.0444 42.86 22.00 100 94  1094000 1433000   240 9.93
0.389 0.0426 42.99 22.00 100 94  1094000 1433000   240 9.93
0.392 0.0441 43.14 22.00 100 94  1094000 1433000   240 9.93
0.395 0.0446 43.30 22.00 100 94  1094000 1433000   240 9.93
0.398 0.0411 43.48 22.00 100 94  1094000 1433000   240 9.93
0.401 0.0437 43.65 22.00 100 94  1094000 1433000   240 9.93
0.404 0.0441 43.82 22.00 100 94  1094000 1433000   240 9.93
0.407 0.0441 43.97 22.00 100 94  1094000 1433000   240 9.93
0.410 0.0435 44.11 22.00 100 94  1094000 1433000   240 9.93
0.413 0.0459 44.24 22.00 100 94  1094000 1433000   240 9.93
0.416 0.0442 44.35 22.00 100 94  1094000 1433000   240 9.93
0.419 0.0425 44.46 22.00 100 94  1094000 1433000   240 9.93
0.422 0.0445 44.57 22.00 100 94  1094000 1433000   240 9.93
0.425 0.0453 44.67 22.00 100 94  1094000 1433000   240 9.93
0.428 0.0448 44.79 22.00 100 94  1094000 1433000   240 9.93
0.431 0.0453 44.92 22.00 100 94  1094000 1433000   240 9.93
0.434 0.0458 45.07 22.00 100 94  1094000 1433000   240 9.93
0.437 0.0453 45.23 22.00 100 94  1094000 1433000   240 9.93
0.440 0.0453 45.40 22.00 100 94  1094000 1433000   240 9.93
0.442 0.0439 45.58 22.00 100 94  1094000 1433000   240 9.93
0.445 0.0460 45.76 22.00 100 94  1094000 1433000   240 9.93
0.448 0.0453 45.94 22.00 100 94  1094000 1433000   240 9.93
0.451 0.0470 46.12 22.00 100 94  1094000 1433000   240 9.93
0.454 0.0462 46.31 22.00 100 94  1094000 1433000   240 9.93
0.457 0.0471 46.49 22.00 100 94  1094000 1433000   240 9.93
0.460 0.0476 46.68 22.00 100 94  1094000 1433000   240 9.93
0.463 0.0442 46.87 22.00 100 94  1094000 1433000   240 9.93
0.466 0.0489 47.07 22.00 100 94  1094000 1433000   240 9.93
0.469 0.0468 47.28 22.00 100 94  1094000 1433000   240 9.93
0.472 0.0466 47.49 22.00 100 94  1094000 1433000   240 9.93
0.475 0.0483 47.70 22.00 100 94  1094000 1433000   240 9.93
0.478 0.0485 47.92 22.00 100 94  1094000 1433000   240 9.93
0.481 0.0495 48.15 22.00 100 94  1094000 1433000   240 9.93
0.484 0.0481 48.38 22.00 100 94  1094000 1433000   240 9.93
0.487 0.0469 48.61 22.00 100 94  1094000 1433000   240 9.93
0.490 0.0500 48.84 22.00 100 94  1094000 1433000   240 9.93
0.493 0.0477 49.07 22.00 100 94  1094000 1433000   240 9.93
0.496 0.0498 49.30 22.00 100 94  1094000 1433000   240 9.93
0.499 0.0495 49.53 22.00 100 94  1094000 1433000   240 9.93
0.501 0.0502 49.76 22.00 100 94  1094000 1433000   240 9.93
0.504 0.0484 49.99 22.00 100 94  1094000 1433000   240 9.93
0.507 0.0519 50.22 22.00 100 94  1094000 1433000   240 9.93
0.510 0.0492 50.46 22.00 100 94  1094000 1433000   240 9.93
0.513 0.0519 50.69 22.00 100 94  1094000 1433000   240 9.93
0.516 0.0508 50.93 22.00 100 94  1094000 1433000   240 9.93
0.519 0.0518 51.17 22.00 100 94  1094000 1433000   240 9.93
0.522 0.0514 51.42 22.00 100 94  1094000 1433000   240 9.93
0.525 0.0527 51.67 22.00 100 94  1094000 1433000   240 9.93
0.528 0.0503 51.94 22.00 100 94  1094000 1433000   240 9.93
0.531 0.0518 52.21 22.00 100 94  1094000 1433000   240 9.93
0.534 0.0533 52.49 22.00 100 94  1094000 1433000   240 9.93
0.537 0.0530 52.77 22.00 100 94  1094000 1433000   240 9.93
0.540 0.0513 53.06 22.00 100 94  1094000 1433000   240 9.93
0.543 0.0553 53.35 22.00 100 94  1094000 1433000   240 9.93
0.546 0.0517 53.64 22.00 100 94  1094000 1433000   240 9.93
0.549 0.0549 53.93 22.00 100 94  1094000 1433000   240 9.93
0.552 0.0547 54.24 22.00 100 94  1094000 1433000   240 9.93
0.555 0.0521 54.54 22.00 100 94  1094000 1433000   240 9.93
0.558 0.0580 54.86 22.00 100 94  1094000 1433000   240 9.93
0.560 0.0531 55.18 22.00 100 94  1094000 1433000   240 9.93
0.563 0.0560 55.51 22.00 100 94  1094000 1433000   240 9.93
0.566 0.0555 55.84 22.00 100 94  1094000 1433000   240 9.93
0.569 0.0568 56.19 22.00 100 94  1094000 1433000   240 9.93
0.572 0.0567 56.53 22.00 100 94  1094000 1433000   240 9.93
0.575 0.0569 56.88 22.00 100 94  1094000 1433000   240 9.93
0.578 0.0580 57.22 22.00 100 94  1094000 1433000   240 9.93
0.581 0.0572 57.55 22.00 100 94  1094000 1433000   240 9.93
0.584 0.0573 57.86 22.00 100 94  1094000 1433000   240 9.93
0.587 0.0578 58.16 22.00 100 94  1094000 1433000   240 9.93
0.590 0.0582 58.44 22.00 100 94  1094000 1433000   240 9.93
0.593 0.0567 58.70 22.00 100 94  1094000 1433000   240 9.93
0.596 0.0626 58.94 22.00 100 94  1094000 1433000   240 9.93
0.599 0.0574 59.16 22.00 100 94  1094000 1433000   240 9.93
0.602 0.0602 59.36 22.00 100 94  1094000 1433000   240 9.93
0.605 0.0585 59.55 22.00 100 94  1094000 1433000   240 9.93
0.608 0.0611 59.73 22.00 100 94  1094000 1433000   240 9.93
0.611 0.0595 59.90 22.00 100 94  1094000 1433000   240 9.93
0.614 0.0619 60.06 22.00 100 94  1094000 1433000   240 9.93
0.617 0.0611 60.21 22.00 100 94  1094000 1433000   240 9.93
0.619 0.0593 60.35 22.00 100 94  1094000 1433000   240 9.93
0.622 0.0602 60.48 22.00 100 94  1094000 1433000   240 9.93
0.625 0.0618 60.59 22.00 100 94  1094000 1433000   240 9.93
0.628 0.0581 60.68 22.00 100 94  1094000 1433000   240 9.93
0.631 0.0597 60.77 22.00 100 94  1094000 1433000   240 9.93
0.634 0.0610 60.83 22.00 100 94  1094000 1433000   240 9.93
0.637 0.0607 60.88 22.00 100 94  1094000 1433000   240 9.93
0.640 0.0614 60.93 22.00 100 94  1094000 1433000   240 9.93
0.643 0.0617 60.96 22.00 100 94  1094000 1433000   240 9.93
0.646 0.0594 60.98 22.00 100 94  1094000 1433000   240 9.93
0.649 0.0626 61.00 22.00 100 94  1094000 1433000   240 9.93
0.652 0.0609 61.01 22.00 100 94  1094000 1433000   240 9.93
0.655 0.0611 61.02 22.00 100 94  1094000 1433000   240 9.93
0.658 0.0613 61.02 22.00 100 94  1094000 1433000   240 9.93
0.661 0.0624 61.02 22.00 100 94  1094000 1433000   240 9.93
0.664 0.0620 61.00 22.00 100 94  1094000 1433000   240 9.93
0.667 0.0608 60.98 22.00 100 94  1094000 1433000   240 9.93
0.670 0.0577 60.96 22.00 100 94  1094000 1433000   240 9.93
0.673 0.0611 60.93 22.00 100 94  1094000 1433000   240 9.93
0.676 0.0610 60.89 22.00 100 94  1094000 1433000   240 9.93
0.678 0.0623 60.85 22.00 100 94  1094000 1433000   240 9.93
0.681 0.0604 60.81 22.00 100 94  1094000 1433000   240 9.93
0.684 0.0616 60.77 22.00 100 94  1094000 1433000   240 9.93
0.687 0.0594 60.73 22.00 100 94  1094000 1433000   240 9.93
0.690 0.0601 60.70 22.00 100 94  1094000 1433000   240 9.93
0.693 0.0613 60.67 22.00 100 94  1094000 1433000   240 9.93
0.696 0.0618 60.66 22.00 100 94  1094000 1433000   240 9.93
0.699 0.0591 60.66 22.00 100 94  1094000 1433000   240 9.93
0.702 0.0598 60.66 22.00 100 94  1094000 1433000   240 9.93
0.705 0.0594 60.66 22.00 100 94  1094000 1433000   240 9.93
0.708 0.0618 60.66 22.00 100 94  1094000 1433000   240 9.93
0.711 0.0615 60.66 22.00 100 94  1094000 1433000   240 9.93
0.714 0.0612 60.66 22.00 100 94  1094000 1433000   240 9.93
0.717 0.0589 60.65 22.00 100 94  1094000 1433000   240 9.93
0.720 0.0612 60.64 22.00 100 94  1094000 1433000   240 9.93
0.723 0.0635 60.62 22.00 100 94  1094000 1433000   240 9.93
0.726 0.0603 60.59 22.00 100 94  1094000 1433000   240 9.93
0.729 0.0591 60.55 22.00 100 94  1094000 1433000   240 9.93
0.732 0.0594 60.50 22.00 100 94  1094000 1433000   240 9.93
0.735 0.0607 60.44 22.00 100 94  1094000 1433000   240 9.93
0.737 0.0611 60.37 22.00 100 94  1094000 1433000   240 9.93
0.740 0.0622 60.28 22.00 100 94  1094000 1433000   240 9.93
0.743 0.0598 60.19 22.00 100 94  1094000 1433000   240 9.93
0.746 0.0591 60.09 22.00 100 94  1094000 1433000   240 9.93
0.749 0.0603 59.98 22.00 100 94  1094000 1433000   240 9.93
0.752 0.0586 59.88 22.00 100 94  1094000 1433000   240 9.93
0.755 0.0602 59.77 22.00 100 94  1094000 1433000   240 9.93
0.758 0.0608 59.68 22.00 100 94  1094000 1433000   240 9.93
0.761 0.0591 59.59 22.00 100 94  1094000 1433000   240 9.93
0.764 0.0595 59.53 22.00 100 94  1094000 1433000   240 9.93
0.767 0.0613 59.48 22.00 100 94  1094000 1433000   240 9.93
0.770 0.0564 59.46 22.00 100 94  1094000 1433000   240 9.93
0.773 0.0614 59.46 22.00 100 94  1094000 1433000   240 9.93
0.776 0.0585 59.47 22.00 100 94  1094000 1433000   240 9.93
0.779 0.0585 59.50 22.00 100 94  1094000 1433000   240 9.93
0.782 0.0585 59.55 22.00 100 94  1094000 1433000   240 9.93
0.785 0.0595 59.62 22.00 100 94  1094000 1433000   240 9.93
0.788 0.0610 59.69 22.00 100 94  1094000 1433000   240 9.93
0.791 0.0581 59.78 22.00 100 94  1094000 1433000   240 9.93
0.794 0.0614 59.88 22.00 100 94  1094000 1433000   240 9.93
0.796 0.0602 60.00 22.00 100 94  1094000 1433000   240 9.93
0.799 0.0606 60.12 22.00 100 94  1094000 1433000   240 9.93
0.802 0.0585 60.25 22.00 100 94  1094000 1433000   240 9.93
0.805 0.0608 60.38 22.00 100 94  1094000 1433000   240 9.93
0.808 0.0612 60.51 22.00 100 94  1094000 1433000   240 9.93
0.811 0.0607 60.64 22.00 100 94  1094000 1433000   240 9.93
0.814 0.0619 60.76 22.00 100 94  1094000 1433000   240 9.93
0.817 0.0603 60.87 22.00 100 94  1094000 1433000   240 9.93
0.820 0.0623 60.97 22.00 100 94  1094000 1433000   240 9.93
0.823 0.0602 61.05 22.00 100 94  1094000 1433000   240 9.93
0.826 0.0618 61.12 22.00 100 94  1094000 1433000   240 9.93
0.829 0.0579 61.17 22.00 100 94  1094000 1433000   240 9.93
0.832 0.0641 61.21 22.00 100 94  1094000 1433000   240 9.93
0.835 0.0608 61.23 22.00 100 94  1094000 1433000   240 9.93
0.838 0.0593 61.24 22.00 100 94  1094000 1433000   240 9.93
0.841 0.0632 61.24 22.00 100 94  1094000 1433000   240 9.93
0.844 0.0606 61.24 22.00 100 94  1094000 1433000   240 9.93
0.847 0.0629 61.23 22.00 100 94  1094000 1433000   240 9.93
0.850 0.0611 61.22 22.00 100 94  1094000 1433000   240 9.93
0.853 0.0602 61.20 22.00 100 94  1094000 1433000   240 9.93
0.855 0.0613 61.18 22.00 100 94  1094000 1433000   240 9.93
0.858 0.0625 61.16 22.00 100 94  1094000 1433000   240 9.93
0.861 0.0598 61.14 22.00 100 94  1094000 1433000   240 9.93
0.864 0.0609 61.13 22.00 100 94  1094000 1433000   240 9.93
0.867 0.0605 61.11 22.00 100 94  1094000 1433000   240 9.93
0.870 0.0607 61.10 22.00 100 94  1094000 1433000   240 9.93
0.873 0.0614 61.09 22.00 100 94  1094000 1433000   240 9.93
0.876 0.0626 61.09 22.00 100 94  1094000 1433000   240 9.93
0.879 0.0593 61.09 22.00 100 94  1094000 1433000   240 9.93
0.882 0.0645 61.10 22.00 100 94  1094000 1433000   240 9.93
0.885 0.0570 61.10 22.00 100 94  1094000 1433000   240 9.93
0.888 0.0623 61.11 22.00 100 94  1094000 1433000   240 9.93
0.891 0.0610 61.12 22.00 100 94  1094000 1433000   240 9.93
0.894 0.0620 61.14 22.00 100 94  1094000 1433000   240 9.93
0.897 0.0599 61.16 22.00 100 94  1094000 1433000   240 9.93
0.900 0.0620 61.18 22.00 100 94  1094000 1433000   240 9.93
0.903 0.0598 61.20 22.00 100 94  1094000 1433000   240 9.93
0.906 0.0612 61.22 22.00 100 94  1094000 1433000   240 9.93
0.909 0.0645 61.24 22.00 100 94  1094000 1433000   240 9.93
0.912 0.0614 61.25 22.00 100 94  1094000 1433000   240 9.93
0.914 0.0591 61.27 22.00 100 94  1094000 1433000   240 9.93
0.917 0.0607 61.28 22.00 100 94  1094000 1433000   240 9.93
0.920 0.0619 61.28 22.00 100 94  1094000 1433000   240 9.93
0.923 0.0609 61.29 22.00 100 94  1094000 1433000   240 9.93
0.926 0.0623 61.29 22.00 100 94  1094000 1433000   240 9.93
0.929 0.0623 61.29 22.00 100 94  1094000 1433000   240 9.93
0.932 0.0615 61.29 22.00 100 94  1094000 1433000   240 9.93
0.935 0.0576 61.26 22.00 100 94  1094000 1433000   240 9.93
0.938 0.0600 61.23 22.00 100 94  1094000 1433000   240 9.93
0.941 0.0661 61.18 22.00 100 94  1094000 1433000   240 9.93
0.944 0.0585 61.13 22.00 100 94  1094000 1433000   240 9.93
0.947 0.0631 61.07 22.00 100 94  1094000 1433000   240 9.93
0.950 0.0589 61.02 22.00 100 94  1094000 1433000   240 9.93
0.953 0.0626 60.97 22.00 100 94  1094000 1433000   240 9.93
0.956 0.0611 60.93 22.00 100 94  1094000 1433000   240 9.93
0.959 0.0611 60.90 22.00 100 94  1094000 1433000   240 9.93
0.962 0.0593 60.88 22.00 100 94  1094000 1433000   240 9.93
0.965 0.0618 60.87 22.00 100 94  1094000 1433000   240 9.93
0.968 0.0628 60.86 22.00 100 94  1094000 1433000   240 9.93
0.971 0.0588 60.86 22.00 100 94  1094000 1433000   240 9.93
0.973 0.0617 60.85 22.00 100 94  1094000 1433000   240 9.93
0.976 0.0593 60.85 22.00 100 94  1094000 1433000   240 9.93
0.979 0.0602 60.85 22.00 100 94  1094000 1433000   240 9.93
0.982 0.0616 60.85 22.00 100 94  1094000 1433000   240 9.93
0.985 0.0585 60.85 22.00 100 94  1094000 1433000   240 9.93
0.988 0.0600 60.85 22.00 100 94  1094000 1433000   240 9.93
0.991 0.0619 60.84 22.00 100 94  1094000 1433000   240 9.93
0.994 0.0628 60.83 22.00 100 94  1094000 1433000   240 9.93
0.997 0.0631 60.82 22.00 100 94  1094000 1433000   240 9.93
1.000 0.0581 60.83 22.00 100 94  1094000 1433000   240 9.93
1.003 0.0619 60.84 22.00 100 94  1094000 1433000   240 9.93
1.006 0.0618 60.86 22.00 100 94  1094000 1433000   240 9.93
1.009 0.0635 60.88 22.00 100 94  1094000 1433000   240 9.93
1.012 0.0579 60.91 22.00 100 94  1094000 1433000   240 9.93
1.015 0.0610 60.94 22.00 100 94  1094000 1433000   240 9.93
1.018 0.0607 60.97 22.00 100 94  1094000 1433000   240 9.93
1.021 0.0603 61.00 22.00 100 94  1094000 1433000   240 9.93
1.024 0.0607 61.03 22.00 100 94  1094000 1433000   240 9.93
1.027 0.0612 61.04 22.00 100 94  1094000 1433000   240 9.93
1.029 0.0604 61.03 22.00 100 94  1094000 1433000   240 9.93
1.032 0.0597 61.00 22.00 100 94  1094000 1433000   240 9.93
1.035 0.0638 60.97 22.00 100 94  1094000 1433000   240 9.93
1.038 0.0567 60.94 22.00 100 94  1094000 1433000   240 9.93
1.041 0.0634 60.91 22.00 100 94  1094000 1433000   240 9.93
1.044 0.0609 60.89 22.00 100 94  1094000 1433000   240 9.93
1.047 0.0615 60.89 22.00 100 94  1094000 1433000   240 9.93
1.050 0.0622 60.89 22.00 100 94  1094000 1433000   240 9.93
1.053 0.0612 60.89 22.00 100 94  1094000 1433000   240 9.93
1.056 0.0621 60.89 22.00 100 94  1094000 1433000   240 9.93
1.059 0.0607 60.88 22.00 100 94  1094000 1433000   240 9.93
1.062 0.0595 60.87 22.00 100 94  1094000 1433000   240 9.93
1.065 0.0614 60.83 22.00 100 94  1094000 1433000   240 9.93
1.068 0.0604 60.79 22.00 100 94  1094000 1433000   240 9.93
1.071 0.0604 60.72 22.00 100 94  1094000 1433000   240 9.93
1.074 0.0608 60.64 22.00 100 94  1094000 1433000   240 9.93
1.077 0.0574 60.55 22.00 100 94  1094000 1433000   240 9.93
1.080 0.0608 60.45 22.00 100 94  1094000 1433000   240 9.93
1.083 0.0583 60.35 22.00 100 94  1094000 1433000   240 9.93
1.086 0.0621 60.25 22.00 100 94  1094000 1433000   240 9.93
1.088 0.0655 60.15 22.00 100 94  1094000 1433000   240 9.93
1.091 0.0588 60.07 22.00 100 94  1094000 1433000   240 9.93
1.094 0.0614 60.00 22.00 100 94  1094000 1433000   240 9.93
1.097 0.0584 59.93 22.00 100 94  1094000 1433000   240 9.93
1.100 0.0602 59.89 22.00 100 94  1094000 1433000   240 9.93
1.103 0.0590 59.85 22.00 100 94  1094000 1433000   240 9.93
1.106 0.0583 59.83 22.00 100 94  1094000 1433000   240 9.93
1.109 0.0605 59.82 22.00 100 94  1094000 1433000   240 9.93
1.112 0.0591 59.82 22.00 100 94  1094000 1433000   240 9.93
1.115 0.0617 59.84 22.00 100 94  1094000 1433000   240 9.93
1.118 0.0586 59.86 22.00 100 94  1094000 1433000   240 9.93
1.121 0.0551 59.88 22.00 100 94  1094000 1433000   240 9.93
1.124 0.0640 59.91 22.00 100 94  1094000 1433000   240 9.93
1.127 0.0595 59.95 22.00 100 94  1094000 1433000   240 9.93
1.130 0.0581 60.00 22.00 100 94  1094000 1433000   240 9.93
1.133 0.0608 60.05 22.00 100 94  1094000 1433000   240 9.93
1.136 0.0625 60.11 22.00 100 94  1094000 1433000   240 9.93
1.139 0.0582 60.17 22.00 100 94  1094000 1433000   240 9.93
1.142 0.0630 60.23 22.00 100 94  1094000 1433000   240 9.93
1.145 0.0556 60.28 22.00 100 94  1094000 1433000   240 9.93
1.147 0.0616 60.31 22.00 100 94  1094000 1433000   240 9.93
1.150 0.0622 60.33 22.00 100 94  1094000 1433000   240 9.93
1.153 0.0607 60.31 22.00 100 94  1094000 1433000   240 9.93
1.156 0.0605 60.27 22.00 100 94  1094000 1433000   240 9.93
1.159 0.0614 60.22 22.00 100 94  1094000 1433000   240 9.93
1.162 0.0597 60.15 22.00 100 94  1094000 1433000   240 9.93
1.165 0.0613 60.07 22.00 100 94  1094000 1433000   240 9.93
1.168 0.0606 59.99 22.00 100 94  1094000 1433000   240 9.93
1.171 0.0567 59.91 22.00 100 94  1094000 1433000   240 9.93
1.174 0.0599 59.82 22.00 100 94  1094000 1433000   240 9.93
1.177 0.0587 59.72 22.00 100 94  1094000 1433000   240 9.93
1.180 0.0626 59.61 22.00 100 94  1094000 1433000   240 9.93
1.183 0.0590 59.50 22.00 100 94  1094000 1433000   240 9.93
1.186 0.0607 59.40 22.00 100 94  1094000 1433000   240 9.93
1.189 0.0546 59.29 22.00 100 94  1094000 1433000   240 9.93
1.192 0.0596 59.18 22.00 100 94  1094000 1433000   240 9.93
1.195 0.0573 59.08 22.00 100 94  1094000 1433000   240 9.93
1.198 0.0653 58.99 22.00 100 94  1094000 1433000   240 9.93
1.201 0.0552 58.91 22.00 100 94  1094000 1433000   240 9.93
1.204 0.0586 58.85 22.00 100 94  1094000 1433000   240 9.93
1.206 0.0593 58.80 22.00 100 94  1094000 1433000   240 9.93
1.209 0.0591 58.77 22.00 100 94  1094000 1433000   240 9.93
1.212 0.0606 58.76 22.00 100 94  1094000 1433000   240 9.93
1.215 0.0594 58.76 22.00 100 94  1094000 1433000   240 9.93
1.218 0.0585 58.78 22.00 100 94  1094000 1433000   240 9.93
1.221 0.0567 58.82 22.00 100 94  1094000 1433000   240 9.93
1.224 0.0609 58.86 22.00 100 94  1094000 1433000   240 9.93
1.227 0.0554 58.91 22.00 100 94  1094000 1433000   240 9.93
1.230 0.0590 58.95 22.00 100 94  1094000 1433000   240 9.93
1.233 0.0576 58.98 22.00 100 94  1094000 1433000   240 9.93
1.236 0.0605 59.01 22.00 100 94  1094000 1433000   240 9.93
1.239 0.0608 59.04 22.00 100 94  1094000 1433000   240 9.93
1.242 0.0565 59.07 22.00 100 94  1094000 1433000   240 9.93
1.245 0.0582 59.09 22.00 100 94  1094000 1433000   240 9.93
1.248 0.0605 59.12 22.00 100 94  1094000 1433000   240 9.93
1.251 0.0646 59.15 22.00 100 94  1094000 1433000   240 9.93
1.254 0.0551 59.18 22.00 100 94  1094000 1433000   240 9.93
1.257 0.0592 59.21 22.00 100 94  1094000 1433000   240 9.93
1.260 0.0569 59.23 22.00 100 94  1094000 1433000   240 9.93
1.263 0.0619 59.22 22.00 100 94  1094000 1433000   240 9.93
1.265 0.0632 59.20 22.00 100 94  1094000 1433000   240 9.93
1.268 0.0560 59.15 22.00 100 94  1094000 1433000   240 9.93
1.271 0.0624 59.08 22.00 100 94  1094000 1433000   240 9.93
1.274 0.0560 59.00 22.00 100 94  1094000 1433000   240 9.93
1.277 0.0570 58.90 22.00 100 94  1094000 1433000   240 9.93
1.280 0.0585 58.80 22.00 100 94  1094000 1433000   240 9.93
1.283 0.0576 58.70 22.00 100 94  1094000 1433000   240 9.93
1.286 0.0594 58.62 22.00 100 94  1094000 1433000   240 9.93
1.289 0.0597 58.55 22.00 100 94  1094000 1433000   240 9.93
1.292 0.0613 58.49 22.00 100 94  1094000 1433000   240 9.93
1.295 0.0589 58.46 22.00 100 94  1094000 1433000   240 9.93
1.298 0.0575 58.44 22.00 100 94  1094000 1433000   240 9.93
1.301 0.0585 58.43 22.00 100 94  1094000 1433000   240 9.93
1.304 0.0567 58.43 22.00 100 94  1094000 1433000   240 9.93
1.307 0.0556 58.43 22.00 100 94  1094000 1433000   240 9.93
1.310 0.0590 58.43 22.00 100 94  1094000 1433000   240 9.93
1.313 0.0579 58.43 22.00 100 94  1094000 1433000   240 9.93
1.316 0.0574 58.43 22.00 100 94  1094000 1433000   240 9.93
1.319 0.0571 58.43 22.00 100 94  1094000 1433000   240 9.93
1.322 0.0637 58.42 22.00 100 94  1094000 1433000   240 9.93
1.324 0.0565 58.43 22.00 100 94  1094000 1433000   240 9.93
1.327 0.0593 58.43 22.00 100 94  1094000 1433000   240 9.93
1.330 0.0618 58.43 22.00 100 94  1094000 1433000   240 9.93
1.333 0.0573 58.43 22.00 100 94  1094000 1433000   240 9.93
1.336 0.0590 58.43 22.00 100 94  1094000 1433000   240 9.93
1.339 0.0569 58.43 22.00 100 94  1094000 1433000   240 9.93
1.342 0.0604 58.44 22.00 100 94  1094000 1433000   240 9.93
1.345 0.0561 58.45 22.00 100 94  1094000 1433000   240 9.93
1.348 0.0570 58.45 22.00 100 94  1094000 1433000   240 9.93
1.351 0.0598 58.44 22.00 100 94  1094000 1433000   240 9.93
1.354 0.0597 58.42 22.00 100 94  1094000 1433000   240 9.93
1.357 0.0539 58.40 22.00 100 94  1094000 1433000   240 9.93
1.360 0.0606 58.37 22.00 100 94  1094000 1433000   240 9.93
1.363 0.0579 58.34 22.00 100 94  1094000 1433000   240 9.93
1.366 0.0570 58.31 22.00 100 94  1094000 1433000   240 9.93
1.369 0.0593 58.28 22.00 100 94  1094000 1433000   240 9.93
1.372 0.0613 58.26 22.00 100 94  1094000 1433000   240 9.93
1.375 0.0547 58.24 22.00 100 94  1094000 1433000   240 9.93
1.378 0.0606 58.22 22.00 100 94  1094000 1433000   240 9.93
1.381 0.0591 58.19 22.00 100 94  1094000 1433000   240 9.93
1.383 0.0572 58.16 22.00 100 94  1094000 1433000   240 9.93
1.386 0.0566 58.12 22.00 100 94  1094000 1433000   240 9.93
1.389 0.0589 58.09 22.00 100 94  1094000 1433000   240 9.93
1.392 0.0585 58.07 22.00 100 94  1094000 1433000   240 9.93
1.395 0.0579 58.04 22.00 100 94  1094000 1433000   240 9.93
1.398 0.0590 58.03 22.00 100 94  1094000 1433000   240 9.93
1.401 0.0602 58.02 22.00 100 94  1094000 1433000   240 9.93
1.404 0.0559 58.02 22.00 100 94  1094000 1433000   240 9.93
1.407 0.0578 58.04 22.00 100 94  1094000 1433000   240 9.93
1.410 0.0587 58.06 22.00 100 94  1094000 1433000   240 9.93
1.413 0.0565 58.08 22.00 100 94  1094000 1433000   240 9.93
1.416 0.0577 58.11 22.00 100 94  1094000 1433000   240 9.93
1.419 0.0560 58.14 22.00 100 94  1094000 1433000   240 9.93
1.422 0.0582 58.16 22.00 100 94  1094000 1433000   240 9.93
1.425 0.0568 58.20 22.00 100 94  1094000 1433000   240 9.93
1.428 0.0620 58.24 22.00 100 94  1094000 1433000   240 9.93
1.431 0.0553 58.28 22.00 100 94  1094000 1433000   240 9.93
1.434 0.0582 58.33 22.00 100 94  1094000 1433000   240 9.93
1.437 0.0619 58.37 22.00 100 94  1094000 1433000   240 9.93
1.440 0.0603 58.42 22.00 100 94  1094000 1433000   240 9.93
1.442 0.0597 58.46 22.00 100 94  1094000 1433000   240 9.93
1.445 0.0583 58.51 22.00 100 94  1094000 1433000   240 9.93
1.448 0.0571 58.55 22.00 100 94  1094000 1433000   240 9.93
1.451 0.0570 58.60 22.00 100 94  1094000 1433000   240 9.93
1.454 0.0583 58.64 22.00 100 94  1094000 1433000   240 9.93
1.457 0.0595 58.67 22.00 100 94  1094000 1433000   240 9.93
1.460 0.0590 58.69 22.00 100 94  1094000 1433000   240 9.93
1.463 0.0593 58.70 22.00 100 94  1094000 1433000   240 9.93
1.466 0.0551 58.71 22.00 100 94  1094000 1433000   240 9.93
1.469 0.0592 58.71 22.00 100 94  1094000 1433000   240 9.93
1.472 0.0589 58.72 22.00 100 94  1094000 1433000   240 9.93
1.475 0.0600 58.73 22.00 100 94  1094000 1433000   240 9.93
1.478 0.0591 58.75 22.00 100 94  1094000 1433000   240 9.93
1.481 0.0592 58.78 22.00 100 94  1094000 1433000   240 9.93
1.484 0.0606 58.81 22.00 100 94  1094000 1433000   240 9.93
1.487 0.0550 58.86 22.00 100 94  1094000 1433000   240 9.93
1.490 0.0580 58.90 22.00 100 94  1094000 1433000   240 9.93
1.493 0.0596 58.94 22.00 100 94  1094000 1433000   240 9.93
1.496 0.0610 58.98 22.00 100 94  1094000 1433000   240 9.93
1.499 0.0597 59.01 22.00 100 94  1094000 1433000   240 9.93
1.502 0.0588 59.04 22.00 100 94  1094000 1433000   240 9.93
1.505 0.0584 59.06 22.00 100 94  1094000 1433000   240 9.93
1.509 0.0596 59.07 22.00 100 94  1094000 1433000   240 9.93
1.512 0.0580 59.08 22.00 100 94  1094000 1433000   240 9.93
1.516 0.0593 59.09 22.00 100 94  1094000 1433000   240 9.93
1.520 0.0607 59.10 22.00 100 94  1094000 1433000   240 9.93
1.524 0.0585 59.11 22.00 100 94  1094000 1433000   240 9.93
1.528 0.0591 59.11 22.00 100 94  1094000 1433000   240 9.93
1.533 0.0584 59.12 22.00 100 94  1094000 1433000   240 9.93
1.538 0.0581 59.12 22.00 100 94  1094000 1433000   240 9.93
1.542 0.0604 59.13 22.00 100 94  1094000 1433000   240 9.93
1.547 0.0580 59.14 22.00 100 94  1094000 1433000   240 9.93
1.553 0.0586 59.15 22.00 100 94  1094000 1433000   240 9.93
1.558 0.0596 59.17 22.00 100 94  1094000 1433000   240 9.93
1.564 0.0596 59.18 22.00 100 94  1094000 1433000   240 9.93
1.570 0.0599 59.20 22.00 100 94  1094000 1433000   240 9.93
1.576 0.0591 59.23 22.00 100 94  1094000 1433000   240 9.93
1.582 0.0593 59.26 22.00 100 94  1094000 1433000   240 9.93
1.589 0.0594 59.29 22.00 100 94  1094000 1433000   240 9.93
1.596 0.0603 59.33 22.00 100 94  1094000 1433000   240 9.93
1.604 0.0581 59.36 22.00 100 94  1094000 1433000   240 9.93
1.611 0.0589 59.38 22.00 100 94  1094000 1433000   240 9.93
1.619 0.0595 59.40 22.00 100 94  1094000 1433000   240 9.93
1.627 0.0584 59.41 22.00 100 94  1094000 1433000   240 9.93
1.636 0.0608 59.42 22.00 100 94  1094000 1433000   240 9.93
1.645 0.0592 59.42 22.00 100 94  1094000 1433000   240 9.93
1.654 0.0595 59.41 22.00 100 94  1094000 1433000   240 9.93
1.664 0.0599 59.40 22.00 100 94  1094000 1433000   240 9.93
1.674 0.0596 59.39 22.00 100 94  1094000 1433000   240 9.93
1.685 0.0595 59.38 22.00 100 94  1094000 1433000   240 9.93
1.696 0.0591 59.37 22.00 100 94  1094000 1433000   240 9.93
1.708 0.0600 59.37 22.00 100 94  1094000 1433000   240 9.93
1.720 0.0587 59.38 22.00 100 94  1094000 1433000   240 9.93
1.732 0.0594 59.39 22.00 100 94  1094000 1433000   240 9.93
1.745 0.0597 59.40 22.00 100 94  1094000 1433000   240 9.93
1.759 0.0583 59.42 22.00 100 94  1094000 1433000   240 9.93
1.773 0.0597 59.44 22.00 100 94  1094000 1433000   240 9.93
1.788 0.0606 59.46 22.00 100 94  1094000 1433000   240 9.93
1.802 0.0586 59.49 22.00 100 94  1094000 1433000   240 9.93
1.817 0.0592 59.52 22.00 100 94  1094000 1433000   240 9.93
1.832 0.0594 59.55 22.00 100 94  1094000 1433000   240 9.93
1.847 0.0597 59.59 22.00 100 94  1094000 1433000   240 9.93
1.861 0.0599 59.63 22.00 100 94  1094000 1433000   240 9.93
1.876 0.0593 59.69 22.00 100 94  1094000 1433000   240 9.93
1.891 0.0595 59.75 22.00 100 94  1094000 1433000   240 9.93
1.906 0.0605 59.81 22.00 100 94  1094000 1433000   240 9.93
1.920 0.0599 59.87 22.00 100 94  1094000 1433000   240 9.93
1.935 0.0610 59.93 22.00 100 94  1094000 1433000   240 9.93
1.950 0.0600 59.99 22.00 100 94  1094000 1433000   240 9.93
1.965 0.0601 60.04 22.00 100 94  1094000 1433000   240 9.93
1.979 0.0606 60.07 22.00 100 94  1094000 1433000   240 9.93
1.994 0.0600 60.09 22.00 100 94  1094000 1433000   240 9.93
2.009 0.0603 60.09 22.00 100 94  1094000 1433000   240 9.93
2.024 0.0606 60.09 22.00 100 94  1094000 1433000   240 9.93
2.038 0.0611 60.07 22.00 100 94  1094000 1433000   240 9.93
2.053 0.0609 60.07 22.00 100 94  1094000 1433000   240 9.93
2.068 0.0606 60.08 22.00 100 94  1094000 1433000   240 9.93
2.083 0.0614 60.13 22.00 100 94  1094000 1433000   240 9.93
2.097 0.0619 60.24 22.00 100 94  1094000 1433000   240 9.93
2.112 0.0614 60.45 22.00 100 94  1094000 1433000   240 9.93
2.127 0.0611 60.78 22.00 100 94  1094000 1433000   240 9.93
2.142 0.0631 61.28 22.00 100 94  1094000 1433000   240 9.93
2.156 0.0632 62.00 22.00 100 94  1094000 1433000   240 9.93
2.171 0.0623 62.95 22.00 100 94  1094000 1433000   240 9.93
2.186 0.0641 64.18 22.00 100 94  1094000 1433000   240 9.93
2.201 0.0649 65.71 22.00 100 94  1094000 1433000   240 9.93
2.215 0.0655 67.54 22.00 100 94  1094000 1433000   240 9.93
2.230 0.0674 69.68 22.00 100 94  1094000 1433000   240 9.93
2.245 0.0698 72.11 22.00 100 94  1094000 1433000   240 9.93
2.260 0.0707 74.82 22.00 100 94  1094000 1433000   240 9.93
2.274 0.0755 77.77 22.00 100 94  1094000 1433000   240 9.93
2.289 0.0787 80.93 22.00 100 94  1094000 1433000   240 9.93
2.304 0.0841 84.28 22.00 100 94  1094000 1433000   240 9.93
2.319 0.0883 87.83 22.00 100 94  1094000 1433000   240 9.93
2.333 0.0919 91.69 22.00 100 94  1094000 1433000   240 9.93
2.348 0.0998 96.84 22.00 100 94  1094000 1433000   240 9.93
2.363 0.1033 104.14 22.00 100 94  1094000 1433000   240 9.93
2.378 0.1122 112.16 22.00 100 94  1094000 1433000   240 9.93
2.392 0.1187 120.08 22.00 100 94  1094000 1433000   240 9.93
2.407 0.1248 127.63 22.00 100 94  1094000 1433000   240 9.93
2.422 0.1281 134.71 22.00 100 94  1094000 1433000   240 9.93
2.437 0.1356 141.34 22.00 100 94  1094000 1433000   240 9.93
2.451 0.1406 147.53 22.00 100 94  1094000 1433000   240 9.93
2.466 0.1424 153.30 22.00 100 94  1094000 1433000   240 9.93
2.481 0.1499 158.71 22.00 100 94  1094000 1433000   240 9.93
2.496 0.1596 163.77 22.00 100 94  1094000 1433000   240 9.93
2.510 0.1656 168.52 22.00 100 94  1094000 1433000   240 9.93
2.525 0.1774 172.98 22.00 100 94  1094000 1433000   240 9.93
2.540 0.1909 177.15 22.00 100 94  1094000 1433000   240 9.93
2.555 0.2008 181.05 22.00 100 94  1094000 1433000   240 9.93
2.569 0.2220 184.69 22.00 100 94  1094000 1433000   240 9.93
2.584 0.2483 188.06 22.00 100 94  1094000 1433000   240 9.93
2.599 0.2713 191.15 22.00 100 94  1094000 1433000   240 9.93
2.614 0.2981 193.95 22.00 100 94  1094000 1433000   240 9.93
2.628 0.2980 196.43 22.00 100 94  1094000 1433000   240 9.93
2.643 0.3429 198.58 22.00 100 94  1094000 1433000   240 9.93
2.658 0.0000 200.34 22.00 100 94  1094000 1433000   240 9.93
2.673 0.0000 201.67 22.00 100 94  1094000 1433000   240 9.93
