     x     qy smooth tpara  cd  zL     xTr    xCpl frame tma
-2.277 0.2795 241.65 36.30 104 94   954000 1373000   260 9.89
-2.265 0.2616 226.15 36.30 104 94   954000 1373000   260 9.89
-2.253 0.2621 211.43 36.30 104 94   954000 1373000   260 9.89
-2.241 0.1998 197.47 36.30 104 94   954000 1373000   260 9.89
-2.229 0.1722 184.26 36.30 104 94   954000 1373000   260 9.89
-2.217 0.1157 171.77 36.30 104 94   954000 1373000   260 9.89
-2.205 0.1299 159.98 36.30 104 94   954000 1373000   260 9.89
-2.193 0.1195 148.89 36.30 104 94   954000 1373000   260 9.89
-2.181 0.1115 138.47 36.30 104 94   954000 1373000   260 9.89
-2.169 0.1053 128.72 36.30 104 94   954000 1373000   260 9.89
-2.158 0.1012 119.63 36.30 104 94   954000 1373000   260 9.89
-2.146 0.0951 111.19 36.30 104 94   954000 1373000   260 9.89
-2.134 0.0922 103.40 36.30 104 94   954000 1373000   260 9.89
-2.122 0.0874 96.27 36.30 104 94   954000 1373000   260 9.89
-2.110 0.0853 89.81 36.30 104 94   954000 1373000   260 9.89
-2.098 0.0815 84.03 36.30 104 94   954000 1373000   260 9.89
-2.086 0.0799 78.94 36.30 104 94   954000 1373000   260 9.89
-2.074 0.0770 74.59 36.30 104 94   954000 1373000   260 9.89
-2.062 0.0762 71.02 36.30 104 94   954000 1373000   260 9.89
-2.050 0.0740 68.28 36.30 104 94   954000 1373000   260 9.89
-2.038 0.0707 66.43 36.30 104 94   954000 1373000   260 9.89
-2.026 0.0695 65.51 36.30 104 94   954000 1373000   260 9.89
-2.014 0.0684 65.35 36.30 104 94   954000 1373000   260 9.89
-2.002 0.0670 65.26 36.30 104 94   954000 1373000   260 9.89
-1.990 0.0651 64.25 36.30 104 94   954000 1373000   260 9.89
-1.979 0.0645 63.13 36.30 104 94   954000 1373000   260 9.89
-1.967 0.0622 62.00 36.30 104 94   954000 1373000   260 9.89
-1.955 0.0620 60.90 36.30 104 94   954000 1373000   260 9.89
-1.943 0.0607 59.89 36.30 104 94   954000 1373000   260 9.89
-1.931 0.0589 58.95 36.30 104 94   954000 1373000   260 9.89
-1.919 0.0591 58.10 36.30 104 94   954000 1373000   260 9.89
-1.907 0.0562 57.32 36.30 104 94   954000 1373000   260 9.89
-1.895 0.0564 56.64 36.30 104 94   954000 1373000   260 9.89
-1.883 0.0559 56.05 36.30 104 94   954000 1373000   260 9.89
-1.871 0.0559 55.55 36.30 104 94   954000 1373000   260 9.89
-1.859 0.0545 55.14 36.30 104 94   954000 1373000   260 9.89
-1.847 0.0543 54.80 36.30 104 94   954000 1373000   260 9.89
-1.835 0.0533 54.55 36.30 104 94   954000 1373000   260 9.89
-1.823 0.0528 54.35 36.30 104 94   954000 1373000   260 9.89
-1.811 0.0530 54.21 36.30 104 94   954000 1373000   260 9.89
-1.800 0.0539 54.11 36.30 104 94   954000 1373000   260 9.89
-1.788 0.0533 54.06 36.30 104 94   954000 1373000   260 9.89
-1.776 0.0549 54.04 36.30 104 94   954000 1373000   260 9.89
-1.764 0.0554 54.06 36.30 104 94   954000 1373000   260 9.89
-1.752 0.0548 54.09 36.30 104 94   954000 1373000   260 9.89
-1.740 0.0550 54.14 36.30 104 94   954000 1373000   260 9.89
-1.728 0.0561 54.20 36.30 104 94   954000 1373000   260 9.89
-1.716 0.0544 54.26 36.30 104 94   954000 1373000   260 9.89
-1.704 0.0553 54.31 36.30 104 94   954000 1373000   260 9.89
-1.692 0.0556 54.34 36.30 104 94   954000 1373000   260 9.89
-1.680 0.0542 54.36 36.30 104 94   954000 1373000   260 9.89
-1.668 0.0544 54.35 36.30 104 94   954000 1373000   260 9.89
-1.656 0.0547 54.32 36.30 104 94   954000 1373000   260 9.89
-1.644 0.0533 54.27 36.30 104 94   954000 1373000   260 9.89
-1.632 0.0518 54.19 36.30 104 94   954000 1373000   260 9.89
-1.621 0.0539 54.09 36.30 104 94   954000 1373000   260 9.89
-1.609 0.0544 53.98 36.30 104 94   954000 1373000   260 9.89
-1.597 0.0535 53.86 36.30 104 94   954000 1373000   260 9.89
-1.585 0.0549 53.73 36.30 104 94   954000 1373000   260 9.89
-1.573 0.0545 53.61 36.30 104 94   954000 1373000   260 9.89
-1.561 0.0532 53.49 36.30 104 94   954000 1373000   260 9.89
-1.549 0.0538 53.39 36.30 104 94   954000 1373000   260 9.89
-1.537 0.0524 53.30 36.30 104 94   954000 1373000   260 9.89
-1.525 0.0529 53.22 36.30 104 94   954000 1373000   260 9.89
-1.513 0.0533 53.14 36.30 104 94   954000 1373000   260 9.89
-1.501 0.0532 53.06 36.30 104 94   954000 1373000   260 9.89
-1.489 0.0532 52.98 36.30 104 94   954000 1373000   260 9.89
-1.477 0.0530 52.90 36.30 104 94   954000 1373000   260 9.89
-1.465 0.0526 52.81 36.30 104 94   954000 1373000   260 9.89
-1.453 0.0528 52.73 36.30 104 94   954000 1373000   260 9.89
-1.442 0.0530 52.64 36.30 104 94   954000 1373000   260 9.89
-1.430 0.0527 52.55 36.30 104 94   954000 1373000   260 9.89
-1.418 0.0519 52.45 36.30 104 94   954000 1373000   260 9.89
-1.406 0.0521 52.37 36.30 104 94   954000 1373000   260 9.89
-1.394 0.0531 52.29 36.30 104 94   954000 1373000   260 9.89
-1.382 0.0519 52.22 36.30 104 94   954000 1373000   260 9.89
-1.370 0.0524 52.16 36.30 104 94   954000 1373000   260 9.89
-1.358 0.0518 52.11 36.30 104 94   954000 1373000   260 9.89
-1.346 0.0517 52.07 36.30 104 94   954000 1373000   260 9.89
-1.334 0.0530 52.03 36.30 104 94   954000 1373000   260 9.89
-1.322 0.0513 51.98 36.30 104 94   954000 1373000   260 9.89
-1.310 0.0513 51.94 36.30 104 94   954000 1373000   260 9.89
-1.298 0.0511 51.89 36.30 104 94   954000 1373000   260 9.89
-1.286 0.0528 51.84 36.30 104 94   954000 1373000   260 9.89
-1.274 0.0525 51.79 36.30 104 94   954000 1373000   260 9.89
-1.263 0.0514 51.75 36.30 104 94   954000 1373000   260 9.89
-1.251 0.0524 51.72 36.30 104 94   954000 1373000   260 9.89
-1.239 0.0510 51.70 36.30 104 94   954000 1373000   260 9.89
-1.227 0.0512 51.69 36.30 104 94   954000 1373000   260 9.89
-1.215 0.0525 51.70 36.30 104 94   954000 1373000   260 9.89
-1.203 0.0521 51.72 36.30 104 94   954000 1373000   260 9.89
-1.191 0.0520 51.74 36.30 104 94   954000 1373000   260 9.89
-1.179 0.0517 51.78 36.30 104 94   954000 1373000   260 9.89
-1.167 0.0521 51.82 36.30 104 94   954000 1373000   260 9.89
-1.155 0.0518 51.87 36.30 104 94   954000 1373000   260 9.89
-1.143 0.0512 51.92 36.30 104 94   954000 1373000   260 9.89
-1.131 0.0503 51.98 36.30 104 94   954000 1373000   260 9.89
-1.119 0.0512 52.04 36.30 104 94   954000 1373000   260 9.89
-1.107 0.0518 52.10 36.30 104 94   954000 1373000   260 9.89
-1.095 0.0528 52.15 36.30 104 94   954000 1373000   260 9.89
-1.084 0.0526 52.21 36.30 104 94   954000 1373000   260 9.89
-1.072 0.0518 52.27 36.30 104 94   954000 1373000   260 9.89
-1.060 0.0538 52.33 36.30 104 94   954000 1373000   260 9.89
-1.048 0.0535 52.40 36.30 104 94   954000 1373000   260 9.89
-1.036 0.0533 52.47 36.30 104 94   954000 1373000   260 9.89
-1.024 0.0529 52.55 36.30 104 94   954000 1373000   260 9.89
-1.012 0.0516 52.62 36.30 104 94   954000 1373000   260 9.89
-1.000 0.0517 52.69 36.30 104 94   954000 1373000   260 9.89
-0.988 0.0529 52.76 36.30 104 94   954000 1373000   260 9.89
-0.976 0.0529 52.82 36.30 104 94   954000 1373000   260 9.89
-0.964 0.0527 52.87 36.30 104 94   954000 1373000   260 9.89
-0.952 0.0527 52.92 36.30 104 94   954000 1373000   260 9.89
-0.940 0.0535 52.95 36.30 104 94   954000 1373000   260 9.89
-0.928 0.0525 52.97 36.30 104 94   954000 1373000   260 9.89
-0.916 0.0531 52.98 36.30 104 94   954000 1373000   260 9.89
-0.905 0.0519 52.99 36.30 104 94   954000 1373000   260 9.89
-0.893 0.0531 53.00 36.30 104 94   954000 1373000   260 9.89
-0.881 0.0529 53.00 36.30 104 94   954000 1373000   260 9.89
-0.869 0.0538 53.00 36.30 104 94   954000 1373000   260 9.89
-0.857 0.0534 53.00 36.30 104 94   954000 1373000   260 9.89
-0.845 0.0532 53.00 36.30 104 94   954000 1373000   260 9.89
-0.833 0.0540 53.00 36.30 104 94   954000 1373000   260 9.89
-0.821 0.0526 52.99 36.30 104 94   954000 1373000   260 9.89
-0.809 0.0533 52.96 36.30 104 94   954000 1373000   260 9.89
-0.797 0.0526 52.93 36.30 104 94   954000 1373000   260 9.89
-0.785 0.0521 52.88 36.30 104 94   954000 1373000   260 9.89
-0.773 0.0531 52.83 36.30 104 94   954000 1373000   260 9.89
-0.761 0.0523 52.77 36.30 104 94   954000 1373000   260 9.89
-0.749 0.0531 52.71 36.30 104 94   954000 1373000   260 9.89
-0.737 0.0534 52.66 36.30 104 94   954000 1373000   260 9.89
-0.726 0.0522 52.61 36.30 104 94   954000 1373000   260 9.89
-0.714 0.0527 52.57 36.30 104 94   954000 1373000   260 9.89
-0.702 0.0528 52.53 36.30 104 94   954000 1373000   260 9.89
-0.690 0.0512 52.49 36.30 104 94   954000 1373000   260 9.89
-0.678 0.0530 52.47 36.30 104 94   954000 1373000   260 9.89
-0.666 0.0511 52.44 36.30 104 94   954000 1373000   260 9.89
-0.654 0.0531 52.42 36.30 104 94   954000 1373000   260 9.89
-0.642 0.0536 52.40 36.30 104 94   954000 1373000   260 9.89
-0.630 0.0518 52.38 36.30 104 94   954000 1373000   260 9.89
-0.618 0.0512 52.36 36.30 104 94   954000 1373000   260 9.89
-0.606 0.0517 52.34 36.30 104 94   954000 1373000   260 9.89
-0.594 0.0527 52.31 36.30 104 94   954000 1373000   260 9.89
-0.582 0.0532 52.28 36.30 104 94   954000 1373000   260 9.89
-0.570 0.0522 52.25 36.30 104 94   954000 1373000   260 9.89
-0.558 0.0528 52.21 36.30 104 94   954000 1373000   260 9.89
-0.547 0.0525 52.17 36.30 104 94   954000 1373000   260 9.89
-0.535 0.0526 52.13 36.30 104 94   954000 1373000   260 9.89
-0.523 0.0526 52.10 36.30 104 94   954000 1373000   260 9.89
-0.511 0.0520 52.06 36.30 104 94   954000 1373000   260 9.89
-0.499 0.0523 52.02 36.30 104 94   954000 1373000   260 9.89
-0.487 0.0509 51.98 36.30 104 94   954000 1373000   260 9.89
-0.475 0.0513 51.93 36.30 104 94   954000 1373000   260 9.89
-0.463 0.0516 51.89 36.30 104 94   954000 1373000   260 9.89
-0.451 0.0522 51.84 36.30 104 94   954000 1373000   260 9.89
-0.439 0.0515 51.80 36.30 104 94   954000 1373000   260 9.89
-0.427 0.0519 51.75 36.30 104 94   954000 1373000   260 9.89
-0.415 0.0510 51.71 36.30 104 94   954000 1373000   260 9.89
-0.403 0.0523 51.67 36.30 104 94   954000 1373000   260 9.89
-0.391 0.0512 51.64 36.30 104 94   954000 1373000   260 9.89
-0.379 0.0519 51.60 36.30 104 94   954000 1373000   260 9.89
-0.368 0.0517 51.57 36.30 104 94   954000 1373000   260 9.89
-0.356 0.0518 51.53 36.30 104 94   954000 1373000   260 9.89
-0.344 0.0512 51.50 36.30 104 94   954000 1373000   260 9.89
-0.332 0.0512 51.45 36.30 104 94   954000 1373000   260 9.89
-0.320 0.0514 51.40 36.30 104 94   954000 1373000   260 9.89
-0.308 0.0517 51.33 36.30 104 94   954000 1373000   260 9.89
-0.296 0.0519 51.24 36.30 104 94   954000 1373000   260 9.89
-0.284 0.0505 51.14 36.30 104 94   954000 1373000   260 9.89
-0.272 0.0516 51.02 36.30 104 94   954000 1373000   260 9.89
-0.260 0.0506 50.88 36.30 104 94   954000 1373000   260 9.89
-0.248 0.0512 50.73 36.30 104 94   954000 1373000   260 9.89
-0.236 0.0503 50.59 36.30 104 94   954000 1373000   260 9.89
-0.224 0.0512 50.45 36.30 104 94   954000 1373000   260 9.89
-0.212 0.0500 50.32 36.30 104 94   954000 1373000   260 9.89
-0.200 0.0507 50.21 36.30 104 94   954000 1373000   260 9.89
-0.189 0.0499 50.11 36.30 104 94   954000 1373000   260 9.89
-0.177 0.0500 50.03 36.30 104 94   954000 1373000   260 9.89
-0.165 0.0485 49.96 36.30 104 94   954000 1373000   260 9.89
-0.153 0.0497 49.90 36.30 104 94   954000 1373000   260 9.89
-0.141 0.0502 49.84 36.30 104 94   954000 1373000   260 9.89
-0.129 0.0476 49.77 36.30 104 94   954000 1373000   260 9.89
-0.117 0.0494 49.67 36.30 104 94   954000 1373000   260 9.89
-0.105 0.0485 49.55 36.30 104 94   954000 1373000   260 9.89
-0.094 0.0485 49.38 36.30 104 94   954000 1373000   260 9.89
-0.084 0.0486 49.16 36.30 104 94   954000 1373000   260 9.89
-0.074 0.0500 48.88 36.30 104 94   954000 1373000   260 9.89
-0.064 0.0490 48.53 36.30 104 94   954000 1373000   260 9.89
-0.055 0.0487 48.13 36.30 104 94   954000 1373000   260 9.89
-0.046 0.0486 47.66 36.30 104 94   954000 1373000   260 9.89
-0.037 0.0510 47.13 36.30 104 94   954000 1373000   260 9.89
-0.029 0.0475 46.54 36.30 104 94   954000 1373000   260 9.89
-0.021 0.0485 45.91 36.30 104 94   954000 1373000   260 9.89
-0.014 0.0453 45.23 36.30 104 94   954000 1373000   260 9.89
-0.006 0.0444 44.52 36.30 104 94   954000 1373000   260 9.89
0.001 0.0447 43.78 36.30 104 94   954000 1373000   260 9.89
0.007 0.0425 43.01 36.30 104 94   954000 1373000   260 9.89
0.014 0.0424 42.21 36.30 104 94   954000 1373000   260 9.89
0.020 0.0391 41.39 36.30 104 94   954000 1373000   260 9.89
0.026 0.0397 40.57 36.30 104 94   954000 1373000   260 9.89
0.032 0.0382 39.76 36.30 104 94   954000 1373000   260 9.89
0.037 0.0371 38.97 36.30 104 94   954000 1373000   260 9.89
0.042 0.0367 38.20 36.30 104 94   954000 1373000   260 9.89
0.047 0.0367 37.47 36.30 104 94   954000 1373000   260 9.89
0.052 0.0376 36.78 36.30 104 94   954000 1373000   260 9.89
0.057 0.0370 36.13 36.30 104 94   954000 1373000   260 9.89
0.061 0.0344 35.53 36.30 104 94   954000 1373000   260 9.89
0.065 0.0365 34.99 36.30 104 94   954000 1373000   260 9.89
0.070 0.0349 34.50 36.30 104 94   954000 1373000   260 9.89
0.073 0.0344 34.06 36.30 104 94   954000 1373000   260 9.89
0.077 0.0364 33.69 36.30 104 94   954000 1373000   260 9.89
0.081 0.0337 33.38 36.30 104 94   954000 1373000   260 9.89
0.084 0.0330 33.12 36.30 104 94   954000 1373000   260 9.89
0.088 0.0329 32.90 36.30 104 94   954000 1373000   260 9.89
0.091 0.0292 32.72 36.30 104 94   954000 1373000   260 9.89
0.094 0.0316 32.56 36.30 104 94   954000 1373000   260 9.89
0.097 0.0319 32.44 36.30 104 94   954000 1373000   260 9.89
0.100 0.0367 32.34 36.30 104 94   954000 1373000   260 9.89
0.102 0.0319 32.28 36.30 104 94   954000 1373000   260 9.89
0.105 0.0303 32.25 36.30 104 94   954000 1373000   260 9.89
0.107 0.0321 32.26 36.30 104 94   954000 1373000   260 9.89
0.110 0.0292 32.29 36.30 104 94   954000 1373000   260 9.89
0.112 0.0266 32.36 36.30 104 94   954000 1373000   260 9.89
0.115 0.0367 32.45 36.30 104 94   954000 1373000   260 9.89
0.117 0.0354 32.56 36.30 104 94   954000 1373000   260 9.89
0.119 0.0335 32.69 36.30 104 94   954000 1373000   260 9.89
0.122 0.0335 32.84 36.30 104 94   954000 1373000   260 9.89
0.124 0.0338 32.98 36.30 104 94   954000 1373000   260 9.89
0.126 0.0346 33.12 36.30 104 94   954000 1373000   260 9.89
0.129 0.0348 33.26 36.30 104 94   954000 1373000   260 9.89
0.131 0.0318 33.38 36.30 104 94   954000 1373000   260 9.89
0.134 0.0330 33.48 36.30 104 94   954000 1373000   260 9.89
0.136 0.0297 33.56 36.30 104 94   954000 1373000   260 9.89
0.138 0.0329 33.63 36.30 104 94   954000 1373000   260 9.89
0.141 0.0371 33.68 36.30 104 94   954000 1373000   260 9.89
0.143 0.0366 33.71 36.30 104 94   954000 1373000   260 9.89
0.146 0.0327 33.74 36.30 104 94   954000 1373000   260 9.89
0.148 0.0347 33.75 36.30 104 94   954000 1373000   260 9.89
0.150 0.0314 33.73 36.30 104 94   954000 1373000   260 9.89
0.153 0.0311 33.70 36.30 104 94   954000 1373000   260 9.89
0.155 0.0339 33.65 36.30 104 94   954000 1373000   260 9.89
0.158 0.0349 33.59 36.30 104 94   954000 1373000   260 9.89
0.160 0.0350 33.53 36.30 104 94   954000 1373000   260 9.89
0.162 0.0319 33.47 36.30 104 94   954000 1373000   260 9.89
0.165 0.0346 33.41 36.30 104 94   954000 1373000   260 9.89
0.167 0.0330 33.35 36.30 104 94   954000 1373000   260 9.89
0.169 0.0323 33.27 36.30 104 94   954000 1373000   260 9.89
0.172 0.0334 33.19 36.30 104 94   954000 1373000   260 9.89
0.174 0.0349 33.10 36.30 104 94   954000 1373000   260 9.89
0.177 0.0339 33.01 36.30 104 94   954000 1373000   260 9.89
0.179 0.0318 32.93 36.30 104 94   954000 1373000   260 9.89
0.181 0.0353 32.85 36.30 104 94   954000 1373000   260 9.89
0.184 0.0316 32.79 36.30 104 94   954000 1373000   260 9.89
0.186 0.0312 32.75 36.30 104 94   954000 1373000   260 9.89
0.189 0.0311 32.72 36.30 104 94   954000 1373000   260 9.89
0.191 0.0341 32.69 36.30 104 94   954000 1373000   260 9.89
0.193 0.0319 32.65 36.30 104 94   954000 1373000   260 9.89
0.196 0.0300 32.62 36.30 104 94   954000 1373000   260 9.89
0.198 0.0342 32.58 36.30 104 94   954000 1373000   260 9.89
0.200 0.0329 32.56 36.30 104 94   954000 1373000   260 9.89
0.203 0.0321 32.54 36.30 104 94   954000 1373000   260 9.89
0.205 0.0330 32.54 36.30 104 94   954000 1373000   260 9.89
0.208 0.0327 32.55 36.30 104 94   954000 1373000   260 9.89
0.210 0.0327 32.56 36.30 104 94   954000 1373000   260 9.89
0.212 0.0322 32.58 36.30 104 94   954000 1373000   260 9.89
0.215 0.0329 32.60 36.30 104 94   954000 1373000   260 9.89
0.217 0.0355 32.63 36.30 104 94   954000 1373000   260 9.89
0.220 0.0315 32.66 36.30 104 94   954000 1373000   260 9.89
0.222 0.0330 32.68 36.30 104 94   954000 1373000   260 9.89
0.224 0.0335 32.71 36.30 104 94   954000 1373000   260 9.89
0.227 0.0310 32.72 36.30 104 94   954000 1373000   260 9.89
0.229 0.0330 32.74 36.30 104 94   954000 1373000   260 9.89
0.232 0.0319 32.76 36.30 104 94   954000 1373000   260 9.89
0.234 0.0328 32.79 36.30 104 94   954000 1373000   260 9.89
0.236 0.0325 32.82 36.30 104 94   954000 1373000   260 9.89
0.239 0.0323 32.86 36.30 104 94   954000 1373000   260 9.89
0.241 0.0338 32.91 36.30 104 94   954000 1373000   260 9.89
0.243 0.0339 32.98 36.30 104 94   954000 1373000   260 9.89
0.246 0.0335 33.06 36.30 104 94   954000 1373000   260 9.89
0.248 0.0311 33.16 36.30 104 94   954000 1373000   260 9.89
0.251 0.0345 33.28 36.30 104 94   954000 1373000   260 9.89
0.253 0.0319 33.41 36.30 104 94   954000 1373000   260 9.89
0.255 0.0338 33.55 36.30 104 94   954000 1373000   260 9.89
0.258 0.0330 33.71 36.30 104 94   954000 1373000   260 9.89
0.260 0.0352 33.87 36.30 104 94   954000 1373000   260 9.89
0.263 0.0336 34.03 36.30 104 94   954000 1373000   260 9.89
0.265 0.0333 34.18 36.30 104 94   954000 1373000   260 9.89
0.267 0.0354 34.33 36.30 104 94   954000 1373000   260 9.89
0.270 0.0338 34.45 36.30 104 94   954000 1373000   260 9.89
0.272 0.0350 34.56 36.30 104 94   954000 1373000   260 9.89
0.274 0.0378 34.66 36.30 104 94   954000 1373000   260 9.89
0.277 0.0334 34.75 36.30 104 94   954000 1373000   260 9.89
0.279 0.0336 34.85 36.30 104 94   954000 1373000   260 9.89
0.282 0.0319 34.97 36.30 104 94   954000 1373000   260 9.89
0.284 0.0380 35.09 36.30 104 94   954000 1373000   260 9.89
0.286 0.0386 35.21 36.30 104 94   954000 1373000   260 9.89
0.289 0.0337 35.33 36.30 104 94   954000 1373000   260 9.89
0.291 0.0352 35.44 36.30 104 94   954000 1373000   260 9.89
0.294 0.0359 35.54 36.30 104 94   954000 1373000   260 9.89
0.296 0.0359 35.63 36.30 104 94   954000 1373000   260 9.89
0.298 0.0332 35.72 36.30 104 94   954000 1373000   260 9.89
0.301 0.0371 35.81 36.30 104 94   954000 1373000   260 9.89
0.303 0.0344 35.90 36.30 104 94   954000 1373000   260 9.89
0.305 0.0360 36.00 36.30 104 94   954000 1373000   260 9.89
0.308 0.0342 36.11 36.30 104 94   954000 1373000   260 9.89
0.310 0.0361 36.23 36.30 104 94   954000 1373000   260 9.89
0.313 0.0369 36.35 36.30 104 94   954000 1373000   260 9.89
0.315 0.0376 36.48 36.30 104 94   954000 1373000   260 9.89
0.317 0.0375 36.60 36.30 104 94   954000 1373000   260 9.89
0.320 0.0413 36.73 36.30 104 94   954000 1373000   260 9.89
0.322 0.0364 36.84 36.30 104 94   954000 1373000   260 9.89
0.325 0.0363 36.95 36.30 104 94   954000 1373000   260 9.89
0.327 0.0351 37.06 36.30 104 94   954000 1373000   260 9.89
0.329 0.0360 37.18 36.30 104 94   954000 1373000   260 9.89
0.332 0.0337 37.31 36.30 104 94   954000 1373000   260 9.89
0.334 0.0384 37.47 36.30 104 94   954000 1373000   260 9.89
0.337 0.0403 37.64 36.30 104 94   954000 1373000   260 9.89
0.339 0.0384 37.82 36.30 104 94   954000 1373000   260 9.89
0.341 0.0392 38.01 36.30 104 94   954000 1373000   260 9.89
0.344 0.0367 38.21 36.30 104 94   954000 1373000   260 9.89
0.346 0.0374 38.42 36.30 104 94   954000 1373000   260 9.89
0.348 0.0405 38.63 36.30 104 94   954000 1373000   260 9.89
0.351 0.0408 38.85 36.30 104 94   954000 1373000   260 9.89
0.353 0.0349 39.07 36.30 104 94   954000 1373000   260 9.89
0.356 0.0374 39.30 36.30 104 94   954000 1373000   260 9.89
0.358 0.0385 39.52 36.30 104 94   954000 1373000   260 9.89
0.360 0.0375 39.74 36.30 104 94   954000 1373000   260 9.89
0.363 0.0433 39.97 36.30 104 94   954000 1373000   260 9.89
0.365 0.0397 40.18 36.30 104 94   954000 1373000   260 9.89
0.368 0.0416 40.37 36.30 104 94   954000 1373000   260 9.89
0.370 0.0432 40.56 36.30 104 94   954000 1373000   260 9.89
0.372 0.0438 40.72 36.30 104 94   954000 1373000   260 9.89
0.375 0.0418 40.87 36.30 104 94   954000 1373000   260 9.89
0.377 0.0380 41.00 36.30 104 94   954000 1373000   260 9.89
0.379 0.0419 41.12 36.30 104 94   954000 1373000   260 9.89
0.382 0.0389 41.22 36.30 104 94   954000 1373000   260 9.89
0.384 0.0410 41.30 36.30 104 94   954000 1373000   260 9.89
0.387 0.0400 41.35 36.30 104 94   954000 1373000   260 9.89
0.389 0.0426 41.38 36.30 104 94   954000 1373000   260 9.89
0.391 0.0412 41.37 36.30 104 94   954000 1373000   260 9.89
0.394 0.0389 41.34 36.30 104 94   954000 1373000   260 9.89
0.396 0.0449 41.31 36.30 104 94   954000 1373000   260 9.89
0.399 0.0411 41.28 36.30 104 94   954000 1373000   260 9.89
0.401 0.0402 41.26 36.30 104 94   954000 1373000   260 9.89
0.403 0.0436 41.25 36.30 104 94   954000 1373000   260 9.89
0.406 0.0412 41.25 36.30 104 94   954000 1373000   260 9.89
0.408 0.0420 41.27 36.30 104 94   954000 1373000   260 9.89
0.411 0.0388 41.30 36.30 104 94   954000 1373000   260 9.89
0.413 0.0412 41.33 36.30 104 94   954000 1373000   260 9.89
0.415 0.0425 41.38 36.30 104 94   954000 1373000   260 9.89
0.418 0.0405 41.42 36.30 104 94   954000 1373000   260 9.89
0.420 0.0397 41.45 36.30 104 94   954000 1373000   260 9.89
0.422 0.0410 41.47 36.30 104 94   954000 1373000   260 9.89
0.425 0.0414 41.49 36.30 104 94   954000 1373000   260 9.89
0.427 0.0426 41.50 36.30 104 94   954000 1373000   260 9.89
0.430 0.0425 41.52 36.30 104 94   954000 1373000   260 9.89
0.432 0.0409 41.55 36.30 104 94   954000 1373000   260 9.89
0.434 0.0431 41.58 36.30 104 94   954000 1373000   260 9.89
0.437 0.0408 41.63 36.30 104 94   954000 1373000   260 9.89
0.439 0.0436 41.68 36.30 104 94   954000 1373000   260 9.89
0.442 0.0432 41.75 36.30 104 94   954000 1373000   260 9.89
0.444 0.0419 41.83 36.30 104 94   954000 1373000   260 9.89
0.446 0.0365 41.92 36.30 104 94   954000 1373000   260 9.89
0.449 0.0426 42.01 36.30 104 94   954000 1373000   260 9.89
0.451 0.0423 42.10 36.30 104 94   954000 1373000   260 9.89
0.453 0.0432 42.19 36.30 104 94   954000 1373000   260 9.89
0.456 0.0422 42.27 36.30 104 94   954000 1373000   260 9.89
0.458 0.0460 42.35 36.30 104 94   954000 1373000   260 9.89
0.461 0.0388 42.43 36.30 104 94   954000 1373000   260 9.89
0.463 0.0407 42.51 36.30 104 94   954000 1373000   260 9.89
0.465 0.0444 42.60 36.30 104 94   954000 1373000   260 9.89
0.468 0.0409 42.70 36.30 104 94   954000 1373000   260 9.89
0.470 0.0449 42.81 36.30 104 94   954000 1373000   260 9.89
0.473 0.0436 42.93 36.30 104 94   954000 1373000   260 9.89
0.475 0.0422 43.07 36.30 104 94   954000 1373000   260 9.89
0.477 0.0422 43.21 36.30 104 94   954000 1373000   260 9.89
0.480 0.0445 43.37 36.30 104 94   954000 1373000   260 9.89
0.482 0.0434 43.52 36.30 104 94   954000 1373000   260 9.89
0.484 0.0470 43.67 36.30 104 94   954000 1373000   260 9.89
0.487 0.0436 43.82 36.30 104 94   954000 1373000   260 9.89
0.489 0.0428 43.97 36.30 104 94   954000 1373000   260 9.89
0.492 0.0425 44.11 36.30 104 94   954000 1373000   260 9.89
0.494 0.0429 44.25 36.30 104 94   954000 1373000   260 9.89
0.496 0.0424 44.40 36.30 104 94   954000 1373000   260 9.89
0.499 0.0466 44.56 36.30 104 94   954000 1373000   260 9.89
0.501 0.0454 44.72 36.30 104 94   954000 1373000   260 9.89
0.504 0.0464 44.89 36.30 104 94   954000 1373000   260 9.89
0.506 0.0449 45.08 36.30 104 94   954000 1373000   260 9.89
0.508 0.0442 45.27 36.30 104 94   954000 1373000   260 9.89
0.511 0.0461 45.49 36.30 104 94   954000 1373000   260 9.89
0.513 0.0464 45.72 36.30 104 94   954000 1373000   260 9.89
0.516 0.0454 45.98 36.30 104 94   954000 1373000   260 9.89
0.518 0.0480 46.25 36.30 104 94   954000 1373000   260 9.89
0.520 0.0462 46.54 36.30 104 94   954000 1373000   260 9.89
0.523 0.0434 46.84 36.30 104 94   954000 1373000   260 9.89
0.525 0.0474 47.14 36.30 104 94   954000 1373000   260 9.89
0.527 0.0465 47.45 36.30 104 94   954000 1373000   260 9.89
0.530 0.0507 47.76 36.30 104 94   954000 1373000   260 9.89
0.532 0.0443 48.08 36.30 104 94   954000 1373000   260 9.89
0.535 0.0520 48.40 36.30 104 94   954000 1373000   260 9.89
0.537 0.0472 48.74 36.30 104 94   954000 1373000   260 9.89
0.539 0.0508 49.09 36.30 104 94   954000 1373000   260 9.89
0.542 0.0492 49.47 36.30 104 94   954000 1373000   260 9.89
0.544 0.0457 49.88 36.30 104 94   954000 1373000   260 9.89
0.547 0.0549 50.31 36.30 104 94   954000 1373000   260 9.89
0.549 0.0534 50.77 36.30 104 94   954000 1373000   260 9.89
0.551 0.0494 51.24 36.30 104 94   954000 1373000   260 9.89
0.554 0.0502 51.72 36.30 104 94   954000 1373000   260 9.89
0.556 0.0520 52.21 36.30 104 94   954000 1373000   260 9.89
0.558 0.0524 52.71 36.30 104 94   954000 1373000   260 9.89
0.561 0.0543 53.22 36.30 104 94   954000 1373000   260 9.89
0.563 0.0490 53.74 36.30 104 94   954000 1373000   260 9.89
0.566 0.0573 54.25 36.30 104 94   954000 1373000   260 9.89
0.568 0.0511 54.76 36.30 104 94   954000 1373000   260 9.89
0.570 0.0563 55.26 36.30 104 94   954000 1373000   260 9.89
0.573 0.0576 55.76 36.30 104 94   954000 1373000   260 9.89
0.575 0.0572 56.26 36.30 104 94   954000 1373000   260 9.89
0.578 0.0561 56.76 36.30 104 94   954000 1373000   260 9.89
0.580 0.0565 57.24 36.30 104 94   954000 1373000   260 9.89
0.582 0.0615 57.70 36.30 104 94   954000 1373000   260 9.89
0.585 0.0575 58.14 36.30 104 94   954000 1373000   260 9.89
0.587 0.0542 58.54 36.30 104 94   954000 1373000   260 9.89
0.589 0.0614 58.91 36.30 104 94   954000 1373000   260 9.89
0.592 0.0609 59.25 36.30 104 94   954000 1373000   260 9.89
0.594 0.0576 59.54 36.30 104 94   954000 1373000   260 9.89
0.597 0.0605 59.79 36.30 104 94   954000 1373000   260 9.89
0.599 0.0608 59.99 36.30 104 94   954000 1373000   260 9.89
0.601 0.0590 60.14 36.30 104 94   954000 1373000   260 9.89
0.604 0.0629 60.24 36.30 104 94   954000 1373000   260 9.89
0.606 0.0616 60.31 36.30 104 94   954000 1373000   260 9.89
0.609 0.0557 60.34 36.30 104 94   954000 1373000   260 9.89
0.611 0.0584 60.36 36.30 104 94   954000 1373000   260 9.89
0.613 0.0638 60.35 36.30 104 94   954000 1373000   260 9.89
0.616 0.0618 60.32 36.30 104 94   954000 1373000   260 9.89
0.618 0.0641 60.29 36.30 104 94   954000 1373000   260 9.89
0.621 0.0552 60.23 36.30 104 94   954000 1373000   260 9.89
0.623 0.0592 60.17 36.30 104 94   954000 1373000   260 9.89
0.625 0.0610 60.08 36.30 104 94   954000 1373000   260 9.89
0.628 0.0593 59.97 36.30 104 94   954000 1373000   260 9.89
0.630 0.0596 59.84 36.30 104 94   954000 1373000   260 9.89
0.632 0.0616 59.69 36.30 104 94   954000 1373000   260 9.89
0.635 0.0580 59.53 36.30 104 94   954000 1373000   260 9.89
0.637 0.0582 59.37 36.30 104 94   954000 1373000   260 9.89
0.640 0.0599 59.20 36.30 104 94   954000 1373000   260 9.89
0.642 0.0593 59.04 36.30 104 94   954000 1373000   260 9.89
0.644 0.0592 58.87 36.30 104 94   954000 1373000   260 9.89
0.647 0.0583 58.70 36.30 104 94   954000 1373000   260 9.89
0.649 0.0586 58.53 36.30 104 94   954000 1373000   260 9.89
0.652 0.0603 58.36 36.30 104 94   954000 1373000   260 9.89
0.654 0.0581 58.19 36.30 104 94   954000 1373000   260 9.89
0.656 0.0617 58.04 36.30 104 94   954000 1373000   260 9.89
0.659 0.0524 57.90 36.30 104 94   954000 1373000   260 9.89
0.661 0.0553 57.78 36.30 104 94   954000 1373000   260 9.89
0.663 0.0639 57.69 36.30 104 94   954000 1373000   260 9.89
0.666 0.0559 57.61 36.30 104 94   954000 1373000   260 9.89
0.668 0.0545 57.54 36.30 104 94   954000 1373000   260 9.89
0.671 0.0564 57.48 36.30 104 94   954000 1373000   260 9.89
0.673 0.0566 57.43 36.30 104 94   954000 1373000   260 9.89
0.675 0.0629 57.39 36.30 104 94   954000 1373000   260 9.89
0.678 0.0517 57.35 36.30 104 94   954000 1373000   260 9.89
0.680 0.0607 57.33 36.30 104 94   954000 1373000   260 9.89
0.683 0.0588 57.32 36.30 104 94   954000 1373000   260 9.89
0.685 0.0541 57.32 36.30 104 94   954000 1373000   260 9.89
0.687 0.0552 57.32 36.30 104 94   954000 1373000   260 9.89
0.690 0.0615 57.33 36.30 104 94   954000 1373000   260 9.89
0.692 0.0543 57.35 36.30 104 94   954000 1373000   260 9.89
0.695 0.0598 57.38 36.30 104 94   954000 1373000   260 9.89
0.697 0.0580 57.41 36.30 104 94   954000 1373000   260 9.89
0.699 0.0579 57.43 36.30 104 94   954000 1373000   260 9.89
0.702 0.0598 57.45 36.30 104 94   954000 1373000   260 9.89
0.704 0.0572 57.46 36.30 104 94   954000 1373000   260 9.89
0.706 0.0558 57.45 36.30 104 94   954000 1373000   260 9.89
0.709 0.0561 57.44 36.30 104 94   954000 1373000   260 9.89
0.711 0.0577 57.43 36.30 104 94   954000 1373000   260 9.89
0.714 0.0575 57.41 36.30 104 94   954000 1373000   260 9.89
0.716 0.0540 57.39 36.30 104 94   954000 1373000   260 9.89
0.718 0.0575 57.37 36.30 104 94   954000 1373000   260 9.89
0.721 0.0607 57.36 36.30 104 94   954000 1373000   260 9.89
0.723 0.0562 57.34 36.30 104 94   954000 1373000   260 9.89
0.726 0.0600 57.33 36.30 104 94   954000 1373000   260 9.89
0.728 0.0554 57.32 36.30 104 94   954000 1373000   260 9.89
0.730 0.0570 57.31 36.30 104 94   954000 1373000   260 9.89
0.733 0.0571 57.31 36.30 104 94   954000 1373000   260 9.89
0.735 0.0591 57.31 36.30 104 94   954000 1373000   260 9.89
0.737 0.0553 57.31 36.30 104 94   954000 1373000   260 9.89
0.740 0.0606 57.33 36.30 104 94   954000 1373000   260 9.89
0.742 0.0527 57.35 36.30 104 94   954000 1373000   260 9.89
0.745 0.0575 57.36 36.30 104 94   954000 1373000   260 9.89
0.747 0.0592 57.37 36.30 104 94   954000 1373000   260 9.89
0.749 0.0586 57.37 36.30 104 94   954000 1373000   260 9.89
0.752 0.0551 57.36 36.30 104 94   954000 1373000   260 9.89
0.754 0.0592 57.35 36.30 104 94   954000 1373000   260 9.89
0.757 0.0571 57.34 36.30 104 94   954000 1373000   260 9.89
0.759 0.0561 57.34 36.30 104 94   954000 1373000   260 9.89
0.761 0.0593 57.35 36.30 104 94   954000 1373000   260 9.89
0.764 0.0563 57.37 36.30 104 94   954000 1373000   260 9.89
0.766 0.0574 57.40 36.30 104 94   954000 1373000   260 9.89
0.768 0.0541 57.44 36.30 104 94   954000 1373000   260 9.89
0.771 0.0619 57.49 36.30 104 94   954000 1373000   260 9.89
0.773 0.0587 57.54 36.30 104 94   954000 1373000   260 9.89
0.776 0.0538 57.60 36.30 104 94   954000 1373000   260 9.89
0.778 0.0581 57.67 36.30 104 94   954000 1373000   260 9.89
0.780 0.0588 57.75 36.30 104 94   954000 1373000   260 9.89
0.783 0.0580 57.84 36.30 104 94   954000 1373000   260 9.89
0.785 0.0588 57.94 36.30 104 94   954000 1373000   260 9.89
0.788 0.0558 58.04 36.30 104 94   954000 1373000   260 9.89
0.790 0.0582 58.15 36.30 104 94   954000 1373000   260 9.89
0.792 0.0571 58.27 36.30 104 94   954000 1373000   260 9.89
0.795 0.0607 58.39 36.30 104 94   954000 1373000   260 9.89
0.797 0.0568 58.51 36.30 104 94   954000 1373000   260 9.89
0.800 0.0591 58.62 36.30 104 94   954000 1373000   260 9.89
0.802 0.0605 58.73 36.30 104 94   954000 1373000   260 9.89
0.804 0.0582 58.82 36.30 104 94   954000 1373000   260 9.89
0.807 0.0572 58.90 36.30 104 94   954000 1373000   260 9.89
0.809 0.0596 58.97 36.30 104 94   954000 1373000   260 9.89
0.811 0.0616 59.03 36.30 104 94   954000 1373000   260 9.89
0.814 0.0582 59.08 36.30 104 94   954000 1373000   260 9.89
0.816 0.0575 59.12 36.30 104 94   954000 1373000   260 9.89
0.819 0.0609 59.16 36.30 104 94   954000 1373000   260 9.89
0.821 0.0587 59.19 36.30 104 94   954000 1373000   260 9.89
0.823 0.0613 59.21 36.30 104 94   954000 1373000   260 9.89
0.826 0.0581 59.22 36.30 104 94   954000 1373000   260 9.89
0.828 0.0589 59.23 36.30 104 94   954000 1373000   260 9.89
0.831 0.0580 59.24 36.30 104 94   954000 1373000   260 9.89
0.833 0.0618 59.23 36.30 104 94   954000 1373000   260 9.89
0.835 0.0573 59.22 36.30 104 94   954000 1373000   260 9.89
0.838 0.0604 59.21 36.30 104 94   954000 1373000   260 9.89
0.840 0.0559 59.19 36.30 104 94   954000 1373000   260 9.89
0.842 0.0595 59.18 36.30 104 94   954000 1373000   260 9.89
0.845 0.0601 59.18 36.30 104 94   954000 1373000   260 9.89
0.847 0.0612 59.19 36.30 104 94   954000 1373000   260 9.89
0.850 0.0582 59.21 36.30 104 94   954000 1373000   260 9.89
0.852 0.0575 59.25 36.30 104 94   954000 1373000   260 9.89
0.854 0.0608 59.30 36.30 104 94   954000 1373000   260 9.89
0.857 0.0590 59.37 36.30 104 94   954000 1373000   260 9.89
0.859 0.0621 59.44 36.30 104 94   954000 1373000   260 9.89
0.862 0.0582 59.53 36.30 104 94   954000 1373000   260 9.89
0.864 0.0599 59.61 36.30 104 94   954000 1373000   260 9.89
0.866 0.0593 59.70 36.30 104 94   954000 1373000   260 9.89
0.869 0.0569 59.79 36.30 104 94   954000 1373000   260 9.89
0.871 0.0603 59.88 36.30 104 94   954000 1373000   260 9.89
0.874 0.0608 59.96 36.30 104 94   954000 1373000   260 9.89
0.876 0.0608 60.04 36.30 104 94   954000 1373000   260 9.89
0.878 0.0566 60.12 36.30 104 94   954000 1373000   260 9.89
0.881 0.0617 60.19 36.30 104 94   954000 1373000   260 9.89
0.883 0.0632 60.25 36.30 104 94   954000 1373000   260 9.89
0.885 0.0592 60.31 36.30 104 94   954000 1373000   260 9.89
0.888 0.0601 60.36 36.30 104 94   954000 1373000   260 9.89
0.890 0.0630 60.40 36.30 104 94   954000 1373000   260 9.89
0.893 0.0606 60.44 36.30 104 94   954000 1373000   260 9.89
0.895 0.0584 60.47 36.30 104 94   954000 1373000   260 9.89
0.897 0.0605 60.49 36.30 104 94   954000 1373000   260 9.89
0.900 0.0604 60.50 36.30 104 94   954000 1373000   260 9.89
0.902 0.0606 60.52 36.30 104 94   954000 1373000   260 9.89
0.905 0.0609 60.53 36.30 104 94   954000 1373000   260 9.89
0.907 0.0584 60.54 36.30 104 94   954000 1373000   260 9.89
0.909 0.0637 60.55 36.30 104 94   954000 1373000   260 9.89
0.912 0.0596 60.56 36.30 104 94   954000 1373000   260 9.89
0.914 0.0604 60.57 36.30 104 94   954000 1373000   260 9.89
0.916 0.0610 60.59 36.30 104 94   954000 1373000   260 9.89
0.919 0.0590 60.61 36.30 104 94   954000 1373000   260 9.89
0.921 0.0621 60.63 36.30 104 94   954000 1373000   260 9.89
0.924 0.0584 60.67 36.30 104 94   954000 1373000   260 9.89
0.926 0.0602 60.70 36.30 104 94   954000 1373000   260 9.89
0.928 0.0611 60.73 36.30 104 94   954000 1373000   260 9.89
0.931 0.0605 60.75 36.30 104 94   954000 1373000   260 9.89
0.933 0.0610 60.77 36.30 104 94   954000 1373000   260 9.89
0.936 0.0612 60.77 36.30 104 94   954000 1373000   260 9.89
0.938 0.0623 60.77 36.30 104 94   954000 1373000   260 9.89
0.940 0.0607 60.76 36.30 104 94   954000 1373000   260 9.89
0.943 0.0610 60.75 36.30 104 94   954000 1373000   260 9.89
0.945 0.0615 60.73 36.30 104 94   954000 1373000   260 9.89
0.947 0.0597 60.71 36.30 104 94   954000 1373000   260 9.89
0.950 0.0639 60.70 36.30 104 94   954000 1373000   260 9.89
0.952 0.0573 60.67 36.30 104 94   954000 1373000   260 9.89
0.955 0.0587 60.65 36.30 104 94   954000 1373000   260 9.89
0.957 0.0638 60.61 36.30 104 94   954000 1373000   260 9.89
0.959 0.0596 60.57 36.30 104 94   954000 1373000   260 9.89
0.962 0.0602 60.52 36.30 104 94   954000 1373000   260 9.89
0.964 0.0603 60.47 36.30 104 94   954000 1373000   260 9.89
0.967 0.0594 60.42 36.30 104 94   954000 1373000   260 9.89
0.969 0.0623 60.37 36.30 104 94   954000 1373000   260 9.89
0.971 0.0576 60.34 36.30 104 94   954000 1373000   260 9.89
0.974 0.0590 60.32 36.30 104 94   954000 1373000   260 9.89
0.976 0.0627 60.30 36.30 104 94   954000 1373000   260 9.89
0.979 0.0616 60.31 36.30 104 94   954000 1373000   260 9.89
0.981 0.0591 60.31 36.30 104 94   954000 1373000   260 9.89
0.983 0.0608 60.31 36.30 104 94   954000 1373000   260 9.89
0.986 0.0597 60.31 36.30 104 94   954000 1373000   260 9.89
0.988 0.0622 60.30 36.30 104 94   954000 1373000   260 9.89
0.990 0.0580 60.27 36.30 104 94   954000 1373000   260 9.89
0.993 0.0617 60.23 36.30 104 94   954000 1373000   260 9.89
0.995 0.0573 60.17 36.30 104 94   954000 1373000   260 9.89
0.998 0.0612 60.10 36.30 104 94   954000 1373000   260 9.89
1.000 0.0608 60.00 36.30 104 94   954000 1373000   260 9.89
1.002 0.0590 59.88 36.30 104 94   954000 1373000   260 9.89
1.005 0.0618 59.75 36.30 104 94   954000 1373000   260 9.89
1.007 0.0576 59.61 36.30 104 94   954000 1373000   260 9.89
1.010 0.0639 59.46 36.30 104 94   954000 1373000   260 9.89
1.012 0.0583 59.30 36.30 104 94   954000 1373000   260 9.89
1.014 0.0595 59.13 36.30 104 94   954000 1373000   260 9.89
1.017 0.0567 58.97 36.30 104 94   954000 1373000   260 9.89
1.019 0.0607 58.80 36.30 104 94   954000 1373000   260 9.89
1.021 0.0573 58.65 36.30 104 94   954000 1373000   260 9.89
1.024 0.0588 58.51 36.30 104 94   954000 1373000   260 9.89
1.026 0.0575 58.38 36.30 104 94   954000 1373000   260 9.89
1.029 0.0566 58.27 36.30 104 94   954000 1373000   260 9.89
1.031 0.0600 58.17 36.30 104 94   954000 1373000   260 9.89
1.033 0.0582 58.09 36.30 104 94   954000 1373000   260 9.89
1.036 0.0579 58.02 36.30 104 94   954000 1373000   260 9.89
1.038 0.0572 57.97 36.30 104 94   954000 1373000   260 9.89
1.041 0.0562 57.93 36.30 104 94   954000 1373000   260 9.89
1.043 0.0580 57.91 36.30 104 94   954000 1373000   260 9.89
1.045 0.0574 57.91 36.30 104 94   954000 1373000   260 9.89
1.048 0.0586 57.93 36.30 104 94   954000 1373000   260 9.89
1.050 0.0602 57.96 36.30 104 94   954000 1373000   260 9.89
1.053 0.0567 57.99 36.30 104 94   954000 1373000   260 9.89
1.055 0.0580 58.03 36.30 104 94   954000 1373000   260 9.89
1.057 0.0559 58.06 36.30 104 94   954000 1373000   260 9.89
1.060 0.0610 58.09 36.30 104 94   954000 1373000   260 9.89
1.062 0.0588 58.11 36.30 104 94   954000 1373000   260 9.89
1.064 0.0588 58.12 36.30 104 94   954000 1373000   260 9.89
1.067 0.0566 58.12 36.30 104 94   954000 1373000   260 9.89
1.069 0.0589 58.12 36.30 104 94   954000 1373000   260 9.89
1.072 0.0604 58.11 36.30 104 94   954000 1373000   260 9.89
1.074 0.0556 58.09 36.30 104 94   954000 1373000   260 9.89
1.076 0.0587 58.07 36.30 104 94   954000 1373000   260 9.89
1.079 0.0542 58.04 36.30 104 94   954000 1373000   260 9.89
1.081 0.0598 58.01 36.30 104 94   954000 1373000   260 9.89
1.084 0.0610 57.98 36.30 104 94   954000 1373000   260 9.89
1.086 0.0553 57.95 36.30 104 94   954000 1373000   260 9.89
1.088 0.0600 57.92 36.30 104 94   954000 1373000   260 9.89
1.091 0.0585 57.90 36.30 104 94   954000 1373000   260 9.89
1.093 0.0542 57.89 36.30 104 94   954000 1373000   260 9.89
1.095 0.0585 57.89 36.30 104 94   954000 1373000   260 9.89
1.098 0.0584 57.89 36.30 104 94   954000 1373000   260 9.89
1.100 0.0582 57.90 36.30 104 94   954000 1373000   260 9.89
1.103 0.0589 57.90 36.30 104 94   954000 1373000   260 9.89
1.105 0.0566 57.90 36.30 104 94   954000 1373000   260 9.89
1.107 0.0590 57.91 36.30 104 94   954000 1373000   260 9.89
1.110 0.0563 57.91 36.30 104 94   954000 1373000   260 9.89
1.112 0.0577 57.91 36.30 104 94   954000 1373000   260 9.89
1.115 0.0593 57.90 36.30 104 94   954000 1373000   260 9.89
1.117 0.0585 57.90 36.30 104 94   954000 1373000   260 9.89
1.119 0.0555 57.89 36.30 104 94   954000 1373000   260 9.89
1.122 0.0617 57.88 36.30 104 94   954000 1373000   260 9.89
1.124 0.0564 57.87 36.30 104 94   954000 1373000   260 9.89
1.126 0.0605 57.85 36.30 104 94   954000 1373000   260 9.89
1.129 0.0534 57.83 36.30 104 94   954000 1373000   260 9.89
1.131 0.0588 57.82 36.30 104 94   954000 1373000   260 9.89
1.134 0.0588 57.79 36.30 104 94   954000 1373000   260 9.89
1.136 0.0570 57.77 36.30 104 94   954000 1373000   260 9.89
1.138 0.0588 57.74 36.30 104 94   954000 1373000   260 9.89
1.141 0.0578 57.72 36.30 104 94   954000 1373000   260 9.89
1.143 0.0553 57.72 36.30 104 94   954000 1373000   260 9.89
1.146 0.0578 57.72 36.30 104 94   954000 1373000   260 9.89
1.148 0.0588 57.74 36.30 104 94   954000 1373000   260 9.89
1.150 0.0573 57.77 36.30 104 94   954000 1373000   260 9.89
1.153 0.0575 57.81 36.30 104 94   954000 1373000   260 9.89
1.155 0.0615 57.85 36.30 104 94   954000 1373000   260 9.89
1.158 0.0552 57.89 36.30 104 94   954000 1373000   260 9.89
1.160 0.0572 57.95 36.30 104 94   954000 1373000   260 9.89
1.162 0.0588 58.00 36.30 104 94   954000 1373000   260 9.89
1.165 0.0567 58.04 36.30 104 94   954000 1373000   260 9.89
1.167 0.0568 58.09 36.30 104 94   954000 1373000   260 9.89
1.169 0.0591 58.12 36.30 104 94   954000 1373000   260 9.89
1.172 0.0586 58.16 36.30 104 94   954000 1373000   260 9.89
1.174 0.0587 58.19 36.30 104 94   954000 1373000   260 9.89
1.177 0.0580 58.22 36.30 104 94   954000 1373000   260 9.89
1.179 0.0601 58.25 36.30 104 94   954000 1373000   260 9.89
1.181 0.0566 58.28 36.30 104 94   954000 1373000   260 9.89
1.184 0.0611 58.31 36.30 104 94   954000 1373000   260 9.89
1.186 0.0582 58.33 36.30 104 94   954000 1373000   260 9.89
1.189 0.0582 58.34 36.30 104 94   954000 1373000   260 9.89
1.191 0.0542 58.35 36.30 104 94   954000 1373000   260 9.89
1.193 0.0617 58.36 36.30 104 94   954000 1373000   260 9.89
1.196 0.0573 58.35 36.30 104 94   954000 1373000   260 9.89
1.198 0.0580 58.33 36.30 104 94   954000 1373000   260 9.89
1.200 0.0566 58.31 36.30 104 94   954000 1373000   260 9.89
1.203 0.0601 58.27 36.30 104 94   954000 1373000   260 9.89
1.205 0.0571 58.23 36.30 104 94   954000 1373000   260 9.89
1.208 0.0586 58.18 36.30 104 94   954000 1373000   260 9.89
1.210 0.0592 58.13 36.30 104 94   954000 1373000   260 9.89
1.212 0.0578 58.09 36.30 104 94   954000 1373000   260 9.89
1.215 0.0589 58.06 36.30 104 94   954000 1373000   260 9.89
1.217 0.0596 58.03 36.30 104 94   954000 1373000   260 9.89
1.220 0.0575 58.02 36.30 104 94   954000 1373000   260 9.89
1.222 0.0561 58.01 36.30 104 94   954000 1373000   260 9.89
1.224 0.0589 58.01 36.30 104 94   954000 1373000   260 9.89
1.227 0.0566 58.01 36.30 104 94   954000 1373000   260 9.89
1.229 0.0599 58.02 36.30 104 94   954000 1373000   260 9.89
1.232 0.0560 58.02 36.30 104 94   954000 1373000   260 9.89
1.234 0.0607 58.03 36.30 104 94   954000 1373000   260 9.89
1.236 0.0544 58.03 36.30 104 94   954000 1373000   260 9.89
1.239 0.0576 58.02 36.30 104 94   954000 1373000   260 9.89
1.241 0.0593 58.01 36.30 104 94   954000 1373000   260 9.89
1.243 0.0590 58.00 36.30 104 94   954000 1373000   260 9.89
1.246 0.0576 57.99 36.30 104 94   954000 1373000   260 9.89
1.248 0.0577 57.98 36.30 104 94   954000 1373000   260 9.89
1.251 0.0568 57.98 36.30 104 94   954000 1373000   260 9.89
1.253 0.0602 57.98 36.30 104 94   954000 1373000   260 9.89
1.255 0.0584 57.99 36.30 104 94   954000 1373000   260 9.89
1.258 0.0584 58.02 36.30 104 94   954000 1373000   260 9.89
1.260 0.0566 58.04 36.30 104 94   954000 1373000   260 9.89
1.263 0.0581 58.07 36.30 104 94   954000 1373000   260 9.89
1.265 0.0608 58.09 36.30 104 94   954000 1373000   260 9.89
1.267 0.0593 58.11 36.30 104 94   954000 1373000   260 9.89
1.270 0.0532 58.13 36.30 104 94   954000 1373000   260 9.89
1.272 0.0596 58.15 36.30 104 94   954000 1373000   260 9.89
1.274 0.0566 58.17 36.30 104 94   954000 1373000   260 9.89
1.277 0.0610 58.19 36.30 104 94   954000 1373000   260 9.89
1.279 0.0532 58.22 36.30 104 94   954000 1373000   260 9.89
1.282 0.0627 58.25 36.30 104 94   954000 1373000   260 9.89
1.284 0.0536 58.30 36.30 104 94   954000 1373000   260 9.89
1.286 0.0594 58.36 36.30 104 94   954000 1373000   260 9.89
1.289 0.0604 58.43 36.30 104 94   954000 1373000   260 9.89
1.291 0.0608 58.51 36.30 104 94   954000 1373000   260 9.89
1.294 0.0571 58.60 36.30 104 94   954000 1373000   260 9.89
1.296 0.0599 58.69 36.30 104 94   954000 1373000   260 9.89
1.298 0.0592 58.78 36.30 104 94   954000 1373000   260 9.89
1.301 0.0588 58.88 36.30 104 94   954000 1373000   260 9.89
1.303 0.0568 58.98 36.30 104 94   954000 1373000   260 9.89
1.305 0.0574 59.08 36.30 104 94   954000 1373000   260 9.89
1.308 0.0585 59.18 36.30 104 94   954000 1373000   260 9.89
1.310 0.0617 59.26 36.30 104 94   954000 1373000   260 9.89
1.313 0.0607 59.34 36.30 104 94   954000 1373000   260 9.89
1.315 0.0576 59.41 36.30 104 94   954000 1373000   260 9.89
1.317 0.0596 59.46 36.30 104 94   954000 1373000   260 9.89
1.320 0.0627 59.51 36.30 104 94   954000 1373000   260 9.89
1.322 0.0560 59.56 36.30 104 94   954000 1373000   260 9.89
1.325 0.0608 59.62 36.30 104 94   954000 1373000   260 9.89
1.327 0.0614 59.69 36.30 104 94   954000 1373000   260 9.89
1.329 0.0589 59.76 36.30 104 94   954000 1373000   260 9.89
1.332 0.0598 59.86 36.30 104 94   954000 1373000   260 9.89
1.334 0.0580 59.96 36.30 104 94   954000 1373000   260 9.89
1.337 0.0606 60.06 36.30 104 94   954000 1373000   260 9.89
1.339 0.0612 60.17 36.30 104 94   954000 1373000   260 9.89
1.341 0.0603 60.27 36.30 104 94   954000 1373000   260 9.89
1.344 0.0584 60.35 36.30 104 94   954000 1373000   260 9.89
1.346 0.0631 60.42 36.30 104 94   954000 1373000   260 9.89
1.348 0.0601 60.49 36.30 104 94   954000 1373000   260 9.89
1.351 0.0590 60.55 36.30 104 94   954000 1373000   260 9.89
1.353 0.0585 60.61 36.30 104 94   954000 1373000   260 9.89
1.356 0.0616 60.66 36.30 104 94   954000 1373000   260 9.89
1.358 0.0600 60.71 36.30 104 94   954000 1373000   260 9.89
1.360 0.0623 60.75 36.30 104 94   954000 1373000   260 9.89
1.363 0.0613 60.77 36.30 104 94   954000 1373000   260 9.89
1.365 0.0606 60.77 36.30 104 94   954000 1373000   260 9.89
1.368 0.0658 60.76 36.30 104 94   954000 1373000   260 9.89
1.370 0.0594 60.72 36.30 104 94   954000 1373000   260 9.89
1.372 0.0589 60.68 36.30 104 94   954000 1373000   260 9.89
1.375 0.0614 60.62 36.30 104 94   954000 1373000   260 9.89
1.377 0.0607 60.57 36.30 104 94   954000 1373000   260 9.89
1.379 0.0584 60.52 36.30 104 94   954000 1373000   260 9.89
1.382 0.0607 60.47 36.30 104 94   954000 1373000   260 9.89
1.384 0.0618 60.43 36.30 104 94   954000 1373000   260 9.89
1.387 0.0581 60.39 36.30 104 94   954000 1373000   260 9.89
1.389 0.0598 60.37 36.30 104 94   954000 1373000   260 9.89
1.391 0.0639 60.36 36.30 104 94   954000 1373000   260 9.89
1.394 0.0616 60.36 36.30 104 94   954000 1373000   260 9.89
1.396 0.0566 60.39 36.30 104 94   954000 1373000   260 9.89
1.399 0.0582 60.45 36.30 104 94   954000 1373000   260 9.89
1.401 0.0624 60.53 36.30 104 94   954000 1373000   260 9.89
1.403 0.0611 60.62 36.30 104 94   954000 1373000   260 9.89
1.406 0.0577 60.73 36.30 104 94   954000 1373000   260 9.89
1.408 0.0590 60.85 36.30 104 94   954000 1373000   260 9.89
1.411 0.0634 60.97 36.30 104 94   954000 1373000   260 9.89
1.413 0.0627 61.10 36.30 104 94   954000 1373000   260 9.89
1.415 0.0597 61.21 36.30 104 94   954000 1373000   260 9.89
1.418 0.0656 61.30 36.30 104 94   954000 1373000   260 9.89
1.420 0.0578 61.38 36.30 104 94   954000 1373000   260 9.89
1.422 0.0660 61.42 36.30 104 94   954000 1373000   260 9.89
1.425 0.0581 61.43 36.30 104 94   954000 1373000   260 9.89
1.427 0.0603 61.42 36.30 104 94   954000 1373000   260 9.89
1.430 0.0622 61.39 36.30 104 94   954000 1373000   260 9.89
1.432 0.0627 61.34 36.30 104 94   954000 1373000   260 9.89
1.434 0.0629 61.27 36.30 104 94   954000 1373000   260 9.89
1.437 0.0620 61.20 36.30 104 94   954000 1373000   260 9.89
1.439 0.0622 61.12 36.30 104 94   954000 1373000   260 9.89
1.442 0.0592 61.03 36.30 104 94   954000 1373000   260 9.89
1.444 0.0615 60.93 36.30 104 94   954000 1373000   260 9.89
1.446 0.0578 60.83 36.30 104 94   954000 1373000   260 9.89
1.449 0.0611 60.75 36.30 104 94   954000 1373000   260 9.89
1.451 0.0610 60.67 36.30 104 94   954000 1373000   260 9.89
1.453 0.0597 60.60 36.30 104 94   954000 1373000   260 9.89
1.456 0.0656 60.55 36.30 104 94   954000 1373000   260 9.89
1.458 0.0567 60.50 36.30 104 94   954000 1373000   260 9.89
1.461 0.0568 60.47 36.30 104 94   954000 1373000   260 9.89
1.463 0.0587 60.44 36.30 104 94   954000 1373000   260 9.89
1.465 0.0618 60.44 36.30 104 94   954000 1373000   260 9.89
1.468 0.0613 60.45 36.30 104 94   954000 1373000   260 9.89
1.470 0.0611 60.48 36.30 104 94   954000 1373000   260 9.89
1.473 0.0642 60.53 36.30 104 94   954000 1373000   260 9.89
1.475 0.0604 60.60 36.30 104 94   954000 1373000   260 9.89
1.477 0.0603 60.69 36.30 104 94   954000 1373000   260 9.89
1.480 0.0602 60.77 36.30 104 94   954000 1373000   260 9.89
1.482 0.0625 60.85 36.30 104 94   954000 1373000   260 9.89
1.484 0.0573 60.93 36.30 104 94   954000 1373000   260 9.89
1.487 0.0611 61.00 36.30 104 94   954000 1373000   260 9.89
1.489 0.0642 61.05 36.30 104 94   954000 1373000   260 9.89
1.492 0.0579 61.08 36.30 104 94   954000 1373000   260 9.89
1.494 0.0600 61.09 36.30 104 94   954000 1373000   260 9.89
1.496 0.0638 61.09 36.30 104 94   954000 1373000   260 9.89
1.499 0.0572 61.08 36.30 104 94   954000 1373000   260 9.89
1.501 0.0614 61.06 36.30 104 94   954000 1373000   260 9.89
1.504 0.0644 61.03 36.30 104 94   954000 1373000   260 9.89
1.506 0.0623 60.99 36.30 104 94   954000 1373000   260 9.89
1.508 0.0642 60.94 36.30 104 94   954000 1373000   260 9.89
1.511 0.0548 60.89 36.30 104 94   954000 1373000   260 9.89
1.513 0.0648 60.85 36.30 104 94   954000 1373000   260 9.89
1.516 0.0605 60.81 36.30 104 94   954000 1373000   260 9.89
1.518 0.0609 60.77 36.30 104 94   954000 1373000   260 9.89
1.520 0.0562 60.73 36.30 104 94   954000 1373000   260 9.89
1.523 0.0611 60.69 36.30 104 94   954000 1373000   260 9.89
1.525 0.0633 60.65 36.30 104 94   954000 1373000   260 9.89
1.527 0.0605 60.60 36.30 104 94   954000 1373000   260 9.89
1.530 0.0644 60.56 36.30 104 94   954000 1373000   260 9.89
1.532 0.0544 60.52 36.30 104 94   954000 1373000   260 9.89
1.535 0.0589 60.49 36.30 104 94   954000 1373000   260 9.89
1.537 0.0598 60.47 36.30 104 94   954000 1373000   260 9.89
1.539 0.0671 60.45 36.30 104 94   954000 1373000   260 9.89
1.542 0.0584 60.45 36.30 104 94   954000 1373000   260 9.89
1.544 0.0587 60.47 36.30 104 94   954000 1373000   260 9.89
1.547 0.0597 60.51 36.30 104 94   954000 1373000   260 9.89
1.549 0.0616 60.56 36.30 104 94   954000 1373000   260 9.89
1.552 0.0606 60.61 36.30 104 94   954000 1373000   260 9.89
1.555 0.0602 60.66 36.30 104 94   954000 1373000   260 9.89
1.558 0.0606 60.70 36.30 104 94   954000 1373000   260 9.89
1.561 0.0620 60.73 36.30 104 94   954000 1373000   260 9.89
1.564 0.0619 60.74 36.30 104 94   954000 1373000   260 9.89
1.567 0.0611 60.75 36.30 104 94   954000 1373000   260 9.89
1.571 0.0601 60.74 36.30 104 94   954000 1373000   260 9.89
1.574 0.0590 60.72 36.30 104 94   954000 1373000   260 9.89
1.578 0.0616 60.68 36.30 104 94   954000 1373000   260 9.89
1.582 0.0583 60.63 36.30 104 94   954000 1373000   260 9.89
1.586 0.0624 60.57 36.30 104 94   954000 1373000   260 9.89
1.590 0.0598 60.50 36.30 104 94   954000 1373000   260 9.89
1.595 0.0630 60.41 36.30 104 94   954000 1373000   260 9.89
1.599 0.0609 60.32 36.30 104 94   954000 1373000   260 9.89
1.604 0.0599 60.23 36.30 104 94   954000 1373000   260 9.89
1.609 0.0614 60.15 36.30 104 94   954000 1373000   260 9.89
1.614 0.0590 60.06 36.30 104 94   954000 1373000   260 9.89
1.620 0.0592 59.97 36.30 104 94   954000 1373000   260 9.89
1.626 0.0585 59.87 36.30 104 94   954000 1373000   260 9.89
1.631 0.0602 59.79 36.30 104 94   954000 1373000   260 9.89
1.638 0.0590 59.71 36.30 104 94   954000 1373000   260 9.89
1.644 0.0621 59.64 36.30 104 94   954000 1373000   260 9.89
1.651 0.0561 59.56 36.30 104 94   954000 1373000   260 9.89
1.658 0.0617 59.49 36.30 104 94   954000 1373000   260 9.89
1.665 0.0587 59.43 36.30 104 94   954000 1373000   260 9.89
1.673 0.0587 59.37 36.30 104 94   954000 1373000   260 9.89
1.681 0.0599 59.31 36.30 104 94   954000 1373000   260 9.89
1.689 0.0594 59.26 36.30 104 94   954000 1373000   260 9.89
1.697 0.0603 59.23 36.30 104 94   954000 1373000   260 9.89
1.706 0.0597 59.21 36.30 104 94   954000 1373000   260 9.89
1.716 0.0594 59.21 36.30 104 94   954000 1373000   260 9.89
1.725 0.0587 59.22 36.30 104 94   954000 1373000   260 9.89
1.735 0.0595 59.24 36.30 104 94   954000 1373000   260 9.89
1.746 0.0596 59.27 36.30 104 94   954000 1373000   260 9.89
1.757 0.0600 59.29 36.30 104 94   954000 1373000   260 9.89
1.768 0.0598 59.33 36.30 104 94   954000 1373000   260 9.89
1.780 0.0596 59.38 36.30 104 94   954000 1373000   260 9.89
1.792 0.0593 59.45 36.30 104 94   954000 1373000   260 9.89
1.804 0.0597 59.57 36.30 104 94   954000 1373000   260 9.89
1.816 0.0606 59.74 36.30 104 94   954000 1373000   260 9.89
1.828 0.0602 59.99 36.30 104 94   954000 1373000   260 9.89
1.840 0.0609 60.34 36.30 104 94   954000 1373000   260 9.89
1.852 0.0614 60.81 36.30 104 94   954000 1373000   260 9.89
1.864 0.0618 61.45 36.30 104 94   954000 1373000   260 9.89
1.876 0.0626 62.27 36.30 104 94   954000 1373000   260 9.89
1.888 0.0626 63.31 36.30 104 94   954000 1373000   260 9.89
1.900 0.0648 64.59 36.30 104 94   954000 1373000   260 9.89
1.912 0.0640 66.12 36.30 104 94   954000 1373000   260 9.89
1.924 0.0655 67.91 36.30 104 94   954000 1373000   260 9.89
1.936 0.0684 69.93 36.30 104 94   954000 1373000   260 9.89
1.947 0.0677 72.17 36.30 104 94   954000 1373000   260 9.89
1.959 0.0702 74.59 36.30 104 94   954000 1373000   260 9.89
1.971 0.0732 77.13 36.30 104 94   954000 1373000   260 9.89
1.983 0.0759 79.75 36.30 104 94   954000 1373000   260 9.89
1.995 0.0805 82.39 36.30 104 94   954000 1373000   260 9.89
2.007 0.0827 84.98 36.30 104 94   954000 1373000   260 9.89
2.019 0.0861 87.48 36.30 104 94   954000 1373000   260 9.89
2.031 0.0909 89.84 36.30 104 94   954000 1373000   260 9.89
2.043 0.0942 92.01 36.30 104 94   954000 1373000   260 9.89
2.055 0.0983 93.95 36.30 104 94   954000 1373000   260 9.89
2.067 0.1022 95.61 36.30 104 94   954000 1373000   260 9.89
2.079 0.1034 96.98 36.30 104 94   954000 1373000   260 9.89
2.091 0.1066 98.02 36.30 104 94   954000 1373000   260 9.89
2.103 0.1079 98.71 36.30 104 94   954000 1373000   260 9.89
2.115 0.1067 99.05 36.30 104 94   954000 1373000   260 9.89
2.126 0.1046 99.05 36.30 104 94   954000 1373000   260 9.89
2.138 0.1039 98.76 36.30 104 94   954000 1373000   260 9.89
2.150 0.1009 98.23 36.30 104 94   954000 1373000   260 9.89
2.162 0.0989 97.56 36.30 104 94   954000 1373000   260 9.89
2.174 0.0989 96.83 36.30 104 94   954000 1373000   260 9.89
2.186 0.0962 96.17 36.30 104 94   954000 1373000   260 9.89
2.198 0.0961 95.69 36.30 104 94   954000 1373000   260 9.89
2.210 0.0973 95.53 36.30 104 94   954000 1373000   260 9.89
2.222 0.0976 95.97 36.30 104 94   954000 1373000   260 9.89
2.234 0.1005 99.19 36.30 104 94   954000 1373000   260 9.89
2.246 0.0997 106.21 36.30 104 94   954000 1373000   260 9.89
2.258 0.1020 114.96 36.30 104 94   954000 1373000   260 9.89
2.270 0.1042 124.16 36.30 104 94   954000 1373000   260 9.89
2.282 0.1081 133.32 36.30 104 94   954000 1373000   260 9.89
2.294 0.1150 142.29 36.30 104 94   954000 1373000   260 9.89
2.305 0.1218 151.04 36.30 104 94   954000 1373000   260 9.89
2.317 0.1314 159.59 36.30 104 94   954000 1373000   260 9.89
2.329 0.1436 167.98 36.30 104 94   954000 1373000   260 9.89
2.341 0.1598 176.29 36.30 104 94   954000 1373000   260 9.89
2.353 0.1740 184.55 36.30 104 94   954000 1373000   260 9.89
2.365 0.1955 192.81 36.30 104 94   954000 1373000   260 9.89
2.377 0.2143 201.11 36.30 104 94   954000 1373000   260 9.89
2.389 0.2342 209.47 36.30 104 94   954000 1373000   260 9.89
2.401 0.2544 217.92 36.30 104 94   954000 1373000   260 9.89
2.413 0.2890 226.46 36.30 104 94   954000 1373000   260 9.89
2.425 0.3112 235.09 36.30 104 94   954000 1373000   260 9.89
2.437 0.3468 243.80 36.30 104 94   954000 1373000   260 9.89
2.449 0.3943 252.58 36.30 104 94   954000 1373000   260 9.89
2.461 0.4344 261.40 36.30 104 94   954000 1373000   260 9.89
2.473 0.4636 270.21 36.30 104 94   954000 1373000   260 9.89
2.484 0.0000 278.97 36.30 104 94   954000 1373000   260 9.89
2.496 0.0000 287.60 36.30 104 94   954000 1373000   260 9.89
