     x     qy smooth tpara  cd  zL     xTr    xCpl frame tma
-1.767 0.2670 213.84 44.00 104 94   850000 1331000   260 9.95
-1.757 0.1632 201.01 44.00 104 94   850000 1331000   260 9.95
-1.746 0.2565 188.80 44.00 104 94   850000 1331000   260 9.95
-1.736 0.1868 177.20 44.00 104 94   850000 1331000   260 9.95
-1.726 0.1615 166.19 44.00 104 94   850000 1331000   260 9.95
-1.715 0.1126 155.77 44.00 104 94   850000 1331000   260 9.95
-1.705 0.1234 145.92 44.00 104 94   850000 1331000   260 9.95
-1.694 0.1180 136.63 44.00 104 94   850000 1331000   260 9.95
-1.684 0.1096 127.89 44.00 104 94   850000 1331000   260 9.95
-1.674 0.1022 119.68 44.00 104 94   850000 1331000   260 9.95
-1.663 0.0983 112.01 44.00 104 94   850000 1331000   260 9.95
-1.653 0.0923 104.87 44.00 104 94   850000 1331000   260 9.95
-1.642 0.0878 98.26 44.00 104 94   850000 1331000   260 9.95
-1.632 0.0840 92.18 44.00 104 94   850000 1331000   260 9.95
-1.622 0.0829 86.63 44.00 104 94   850000 1331000   260 9.95
-1.611 0.0788 81.63 44.00 104 94   850000 1331000   260 9.95
-1.601 0.0765 77.18 44.00 104 94   850000 1331000   260 9.95
-1.590 0.0750 73.32 44.00 104 94   850000 1331000   260 9.95
-1.580 0.0724 70.07 44.00 104 94   850000 1331000   260 9.95
-1.570 0.0699 67.48 44.00 104 94   850000 1331000   260 9.95
-1.559 0.0681 65.58 44.00 104 94   850000 1331000   260 9.95
-1.549 0.0676 64.43 44.00 104 94   850000 1331000   260 9.95
-1.538 0.0664 63.92 44.00 104 94   850000 1331000   260 9.95
-1.528 0.0647 63.59 44.00 104 94   850000 1331000   260 9.95
-1.518 0.0641 62.69 44.00 104 94   850000 1331000   260 9.95
-1.507 0.0628 61.73 44.00 104 94   850000 1331000   260 9.95
-1.497 0.0618 60.75 44.00 104 94   850000 1331000   260 9.95
-1.486 0.0598 59.81 44.00 104 94   850000 1331000   260 9.95
-1.476 0.0592 58.94 44.00 104 94   850000 1331000   260 9.95
-1.466 0.0596 58.12 44.00 104 94   850000 1331000   260 9.95
-1.455 0.0582 57.36 44.00 104 94   850000 1331000   260 9.95
-1.445 0.0573 56.65 44.00 104 94   850000 1331000   260 9.95
-1.435 0.0563 56.00 44.00 104 94   850000 1331000   260 9.95
-1.424 0.0559 55.41 44.00 104 94   850000 1331000   260 9.95
-1.414 0.0552 54.88 44.00 104 94   850000 1331000   260 9.95
-1.403 0.0545 54.40 44.00 104 94   850000 1331000   260 9.95
-1.393 0.0534 53.99 44.00 104 94   850000 1331000   260 9.95
-1.383 0.0514 53.64 44.00 104 94   850000 1331000   260 9.95
-1.372 0.0512 53.34 44.00 104 94   850000 1331000   260 9.95
-1.362 0.0525 53.11 44.00 104 94   850000 1331000   260 9.95
-1.351 0.0528 52.93 44.00 104 94   850000 1331000   260 9.95
-1.341 0.0523 52.80 44.00 104 94   850000 1331000   260 9.95
-1.331 0.0531 52.73 44.00 104 94   850000 1331000   260 9.95
-1.320 0.0527 52.71 44.00 104 94   850000 1331000   260 9.95
-1.310 0.0533 52.72 44.00 104 94   850000 1331000   260 9.95
-1.299 0.0545 52.77 44.00 104 94   850000 1331000   260 9.95
-1.289 0.0527 52.84 44.00 104 94   850000 1331000   260 9.95
-1.279 0.0531 52.93 44.00 104 94   850000 1331000   260 9.95
-1.268 0.0544 53.02 44.00 104 94   850000 1331000   260 9.95
-1.258 0.0527 53.11 44.00 104 94   850000 1331000   260 9.95
-1.247 0.0519 53.18 44.00 104 94   850000 1331000   260 9.95
-1.237 0.0531 53.23 44.00 104 94   850000 1331000   260 9.95
-1.227 0.0544 53.25 44.00 104 94   850000 1331000   260 9.95
-1.216 0.0533 53.24 44.00 104 94   850000 1331000   260 9.95
-1.206 0.0537 53.20 44.00 104 94   850000 1331000   260 9.95
-1.195 0.0542 53.13 44.00 104 94   850000 1331000   260 9.95
-1.185 0.0532 53.03 44.00 104 94   850000 1331000   260 9.95
-1.175 0.0533 52.91 44.00 104 94   850000 1331000   260 9.95
-1.164 0.0528 52.78 44.00 104 94   850000 1331000   260 9.95
-1.154 0.0523 52.63 44.00 104 94   850000 1331000   260 9.95
-1.143 0.0529 52.49 44.00 104 94   850000 1331000   260 9.95
-1.133 0.0521 52.33 44.00 104 94   850000 1331000   260 9.95
-1.123 0.0520 52.18 44.00 104 94   850000 1331000   260 9.95
-1.112 0.0516 52.02 44.00 104 94   850000 1331000   260 9.95
-1.102 0.0517 51.86 44.00 104 94   850000 1331000   260 9.95
-1.091 0.0517 51.70 44.00 104 94   850000 1331000   260 9.95
-1.081 0.0511 51.54 44.00 104 94   850000 1331000   260 9.95
-1.071 0.0509 51.39 44.00 104 94   850000 1331000   260 9.95
-1.060 0.0511 51.23 44.00 104 94   850000 1331000   260 9.95
-1.050 0.0508 51.08 44.00 104 94   850000 1331000   260 9.95
-1.040 0.0509 50.95 44.00 104 94   850000 1331000   260 9.95
-1.029 0.0515 50.82 44.00 104 94   850000 1331000   260 9.95
-1.019 0.0515 50.72 44.00 104 94   850000 1331000   260 9.95
-1.008 0.0511 50.63 44.00 104 94   850000 1331000   260 9.95
-0.998 0.0502 50.56 44.00 104 94   850000 1331000   260 9.95
-0.988 0.0498 50.50 44.00 104 94   850000 1331000   260 9.95
-0.977 0.0503 50.44 44.00 104 94   850000 1331000   260 9.95
-0.967 0.0505 50.39 44.00 104 94   850000 1331000   260 9.95
-0.956 0.0502 50.33 44.00 104 94   850000 1331000   260 9.95
-0.946 0.0501 50.27 44.00 104 94   850000 1331000   260 9.95
-0.936 0.0504 50.20 44.00 104 94   850000 1331000   260 9.95
-0.925 0.0506 50.13 44.00 104 94   850000 1331000   260 9.95
-0.915 0.0497 50.05 44.00 104 94   850000 1331000   260 9.95
-0.904 0.0495 49.96 44.00 104 94   850000 1331000   260 9.95
-0.894 0.0500 49.87 44.00 104 94   850000 1331000   260 9.95
-0.884 0.0493 49.79 44.00 104 94   850000 1331000   260 9.95
-0.873 0.0507 49.72 44.00 104 94   850000 1331000   260 9.95
-0.863 0.0503 49.67 44.00 104 94   850000 1331000   260 9.95
-0.852 0.0503 49.63 44.00 104 94   850000 1331000   260 9.95
-0.842 0.0499 49.62 44.00 104 94   850000 1331000   260 9.95
-0.832 0.0501 49.63 44.00 104 94   850000 1331000   260 9.95
-0.821 0.0501 49.66 44.00 104 94   850000 1331000   260 9.95
-0.811 0.0491 49.71 44.00 104 94   850000 1331000   260 9.95
-0.800 0.0484 49.78 44.00 104 94   850000 1331000   260 9.95
-0.790 0.0490 49.85 44.00 104 94   850000 1331000   260 9.95
-0.780 0.0490 49.93 44.00 104 94   850000 1331000   260 9.95
-0.769 0.0502 50.02 44.00 104 94   850000 1331000   260 9.95
-0.759 0.0478 50.12 44.00 104 94   850000 1331000   260 9.95
-0.748 0.0499 50.23 44.00 104 94   850000 1331000   260 9.95
-0.738 0.0515 50.33 44.00 104 94   850000 1331000   260 9.95
-0.728 0.0502 50.44 44.00 104 94   850000 1331000   260 9.95
-0.717 0.0520 50.55 44.00 104 94   850000 1331000   260 9.95
-0.707 0.0506 50.66 44.00 104 94   850000 1331000   260 9.95
-0.696 0.0525 50.76 44.00 104 94   850000 1331000   260 9.95
-0.686 0.0513 50.85 44.00 104 94   850000 1331000   260 9.95
-0.676 0.0509 50.94 44.00 104 94   850000 1331000   260 9.95
-0.665 0.0516 51.00 44.00 104 94   850000 1331000   260 9.95
-0.655 0.0513 51.05 44.00 104 94   850000 1331000   260 9.95
-0.644 0.0509 51.08 44.00 104 94   850000 1331000   260 9.95
-0.634 0.0510 51.08 44.00 104 94   850000 1331000   260 9.95
-0.624 0.0509 51.06 44.00 104 94   850000 1331000   260 9.95
-0.613 0.0500 51.02 44.00 104 94   850000 1331000   260 9.95
-0.603 0.0515 50.96 44.00 104 94   850000 1331000   260 9.95
-0.593 0.0513 50.89 44.00 104 94   850000 1331000   260 9.95
-0.582 0.0506 50.82 44.00 104 94   850000 1331000   260 9.95
-0.572 0.0507 50.75 44.00 104 94   850000 1331000   260 9.95
-0.561 0.0507 50.68 44.00 104 94   850000 1331000   260 9.95
-0.551 0.0500 50.63 44.00 104 94   850000 1331000   260 9.95
-0.541 0.0511 50.59 44.00 104 94   850000 1331000   260 9.95
-0.530 0.0508 50.58 44.00 104 94   850000 1331000   260 9.95
-0.520 0.0496 50.58 44.00 104 94   850000 1331000   260 9.95
-0.509 0.0510 50.60 44.00 104 94   850000 1331000   260 9.95
-0.499 0.0496 50.63 44.00 104 94   850000 1331000   260 9.95
-0.489 0.0501 50.67 44.00 104 94   850000 1331000   260 9.95
-0.478 0.0516 50.73 44.00 104 94   850000 1331000   260 9.95
-0.468 0.0502 50.79 44.00 104 94   850000 1331000   260 9.95
-0.457 0.0518 50.87 44.00 104 94   850000 1331000   260 9.95
-0.447 0.0506 50.95 44.00 104 94   850000 1331000   260 9.95
-0.437 0.0515 51.03 44.00 104 94   850000 1331000   260 9.95
-0.426 0.0497 51.12 44.00 104 94   850000 1331000   260 9.95
-0.416 0.0514 51.20 44.00 104 94   850000 1331000   260 9.95
-0.405 0.0511 51.29 44.00 104 94   850000 1331000   260 9.95
-0.395 0.0518 51.37 44.00 104 94   850000 1331000   260 9.95
-0.385 0.0525 51.44 44.00 104 94   850000 1331000   260 9.95
-0.374 0.0511 51.51 44.00 104 94   850000 1331000   260 9.95
-0.364 0.0518 51.56 44.00 104 94   850000 1331000   260 9.95
-0.353 0.0507 51.58 44.00 104 94   850000 1331000   260 9.95
-0.343 0.0525 51.59 44.00 104 94   850000 1331000   260 9.95
-0.333 0.0515 51.57 44.00 104 94   850000 1331000   260 9.95
-0.322 0.0508 51.53 44.00 104 94   850000 1331000   260 9.95
-0.312 0.0528 51.46 44.00 104 94   850000 1331000   260 9.95
-0.301 0.0509 51.37 44.00 104 94   850000 1331000   260 9.95
-0.291 0.0523 51.26 44.00 104 94   850000 1331000   260 9.95
-0.281 0.0507 51.13 44.00 104 94   850000 1331000   260 9.95
-0.270 0.0514 50.98 44.00 104 94   850000 1331000   260 9.95
-0.260 0.0509 50.83 44.00 104 94   850000 1331000   260 9.95
-0.249 0.0507 50.68 44.00 104 94   850000 1331000   260 9.95
-0.239 0.0509 50.54 44.00 104 94   850000 1331000   260 9.95
-0.229 0.0505 50.42 44.00 104 94   850000 1331000   260 9.95
-0.218 0.0501 50.33 44.00 104 94   850000 1331000   260 9.95
-0.208 0.0509 50.27 44.00 104 94   850000 1331000   260 9.95
-0.198 0.0496 50.25 44.00 104 94   850000 1331000   260 9.95
-0.187 0.0494 50.28 44.00 104 94   850000 1331000   260 9.95
-0.177 0.0489 50.35 44.00 104 94   850000 1331000   260 9.95
-0.166 0.0490 50.45 44.00 104 94   850000 1331000   260 9.95
-0.156 0.0491 50.56 44.00 104 94   850000 1331000   260 9.95
-0.146 0.0505 50.67 44.00 104 94   850000 1331000   260 9.95
-0.135 0.0496 50.75 44.00 104 94   850000 1331000   260 9.95
-0.125 0.0489 50.79 44.00 104 94   850000 1331000   260 9.95
-0.114 0.0500 50.75 44.00 104 94   850000 1331000   260 9.95
-0.104 0.0501 50.63 44.00 104 94   850000 1331000   260 9.95
-0.094 0.0519 50.39 44.00 104 94   850000 1331000   260 9.95
-0.083 0.0506 50.05 44.00 104 94   850000 1331000   260 9.95
-0.073 0.0519 49.57 44.00 104 94   850000 1331000   260 9.95
-0.062 0.0508 48.97 44.00 104 94   850000 1331000   260 9.95
-0.052 0.0510 48.26 44.00 104 94   850000 1331000   260 9.95
-0.042 0.0505 47.43 44.00 104 94   850000 1331000   260 9.95
-0.031 0.0494 46.51 44.00 104 94   850000 1331000   260 9.95
-0.021 0.0487 45.51 44.00 104 94   850000 1331000   260 9.95
-0.010 0.0471 44.45 44.00 104 94   850000 1331000   260 9.95
0.000 0.0448 43.33 44.00 104 94   850000 1331000   260 9.95
0.010 0.0421 42.18 44.00 104 94   850000 1331000   260 9.95
0.021 0.0387 41.02 44.00 104 94   850000 1331000   260 9.95
0.031 0.0375 39.86 44.00 104 94   850000 1331000   260 9.95
0.042 0.0364 38.71 44.00 104 94   850000 1331000   260 9.95
0.052 0.0348 37.61 44.00 104 94   850000 1331000   260 9.95
0.062 0.0329 36.57 44.00 104 94   850000 1331000   260 9.95
0.073 0.0331 35.60 44.00 104 94   850000 1331000   260 9.95
0.083 0.0330 34.73 44.00 104 94   850000 1331000   260 9.95
0.094 0.0317 33.96 44.00 104 94   850000 1331000   260 9.95
0.104 0.0334 33.31 44.00 104 94   850000 1331000   260 9.95
0.114 0.0334 32.79 44.00 104 94   850000 1331000   260 9.95
0.124 0.0331 32.38 44.00 104 94   850000 1331000   260 9.95
0.134 0.0328 32.09 44.00 104 94   850000 1331000   260 9.95
0.143 0.0344 31.89 44.00 104 94   850000 1331000   260 9.95
0.152 0.0330 31.79 44.00 104 94   850000 1331000   260 9.95
0.160 0.0316 31.76 44.00 104 94   850000 1331000   260 9.95
0.169 0.0328 31.79 44.00 104 94   850000 1331000   260 9.95
0.176 0.0321 31.86 44.00 104 94   850000 1331000   260 9.95
0.184 0.0325 31.96 44.00 104 94   850000 1331000   260 9.95
0.191 0.0303 32.07 44.00 104 94   850000 1331000   260 9.95
0.198 0.0322 32.18 44.00 104 94   850000 1331000   260 9.95
0.204 0.0323 32.28 44.00 104 94   850000 1331000   260 9.95
0.211 0.0327 32.38 44.00 104 94   850000 1331000   260 9.95
0.217 0.0322 32.48 44.00 104 94   850000 1331000   260 9.95
0.223 0.0324 32.58 44.00 104 94   850000 1331000   260 9.95
0.228 0.0327 32.68 44.00 104 94   850000 1331000   260 9.95
0.234 0.0326 32.81 44.00 104 94   850000 1331000   260 9.95
0.239 0.0326 32.95 44.00 104 94   850000 1331000   260 9.95
0.244 0.0321 33.11 44.00 104 94   850000 1331000   260 9.95
0.249 0.0332 33.29 44.00 104 94   850000 1331000   260 9.95
0.253 0.0350 33.48 44.00 104 94   850000 1331000   260 9.95
0.257 0.0332 33.69 44.00 104 94   850000 1331000   260 9.95
0.262 0.0347 33.91 44.00 104 94   850000 1331000   260 9.95
0.266 0.0346 34.13 44.00 104 94   850000 1331000   260 9.95
0.270 0.0368 34.33 44.00 104 94   850000 1331000   260 9.95
0.273 0.0329 34.53 44.00 104 94   850000 1331000   260 9.95
0.277 0.0352 34.71 44.00 104 94   850000 1331000   260 9.95
0.280 0.0340 34.88 44.00 104 94   850000 1331000   260 9.95
0.283 0.0337 35.03 44.00 104 94   850000 1331000   260 9.95
0.287 0.0329 35.17 44.00 104 94   850000 1331000   260 9.95
0.290 0.0372 35.30 44.00 104 94   850000 1331000   260 9.95
0.293 0.0365 35.42 44.00 104 94   850000 1331000   260 9.95
0.295 0.0361 35.52 44.00 104 94   850000 1331000   260 9.95
0.298 0.0340 35.62 44.00 104 94   850000 1331000   260 9.95
0.301 0.0384 35.71 44.00 104 94   850000 1331000   260 9.95
0.303 0.0357 35.79 44.00 104 94   850000 1331000   260 9.95
0.305 0.0356 35.87 44.00 104 94   850000 1331000   260 9.95
0.308 0.0356 35.94 44.00 104 94   850000 1331000   260 9.95
0.310 0.0361 36.00 44.00 104 94   850000 1331000   260 9.95
0.312 0.0356 36.06 44.00 104 94   850000 1331000   260 9.95
0.314 0.0379 36.10 44.00 104 94   850000 1331000   260 9.95
0.316 0.0333 36.14 44.00 104 94   850000 1331000   260 9.95
0.318 0.0355 36.18 44.00 104 94   850000 1331000   260 9.95
0.320 0.0358 36.20 44.00 104 94   850000 1331000   260 9.95
0.322 0.0388 36.21 44.00 104 94   850000 1331000   260 9.95
0.324 0.0352 36.22 44.00 104 94   850000 1331000   260 9.95
0.326 0.0377 36.23 44.00 104 94   850000 1331000   260 9.95
0.328 0.0354 36.24 44.00 104 94   850000 1331000   260 9.95
0.331 0.0369 36.25 44.00 104 94   850000 1331000   260 9.95
0.333 0.0354 36.27 44.00 104 94   850000 1331000   260 9.95
0.335 0.0384 36.31 44.00 104 94   850000 1331000   260 9.95
0.337 0.0331 36.35 44.00 104 94   850000 1331000   260 9.95
0.339 0.0387 36.41 44.00 104 94   850000 1331000   260 9.95
0.341 0.0357 36.47 44.00 104 94   850000 1331000   260 9.95
0.343 0.0367 36.55 44.00 104 94   850000 1331000   260 9.95
0.345 0.0371 36.63 44.00 104 94   850000 1331000   260 9.95
0.347 0.0349 36.72 44.00 104 94   850000 1331000   260 9.95
0.349 0.0362 36.81 44.00 104 94   850000 1331000   260 9.95
0.351 0.0375 36.91 44.00 104 94   850000 1331000   260 9.95
0.353 0.0379 37.02 44.00 104 94   850000 1331000   260 9.95
0.356 0.0374 37.15 44.00 104 94   850000 1331000   260 9.95
0.358 0.0367 37.29 44.00 104 94   850000 1331000   260 9.95
0.360 0.0370 37.44 44.00 104 94   850000 1331000   260 9.95
0.362 0.0369 37.60 44.00 104 94   850000 1331000   260 9.95
0.364 0.0396 37.76 44.00 104 94   850000 1331000   260 9.95
0.366 0.0367 37.92 44.00 104 94   850000 1331000   260 9.95
0.368 0.0369 38.07 44.00 104 94   850000 1331000   260 9.95
0.370 0.0395 38.21 44.00 104 94   850000 1331000   260 9.95
0.372 0.0392 38.35 44.00 104 94   850000 1331000   260 9.95
0.374 0.0389 38.48 44.00 104 94   850000 1331000   260 9.95
0.376 0.0382 38.62 44.00 104 94   850000 1331000   260 9.95
0.378 0.0385 38.75 44.00 104 94   850000 1331000   260 9.95
0.380 0.0393 38.87 44.00 104 94   850000 1331000   260 9.95
0.383 0.0407 38.99 44.00 104 94   850000 1331000   260 9.95
0.385 0.0359 39.11 44.00 104 94   850000 1331000   260 9.95
0.387 0.0395 39.22 44.00 104 94   850000 1331000   260 9.95
0.389 0.0394 39.32 44.00 104 94   850000 1331000   260 9.95
0.391 0.0403 39.41 44.00 104 94   850000 1331000   260 9.95
0.393 0.0426 39.51 44.00 104 94   850000 1331000   260 9.95
0.395 0.0415 39.60 44.00 104 94   850000 1331000   260 9.95
0.397 0.0333 39.69 44.00 104 94   850000 1331000   260 9.95
0.399 0.0367 39.79 44.00 104 94   850000 1331000   260 9.95
0.401 0.0439 39.89 44.00 104 94   850000 1331000   260 9.95
0.403 0.0414 39.99 44.00 104 94   850000 1331000   260 9.95
0.405 0.0365 40.10 44.00 104 94   850000 1331000   260 9.95
0.407 0.0411 40.22 44.00 104 94   850000 1331000   260 9.95
0.410 0.0442 40.34 44.00 104 94   850000 1331000   260 9.95
0.412 0.0425 40.48 44.00 104 94   850000 1331000   260 9.95
0.414 0.0377 40.64 44.00 104 94   850000 1331000   260 9.95
0.416 0.0374 40.81 44.00 104 94   850000 1331000   260 9.95
0.418 0.0415 40.99 44.00 104 94   850000 1331000   260 9.95
0.420 0.0429 41.18 44.00 104 94   850000 1331000   260 9.95
0.422 0.0413 41.38 44.00 104 94   850000 1331000   260 9.95
0.424 0.0406 41.57 44.00 104 94   850000 1331000   260 9.95
0.426 0.0383 41.76 44.00 104 94   850000 1331000   260 9.95
0.428 0.0449 41.94 44.00 104 94   850000 1331000   260 9.95
0.430 0.0446 42.11 44.00 104 94   850000 1331000   260 9.95
0.432 0.0394 42.25 44.00 104 94   850000 1331000   260 9.95
0.435 0.0425 42.37 44.00 104 94   850000 1331000   260 9.95
0.437 0.0435 42.46 44.00 104 94   850000 1331000   260 9.95
0.439 0.0419 42.52 44.00 104 94   850000 1331000   260 9.95
0.441 0.0417 42.56 44.00 104 94   850000 1331000   260 9.95
0.443 0.0421 42.58 44.00 104 94   850000 1331000   260 9.95
0.445 0.0449 42.59 44.00 104 94   850000 1331000   260 9.95
0.447 0.0449 42.58 44.00 104 94   850000 1331000   260 9.95
0.449 0.0433 42.54 44.00 104 94   850000 1331000   260 9.95
0.451 0.0439 42.49 44.00 104 94   850000 1331000   260 9.95
0.453 0.0423 42.41 44.00 104 94   850000 1331000   260 9.95
0.455 0.0408 42.33 44.00 104 94   850000 1331000   260 9.95
0.457 0.0405 42.24 44.00 104 94   850000 1331000   260 9.95
0.459 0.0429 42.15 44.00 104 94   850000 1331000   260 9.95
0.462 0.0407 42.09 44.00 104 94   850000 1331000   260 9.95
0.464 0.0422 42.04 44.00 104 94   850000 1331000   260 9.95
0.466 0.0438 42.00 44.00 104 94   850000 1331000   260 9.95
0.468 0.0393 41.98 44.00 104 94   850000 1331000   260 9.95
0.470 0.0411 41.96 44.00 104 94   850000 1331000   260 9.95
0.472 0.0412 41.96 44.00 104 94   850000 1331000   260 9.95
0.474 0.0411 41.96 44.00 104 94   850000 1331000   260 9.95
0.476 0.0444 41.99 44.00 104 94   850000 1331000   260 9.95
0.478 0.0431 42.03 44.00 104 94   850000 1331000   260 9.95
0.480 0.0395 42.09 44.00 104 94   850000 1331000   260 9.95
0.482 0.0442 42.17 44.00 104 94   850000 1331000   260 9.95
0.484 0.0423 42.28 44.00 104 94   850000 1331000   260 9.95
0.486 0.0411 42.40 44.00 104 94   850000 1331000   260 9.95
0.489 0.0433 42.53 44.00 104 94   850000 1331000   260 9.95
0.491 0.0409 42.66 44.00 104 94   850000 1331000   260 9.95
0.493 0.0497 42.79 44.00 104 94   850000 1331000   260 9.95
0.495 0.0402 42.92 44.00 104 94   850000 1331000   260 9.95
0.497 0.0453 43.06 44.00 104 94   850000 1331000   260 9.95
0.499 0.0415 43.21 44.00 104 94   850000 1331000   260 9.95
0.501 0.0422 43.39 44.00 104 94   850000 1331000   260 9.95
0.503 0.0430 43.59 44.00 104 94   850000 1331000   260 9.95
0.505 0.0417 43.81 44.00 104 94   850000 1331000   260 9.95
0.507 0.0434 44.06 44.00 104 94   850000 1331000   260 9.95
0.509 0.0425 44.32 44.00 104 94   850000 1331000   260 9.95
0.511 0.0481 44.59 44.00 104 94   850000 1331000   260 9.95
0.514 0.0470 44.86 44.00 104 94   850000 1331000   260 9.95
0.516 0.0418 45.15 44.00 104 94   850000 1331000   260 9.95
0.518 0.0467 45.45 44.00 104 94   850000 1331000   260 9.95
0.520 0.0440 45.76 44.00 104 94   850000 1331000   260 9.95
0.522 0.0472 46.06 44.00 104 94   850000 1331000   260 9.95
0.524 0.0462 46.35 44.00 104 94   850000 1331000   260 9.95
0.526 0.0447 46.63 44.00 104 94   850000 1331000   260 9.95
0.528 0.0468 46.89 44.00 104 94   850000 1331000   260 9.95
0.530 0.0470 47.13 44.00 104 94   850000 1331000   260 9.95
0.532 0.0502 47.37 44.00 104 94   850000 1331000   260 9.95
0.534 0.0528 47.60 44.00 104 94   850000 1331000   260 9.95
0.536 0.0455 47.83 44.00 104 94   850000 1331000   260 9.95
0.538 0.0489 48.05 44.00 104 94   850000 1331000   260 9.95
0.541 0.0492 48.25 44.00 104 94   850000 1331000   260 9.95
0.543 0.0471 48.44 44.00 104 94   850000 1331000   260 9.95
0.545 0.0484 48.63 44.00 104 94   850000 1331000   260 9.95
0.547 0.0458 48.81 44.00 104 94   850000 1331000   260 9.95
0.549 0.0477 48.99 44.00 104 94   850000 1331000   260 9.95
0.551 0.0487 49.18 44.00 104 94   850000 1331000   260 9.95
0.553 0.0519 49.36 44.00 104 94   850000 1331000   260 9.95
0.555 0.0509 49.55 44.00 104 94   850000 1331000   260 9.95
0.557 0.0504 49.73 44.00 104 94   850000 1331000   260 9.95
0.559 0.0450 49.92 44.00 104 94   850000 1331000   260 9.95
0.561 0.0481 50.11 44.00 104 94   850000 1331000   260 9.95
0.563 0.0514 50.32 44.00 104 94   850000 1331000   260 9.95
0.565 0.0495 50.55 44.00 104 94   850000 1331000   260 9.95
0.568 0.0581 50.80 44.00 104 94   850000 1331000   260 9.95
0.570 0.0518 51.08 44.00 104 94   850000 1331000   260 9.95
0.572 0.0507 51.38 44.00 104 94   850000 1331000   260 9.95
0.574 0.0536 51.69 44.00 104 94   850000 1331000   260 9.95
0.576 0.0505 52.00 44.00 104 94   850000 1331000   260 9.95
0.578 0.0426 52.30 44.00 104 94   850000 1331000   260 9.95
0.580 0.0563 52.58 44.00 104 94   850000 1331000   260 9.95
0.582 0.0576 52.84 44.00 104 94   850000 1331000   260 9.95
0.584 0.0506 53.08 44.00 104 94   850000 1331000   260 9.95
0.586 0.0519 53.31 44.00 104 94   850000 1331000   260 9.95
0.588 0.0560 53.54 44.00 104 94   850000 1331000   260 9.95
0.590 0.0516 53.75 44.00 104 94   850000 1331000   260 9.95
0.593 0.0543 53.96 44.00 104 94   850000 1331000   260 9.95
0.595 0.0546 54.16 44.00 104 94   850000 1331000   260 9.95
0.597 0.0536 54.35 44.00 104 94   850000 1331000   260 9.95
0.599 0.0545 54.53 44.00 104 94   850000 1331000   260 9.95
0.601 0.0569 54.71 44.00 104 94   850000 1331000   260 9.95
0.603 0.0547 54.88 44.00 104 94   850000 1331000   260 9.95
0.605 0.0569 55.04 44.00 104 94   850000 1331000   260 9.95
0.607 0.0572 55.20 44.00 104 94   850000 1331000   260 9.95
0.609 0.0520 55.34 44.00 104 94   850000 1331000   260 9.95
0.611 0.0532 55.43 44.00 104 94   850000 1331000   260 9.95
0.613 0.0578 55.48 44.00 104 94   850000 1331000   260 9.95
0.615 0.0529 55.48 44.00 104 94   850000 1331000   260 9.95
0.617 0.0554 55.45 44.00 104 94   850000 1331000   260 9.95
0.620 0.0556 55.39 44.00 104 94   850000 1331000   260 9.95
0.622 0.0558 55.30 44.00 104 94   850000 1331000   260 9.95
0.624 0.0580 55.21 44.00 104 94   850000 1331000   260 9.95
0.626 0.0542 55.12 44.00 104 94   850000 1331000   260 9.95
0.628 0.0563 55.02 44.00 104 94   850000 1331000   260 9.95
0.630 0.0536 54.92 44.00 104 94   850000 1331000   260 9.95
0.632 0.0547 54.84 44.00 104 94   850000 1331000   260 9.95
0.634 0.0556 54.76 44.00 104 94   850000 1331000   260 9.95
0.636 0.0596 54.71 44.00 104 94   850000 1331000   260 9.95
0.638 0.0537 54.66 44.00 104 94   850000 1331000   260 9.95
0.640 0.0484 54.62 44.00 104 94   850000 1331000   260 9.95
0.642 0.0558 54.58 44.00 104 94   850000 1331000   260 9.95
0.644 0.0540 54.54 44.00 104 94   850000 1331000   260 9.95
0.647 0.0558 54.50 44.00 104 94   850000 1331000   260 9.95
0.649 0.0511 54.48 44.00 104 94   850000 1331000   260 9.95
0.651 0.0510 54.48 44.00 104 94   850000 1331000   260 9.95
0.653 0.0580 54.50 44.00 104 94   850000 1331000   260 9.95
0.655 0.0554 54.54 44.00 104 94   850000 1331000   260 9.95
0.657 0.0543 54.61 44.00 104 94   850000 1331000   260 9.95
0.659 0.0528 54.70 44.00 104 94   850000 1331000   260 9.95
0.661 0.0585 54.82 44.00 104 94   850000 1331000   260 9.95
0.663 0.0570 54.96 44.00 104 94   850000 1331000   260 9.95
0.665 0.0562 55.13 44.00 104 94   850000 1331000   260 9.95
0.667 0.0547 55.31 44.00 104 94   850000 1331000   260 9.95
0.669 0.0501 55.49 44.00 104 94   850000 1331000   260 9.95
0.672 0.0584 55.65 44.00 104 94   850000 1331000   260 9.95
0.674 0.0546 55.81 44.00 104 94   850000 1331000   260 9.95
0.676 0.0545 55.94 44.00 104 94   850000 1331000   260 9.95
0.678 0.0570 56.04 44.00 104 94   850000 1331000   260 9.95
0.680 0.0531 56.11 44.00 104 94   850000 1331000   260 9.95
0.682 0.0583 56.15 44.00 104 94   850000 1331000   260 9.95
0.684 0.0558 56.17 44.00 104 94   850000 1331000   260 9.95
0.686 0.0624 56.18 44.00 104 94   850000 1331000   260 9.95
0.688 0.0563 56.18 44.00 104 94   850000 1331000   260 9.95
0.690 0.0543 56.17 44.00 104 94   850000 1331000   260 9.95
0.692 0.0529 56.15 44.00 104 94   850000 1331000   260 9.95
0.694 0.0544 56.13 44.00 104 94   850000 1331000   260 9.95
0.696 0.0596 56.12 44.00 104 94   850000 1331000   260 9.95
0.699 0.0603 56.11 44.00 104 94   850000 1331000   260 9.95
0.701 0.0566 56.08 44.00 104 94   850000 1331000   260 9.95
0.703 0.0551 56.05 44.00 104 94   850000 1331000   260 9.95
0.705 0.0533 56.00 44.00 104 94   850000 1331000   260 9.95
0.707 0.0553 55.95 44.00 104 94   850000 1331000   260 9.95
0.709 0.0526 55.88 44.00 104 94   850000 1331000   260 9.95
0.711 0.0577 55.82 44.00 104 94   850000 1331000   260 9.95
0.713 0.0547 55.77 44.00 104 94   850000 1331000   260 9.95
0.715 0.0565 55.75 44.00 104 94   850000 1331000   260 9.95
0.717 0.0564 55.75 44.00 104 94   850000 1331000   260 9.95
0.719 0.0563 55.77 44.00 104 94   850000 1331000   260 9.95
0.721 0.0539 55.81 44.00 104 94   850000 1331000   260 9.95
0.723 0.0599 55.88 44.00 104 94   850000 1331000   260 9.95
0.726 0.0511 55.96 44.00 104 94   850000 1331000   260 9.95
0.728 0.0588 56.05 44.00 104 94   850000 1331000   260 9.95
0.730 0.0555 56.14 44.00 104 94   850000 1331000   260 9.95
0.732 0.0561 56.24 44.00 104 94   850000 1331000   260 9.95
0.734 0.0597 56.33 44.00 104 94   850000 1331000   260 9.95
0.736 0.0547 56.44 44.00 104 94   850000 1331000   260 9.95
0.738 0.0528 56.55 44.00 104 94   850000 1331000   260 9.95
0.740 0.0566 56.66 44.00 104 94   850000 1331000   260 9.95
0.742 0.0574 56.75 44.00 104 94   850000 1331000   260 9.95
0.744 0.0588 56.81 44.00 104 94   850000 1331000   260 9.95
0.746 0.0569 56.86 44.00 104 94   850000 1331000   260 9.95
0.748 0.0559 56.89 44.00 104 94   850000 1331000   260 9.95
0.751 0.0614 56.92 44.00 104 94   850000 1331000   260 9.95
0.753 0.0560 56.94 44.00 104 94   850000 1331000   260 9.95
0.755 0.0524 56.95 44.00 104 94   850000 1331000   260 9.95
0.757 0.0585 56.96 44.00 104 94   850000 1331000   260 9.95
0.759 0.0580 56.95 44.00 104 94   850000 1331000   260 9.95
0.761 0.0591 56.93 44.00 104 94   850000 1331000   260 9.95
0.763 0.0515 56.91 44.00 104 94   850000 1331000   260 9.95
0.765 0.0629 56.87 44.00 104 94   850000 1331000   260 9.95
0.767 0.0554 56.84 44.00 104 94   850000 1331000   260 9.95
0.769 0.0536 56.81 44.00 104 94   850000 1331000   260 9.95
0.771 0.0594 56.77 44.00 104 94   850000 1331000   260 9.95
0.773 0.0584 56.75 44.00 104 94   850000 1331000   260 9.95
0.775 0.0589 56.72 44.00 104 94   850000 1331000   260 9.95
0.778 0.0505 56.72 44.00 104 94   850000 1331000   260 9.95
0.780 0.0568 56.73 44.00 104 94   850000 1331000   260 9.95
0.782 0.0555 56.76 44.00 104 94   850000 1331000   260 9.95
0.784 0.0581 56.81 44.00 104 94   850000 1331000   260 9.95
0.786 0.0593 56.88 44.00 104 94   850000 1331000   260 9.95
0.788 0.0543 56.95 44.00 104 94   850000 1331000   260 9.95
0.790 0.0590 57.02 44.00 104 94   850000 1331000   260 9.95
0.792 0.0557 57.10 44.00 104 94   850000 1331000   260 9.95
0.794 0.0556 57.18 44.00 104 94   850000 1331000   260 9.95
0.796 0.0576 57.26 44.00 104 94   850000 1331000   260 9.95
0.798 0.0604 57.36 44.00 104 94   850000 1331000   260 9.95
0.800 0.0538 57.45 44.00 104 94   850000 1331000   260 9.95
0.802 0.0586 57.55 44.00 104 94   850000 1331000   260 9.95
0.805 0.0608 57.63 44.00 104 94   850000 1331000   260 9.95
0.807 0.0569 57.71 44.00 104 94   850000 1331000   260 9.95
0.809 0.0563 57.79 44.00 104 94   850000 1331000   260 9.95
0.811 0.0554 57.87 44.00 104 94   850000 1331000   260 9.95
0.813 0.0634 57.95 44.00 104 94   850000 1331000   260 9.95
0.815 0.0585 58.02 44.00 104 94   850000 1331000   260 9.95
0.817 0.0589 58.09 44.00 104 94   850000 1331000   260 9.95
0.819 0.0540 58.16 44.00 104 94   850000 1331000   260 9.95
0.821 0.0579 58.22 44.00 104 94   850000 1331000   260 9.95
0.823 0.0568 58.28 44.00 104 94   850000 1331000   260 9.95
0.825 0.0597 58.35 44.00 104 94   850000 1331000   260 9.95
0.827 0.0611 58.43 44.00 104 94   850000 1331000   260 9.95
0.830 0.0548 58.52 44.00 104 94   850000 1331000   260 9.95
0.832 0.0609 58.61 44.00 104 94   850000 1331000   260 9.95
0.834 0.0586 58.70 44.00 104 94   850000 1331000   260 9.95
0.836 0.0596 58.81 44.00 104 94   850000 1331000   260 9.95
0.838 0.0551 58.92 44.00 104 94   850000 1331000   260 9.95
0.840 0.0580 59.04 44.00 104 94   850000 1331000   260 9.95
0.842 0.0629 59.17 44.00 104 94   850000 1331000   260 9.95
0.844 0.0579 59.30 44.00 104 94   850000 1331000   260 9.95
0.846 0.0600 59.43 44.00 104 94   850000 1331000   260 9.95
0.848 0.0641 59.55 44.00 104 94   850000 1331000   260 9.95
0.850 0.0578 59.68 44.00 104 94   850000 1331000   260 9.95
0.852 0.0552 59.79 44.00 104 94   850000 1331000   260 9.95
0.854 0.0613 59.90 44.00 104 94   850000 1331000   260 9.95
0.857 0.0605 59.99 44.00 104 94   850000 1331000   260 9.95
0.859 0.0588 60.07 44.00 104 94   850000 1331000   260 9.95
0.861 0.0612 60.14 44.00 104 94   850000 1331000   260 9.95
0.863 0.0637 60.20 44.00 104 94   850000 1331000   260 9.95
0.865 0.0597 60.26 44.00 104 94   850000 1331000   260 9.95
0.867 0.0602 60.32 44.00 104 94   850000 1331000   260 9.95
0.869 0.0572 60.39 44.00 104 94   850000 1331000   260 9.95
0.871 0.0646 60.46 44.00 104 94   850000 1331000   260 9.95
0.873 0.0575 60.54 44.00 104 94   850000 1331000   260 9.95
0.875 0.0603 60.63 44.00 104 94   850000 1331000   260 9.95
0.877 0.0608 60.72 44.00 104 94   850000 1331000   260 9.95
0.879 0.0636 60.82 44.00 104 94   850000 1331000   260 9.95
0.881 0.0593 60.92 44.00 104 94   850000 1331000   260 9.95
0.884 0.0593 61.03 44.00 104 94   850000 1331000   260 9.95
0.886 0.0592 61.12 44.00 104 94   850000 1331000   260 9.95
0.888 0.0630 61.21 44.00 104 94   850000 1331000   260 9.95
0.890 0.0645 61.28 44.00 104 94   850000 1331000   260 9.95
0.892 0.0581 61.35 44.00 104 94   850000 1331000   260 9.95
0.894 0.0600 61.41 44.00 104 94   850000 1331000   260 9.95
0.896 0.0611 61.47 44.00 104 94   850000 1331000   260 9.95
0.898 0.0654 61.54 44.00 104 94   850000 1331000   260 9.95
0.900 0.0595 61.60 44.00 104 94   850000 1331000   260 9.95
0.902 0.0629 61.66 44.00 104 94   850000 1331000   260 9.95
0.904 0.0639 61.71 44.00 104 94   850000 1331000   260 9.95
0.906 0.0635 61.76 44.00 104 94   850000 1331000   260 9.95
0.909 0.0601 61.79 44.00 104 94   850000 1331000   260 9.95
0.911 0.0608 61.81 44.00 104 94   850000 1331000   260 9.95
0.913 0.0643 61.82 44.00 104 94   850000 1331000   260 9.95
0.915 0.0574 61.83 44.00 104 94   850000 1331000   260 9.95
0.917 0.0620 61.84 44.00 104 94   850000 1331000   260 9.95
0.919 0.0636 61.85 44.00 104 94   850000 1331000   260 9.95
0.921 0.0596 61.87 44.00 104 94   850000 1331000   260 9.95
0.923 0.0621 61.90 44.00 104 94   850000 1331000   260 9.95
0.925 0.0625 61.93 44.00 104 94   850000 1331000   260 9.95
0.927 0.0608 61.98 44.00 104 94   850000 1331000   260 9.95
0.929 0.0654 62.04 44.00 104 94   850000 1331000   260 9.95
0.931 0.0636 62.12 44.00 104 94   850000 1331000   260 9.95
0.933 0.0575 62.22 44.00 104 94   850000 1331000   260 9.95
0.936 0.0642 62.32 44.00 104 94   850000 1331000   260 9.95
0.938 0.0613 62.44 44.00 104 94   850000 1331000   260 9.95
0.940 0.0633 62.57 44.00 104 94   850000 1331000   260 9.95
0.942 0.0626 62.72 44.00 104 94   850000 1331000   260 9.95
0.944 0.0614 62.87 44.00 104 94   850000 1331000   260 9.95
0.946 0.0666 63.02 44.00 104 94   850000 1331000   260 9.95
0.948 0.0586 63.18 44.00 104 94   850000 1331000   260 9.95
0.950 0.0646 63.35 44.00 104 94   850000 1331000   260 9.95
0.952 0.0662 63.52 44.00 104 94   850000 1331000   260 9.95
0.954 0.0645 63.70 44.00 104 94   850000 1331000   260 9.95
0.956 0.0623 63.90 44.00 104 94   850000 1331000   260 9.95
0.958 0.0631 64.10 44.00 104 94   850000 1331000   260 9.95
0.960 0.0659 64.32 44.00 104 94   850000 1331000   260 9.95
0.963 0.0646 64.55 44.00 104 94   850000 1331000   260 9.95
0.965 0.0623 64.78 44.00 104 94   850000 1331000   260 9.95
0.967 0.0652 65.02 44.00 104 94   850000 1331000   260 9.95
0.969 0.0644 65.26 44.00 104 94   850000 1331000   260 9.95
0.971 0.0665 65.48 44.00 104 94   850000 1331000   260 9.95
0.973 0.0656 65.71 44.00 104 94   850000 1331000   260 9.95
0.975 0.0658 65.92 44.00 104 94   850000 1331000   260 9.95
0.977 0.0662 66.12 44.00 104 94   850000 1331000   260 9.95
0.979 0.0656 66.33 44.00 104 94   850000 1331000   260 9.95
0.981 0.0682 66.53 44.00 104 94   850000 1331000   260 9.95
0.983 0.0655 66.72 44.00 104 94   850000 1331000   260 9.95
0.985 0.0695 66.90 44.00 104 94   850000 1331000   260 9.95
0.988 0.0658 67.06 44.00 104 94   850000 1331000   260 9.95
0.990 0.0676 67.21 44.00 104 94   850000 1331000   260 9.95
0.992 0.0662 67.35 44.00 104 94   850000 1331000   260 9.95
0.994 0.0670 67.45 44.00 104 94   850000 1331000   260 9.95
0.996 0.0698 67.53 44.00 104 94   850000 1331000   260 9.95
0.998 0.0650 67.58 44.00 104 94   850000 1331000   260 9.95
1.000 0.0694 67.59 44.00 104 94   850000 1331000   260 9.95
1.002 0.0676 67.55 44.00 104 94   850000 1331000   260 9.95
1.004 0.0669 67.48 44.00 104 94   850000 1331000   260 9.95
1.006 0.0658 67.38 44.00 104 94   850000 1331000   260 9.95
1.008 0.0678 67.25 44.00 104 94   850000 1331000   260 9.95
1.010 0.0680 67.09 44.00 104 94   850000 1331000   260 9.95
1.012 0.0689 66.91 44.00 104 94   850000 1331000   260 9.95
1.015 0.0658 66.70 44.00 104 94   850000 1331000   260 9.95
1.017 0.0654 66.47 44.00 104 94   850000 1331000   260 9.95
1.019 0.0697 66.22 44.00 104 94   850000 1331000   260 9.95
1.021 0.0655 65.96 44.00 104 94   850000 1331000   260 9.95
1.023 0.0625 65.68 44.00 104 94   850000 1331000   260 9.95
1.025 0.0691 65.39 44.00 104 94   850000 1331000   260 9.95
1.027 0.0625 65.09 44.00 104 94   850000 1331000   260 9.95
1.029 0.0657 64.79 44.00 104 94   850000 1331000   260 9.95
1.031 0.0668 64.49 44.00 104 94   850000 1331000   260 9.95
1.033 0.0595 64.19 44.00 104 94   850000 1331000   260 9.95
1.035 0.0651 63.89 44.00 104 94   850000 1331000   260 9.95
1.037 0.0611 63.61 44.00 104 94   850000 1331000   260 9.95
1.040 0.0649 63.33 44.00 104 94   850000 1331000   260 9.95
1.042 0.0628 63.08 44.00 104 94   850000 1331000   260 9.95
1.044 0.0623 62.84 44.00 104 94   850000 1331000   260 9.95
1.046 0.0675 62.61 44.00 104 94   850000 1331000   260 9.95
1.048 0.0597 62.41 44.00 104 94   850000 1331000   260 9.95
1.050 0.0577 62.23 44.00 104 94   850000 1331000   260 9.95
1.052 0.0643 62.06 44.00 104 94   850000 1331000   260 9.95
1.054 0.0638 61.92 44.00 104 94   850000 1331000   260 9.95
1.056 0.0617 61.78 44.00 104 94   850000 1331000   260 9.95
1.058 0.0615 61.65 44.00 104 94   850000 1331000   260 9.95
1.060 0.0607 61.53 44.00 104 94   850000 1331000   260 9.95
1.062 0.0606 61.41 44.00 104 94   850000 1331000   260 9.95
1.064 0.0629 61.29 44.00 104 94   850000 1331000   260 9.95
1.067 0.0594 61.16 44.00 104 94   850000 1331000   260 9.95
1.069 0.0630 61.04 44.00 104 94   850000 1331000   260 9.95
1.071 0.0614 60.92 44.00 104 94   850000 1331000   260 9.95
1.073 0.0584 60.79 44.00 104 94   850000 1331000   260 9.95
1.075 0.0616 60.66 44.00 104 94   850000 1331000   260 9.95
1.077 0.0628 60.54 44.00 104 94   850000 1331000   260 9.95
1.079 0.0587 60.41 44.00 104 94   850000 1331000   260 9.95
1.081 0.0594 60.29 44.00 104 94   850000 1331000   260 9.95
1.083 0.0612 60.17 44.00 104 94   850000 1331000   260 9.95
1.085 0.0614 60.04 44.00 104 94   850000 1331000   260 9.95
1.087 0.0571 59.92 44.00 104 94   850000 1331000   260 9.95
1.089 0.0630 59.80 44.00 104 94   850000 1331000   260 9.95
1.091 0.0590 59.68 44.00 104 94   850000 1331000   260 9.95
1.094 0.0588 59.57 44.00 104 94   850000 1331000   260 9.95
1.096 0.0575 59.46 44.00 104 94   850000 1331000   260 9.95
1.098 0.0617 59.37 44.00 104 94   850000 1331000   260 9.95
1.100 0.0589 59.29 44.00 104 94   850000 1331000   260 9.95
1.102 0.0576 59.21 44.00 104 94   850000 1331000   260 9.95
1.104 0.0603 59.14 44.00 104 94   850000 1331000   260 9.95
1.106 0.0611 59.08 44.00 104 94   850000 1331000   260 9.95
1.108 0.0563 59.04 44.00 104 94   850000 1331000   260 9.95
1.110 0.0587 58.99 44.00 104 94   850000 1331000   260 9.95
1.112 0.0588 58.96 44.00 104 94   850000 1331000   260 9.95
1.114 0.0617 58.92 44.00 104 94   850000 1331000   260 9.95
1.116 0.0569 58.89 44.00 104 94   850000 1331000   260 9.95
1.119 0.0568 58.87 44.00 104 94   850000 1331000   260 9.95
1.121 0.0624 58.85 44.00 104 94   850000 1331000   260 9.95
1.123 0.0561 58.83 44.00 104 94   850000 1331000   260 9.95
1.125 0.0601 58.81 44.00 104 94   850000 1331000   260 9.95
1.127 0.0602 58.80 44.00 104 94   850000 1331000   260 9.95
1.129 0.0587 58.79 44.00 104 94   850000 1331000   260 9.95
1.131 0.0567 58.79 44.00 104 94   850000 1331000   260 9.95
1.133 0.0600 58.79 44.00 104 94   850000 1331000   260 9.95
1.135 0.0600 58.79 44.00 104 94   850000 1331000   260 9.95
1.137 0.0585 58.79 44.00 104 94   850000 1331000   260 9.95
1.139 0.0582 58.80 44.00 104 94   850000 1331000   260 9.95
1.141 0.0585 58.80 44.00 104 94   850000 1331000   260 9.95
1.143 0.0573 58.81 44.00 104 94   850000 1331000   260 9.95
1.146 0.0603 58.82 44.00 104 94   850000 1331000   260 9.95
1.148 0.0582 58.81 44.00 104 94   850000 1331000   260 9.95
1.150 0.0576 58.81 44.00 104 94   850000 1331000   260 9.95
1.152 0.0611 58.79 44.00 104 94   850000 1331000   260 9.95
1.154 0.0564 58.77 44.00 104 94   850000 1331000   260 9.95
1.156 0.0601 58.75 44.00 104 94   850000 1331000   260 9.95
1.158 0.0592 58.72 44.00 104 94   850000 1331000   260 9.95
1.160 0.0586 58.69 44.00 104 94   850000 1331000   260 9.95
1.162 0.0588 58.65 44.00 104 94   850000 1331000   260 9.95
1.164 0.0593 58.61 44.00 104 94   850000 1331000   260 9.95
1.166 0.0593 58.57 44.00 104 94   850000 1331000   260 9.95
1.168 0.0581 58.52 44.00 104 94   850000 1331000   260 9.95
1.170 0.0591 58.48 44.00 104 94   850000 1331000   260 9.95
1.173 0.0560 58.45 44.00 104 94   850000 1331000   260 9.95
1.175 0.0594 58.42 44.00 104 94   850000 1331000   260 9.95
1.177 0.0601 58.40 44.00 104 94   850000 1331000   260 9.95
1.179 0.0570 58.38 44.00 104 94   850000 1331000   260 9.95
1.181 0.0602 58.36 44.00 104 94   850000 1331000   260 9.95
1.183 0.0542 58.34 44.00 104 94   850000 1331000   260 9.95
1.185 0.0579 58.33 44.00 104 94   850000 1331000   260 9.95
1.187 0.0599 58.33 44.00 104 94   850000 1331000   260 9.95
1.189 0.0592 58.34 44.00 104 94   850000 1331000   260 9.95
1.191 0.0565 58.35 44.00 104 94   850000 1331000   260 9.95
1.193 0.0604 58.38 44.00 104 94   850000 1331000   260 9.95
1.195 0.0568 58.42 44.00 104 94   850000 1331000   260 9.95
1.198 0.0588 58.47 44.00 104 94   850000 1331000   260 9.95
1.200 0.0588 58.53 44.00 104 94   850000 1331000   260 9.95
1.202 0.0569 58.59 44.00 104 94   850000 1331000   260 9.95
1.204 0.0616 58.65 44.00 104 94   850000 1331000   260 9.95
1.206 0.0594 58.72 44.00 104 94   850000 1331000   260 9.95
1.208 0.0595 58.78 44.00 104 94   850000 1331000   260 9.95
1.210 0.0568 58.85 44.00 104 94   850000 1331000   260 9.95
1.212 0.0615 58.90 44.00 104 94   850000 1331000   260 9.95
1.214 0.0565 58.96 44.00 104 94   850000 1331000   260 9.95
1.216 0.0562 59.01 44.00 104 94   850000 1331000   260 9.95
1.218 0.0610 59.06 44.00 104 94   850000 1331000   260 9.95
1.220 0.0581 59.12 44.00 104 94   850000 1331000   260 9.95
1.222 0.0613 59.17 44.00 104 94   850000 1331000   260 9.95
1.225 0.0603 59.21 44.00 104 94   850000 1331000   260 9.95
1.227 0.0577 59.26 44.00 104 94   850000 1331000   260 9.95
1.229 0.0592 59.32 44.00 104 94   850000 1331000   260 9.95
1.231 0.0612 59.38 44.00 104 94   850000 1331000   260 9.95
1.233 0.0583 59.45 44.00 104 94   850000 1331000   260 9.95
1.235 0.0587 59.51 44.00 104 94   850000 1331000   260 9.95
1.237 0.0591 59.58 44.00 104 94   850000 1331000   260 9.95
1.239 0.0594 59.65 44.00 104 94   850000 1331000   260 9.95
1.241 0.0610 59.73 44.00 104 94   850000 1331000   260 9.95
1.243 0.0596 59.80 44.00 104 94   850000 1331000   260 9.95
1.245 0.0598 59.87 44.00 104 94   850000 1331000   260 9.95
1.247 0.0599 59.94 44.00 104 94   850000 1331000   260 9.95
1.249 0.0589 60.00 44.00 104 94   850000 1331000   260 9.95
1.252 0.0610 60.07 44.00 104 94   850000 1331000   260 9.95
1.254 0.0612 60.13 44.00 104 94   850000 1331000   260 9.95
1.256 0.0590 60.20 44.00 104 94   850000 1331000   260 9.95
1.258 0.0628 60.27 44.00 104 94   850000 1331000   260 9.95
1.260 0.0576 60.34 44.00 104 94   850000 1331000   260 9.95
1.262 0.0580 60.42 44.00 104 94   850000 1331000   260 9.95
1.264 0.0625 60.49 44.00 104 94   850000 1331000   260 9.95
1.266 0.0606 60.54 44.00 104 94   850000 1331000   260 9.95
1.268 0.0638 60.58 44.00 104 94   850000 1331000   260 9.95
1.270 0.0575 60.60 44.00 104 94   850000 1331000   260 9.95
1.272 0.0607 60.60 44.00 104 94   850000 1331000   260 9.95
1.274 0.0599 60.59 44.00 104 94   850000 1331000   260 9.95
1.277 0.0602 60.57 44.00 104 94   850000 1331000   260 9.95
1.279 0.0631 60.54 44.00 104 94   850000 1331000   260 9.95
1.281 0.0600 60.50 44.00 104 94   850000 1331000   260 9.95
1.283 0.0581 60.46 44.00 104 94   850000 1331000   260 9.95
1.285 0.0629 60.42 44.00 104 94   850000 1331000   260 9.95
1.287 0.0626 60.36 44.00 104 94   850000 1331000   260 9.95
1.289 0.0598 60.30 44.00 104 94   850000 1331000   260 9.95
1.291 0.0599 60.23 44.00 104 94   850000 1331000   260 9.95
1.293 0.0587 60.16 44.00 104 94   850000 1331000   260 9.95
1.295 0.0593 60.08 44.00 104 94   850000 1331000   260 9.95
1.297 0.0625 60.00 44.00 104 94   850000 1331000   260 9.95
1.299 0.0558 59.91 44.00 104 94   850000 1331000   260 9.95
1.301 0.0636 59.81 44.00 104 94   850000 1331000   260 9.95
1.304 0.0562 59.73 44.00 104 94   850000 1331000   260 9.95
1.306 0.0589 59.65 44.00 104 94   850000 1331000   260 9.95
1.308 0.0609 59.58 44.00 104 94   850000 1331000   260 9.95
1.310 0.0617 59.53 44.00 104 94   850000 1331000   260 9.95
1.312 0.0592 59.48 44.00 104 94   850000 1331000   260 9.95
1.314 0.0583 59.45 44.00 104 94   850000 1331000   260 9.95
1.316 0.0594 59.43 44.00 104 94   850000 1331000   260 9.95
1.318 0.0601 59.44 44.00 104 94   850000 1331000   260 9.95
1.320 0.0625 59.47 44.00 104 94   850000 1331000   260 9.95
1.322 0.0547 59.51 44.00 104 94   850000 1331000   260 9.95
1.324 0.0597 59.57 44.00 104 94   850000 1331000   260 9.95
1.326 0.0605 59.62 44.00 104 94   850000 1331000   260 9.95
1.328 0.0585 59.69 44.00 104 94   850000 1331000   260 9.95
1.331 0.0613 59.75 44.00 104 94   850000 1331000   260 9.95
1.333 0.0606 59.80 44.00 104 94   850000 1331000   260 9.95
1.335 0.0561 59.85 44.00 104 94   850000 1331000   260 9.95
1.337 0.0599 59.90 44.00 104 94   850000 1331000   260 9.95
1.339 0.0622 59.95 44.00 104 94   850000 1331000   260 9.95
1.341 0.0604 59.99 44.00 104 94   850000 1331000   260 9.95
1.343 0.0610 60.04 44.00 104 94   850000 1331000   260 9.95
1.345 0.0596 60.09 44.00 104 94   850000 1331000   260 9.95
1.347 0.0607 60.16 44.00 104 94   850000 1331000   260 9.95
1.349 0.0587 60.23 44.00 104 94   850000 1331000   260 9.95
1.351 0.0602 60.30 44.00 104 94   850000 1331000   260 9.95
1.353 0.0622 60.37 44.00 104 94   850000 1331000   260 9.95
1.356 0.0620 60.44 44.00 104 94   850000 1331000   260 9.95
1.358 0.0605 60.51 44.00 104 94   850000 1331000   260 9.95
1.360 0.0594 60.58 44.00 104 94   850000 1331000   260 9.95
1.362 0.0570 60.65 44.00 104 94   850000 1331000   260 9.95
1.364 0.0611 60.72 44.00 104 94   850000 1331000   260 9.95
1.366 0.0618 60.79 44.00 104 94   850000 1331000   260 9.95
1.368 0.0606 60.85 44.00 104 94   850000 1331000   260 9.95
1.370 0.0617 60.92 44.00 104 94   850000 1331000   260 9.95
1.372 0.0594 60.99 44.00 104 94   850000 1331000   260 9.95
1.374 0.0610 61.04 44.00 104 94   850000 1331000   260 9.95
1.376 0.0614 61.09 44.00 104 94   850000 1331000   260 9.95
1.378 0.0611 61.12 44.00 104 94   850000 1331000   260 9.95
1.380 0.0616 61.15 44.00 104 94   850000 1331000   260 9.95
1.383 0.0644 61.17 44.00 104 94   850000 1331000   260 9.95
1.385 0.0611 61.17 44.00 104 94   850000 1331000   260 9.95
1.387 0.0597 61.17 44.00 104 94   850000 1331000   260 9.95
1.389 0.0603 61.16 44.00 104 94   850000 1331000   260 9.95
1.391 0.0611 61.14 44.00 104 94   850000 1331000   260 9.95
1.393 0.0616 61.12 44.00 104 94   850000 1331000   260 9.95
1.395 0.0615 61.10 44.00 104 94   850000 1331000   260 9.95
1.397 0.0647 61.07 44.00 104 94   850000 1331000   260 9.95
1.399 0.0594 61.03 44.00 104 94   850000 1331000   260 9.95
1.401 0.0595 60.99 44.00 104 94   850000 1331000   260 9.95
1.403 0.0618 60.95 44.00 104 94   850000 1331000   260 9.95
1.405 0.0561 60.92 44.00 104 94   850000 1331000   260 9.95
1.407 0.0625 60.88 44.00 104 94   850000 1331000   260 9.95
1.410 0.0624 60.86 44.00 104 94   850000 1331000   260 9.95
1.412 0.0629 60.84 44.00 104 94   850000 1331000   260 9.95
1.414 0.0548 60.83 44.00 104 94   850000 1331000   260 9.95
1.416 0.0618 60.83 44.00 104 94   850000 1331000   260 9.95
1.418 0.0626 60.85 44.00 104 94   850000 1331000   260 9.95
1.420 0.0622 60.89 44.00 104 94   850000 1331000   260 9.95
1.422 0.0619 60.94 44.00 104 94   850000 1331000   260 9.95
1.424 0.0593 61.01 44.00 104 94   850000 1331000   260 9.95
1.426 0.0643 61.09 44.00 104 94   850000 1331000   260 9.95
1.428 0.0611 61.17 44.00 104 94   850000 1331000   260 9.95
1.430 0.0571 61.25 44.00 104 94   850000 1331000   260 9.95
1.432 0.0634 61.34 44.00 104 94   850000 1331000   260 9.95
1.435 0.0589 61.42 44.00 104 94   850000 1331000   260 9.95
1.437 0.0647 61.48 44.00 104 94   850000 1331000   260 9.95
1.439 0.0606 61.54 44.00 104 94   850000 1331000   260 9.95
1.441 0.0592 61.59 44.00 104 94   850000 1331000   260 9.95
1.443 0.0622 61.63 44.00 104 94   850000 1331000   260 9.95
1.445 0.0611 61.66 44.00 104 94   850000 1331000   260 9.95
1.447 0.0622 61.70 44.00 104 94   850000 1331000   260 9.95
1.449 0.0650 61.74 44.00 104 94   850000 1331000   260 9.95
1.451 0.0597 61.80 44.00 104 94   850000 1331000   260 9.95
1.453 0.0624 61.85 44.00 104 94   850000 1331000   260 9.95
1.455 0.0635 61.90 44.00 104 94   850000 1331000   260 9.95
1.457 0.0608 61.94 44.00 104 94   850000 1331000   260 9.95
1.459 0.0630 61.98 44.00 104 94   850000 1331000   260 9.95
1.462 0.0606 62.02 44.00 104 94   850000 1331000   260 9.95
1.464 0.0632 62.04 44.00 104 94   850000 1331000   260 9.95
1.466 0.0597 62.04 44.00 104 94   850000 1331000   260 9.95
1.468 0.0609 62.02 44.00 104 94   850000 1331000   260 9.95
1.470 0.0623 61.98 44.00 104 94   850000 1331000   260 9.95
1.472 0.0620 61.92 44.00 104 94   850000 1331000   260 9.95
1.474 0.0608 61.83 44.00 104 94   850000 1331000   260 9.95
1.476 0.0658 61.74 44.00 104 94   850000 1331000   260 9.95
1.478 0.0615 61.62 44.00 104 94   850000 1331000   260 9.95
1.480 0.0615 61.50 44.00 104 94   850000 1331000   260 9.95
1.482 0.0610 61.37 44.00 104 94   850000 1331000   260 9.95
1.484 0.0632 61.23 44.00 104 94   850000 1331000   260 9.95
1.486 0.0592 61.09 44.00 104 94   850000 1331000   260 9.95
1.489 0.0617 60.96 44.00 104 94   850000 1331000   260 9.95
1.491 0.0615 60.85 44.00 104 94   850000 1331000   260 9.95
1.493 0.0601 60.73 44.00 104 94   850000 1331000   260 9.95
1.495 0.0581 60.63 44.00 104 94   850000 1331000   260 9.95
1.497 0.0638 60.52 44.00 104 94   850000 1331000   260 9.95
1.499 0.0615 60.43 44.00 104 94   850000 1331000   260 9.95
1.501 0.0589 60.35 44.00 104 94   850000 1331000   260 9.95
1.503 0.0559 60.30 44.00 104 94   850000 1331000   260 9.95
1.505 0.0612 60.27 44.00 104 94   850000 1331000   260 9.95
1.507 0.0613 60.27 44.00 104 94   850000 1331000   260 9.95
1.509 0.0606 60.30 44.00 104 94   850000 1331000   260 9.95
1.511 0.0580 60.36 44.00 104 94   850000 1331000   260 9.95
1.514 0.0587 60.43 44.00 104 94   850000 1331000   260 9.95
1.516 0.0643 60.52 44.00 104 94   850000 1331000   260 9.95
1.518 0.0590 60.61 44.00 104 94   850000 1331000   260 9.95
1.520 0.0605 60.71 44.00 104 94   850000 1331000   260 9.95
1.522 0.0637 60.81 44.00 104 94   850000 1331000   260 9.95
1.524 0.0582 60.92 44.00 104 94   850000 1331000   260 9.95
1.526 0.0635 61.01 44.00 104 94   850000 1331000   260 9.95
1.528 0.0633 61.09 44.00 104 94   850000 1331000   260 9.95
1.530 0.0595 61.15 44.00 104 94   850000 1331000   260 9.95
1.532 0.0566 61.20 44.00 104 94   850000 1331000   260 9.95
1.534 0.0624 61.23 44.00 104 94   850000 1331000   260 9.95
1.536 0.0644 61.25 44.00 104 94   850000 1331000   260 9.95
1.538 0.0624 61.25 44.00 104 94   850000 1331000   260 9.95
1.541 0.0630 61.25 44.00 104 94   850000 1331000   260 9.95
1.543 0.0617 61.24 44.00 104 94   850000 1331000   260 9.95
1.545 0.0587 61.23 44.00 104 94   850000 1331000   260 9.95
1.547 0.0606 61.21 44.00 104 94   850000 1331000   260 9.95
1.549 0.0579 61.20 44.00 104 94   850000 1331000   260 9.95
1.551 0.0636 61.18 44.00 104 94   850000 1331000   260 9.95
1.553 0.0600 61.17 44.00 104 94   850000 1331000   260 9.95
1.555 0.0608 61.15 44.00 104 94   850000 1331000   260 9.95
1.557 0.0634 61.14 44.00 104 94   850000 1331000   260 9.95
1.559 0.0633 61.14 44.00 104 94   850000 1331000   260 9.95
1.561 0.0586 61.14 44.00 104 94   850000 1331000   260 9.95
1.563 0.0581 61.14 44.00 104 94   850000 1331000   260 9.95
1.566 0.0609 61.14 44.00 104 94   850000 1331000   260 9.95
1.568 0.0619 61.13 44.00 104 94   850000 1331000   260 9.95
1.571 0.0611 61.12 44.00 104 94   850000 1331000   260 9.95
1.573 0.0655 61.10 44.00 104 94   850000 1331000   260 9.95
1.576 0.0610 61.08 44.00 104 94   850000 1331000   260 9.95
1.579 0.0590 61.05 44.00 104 94   850000 1331000   260 9.95
1.581 0.0616 61.01 44.00 104 94   850000 1331000   260 9.95
1.584 0.0613 60.97 44.00 104 94   850000 1331000   260 9.95
1.588 0.0631 60.92 44.00 104 94   850000 1331000   260 9.95
1.591 0.0571 60.85 44.00 104 94   850000 1331000   260 9.95
1.594 0.0606 60.79 44.00 104 94   850000 1331000   260 9.95
1.598 0.0621 60.73 44.00 104 94   850000 1331000   260 9.95
1.602 0.0610 60.68 44.00 104 94   850000 1331000   260 9.95
1.605 0.0604 60.64 44.00 104 94   850000 1331000   260 9.95
1.609 0.0608 60.63 44.00 104 94   850000 1331000   260 9.95
1.614 0.0618 60.62 44.00 104 94   850000 1331000   260 9.95
1.618 0.0596 60.62 44.00 104 94   850000 1331000   260 9.95
1.623 0.0615 60.63 44.00 104 94   850000 1331000   260 9.95
1.627 0.0572 60.65 44.00 104 94   850000 1331000   260 9.95
1.632 0.0601 60.67 44.00 104 94   850000 1331000   260 9.95
1.637 0.0617 60.70 44.00 104 94   850000 1331000   260 9.95
1.643 0.0598 60.75 44.00 104 94   850000 1331000   260 9.95
1.648 0.0615 60.79 44.00 104 94   850000 1331000   260 9.95
1.654 0.0627 60.84 44.00 104 94   850000 1331000   260 9.95
1.660 0.0604 60.89 44.00 104 94   850000 1331000   260 9.95
1.667 0.0606 60.93 44.00 104 94   850000 1331000   260 9.95
1.673 0.0626 60.98 44.00 104 94   850000 1331000   260 9.95
1.680 0.0628 61.03 44.00 104 94   850000 1331000   260 9.95
1.687 0.0618 61.09 44.00 104 94   850000 1331000   260 9.95
1.695 0.0623 61.16 44.00 104 94   850000 1331000   260 9.95
1.703 0.0611 61.26 44.00 104 94   850000 1331000   260 9.95
1.711 0.0612 61.41 44.00 104 94   850000 1331000   260 9.95
1.719 0.0631 61.61 44.00 104 94   850000 1331000   260 9.95
1.728 0.0608 61.90 44.00 104 94   850000 1331000   260 9.95
1.737 0.0636 62.31 44.00 104 94   850000 1331000   260 9.95
1.747 0.0621 62.86 44.00 104 94   850000 1331000   260 9.95
1.757 0.0630 63.58 44.00 104 94   850000 1331000   260 9.95
1.767 0.0644 64.49 44.00 104 94   850000 1331000   260 9.95
1.778 0.0649 65.61 44.00 104 94   850000 1331000   260 9.95
1.788 0.0659 66.94 44.00 104 94   850000 1331000   260 9.95
1.798 0.0659 68.47 44.00 104 94   850000 1331000   260 9.95
1.809 0.0686 70.19 44.00 104 94   850000 1331000   260 9.95
1.819 0.0698 72.07 44.00 104 94   850000 1331000   260 9.95
1.830 0.0717 74.11 44.00 104 94   850000 1331000   260 9.95
1.840 0.0736 76.29 44.00 104 94   850000 1331000   260 9.95
1.850 0.0759 78.60 44.00 104 94   850000 1331000   260 9.95
1.861 0.0786 81.05 44.00 104 94   850000 1331000   260 9.95
1.871 0.0817 83.62 44.00 104 94   850000 1331000   260 9.95
1.881 0.0882 86.30 44.00 104 94   850000 1331000   260 9.95
1.892 0.0925 89.08 44.00 104 94   850000 1331000   260 9.95
1.902 0.0934 91.94 44.00 104 94   850000 1331000   260 9.95
1.913 0.0977 94.83 44.00 104 94   850000 1331000   260 9.95
1.923 0.1021 97.74 44.00 104 94   850000 1331000   260 9.95
1.933 0.1023 100.61 44.00 104 94   850000 1331000   260 9.95
1.944 0.1060 103.39 44.00 104 94   850000 1331000   260 9.95
1.954 0.1057 106.03 44.00 104 94   850000 1331000   260 9.95
1.965 0.1034 108.49 44.00 104 94   850000 1331000   260 9.95
1.975 0.1070 110.72 44.00 104 94   850000 1331000   260 9.95
1.985 0.1121 112.68 44.00 104 94   850000 1331000   260 9.95
1.996 0.1116 114.35 44.00 104 94   850000 1331000   260 9.95
2.006 0.1159 115.72 44.00 104 94   850000 1331000   260 9.95
2.017 0.1207 116.78 44.00 104 94   850000 1331000   260 9.95
2.027 0.1228 117.54 44.00 104 94   850000 1331000   260 9.95
2.037 0.1257 118.03 44.00 104 94   850000 1331000   260 9.95
2.048 0.1284 118.31 44.00 104 94   850000 1331000   260 9.95
2.058 0.1254 118.44 44.00 104 94   850000 1331000   260 9.95
2.069 0.1256 118.51 44.00 104 94   850000 1331000   260 9.95
2.079 0.1220 118.61 44.00 104 94   850000 1331000   260 9.95
2.089 0.1242 118.84 44.00 104 94   850000 1331000   260 9.95
2.100 0.1226 119.31 44.00 104 94   850000 1331000   260 9.95
2.110 0.1219 120.09 44.00 104 94   850000 1331000   260 9.95
2.121 0.1199 121.27 44.00 104 94   850000 1331000   260 9.95
2.131 0.1222 122.94 44.00 104 94   850000 1331000   260 9.95
2.141 0.1228 125.20 44.00 104 94   850000 1331000   260 9.95
2.152 0.1246 128.30 44.00 104 94   850000 1331000   260 9.95
2.162 0.1278 134.88 44.00 104 94   850000 1331000   260 9.95
2.173 0.1318 145.25 44.00 104 94   850000 1331000   260 9.95
2.183 0.1365 156.96 44.00 104 94   850000 1331000   260 9.95
2.193 0.1460 168.65 44.00 104 94   850000 1331000   260 9.95
2.204 0.1491 179.88 44.00 104 94   850000 1331000   260 9.95
2.214 0.1630 190.55 44.00 104 94   850000 1331000   260 9.95
2.225 0.1781 200.66 44.00 104 94   850000 1331000   260 9.95
2.235 0.1939 210.28 44.00 104 94   850000 1331000   260 9.95
2.245 0.2099 219.47 44.00 104 94   850000 1331000   260 9.95
2.256 0.2248 228.30 44.00 104 94   850000 1331000   260 9.95
2.266 0.2419 236.81 44.00 104 94   850000 1331000   260 9.95
2.277 0.2613 245.08 44.00 104 94   850000 1331000   260 9.95
2.287 0.2793 253.12 44.00 104 94   850000 1331000   260 9.95
2.297 0.2965 260.96 44.00 104 94   850000 1331000   260 9.95
2.308 0.3185 268.61 44.00 104 94   850000 1331000   260 9.95
2.318 0.3489 276.08 44.00 104 94   850000 1331000   260 9.95
2.328 0.3777 283.36 44.00 104 94   850000 1331000   260 9.95
2.339 0.4088 290.42 44.00 104 94   850000 1331000   260 9.95
2.349 0.4422 297.25 44.00 104 94   850000 1331000   260 9.95
2.360 0.4819 303.79 44.00 104 94   850000 1331000   260 9.95
2.370 0.5092 310.00 44.00 104 94   850000 1331000   260 9.95
2.380 0.0000 315.82 44.00 104 94   850000 1331000   260 9.95
2.391 0.0000 321.15 44.00 104 94   850000 1331000   260 9.95
