     x     qy smooth tpara  cd  zL     xTr    xCpl frame tma
-1.357 0.2786 223.49 55.00 104 94   730000 1268000   260 10.11
-1.348 0.2584 209.15 55.00 104 94   730000 1268000   260 10.11
-1.338 0.2260 195.56 55.00 104 94   730000 1268000   260 10.11
-1.329 0.1583 182.68 55.00 104 94   730000 1268000   260 10.11
-1.320 0.1597 170.49 55.00 104 94   730000 1268000   260 10.11
-1.310 0.1040 158.99 55.00 104 94   730000 1268000   260 10.11
-1.301 0.1151 148.14 55.00 104 94   730000 1268000   260 10.11
-1.292 0.1142 137.94 55.00 104 94   730000 1268000   260 10.11
-1.283 0.1039 128.36 55.00 104 94   730000 1268000   260 10.11
-1.273 0.0997 119.42 55.00 104 94   730000 1268000   260 10.11
-1.264 0.0936 111.09 55.00 104 94   730000 1268000   260 10.11
-1.255 0.0901 103.38 55.00 104 94   730000 1268000   260 10.11
-1.245 0.0858 96.28 55.00 104 94   730000 1268000   260 10.11
-1.236 0.0825 89.80 55.00 104 94   730000 1268000   260 10.11
-1.227 0.0803 83.95 55.00 104 94   730000 1268000   260 10.11
-1.217 0.0792 78.75 55.00 104 94   730000 1268000   260 10.11
-1.208 0.0747 74.21 55.00 104 94   730000 1268000   260 10.11
-1.199 0.0727 70.37 55.00 104 94   730000 1268000   260 10.11
-1.190 0.0723 67.27 55.00 104 94   730000 1268000   260 10.11
-1.180 0.0699 64.94 55.00 104 94   730000 1268000   260 10.11
-1.171 0.0683 63.44 55.00 104 94   730000 1268000   260 10.11
-1.162 0.0647 62.75 55.00 104 94   730000 1268000   260 10.11
-1.152 0.0657 62.66 55.00 104 94   730000 1268000   260 10.11
-1.143 0.0636 62.44 55.00 104 94   730000 1268000   260 10.11
-1.134 0.0629 61.40 55.00 104 94   730000 1268000   260 10.11
-1.125 0.0623 60.28 55.00 104 94   730000 1268000   260 10.11
-1.115 0.0596 59.18 55.00 104 94   730000 1268000   260 10.11
-1.106 0.0587 58.12 55.00 104 94   730000 1268000   260 10.11
-1.097 0.0589 57.14 55.00 104 94   730000 1268000   260 10.11
-1.087 0.0559 56.23 55.00 104 94   730000 1268000   260 10.11
-1.078 0.0550 55.38 55.00 104 94   730000 1268000   260 10.11
-1.069 0.0532 54.60 55.00 104 94   730000 1268000   260 10.11
-1.059 0.0546 53.90 55.00 104 94   730000 1268000   260 10.11
-1.050 0.0527 53.29 55.00 104 94   730000 1268000   260 10.11
-1.041 0.0530 52.76 55.00 104 94   730000 1268000   260 10.11
-1.032 0.0518 52.31 55.00 104 94   730000 1268000   260 10.11
-1.022 0.0510 51.95 55.00 104 94   730000 1268000   260 10.11
-1.013 0.0512 51.67 55.00 104 94   730000 1268000   260 10.11
-1.004 0.0506 51.45 55.00 104 94   730000 1268000   260 10.11
-0.994 0.0502 51.29 55.00 104 94   730000 1268000   260 10.11
-0.985 0.0504 51.18 55.00 104 94   730000 1268000   260 10.11
-0.976 0.0505 51.13 55.00 104 94   730000 1268000   260 10.11
-0.967 0.0521 51.11 55.00 104 94   730000 1268000   260 10.11
-0.957 0.0518 51.12 55.00 104 94   730000 1268000   260 10.11
-0.948 0.0514 51.16 55.00 104 94   730000 1268000   260 10.11
-0.939 0.0521 51.22 55.00 104 94   730000 1268000   260 10.11
-0.929 0.0517 51.27 55.00 104 94   730000 1268000   260 10.11
-0.920 0.0519 51.33 55.00 104 94   730000 1268000   260 10.11
-0.911 0.0532 51.38 55.00 104 94   730000 1268000   260 10.11
-0.901 0.0517 51.41 55.00 104 94   730000 1268000   260 10.11
-0.892 0.0523 51.43 55.00 104 94   730000 1268000   260 10.11
-0.883 0.0518 51.42 55.00 104 94   730000 1268000   260 10.11
-0.874 0.0516 51.40 55.00 104 94   730000 1268000   260 10.11
-0.864 0.0507 51.35 55.00 104 94   730000 1268000   260 10.11
-0.855 0.0514 51.29 55.00 104 94   730000 1268000   260 10.11
-0.846 0.0499 51.21 55.00 104 94   730000 1268000   260 10.11
-0.836 0.0505 51.11 55.00 104 94   730000 1268000   260 10.11
-0.827 0.0504 51.01 55.00 104 94   730000 1268000   260 10.11
-0.818 0.0513 50.90 55.00 104 94   730000 1268000   260 10.11
-0.809 0.0515 50.79 55.00 104 94   730000 1268000   260 10.11
-0.799 0.0508 50.67 55.00 104 94   730000 1268000   260 10.11
-0.790 0.0500 50.57 55.00 104 94   730000 1268000   260 10.11
-0.781 0.0502 50.47 55.00 104 94   730000 1268000   260 10.11
-0.771 0.0511 50.37 55.00 104 94   730000 1268000   260 10.11
-0.762 0.0501 50.28 55.00 104 94   730000 1268000   260 10.11
-0.753 0.0507 50.20 55.00 104 94   730000 1268000   260 10.11
-0.743 0.0497 50.12 55.00 104 94   730000 1268000   260 10.11
-0.734 0.0497 50.04 55.00 104 94   730000 1268000   260 10.11
-0.725 0.0498 49.96 55.00 104 94   730000 1268000   260 10.11
-0.716 0.0494 49.88 55.00 104 94   730000 1268000   260 10.11
-0.706 0.0519 49.80 55.00 104 94   730000 1268000   260 10.11
-0.697 0.0497 49.71 55.00 104 94   730000 1268000   260 10.11
-0.688 0.0495 49.63 55.00 104 94   730000 1268000   260 10.11
-0.678 0.0499 49.55 55.00 104 94   730000 1268000   260 10.11
-0.669 0.0489 49.47 55.00 104 94   730000 1268000   260 10.11
-0.660 0.0488 49.39 55.00 104 94   730000 1268000   260 10.11
-0.651 0.0494 49.33 55.00 104 94   730000 1268000   260 10.11
-0.641 0.0485 49.26 55.00 104 94   730000 1268000   260 10.11
-0.632 0.0484 49.19 55.00 104 94   730000 1268000   260 10.11
-0.623 0.0499 49.12 55.00 104 94   730000 1268000   260 10.11
-0.613 0.0492 49.03 55.00 104 94   730000 1268000   260 10.11
-0.604 0.0490 48.92 55.00 104 94   730000 1268000   260 10.11
-0.595 0.0491 48.79 55.00 104 94   730000 1268000   260 10.11
-0.586 0.0482 48.65 55.00 104 94   730000 1268000   260 10.11
-0.576 0.0486 48.50 55.00 104 94   730000 1268000   260 10.11
-0.567 0.0495 48.35 55.00 104 94   730000 1268000   260 10.11
-0.558 0.0472 48.20 55.00 104 94   730000 1268000   260 10.11
-0.548 0.0498 48.07 55.00 104 94   730000 1268000   260 10.11
-0.539 0.0488 47.96 55.00 104 94   730000 1268000   260 10.11
-0.530 0.0476 47.87 55.00 104 94   730000 1268000   260 10.11
-0.520 0.0494 47.81 55.00 104 94   730000 1268000   260 10.11
-0.511 0.0467 47.78 55.00 104 94   730000 1268000   260 10.11
-0.502 0.0484 47.78 55.00 104 94   730000 1268000   260 10.11
-0.493 0.0471 47.79 55.00 104 94   730000 1268000   260 10.11
-0.483 0.0466 47.82 55.00 104 94   730000 1268000   260 10.11
-0.474 0.0464 47.88 55.00 104 94   730000 1268000   260 10.11
-0.465 0.0465 47.94 55.00 104 94   730000 1268000   260 10.11
-0.455 0.0453 48.01 55.00 104 94   730000 1268000   260 10.11
-0.446 0.0471 48.09 55.00 104 94   730000 1268000   260 10.11
-0.437 0.0484 48.17 55.00 104 94   730000 1268000   260 10.11
-0.428 0.0474 48.25 55.00 104 94   730000 1268000   260 10.11
-0.418 0.0498 48.32 55.00 104 94   730000 1268000   260 10.11
-0.409 0.0515 48.38 55.00 104 94   730000 1268000   260 10.11
-0.400 0.0503 48.42 55.00 104 94   730000 1268000   260 10.11
-0.390 0.0482 48.44 55.00 104 94   730000 1268000   260 10.11
-0.381 0.0491 48.45 55.00 104 94   730000 1268000   260 10.11
-0.372 0.0505 48.44 55.00 104 94   730000 1268000   260 10.11
-0.362 0.0483 48.40 55.00 104 94   730000 1268000   260 10.11
-0.353 0.0489 48.33 55.00 104 94   730000 1268000   260 10.11
-0.344 0.0489 48.22 55.00 104 94   730000 1268000   260 10.11
-0.335 0.0470 48.09 55.00 104 94   730000 1268000   260 10.11
-0.325 0.0472 47.93 55.00 104 94   730000 1268000   260 10.11
-0.316 0.0478 47.74 55.00 104 94   730000 1268000   260 10.11
-0.307 0.0477 47.54 55.00 104 94   730000 1268000   260 10.11
-0.297 0.0468 47.34 55.00 104 94   730000 1268000   260 10.11
-0.288 0.0468 47.15 55.00 104 94   730000 1268000   260 10.11
-0.279 0.0465 46.98 55.00 104 94   730000 1268000   260 10.11
-0.270 0.0465 46.84 55.00 104 94   730000 1268000   260 10.11
-0.260 0.0458 46.75 55.00 104 94   730000 1268000   260 10.11
-0.251 0.0466 46.70 55.00 104 94   730000 1268000   260 10.11
-0.242 0.0465 46.72 55.00 104 94   730000 1268000   260 10.11
-0.232 0.0464 46.78 55.00 104 94   730000 1268000   260 10.11
-0.223 0.0481 46.90 55.00 104 94   730000 1268000   260 10.11
-0.214 0.0464 47.06 55.00 104 94   730000 1268000   260 10.11
-0.204 0.0464 47.28 55.00 104 94   730000 1268000   260 10.11
-0.195 0.0475 47.55 55.00 104 94   730000 1268000   260 10.11
-0.186 0.0472 47.87 55.00 104 94   730000 1268000   260 10.11
-0.177 0.0477 48.24 55.00 104 94   730000 1268000   260 10.11
-0.167 0.0480 48.62 55.00 104 94   730000 1268000   260 10.11
-0.158 0.0481 49.02 55.00 104 94   730000 1268000   260 10.11
-0.149 0.0489 49.40 55.00 104 94   730000 1268000   260 10.11
-0.139 0.0494 49.75 55.00 104 94   730000 1268000   260 10.11
-0.130 0.0495 50.03 55.00 104 94   730000 1268000   260 10.11
-0.121 0.0510 50.23 55.00 104 94   730000 1268000   260 10.11
-0.112 0.0493 50.33 55.00 104 94   730000 1268000   260 10.11
-0.102 0.0498 50.32 55.00 104 94   730000 1268000   260 10.11
-0.093 0.0505 50.18 55.00 104 94   730000 1268000   260 10.11
-0.084 0.0513 49.91 55.00 104 94   730000 1268000   260 10.11
-0.074 0.0519 49.51 55.00 104 94   730000 1268000   260 10.11
-0.065 0.0500 48.98 55.00 104 94   730000 1268000   260 10.11
-0.056 0.0507 48.32 55.00 104 94   730000 1268000   260 10.11
-0.046 0.0511 47.54 55.00 104 94   730000 1268000   260 10.11
-0.037 0.0498 46.65 55.00 104 94   730000 1268000   260 10.11
-0.028 0.0490 45.68 55.00 104 94   730000 1268000   260 10.11
-0.019 0.0464 44.62 55.00 104 94   730000 1268000   260 10.11
-0.009 0.0422 43.52 55.00 104 94   730000 1268000   260 10.11
0.000 0.0409 42.38 55.00 104 94   730000 1268000   260 10.11
0.009 0.0395 41.24 55.00 104 94   730000 1268000   260 10.11
0.019 0.0378 40.11 55.00 104 94   730000 1268000   260 10.11
0.028 0.0361 39.01 55.00 104 94   730000 1268000   260 10.11
0.037 0.0362 37.95 55.00 104 94   730000 1268000   260 10.11
0.046 0.0356 36.97 55.00 104 94   730000 1268000   260 10.11
0.056 0.0350 36.06 55.00 104 94   730000 1268000   260 10.11
0.065 0.0344 35.24 55.00 104 94   730000 1268000   260 10.11
0.074 0.0329 34.52 55.00 104 94   730000 1268000   260 10.11
0.084 0.0339 33.90 55.00 104 94   730000 1268000   260 10.11
0.093 0.0327 33.37 55.00 104 94   730000 1268000   260 10.11
0.102 0.0317 32.95 55.00 104 94   730000 1268000   260 10.11
0.112 0.0331 32.62 55.00 104 94   730000 1268000   260 10.11
0.121 0.0321 32.37 55.00 104 94   730000 1268000   260 10.11
0.130 0.0332 32.19 55.00 104 94   730000 1268000   260 10.11
0.139 0.0339 32.07 55.00 104 94   730000 1268000   260 10.11
0.149 0.0341 32.00 55.00 104 94   730000 1268000   260 10.11
0.158 0.0334 31.96 55.00 104 94   730000 1268000   260 10.11
0.167 0.0325 31.95 55.00 104 94   730000 1268000   260 10.11
0.177 0.0319 31.96 55.00 104 94   730000 1268000   260 10.11
0.186 0.0322 31.99 55.00 104 94   730000 1268000   260 10.11
0.195 0.0318 32.04 55.00 104 94   730000 1268000   260 10.11
0.204 0.0316 32.11 55.00 104 94   730000 1268000   260 10.11
0.214 0.0319 32.20 55.00 104 94   730000 1268000   260 10.11
0.223 0.0318 32.31 55.00 104 94   730000 1268000   260 10.11
0.232 0.0309 32.44 55.00 104 94   730000 1268000   260 10.11
0.242 0.0313 32.59 55.00 104 94   730000 1268000   260 10.11
0.251 0.0325 32.77 55.00 104 94   730000 1268000   260 10.11
0.260 0.0318 32.97 55.00 104 94   730000 1268000   260 10.11
0.270 0.0336 33.20 55.00 104 94   730000 1268000   260 10.11
0.279 0.0347 33.47 55.00 104 94   730000 1268000   260 10.11
0.288 0.0345 33.77 55.00 104 94   730000 1268000   260 10.11
0.297 0.0344 34.11 55.00 104 94   730000 1268000   260 10.11
0.307 0.0349 34.48 55.00 104 94   730000 1268000   260 10.11
0.316 0.0352 34.87 55.00 104 94   730000 1268000   260 10.11
0.325 0.0357 35.29 55.00 104 94   730000 1268000   260 10.11
0.334 0.0357 35.71 55.00 104 94   730000 1268000   260 10.11
0.343 0.0361 36.13 55.00 104 94   730000 1268000   260 10.11
0.351 0.0356 36.54 55.00 104 94   730000 1268000   260 10.11
0.359 0.0360 36.92 55.00 104 94   730000 1268000   260 10.11
0.366 0.0373 37.28 55.00 104 94   730000 1268000   260 10.11
0.374 0.0371 37.61 55.00 104 94   730000 1268000   260 10.11
0.381 0.0378 37.89 55.00 104 94   730000 1268000   260 10.11
0.387 0.0382 38.14 55.00 104 94   730000 1268000   260 10.11
0.394 0.0383 38.35 55.00 104 94   730000 1268000   260 10.11
0.400 0.0406 38.52 55.00 104 94   730000 1268000   260 10.11
0.406 0.0387 38.66 55.00 104 94   730000 1268000   260 10.11
0.412 0.0390 38.76 55.00 104 94   730000 1268000   260 10.11
0.417 0.0388 38.84 55.00 104 94   730000 1268000   260 10.11
0.422 0.0402 38.88 55.00 104 94   730000 1268000   260 10.11
0.427 0.0388 38.90 55.00 104 94   730000 1268000   260 10.11
0.432 0.0406 38.90 55.00 104 94   730000 1268000   260 10.11
0.437 0.0393 38.88 55.00 104 94   730000 1268000   260 10.11
0.441 0.0387 38.85 55.00 104 94   730000 1268000   260 10.11
0.445 0.0384 38.79 55.00 104 94   730000 1268000   260 10.11
0.449 0.0378 38.72 55.00 104 94   730000 1268000   260 10.11
0.453 0.0383 38.64 55.00 104 94   730000 1268000   260 10.11
0.457 0.0383 38.53 55.00 104 94   730000 1268000   260 10.11
0.461 0.0377 38.42 55.00 104 94   730000 1268000   260 10.11
0.464 0.0372 38.31 55.00 104 94   730000 1268000   260 10.11
0.467 0.0377 38.21 55.00 104 94   730000 1268000   260 10.11
0.471 0.0379 38.13 55.00 104 94   730000 1268000   260 10.11
0.474 0.0387 38.08 55.00 104 94   730000 1268000   260 10.11
0.477 0.0388 38.06 55.00 104 94   730000 1268000   260 10.11
0.479 0.0390 38.07 55.00 104 94   730000 1268000   260 10.11
0.482 0.0366 38.11 55.00 104 94   730000 1268000   260 10.11
0.485 0.0379 38.17 55.00 104 94   730000 1268000   260 10.11
0.487 0.0395 38.24 55.00 104 94   730000 1268000   260 10.11
0.489 0.0391 38.33 55.00 104 94   730000 1268000   260 10.11
0.492 0.0397 38.43 55.00 104 94   730000 1268000   260 10.11
0.494 0.0383 38.55 55.00 104 94   730000 1268000   260 10.11
0.496 0.0385 38.68 55.00 104 94   730000 1268000   260 10.11
0.498 0.0373 38.83 55.00 104 94   730000 1268000   260 10.11
0.500 0.0367 39.00 55.00 104 94   730000 1268000   260 10.11
0.502 0.0367 39.18 55.00 104 94   730000 1268000   260 10.11
0.504 0.0414 39.39 55.00 104 94   730000 1268000   260 10.11
0.506 0.0417 39.61 55.00 104 94   730000 1268000   260 10.11
0.507 0.0403 39.87 55.00 104 94   730000 1268000   260 10.11
0.509 0.0406 40.14 55.00 104 94   730000 1268000   260 10.11
0.511 0.0419 40.43 55.00 104 94   730000 1268000   260 10.11
0.513 0.0402 40.74 55.00 104 94   730000 1268000   260 10.11
0.515 0.0407 41.05 55.00 104 94   730000 1268000   260 10.11
0.517 0.0400 41.37 55.00 104 94   730000 1268000   260 10.11
0.519 0.0377 41.68 55.00 104 94   730000 1268000   260 10.11
0.520 0.0420 41.97 55.00 104 94   730000 1268000   260 10.11
0.522 0.0448 42.25 55.00 104 94   730000 1268000   260 10.11
0.524 0.0405 42.49 55.00 104 94   730000 1268000   260 10.11
0.526 0.0442 42.72 55.00 104 94   730000 1268000   260 10.11
0.528 0.0456 42.93 55.00 104 94   730000 1268000   260 10.11
0.530 0.0444 43.13 55.00 104 94   730000 1268000   260 10.11
0.532 0.0428 43.32 55.00 104 94   730000 1268000   260 10.11
0.533 0.0466 43.52 55.00 104 94   730000 1268000   260 10.11
0.535 0.0426 43.74 55.00 104 94   730000 1268000   260 10.11
0.537 0.0421 43.98 55.00 104 94   730000 1268000   260 10.11
0.539 0.0472 44.25 55.00 104 94   730000 1268000   260 10.11
0.541 0.0440 44.55 55.00 104 94   730000 1268000   260 10.11
0.543 0.0435 44.86 55.00 104 94   730000 1268000   260 10.11
0.545 0.0434 45.18 55.00 104 94   730000 1268000   260 10.11
0.546 0.0436 45.49 55.00 104 94   730000 1268000   260 10.11
0.548 0.0487 45.80 55.00 104 94   730000 1268000   260 10.11
0.550 0.0442 46.12 55.00 104 94   730000 1268000   260 10.11
0.552 0.0426 46.43 55.00 104 94   730000 1268000   260 10.11
0.554 0.0453 46.74 55.00 104 94   730000 1268000   260 10.11
0.556 0.0465 47.08 55.00 104 94   730000 1268000   260 10.11
0.558 0.0512 47.43 55.00 104 94   730000 1268000   260 10.11
0.559 0.0471 47.82 55.00 104 94   730000 1268000   260 10.11
0.561 0.0508 48.23 55.00 104 94   730000 1268000   260 10.11
0.563 0.0502 48.66 55.00 104 94   730000 1268000   260 10.11
0.565 0.0485 49.09 55.00 104 94   730000 1268000   260 10.11
0.567 0.0544 49.52 55.00 104 94   730000 1268000   260 10.11
0.569 0.0493 49.94 55.00 104 94   730000 1268000   260 10.11
0.571 0.0495 50.35 55.00 104 94   730000 1268000   260 10.11
0.572 0.0487 50.73 55.00 104 94   730000 1268000   260 10.11
0.574 0.0483 51.11 55.00 104 94   730000 1268000   260 10.11
0.576 0.0519 51.46 55.00 104 94   730000 1268000   260 10.11
0.578 0.0513 51.79 55.00 104 94   730000 1268000   260 10.11
0.580 0.0520 52.11 55.00 104 94   730000 1268000   260 10.11
0.582 0.0528 52.42 55.00 104 94   730000 1268000   260 10.11
0.584 0.0506 52.71 55.00 104 94   730000 1268000   260 10.11
0.586 0.0547 53.01 55.00 104 94   730000 1268000   260 10.11
0.587 0.0540 53.30 55.00 104 94   730000 1268000   260 10.11
0.589 0.0536 53.58 55.00 104 94   730000 1268000   260 10.11
0.591 0.0552 53.87 55.00 104 94   730000 1268000   260 10.11
0.593 0.0566 54.16 55.00 104 94   730000 1268000   260 10.11
0.595 0.0531 54.47 55.00 104 94   730000 1268000   260 10.11
0.597 0.0519 54.77 55.00 104 94   730000 1268000   260 10.11
0.599 0.0560 55.06 55.00 104 94   730000 1268000   260 10.11
0.600 0.0533 55.34 55.00 104 94   730000 1268000   260 10.11
0.602 0.0566 55.61 55.00 104 94   730000 1268000   260 10.11
0.604 0.0587 55.86 55.00 104 94   730000 1268000   260 10.11
0.606 0.0553 56.09 55.00 104 94   730000 1268000   260 10.11
0.608 0.0563 56.28 55.00 104 94   730000 1268000   260 10.11
0.610 0.0554 56.42 55.00 104 94   730000 1268000   260 10.11
0.612 0.0575 56.52 55.00 104 94   730000 1268000   260 10.11
0.613 0.0555 56.59 55.00 104 94   730000 1268000   260 10.11
0.615 0.0574 56.63 55.00 104 94   730000 1268000   260 10.11
0.617 0.0547 56.66 55.00 104 94   730000 1268000   260 10.11
0.619 0.0573 56.68 55.00 104 94   730000 1268000   260 10.11
0.621 0.0585 56.69 55.00 104 94   730000 1268000   260 10.11
0.623 0.0561 56.70 55.00 104 94   730000 1268000   260 10.11
0.625 0.0548 56.71 55.00 104 94   730000 1268000   260 10.11
0.626 0.0606 56.71 55.00 104 94   730000 1268000   260 10.11
0.628 0.0607 56.71 55.00 104 94   730000 1268000   260 10.11
0.630 0.0541 56.72 55.00 104 94   730000 1268000   260 10.11
0.632 0.0558 56.74 55.00 104 94   730000 1268000   260 10.11
0.634 0.0593 56.76 55.00 104 94   730000 1268000   260 10.11
0.636 0.0531 56.78 55.00 104 94   730000 1268000   260 10.11
0.638 0.0578 56.80 55.00 104 94   730000 1268000   260 10.11
0.639 0.0541 56.82 55.00 104 94   730000 1268000   260 10.11
0.641 0.0498 56.83 55.00 104 94   730000 1268000   260 10.11
0.643 0.0550 56.83 55.00 104 94   730000 1268000   260 10.11
0.645 0.0611 56.82 55.00 104 94   730000 1268000   260 10.11
0.647 0.0590 56.80 55.00 104 94   730000 1268000   260 10.11
0.649 0.0586 56.77 55.00 104 94   730000 1268000   260 10.11
0.651 0.0606 56.75 55.00 104 94   730000 1268000   260 10.11
0.652 0.0564 56.74 55.00 104 94   730000 1268000   260 10.11
0.654 0.0539 56.74 55.00 104 94   730000 1268000   260 10.11
0.656 0.0599 56.74 55.00 104 94   730000 1268000   260 10.11
0.658 0.0538 56.73 55.00 104 94   730000 1268000   260 10.11
0.660 0.0548 56.71 55.00 104 94   730000 1268000   260 10.11
0.662 0.0603 56.68 55.00 104 94   730000 1268000   260 10.11
0.664 0.0605 56.61 55.00 104 94   730000 1268000   260 10.11
0.665 0.0546 56.52 55.00 104 94   730000 1268000   260 10.11
0.667 0.0523 56.41 55.00 104 94   730000 1268000   260 10.11
0.669 0.0564 56.27 55.00 104 94   730000 1268000   260 10.11
0.671 0.0518 56.11 55.00 104 94   730000 1268000   260 10.11
0.673 0.0606 55.93 55.00 104 94   730000 1268000   260 10.11
0.675 0.0561 55.75 55.00 104 94   730000 1268000   260 10.11
0.677 0.0538 55.58 55.00 104 94   730000 1268000   260 10.11
0.678 0.0555 55.42 55.00 104 94   730000 1268000   260 10.11
0.680 0.0591 55.28 55.00 104 94   730000 1268000   260 10.11
0.682 0.0532 55.15 55.00 104 94   730000 1268000   260 10.11
0.684 0.0537 55.05 55.00 104 94   730000 1268000   260 10.11
0.686 0.0595 54.94 55.00 104 94   730000 1268000   260 10.11
0.688 0.0548 54.83 55.00 104 94   730000 1268000   260 10.11
0.690 0.0513 54.72 55.00 104 94   730000 1268000   260 10.11
0.691 0.0536 54.62 55.00 104 94   730000 1268000   260 10.11
0.693 0.0534 54.53 55.00 104 94   730000 1268000   260 10.11
0.695 0.0567 54.47 55.00 104 94   730000 1268000   260 10.11
0.697 0.0547 54.42 55.00 104 94   730000 1268000   260 10.11
0.699 0.0529 54.39 55.00 104 94   730000 1268000   260 10.11
0.701 0.0565 54.37 55.00 104 94   730000 1268000   260 10.11
0.703 0.0568 54.37 55.00 104 94   730000 1268000   260 10.11
0.704 0.0511 54.38 55.00 104 94   730000 1268000   260 10.11
0.706 0.0508 54.41 55.00 104 94   730000 1268000   260 10.11
0.708 0.0553 54.46 55.00 104 94   730000 1268000   260 10.11
0.710 0.0551 54.52 55.00 104 94   730000 1268000   260 10.11
0.712 0.0573 54.58 55.00 104 94   730000 1268000   260 10.11
0.714 0.0505 54.65 55.00 104 94   730000 1268000   260 10.11
0.716 0.0562 54.71 55.00 104 94   730000 1268000   260 10.11
0.717 0.0542 54.78 55.00 104 94   730000 1268000   260 10.11
0.719 0.0578 54.85 55.00 104 94   730000 1268000   260 10.11
0.721 0.0527 54.93 55.00 104 94   730000 1268000   260 10.11
0.723 0.0535 55.00 55.00 104 94   730000 1268000   260 10.11
0.725 0.0601 55.07 55.00 104 94   730000 1268000   260 10.11
0.727 0.0583 55.13 55.00 104 94   730000 1268000   260 10.11
0.729 0.0506 55.19 55.00 104 94   730000 1268000   260 10.11
0.730 0.0534 55.23 55.00 104 94   730000 1268000   260 10.11
0.732 0.0592 55.28 55.00 104 94   730000 1268000   260 10.11
0.734 0.0498 55.32 55.00 104 94   730000 1268000   260 10.11
0.736 0.0576 55.34 55.00 104 94   730000 1268000   260 10.11
0.738 0.0599 55.35 55.00 104 94   730000 1268000   260 10.11
0.740 0.0524 55.36 55.00 104 94   730000 1268000   260 10.11
0.742 0.0521 55.35 55.00 104 94   730000 1268000   260 10.11
0.743 0.0525 55.34 55.00 104 94   730000 1268000   260 10.11
0.745 0.0612 55.34 55.00 104 94   730000 1268000   260 10.11
0.747 0.0531 55.36 55.00 104 94   730000 1268000   260 10.11
0.749 0.0575 55.39 55.00 104 94   730000 1268000   260 10.11
0.751 0.0569 55.44 55.00 104 94   730000 1268000   260 10.11
0.753 0.0561 55.50 55.00 104 94   730000 1268000   260 10.11
0.755 0.0539 55.57 55.00 104 94   730000 1268000   260 10.11
0.757 0.0545 55.64 55.00 104 94   730000 1268000   260 10.11
0.758 0.0540 55.72 55.00 104 94   730000 1268000   260 10.11
0.760 0.0591 55.79 55.00 104 94   730000 1268000   260 10.11
0.762 0.0519 55.86 55.00 104 94   730000 1268000   260 10.11
0.764 0.0558 55.94 55.00 104 94   730000 1268000   260 10.11
0.766 0.0589 56.00 55.00 104 94   730000 1268000   260 10.11
0.768 0.0574 56.07 55.00 104 94   730000 1268000   260 10.11
0.770 0.0547 56.14 55.00 104 94   730000 1268000   260 10.11
0.771 0.0531 56.21 55.00 104 94   730000 1268000   260 10.11
0.773 0.0597 56.30 55.00 104 94   730000 1268000   260 10.11
0.775 0.0584 56.40 55.00 104 94   730000 1268000   260 10.11
0.777 0.0494 56.51 55.00 104 94   730000 1268000   260 10.11
0.779 0.0641 56.63 55.00 104 94   730000 1268000   260 10.11
0.781 0.0581 56.77 55.00 104 94   730000 1268000   260 10.11
0.783 0.0531 56.92 55.00 104 94   730000 1268000   260 10.11
0.784 0.0576 57.08 55.00 104 94   730000 1268000   260 10.11
0.786 0.0562 57.23 55.00 104 94   730000 1268000   260 10.11
0.788 0.0550 57.36 55.00 104 94   730000 1268000   260 10.11
0.790 0.0563 57.47 55.00 104 94   730000 1268000   260 10.11
0.792 0.0620 57.57 55.00 104 94   730000 1268000   260 10.11
0.794 0.0549 57.64 55.00 104 94   730000 1268000   260 10.11
0.796 0.0590 57.70 55.00 104 94   730000 1268000   260 10.11
0.797 0.0580 57.75 55.00 104 94   730000 1268000   260 10.11
0.799 0.0576 57.79 55.00 104 94   730000 1268000   260 10.11
0.801 0.0592 57.85 55.00 104 94   730000 1268000   260 10.11
0.803 0.0561 57.92 55.00 104 94   730000 1268000   260 10.11
0.805 0.0597 58.01 55.00 104 94   730000 1268000   260 10.11
0.807 0.0603 58.12 55.00 104 94   730000 1268000   260 10.11
0.809 0.0603 58.24 55.00 104 94   730000 1268000   260 10.11
0.810 0.0556 58.37 55.00 104 94   730000 1268000   260 10.11
0.812 0.0594 58.51 55.00 104 94   730000 1268000   260 10.11
0.814 0.0566 58.65 55.00 104 94   730000 1268000   260 10.11
0.816 0.0574 58.79 55.00 104 94   730000 1268000   260 10.11
0.818 0.0627 58.92 55.00 104 94   730000 1268000   260 10.11
0.820 0.0506 59.05 55.00 104 94   730000 1268000   260 10.11
0.822 0.0611 59.17 55.00 104 94   730000 1268000   260 10.11
0.823 0.0573 59.30 55.00 104 94   730000 1268000   260 10.11
0.825 0.0613 59.45 55.00 104 94   730000 1268000   260 10.11
0.827 0.0600 59.60 55.00 104 94   730000 1268000   260 10.11
0.829 0.0591 59.78 55.00 104 94   730000 1268000   260 10.11
0.831 0.0617 59.95 55.00 104 94   730000 1268000   260 10.11
0.833 0.0601 60.12 55.00 104 94   730000 1268000   260 10.11
0.835 0.0651 60.26 55.00 104 94   730000 1268000   260 10.11
0.836 0.0643 60.39 55.00 104 94   730000 1268000   260 10.11
0.838 0.0578 60.51 55.00 104 94   730000 1268000   260 10.11
0.840 0.0550 60.62 55.00 104 94   730000 1268000   260 10.11
0.842 0.0625 60.71 55.00 104 94   730000 1268000   260 10.11
0.844 0.0612 60.79 55.00 104 94   730000 1268000   260 10.11
0.846 0.0586 60.87 55.00 104 94   730000 1268000   260 10.11
0.848 0.0625 60.93 55.00 104 94   730000 1268000   260 10.11
0.849 0.0636 60.99 55.00 104 94   730000 1268000   260 10.11
0.851 0.0570 61.05 55.00 104 94   730000 1268000   260 10.11
0.853 0.0591 61.10 55.00 104 94   730000 1268000   260 10.11
0.855 0.0670 61.16 55.00 104 94   730000 1268000   260 10.11
0.857 0.0642 61.23 55.00 104 94   730000 1268000   260 10.11
0.859 0.0569 61.31 55.00 104 94   730000 1268000   260 10.11
0.861 0.0612 61.40 55.00 104 94   730000 1268000   260 10.11
0.862 0.0589 61.51 55.00 104 94   730000 1268000   260 10.11
0.864 0.0615 61.63 55.00 104 94   730000 1268000   260 10.11
0.866 0.0582 61.76 55.00 104 94   730000 1268000   260 10.11
0.868 0.0622 61.90 55.00 104 94   730000 1268000   260 10.11
0.870 0.0625 62.05 55.00 104 94   730000 1268000   260 10.11
0.872 0.0680 62.18 55.00 104 94   730000 1268000   260 10.11
0.874 0.0661 62.30 55.00 104 94   730000 1268000   260 10.11
0.875 0.0579 62.41 55.00 104 94   730000 1268000   260 10.11
0.877 0.0631 62.50 55.00 104 94   730000 1268000   260 10.11
0.879 0.0652 62.59 55.00 104 94   730000 1268000   260 10.11
0.881 0.0607 62.68 55.00 104 94   730000 1268000   260 10.11
0.883 0.0619 62.75 55.00 104 94   730000 1268000   260 10.11
0.885 0.0623 62.81 55.00 104 94   730000 1268000   260 10.11
0.887 0.0607 62.87 55.00 104 94   730000 1268000   260 10.11
0.888 0.0662 62.92 55.00 104 94   730000 1268000   260 10.11
0.890 0.0604 62.97 55.00 104 94   730000 1268000   260 10.11
0.892 0.0655 63.04 55.00 104 94   730000 1268000   260 10.11
0.894 0.0651 63.12 55.00 104 94   730000 1268000   260 10.11
0.896 0.0626 63.24 55.00 104 94   730000 1268000   260 10.11
0.898 0.0627 63.39 55.00 104 94   730000 1268000   260 10.11
0.900 0.0678 63.60 55.00 104 94   730000 1268000   260 10.11
0.901 0.0581 63.87 55.00 104 94   730000 1268000   260 10.11
0.903 0.0671 64.21 55.00 104 94   730000 1268000   260 10.11
0.905 0.0598 64.61 55.00 104 94   730000 1268000   260 10.11
0.907 0.0615 65.07 55.00 104 94   730000 1268000   260 10.11
0.909 0.0693 65.57 55.00 104 94   730000 1268000   260 10.11
0.911 0.0669 66.08 55.00 104 94   730000 1268000   260 10.11
0.913 0.0666 66.60 55.00 104 94   730000 1268000   260 10.11
0.914 0.0630 67.13 55.00 104 94   730000 1268000   260 10.11
0.916 0.0660 67.66 55.00 104 94   730000 1268000   260 10.11
0.918 0.0664 68.19 55.00 104 94   730000 1268000   260 10.11
0.920 0.0743 68.71 55.00 104 94   730000 1268000   260 10.11
0.922 0.0688 69.23 55.00 104 94   730000 1268000   260 10.11
0.924 0.0738 69.74 55.00 104 94   730000 1268000   260 10.11
0.926 0.0684 70.26 55.00 104 94   730000 1268000   260 10.11
0.928 0.0701 70.76 55.00 104 94   730000 1268000   260 10.11
0.929 0.0744 71.24 55.00 104 94   730000 1268000   260 10.11
0.931 0.0763 71.70 55.00 104 94   730000 1268000   260 10.11
0.933 0.0699 72.14 55.00 104 94   730000 1268000   260 10.11
0.935 0.0736 72.57 55.00 104 94   730000 1268000   260 10.11
0.937 0.0709 72.99 55.00 104 94   730000 1268000   260 10.11
0.939 0.0724 73.39 55.00 104 94   730000 1268000   260 10.11
0.941 0.0769 73.80 55.00 104 94   730000 1268000   260 10.11
0.942 0.0704 74.20 55.00 104 94   730000 1268000   260 10.11
0.944 0.0713 74.61 55.00 104 94   730000 1268000   260 10.11
0.946 0.0751 75.02 55.00 104 94   730000 1268000   260 10.11
0.948 0.0731 75.44 55.00 104 94   730000 1268000   260 10.11
0.950 0.0789 75.87 55.00 104 94   730000 1268000   260 10.11
0.952 0.0784 76.32 55.00 104 94   730000 1268000   260 10.11
0.954 0.0716 76.79 55.00 104 94   730000 1268000   260 10.11
0.955 0.0748 77.29 55.00 104 94   730000 1268000   260 10.11
0.957 0.0849 77.83 55.00 104 94   730000 1268000   260 10.11
0.959 0.0792 78.38 55.00 104 94   730000 1268000   260 10.11
0.961 0.0800 78.94 55.00 104 94   730000 1268000   260 10.11
0.963 0.0715 79.48 55.00 104 94   730000 1268000   260 10.11
0.965 0.0839 80.01 55.00 104 94   730000 1268000   260 10.11
0.967 0.0845 80.52 55.00 104 94   730000 1268000   260 10.11
0.968 0.0824 81.01 55.00 104 94   730000 1268000   260 10.11
0.970 0.0796 81.47 55.00 104 94   730000 1268000   260 10.11
0.972 0.0820 81.89 55.00 104 94   730000 1268000   260 10.11
0.974 0.0787 82.28 55.00 104 94   730000 1268000   260 10.11
0.976 0.0861 82.66 55.00 104 94   730000 1268000   260 10.11
0.978 0.0789 83.03 55.00 104 94   730000 1268000   260 10.11
0.980 0.0829 83.38 55.00 104 94   730000 1268000   260 10.11
0.981 0.0873 83.71 55.00 104 94   730000 1268000   260 10.11
0.983 0.0874 84.03 55.00 104 94   730000 1268000   260 10.11
0.985 0.0809 84.34 55.00 104 94   730000 1268000   260 10.11
0.987 0.0830 84.64 55.00 104 94   730000 1268000   260 10.11
0.989 0.0870 84.92 55.00 104 94   730000 1268000   260 10.11
0.991 0.0879 85.19 55.00 104 94   730000 1268000   260 10.11
0.993 0.0783 85.45 55.00 104 94   730000 1268000   260 10.11
0.994 0.0881 85.70 55.00 104 94   730000 1268000   260 10.11
0.996 0.0797 85.94 55.00 104 94   730000 1268000   260 10.11
0.998 0.0916 86.15 55.00 104 94   730000 1268000   260 10.11
1.000 0.0868 86.31 55.00 104 94   730000 1268000   260 10.11
1.002 0.0877 86.44 55.00 104 94   730000 1268000   260 10.11
1.004 0.0845 86.51 55.00 104 94   730000 1268000   260 10.11
1.006 0.0873 86.53 55.00 104 94   730000 1268000   260 10.11
1.007 0.0863 86.47 55.00 104 94   730000 1268000   260 10.11
1.009 0.0898 86.35 55.00 104 94   730000 1268000   260 10.11
1.011 0.0889 86.17 55.00 104 94   730000 1268000   260 10.11
1.013 0.0808 85.93 55.00 104 94   730000 1268000   260 10.11
1.015 0.0828 85.64 55.00 104 94   730000 1268000   260 10.11
1.017 0.0837 85.28 55.00 104 94   730000 1268000   260 10.11
1.019 0.0937 84.85 55.00 104 94   730000 1268000   260 10.11
1.020 0.0812 84.36 55.00 104 94   730000 1268000   260 10.11
1.022 0.0892 83.81 55.00 104 94   730000 1268000   260 10.11
1.024 0.0795 83.22 55.00 104 94   730000 1268000   260 10.11
1.026 0.0843 82.58 55.00 104 94   730000 1268000   260 10.11
1.028 0.0822 81.91 55.00 104 94   730000 1268000   260 10.11
1.030 0.0844 81.22 55.00 104 94   730000 1268000   260 10.11
1.032 0.0751 80.51 55.00 104 94   730000 1268000   260 10.11
1.033 0.0740 79.78 55.00 104 94   730000 1268000   260 10.11
1.035 0.0811 79.04 55.00 104 94   730000 1268000   260 10.11
1.037 0.0804 78.28 55.00 104 94   730000 1268000   260 10.11
1.039 0.0789 77.51 55.00 104 94   730000 1268000   260 10.11
1.041 0.0723 76.73 55.00 104 94   730000 1268000   260 10.11
1.043 0.0786 75.96 55.00 104 94   730000 1268000   260 10.11
1.045 0.0781 75.20 55.00 104 94   730000 1268000   260 10.11
1.046 0.0724 74.45 55.00 104 94   730000 1268000   260 10.11
1.048 0.0705 73.72 55.00 104 94   730000 1268000   260 10.11
1.050 0.0746 73.01 55.00 104 94   730000 1268000   260 10.11
1.052 0.0769 72.33 55.00 104 94   730000 1268000   260 10.11
1.054 0.0653 71.67 55.00 104 94   730000 1268000   260 10.11
1.056 0.0738 71.04 55.00 104 94   730000 1268000   260 10.11
1.058 0.0755 70.42 55.00 104 94   730000 1268000   260 10.11
1.059 0.0692 69.81 55.00 104 94   730000 1268000   260 10.11
1.061 0.0630 69.21 55.00 104 94   730000 1268000   260 10.11
1.063 0.0707 68.61 55.00 104 94   730000 1268000   260 10.11
1.065 0.0678 68.02 55.00 104 94   730000 1268000   260 10.11
1.067 0.0672 67.46 55.00 104 94   730000 1268000   260 10.11
1.069 0.0632 66.93 55.00 104 94   730000 1268000   260 10.11
1.071 0.0673 66.45 55.00 104 94   730000 1268000   260 10.11
1.072 0.0672 66.02 55.00 104 94   730000 1268000   260 10.11
1.074 0.0719 65.64 55.00 104 94   730000 1268000   260 10.11
1.076 0.0621 65.30 55.00 104 94   730000 1268000   260 10.11
1.078 0.0630 64.99 55.00 104 94   730000 1268000   260 10.11
1.080 0.0654 64.71 55.00 104 94   730000 1268000   260 10.11
1.082 0.0631 64.46 55.00 104 94   730000 1268000   260 10.11
1.084 0.0643 64.23 55.00 104 94   730000 1268000   260 10.11
1.086 0.0635 64.03 55.00 104 94   730000 1268000   260 10.11
1.087 0.0650 63.86 55.00 104 94   730000 1268000   260 10.11
1.089 0.0634 63.72 55.00 104 94   730000 1268000   260 10.11
1.091 0.0590 63.58 55.00 104 94   730000 1268000   260 10.11
1.093 0.0643 63.46 55.00 104 94   730000 1268000   260 10.11
1.095 0.0685 63.32 55.00 104 94   730000 1268000   260 10.11
1.097 0.0615 63.19 55.00 104 94   730000 1268000   260 10.11
1.099 0.0599 63.04 55.00 104 94   730000 1268000   260 10.11
1.100 0.0681 62.88 55.00 104 94   730000 1268000   260 10.11
1.102 0.0652 62.73 55.00 104 94   730000 1268000   260 10.11
1.104 0.0622 62.58 55.00 104 94   730000 1268000   260 10.11
1.106 0.0600 62.43 55.00 104 94   730000 1268000   260 10.11
1.108 0.0618 62.27 55.00 104 94   730000 1268000   260 10.11
1.110 0.0620 62.12 55.00 104 94   730000 1268000   260 10.11
1.112 0.0595 61.96 55.00 104 94   730000 1268000   260 10.11
1.113 0.0636 61.79 55.00 104 94   730000 1268000   260 10.11
1.115 0.0631 61.60 55.00 104 94   730000 1268000   260 10.11
1.117 0.0620 61.40 55.00 104 94   730000 1268000   260 10.11
1.119 0.0636 61.20 55.00 104 94   730000 1268000   260 10.11
1.121 0.0583 61.00 55.00 104 94   730000 1268000   260 10.11
1.123 0.0612 60.80 55.00 104 94   730000 1268000   260 10.11
1.125 0.0619 60.62 55.00 104 94   730000 1268000   260 10.11
1.126 0.0524 60.44 55.00 104 94   730000 1268000   260 10.11
1.128 0.0637 60.28 55.00 104 94   730000 1268000   260 10.11
1.130 0.0603 60.15 55.00 104 94   730000 1268000   260 10.11
1.132 0.0608 60.03 55.00 104 94   730000 1268000   260 10.11
1.134 0.0617 59.94 55.00 104 94   730000 1268000   260 10.11
1.136 0.0585 59.86 55.00 104 94   730000 1268000   260 10.11
1.138 0.0626 59.80 55.00 104 94   730000 1268000   260 10.11
1.139 0.0584 59.75 55.00 104 94   730000 1268000   260 10.11
1.141 0.0584 59.71 55.00 104 94   730000 1268000   260 10.11
1.143 0.0602 59.66 55.00 104 94   730000 1268000   260 10.11
1.145 0.0611 59.63 55.00 104 94   730000 1268000   260 10.11
1.147 0.0549 59.59 55.00 104 94   730000 1268000   260 10.11
1.149 0.0592 59.56 55.00 104 94   730000 1268000   260 10.11
1.151 0.0609 59.53 55.00 104 94   730000 1268000   260 10.11
1.152 0.0607 59.49 55.00 104 94   730000 1268000   260 10.11
1.154 0.0568 59.45 55.00 104 94   730000 1268000   260 10.11
1.156 0.0649 59.39 55.00 104 94   730000 1268000   260 10.11
1.158 0.0565 59.32 55.00 104 94   730000 1268000   260 10.11
1.160 0.0595 59.25 55.00 104 94   730000 1268000   260 10.11
1.162 0.0605 59.18 55.00 104 94   730000 1268000   260 10.11
1.164 0.0595 59.12 55.00 104 94   730000 1268000   260 10.11
1.165 0.0590 59.06 55.00 104 94   730000 1268000   260 10.11
1.167 0.0598 59.00 55.00 104 94   730000 1268000   260 10.11
1.169 0.0587 58.95 55.00 104 94   730000 1268000   260 10.11
1.171 0.0582 58.89 55.00 104 94   730000 1268000   260 10.11
1.173 0.0589 58.83 55.00 104 94   730000 1268000   260 10.11
1.175 0.0568 58.77 55.00 104 94   730000 1268000   260 10.11
1.177 0.0583 58.71 55.00 104 94   730000 1268000   260 10.11
1.178 0.0605 58.66 55.00 104 94   730000 1268000   260 10.11
1.180 0.0555 58.62 55.00 104 94   730000 1268000   260 10.11
1.182 0.0623 58.58 55.00 104 94   730000 1268000   260 10.11
1.184 0.0552 58.56 55.00 104 94   730000 1268000   260 10.11
1.186 0.0599 58.55 55.00 104 94   730000 1268000   260 10.11
1.188 0.0601 58.56 55.00 104 94   730000 1268000   260 10.11
1.190 0.0562 58.58 55.00 104 94   730000 1268000   260 10.11
1.191 0.0597 58.60 55.00 104 94   730000 1268000   260 10.11
1.193 0.0593 58.63 55.00 104 94   730000 1268000   260 10.11
1.195 0.0566 58.65 55.00 104 94   730000 1268000   260 10.11
1.197 0.0595 58.67 55.00 104 94   730000 1268000   260 10.11
1.199 0.0606 58.69 55.00 104 94   730000 1268000   260 10.11
1.201 0.0574 58.71 55.00 104 94   730000 1268000   260 10.11
1.203 0.0572 58.73 55.00 104 94   730000 1268000   260 10.11
1.204 0.0606 58.75 55.00 104 94   730000 1268000   260 10.11
1.206 0.0598 58.77 55.00 104 94   730000 1268000   260 10.11
1.208 0.0593 58.79 55.00 104 94   730000 1268000   260 10.11
1.210 0.0579 58.81 55.00 104 94   730000 1268000   260 10.11
1.212 0.0583 58.83 55.00 104 94   730000 1268000   260 10.11
1.214 0.0605 58.83 55.00 104 94   730000 1268000   260 10.11
1.216 0.0559 58.83 55.00 104 94   730000 1268000   260 10.11
1.217 0.0590 58.83 55.00 104 94   730000 1268000   260 10.11
1.219 0.0589 58.83 55.00 104 94   730000 1268000   260 10.11
1.221 0.0604 58.82 55.00 104 94   730000 1268000   260 10.11
1.223 0.0561 58.81 55.00 104 94   730000 1268000   260 10.11
1.225 0.0600 58.80 55.00 104 94   730000 1268000   260 10.11
1.227 0.0594 58.78 55.00 104 94   730000 1268000   260 10.11
1.229 0.0569 58.77 55.00 104 94   730000 1268000   260 10.11
1.230 0.0612 58.76 55.00 104 94   730000 1268000   260 10.11
1.232 0.0598 58.75 55.00 104 94   730000 1268000   260 10.11
1.234 0.0581 58.74 55.00 104 94   730000 1268000   260 10.11
1.236 0.0627 58.74 55.00 104 94   730000 1268000   260 10.11
1.238 0.0545 58.74 55.00 104 94   730000 1268000   260 10.11
1.240 0.0579 58.74 55.00 104 94   730000 1268000   260 10.11
1.242 0.0584 58.74 55.00 104 94   730000 1268000   260 10.11
1.243 0.0584 58.74 55.00 104 94   730000 1268000   260 10.11
1.245 0.0599 58.72 55.00 104 94   730000 1268000   260 10.11
1.247 0.0565 58.70 55.00 104 94   730000 1268000   260 10.11
1.249 0.0598 58.67 55.00 104 94   730000 1268000   260 10.11
1.251 0.0597 58.63 55.00 104 94   730000 1268000   260 10.11
1.253 0.0593 58.61 55.00 104 94   730000 1268000   260 10.11
1.255 0.0600 58.59 55.00 104 94   730000 1268000   260 10.11
1.257 0.0550 58.57 55.00 104 94   730000 1268000   260 10.11
1.258 0.0590 58.57 55.00 104 94   730000 1268000   260 10.11
1.260 0.0603 58.58 55.00 104 94   730000 1268000   260 10.11
1.262 0.0595 58.59 55.00 104 94   730000 1268000   260 10.11
1.264 0.0553 58.61 55.00 104 94   730000 1268000   260 10.11
1.266 0.0603 58.63 55.00 104 94   730000 1268000   260 10.11
1.268 0.0596 58.66 55.00 104 94   730000 1268000   260 10.11
1.270 0.0601 58.69 55.00 104 94   730000 1268000   260 10.11
1.271 0.0567 58.73 55.00 104 94   730000 1268000   260 10.11
1.273 0.0582 58.75 55.00 104 94   730000 1268000   260 10.11
1.275 0.0581 58.78 55.00 104 94   730000 1268000   260 10.11
1.277 0.0582 58.80 55.00 104 94   730000 1268000   260 10.11
1.279 0.0582 58.83 55.00 104 94   730000 1268000   260 10.11
1.281 0.0596 58.86 55.00 104 94   730000 1268000   260 10.11
1.283 0.0597 58.89 55.00 104 94   730000 1268000   260 10.11
1.284 0.0593 58.93 55.00 104 94   730000 1268000   260 10.11
1.286 0.0611 58.96 55.00 104 94   730000 1268000   260 10.11
1.288 0.0581 59.00 55.00 104 94   730000 1268000   260 10.11
1.290 0.0574 59.03 55.00 104 94   730000 1268000   260 10.11
1.292 0.0594 59.06 55.00 104 94   730000 1268000   260 10.11
1.294 0.0600 59.10 55.00 104 94   730000 1268000   260 10.11
1.296 0.0587 59.13 55.00 104 94   730000 1268000   260 10.11
1.297 0.0600 59.17 55.00 104 94   730000 1268000   260 10.11
1.299 0.0566 59.22 55.00 104 94   730000 1268000   260 10.11
1.301 0.0625 59.26 55.00 104 94   730000 1268000   260 10.11
1.303 0.0599 59.31 55.00 104 94   730000 1268000   260 10.11
1.305 0.0574 59.35 55.00 104 94   730000 1268000   260 10.11
1.307 0.0578 59.40 55.00 104 94   730000 1268000   260 10.11
1.309 0.0617 59.44 55.00 104 94   730000 1268000   260 10.11
1.310 0.0566 59.48 55.00 104 94   730000 1268000   260 10.11
1.312 0.0603 59.53 55.00 104 94   730000 1268000   260 10.11
1.314 0.0600 59.58 55.00 104 94   730000 1268000   260 10.11
1.316 0.0599 59.64 55.00 104 94   730000 1268000   260 10.11
1.318 0.0615 59.70 55.00 104 94   730000 1268000   260 10.11
1.320 0.0562 59.76 55.00 104 94   730000 1268000   260 10.11
1.322 0.0614 59.82 55.00 104 94   730000 1268000   260 10.11
1.323 0.0616 59.88 55.00 104 94   730000 1268000   260 10.11
1.325 0.0608 59.93 55.00 104 94   730000 1268000   260 10.11
1.327 0.0572 59.97 55.00 104 94   730000 1268000   260 10.11
1.329 0.0621 60.02 55.00 104 94   730000 1268000   260 10.11
1.331 0.0591 60.06 55.00 104 94   730000 1268000   260 10.11
1.333 0.0613 60.10 55.00 104 94   730000 1268000   260 10.11
1.335 0.0592 60.14 55.00 104 94   730000 1268000   260 10.11
1.336 0.0609 60.17 55.00 104 94   730000 1268000   260 10.11
1.338 0.0587 60.20 55.00 104 94   730000 1268000   260 10.11
1.340 0.0618 60.22 55.00 104 94   730000 1268000   260 10.11
1.342 0.0581 60.24 55.00 104 94   730000 1268000   260 10.11
1.344 0.0615 60.26 55.00 104 94   730000 1268000   260 10.11
1.346 0.0603 60.28 55.00 104 94   730000 1268000   260 10.11
1.348 0.0609 60.29 55.00 104 94   730000 1268000   260 10.11
1.349 0.0592 60.32 55.00 104 94   730000 1268000   260 10.11
1.351 0.0608 60.34 55.00 104 94   730000 1268000   260 10.11
1.353 0.0600 60.37 55.00 104 94   730000 1268000   260 10.11
1.355 0.0602 60.40 55.00 104 94   730000 1268000   260 10.11
1.357 0.0607 60.43 55.00 104 94   730000 1268000   260 10.11
1.359 0.0598 60.46 55.00 104 94   730000 1268000   260 10.11
1.361 0.0620 60.49 55.00 104 94   730000 1268000   260 10.11
1.362 0.0614 60.52 55.00 104 94   730000 1268000   260 10.11
1.364 0.0588 60.55 55.00 104 94   730000 1268000   260 10.11
1.366 0.0605 60.57 55.00 104 94   730000 1268000   260 10.11
1.368 0.0602 60.60 55.00 104 94   730000 1268000   260 10.11
1.370 0.0617 60.62 55.00 104 94   730000 1268000   260 10.11
1.372 0.0609 60.65 55.00 104 94   730000 1268000   260 10.11
1.374 0.0587 60.68 55.00 104 94   730000 1268000   260 10.11
1.375 0.0631 60.71 55.00 104 94   730000 1268000   260 10.11
1.377 0.0586 60.73 55.00 104 94   730000 1268000   260 10.11
1.379 0.0609 60.75 55.00 104 94   730000 1268000   260 10.11
1.381 0.0610 60.75 55.00 104 94   730000 1268000   260 10.11
1.383 0.0608 60.75 55.00 104 94   730000 1268000   260 10.11
1.385 0.0633 60.74 55.00 104 94   730000 1268000   260 10.11
1.387 0.0595 60.72 55.00 104 94   730000 1268000   260 10.11
1.388 0.0572 60.69 55.00 104 94   730000 1268000   260 10.11
1.390 0.0629 60.65 55.00 104 94   730000 1268000   260 10.11
1.392 0.0611 60.61 55.00 104 94   730000 1268000   260 10.11
1.394 0.0604 60.58 55.00 104 94   730000 1268000   260 10.11
1.396 0.0629 60.56 55.00 104 94   730000 1268000   260 10.11
1.398 0.0595 60.55 55.00 104 94   730000 1268000   260 10.11
1.400 0.0592 60.54 55.00 104 94   730000 1268000   260 10.11
1.401 0.0617 60.53 55.00 104 94   730000 1268000   260 10.11
1.403 0.0616 60.52 55.00 104 94   730000 1268000   260 10.11
1.405 0.0617 60.51 55.00 104 94   730000 1268000   260 10.11
1.407 0.0566 60.50 55.00 104 94   730000 1268000   260 10.11
1.409 0.0605 60.48 55.00 104 94   730000 1268000   260 10.11
1.411 0.0603 60.46 55.00 104 94   730000 1268000   260 10.11
1.413 0.0589 60.44 55.00 104 94   730000 1268000   260 10.11
1.414 0.0610 60.42 55.00 104 94   730000 1268000   260 10.11
1.416 0.0603 60.40 55.00 104 94   730000 1268000   260 10.11
1.418 0.0621 60.39 55.00 104 94   730000 1268000   260 10.11
1.420 0.0595 60.39 55.00 104 94   730000 1268000   260 10.11
1.422 0.0602 60.39 55.00 104 94   730000 1268000   260 10.11
1.424 0.0625 60.40 55.00 104 94   730000 1268000   260 10.11
1.426 0.0593 60.42 55.00 104 94   730000 1268000   260 10.11
1.428 0.0669 60.44 55.00 104 94   730000 1268000   260 10.11
1.429 0.0562 60.47 55.00 104 94   730000 1268000   260 10.11
1.431 0.0592 60.51 55.00 104 94   730000 1268000   260 10.11
1.433 0.0590 60.54 55.00 104 94   730000 1268000   260 10.11
1.435 0.0617 60.56 55.00 104 94   730000 1268000   260 10.11
1.437 0.0595 60.58 55.00 104 94   730000 1268000   260 10.11
1.439 0.0589 60.59 55.00 104 94   730000 1268000   260 10.11
1.441 0.0621 60.60 55.00 104 94   730000 1268000   260 10.11
1.442 0.0611 60.60 55.00 104 94   730000 1268000   260 10.11
1.444 0.0607 60.60 55.00 104 94   730000 1268000   260 10.11
1.446 0.0616 60.60 55.00 104 94   730000 1268000   260 10.11
1.448 0.0597 60.61 55.00 104 94   730000 1268000   260 10.11
1.450 0.0593 60.63 55.00 104 94   730000 1268000   260 10.11
1.452 0.0644 60.66 55.00 104 94   730000 1268000   260 10.11
1.454 0.0604 60.69 55.00 104 94   730000 1268000   260 10.11
1.455 0.0598 60.73 55.00 104 94   730000 1268000   260 10.11
1.457 0.0589 60.77 55.00 104 94   730000 1268000   260 10.11
1.459 0.0623 60.81 55.00 104 94   730000 1268000   260 10.11
1.461 0.0610 60.86 55.00 104 94   730000 1268000   260 10.11
1.463 0.0620 60.90 55.00 104 94   730000 1268000   260 10.11
1.465 0.0583 60.95 55.00 104 94   730000 1268000   260 10.11
1.467 0.0613 61.00 55.00 104 94   730000 1268000   260 10.11
1.468 0.0638 61.05 55.00 104 94   730000 1268000   260 10.11
1.470 0.0574 61.10 55.00 104 94   730000 1268000   260 10.11
1.472 0.0622 61.16 55.00 104 94   730000 1268000   260 10.11
1.474 0.0601 61.22 55.00 104 94   730000 1268000   260 10.11
1.476 0.0630 61.28 55.00 104 94   730000 1268000   260 10.11
1.478 0.0622 61.34 55.00 104 94   730000 1268000   260 10.11
1.480 0.0597 61.40 55.00 104 94   730000 1268000   260 10.11
1.481 0.0616 61.46 55.00 104 94   730000 1268000   260 10.11
1.483 0.0597 61.51 55.00 104 94   730000 1268000   260 10.11
1.485 0.0628 61.56 55.00 104 94   730000 1268000   260 10.11
1.487 0.0632 61.61 55.00 104 94   730000 1268000   260 10.11
1.489 0.0629 61.65 55.00 104 94   730000 1268000   260 10.11
1.491 0.0594 61.69 55.00 104 94   730000 1268000   260 10.11
1.493 0.0626 61.71 55.00 104 94   730000 1268000   260 10.11
1.494 0.0630 61.73 55.00 104 94   730000 1268000   260 10.11
1.496 0.0630 61.75 55.00 104 94   730000 1268000   260 10.11
1.498 0.0589 61.78 55.00 104 94   730000 1268000   260 10.11
1.500 0.0639 61.82 55.00 104 94   730000 1268000   260 10.11
1.502 0.0609 61.86 55.00 104 94   730000 1268000   260 10.11
1.504 0.0613 61.91 55.00 104 94   730000 1268000   260 10.11
1.506 0.0577 61.96 55.00 104 94   730000 1268000   260 10.11
1.507 0.0670 62.02 55.00 104 94   730000 1268000   260 10.11
1.509 0.0606 62.08 55.00 104 94   730000 1268000   260 10.11
1.511 0.0591 62.16 55.00 104 94   730000 1268000   260 10.11
1.513 0.0667 62.24 55.00 104 94   730000 1268000   260 10.11
1.515 0.0609 62.32 55.00 104 94   730000 1268000   260 10.11
1.517 0.0616 62.41 55.00 104 94   730000 1268000   260 10.11
1.519 0.0653 62.50 55.00 104 94   730000 1268000   260 10.11
1.520 0.0599 62.61 55.00 104 94   730000 1268000   260 10.11
1.522 0.0606 62.72 55.00 104 94   730000 1268000   260 10.11
1.524 0.0646 62.84 55.00 104 94   730000 1268000   260 10.11
1.526 0.0640 62.95 55.00 104 94   730000 1268000   260 10.11
1.528 0.0622 63.07 55.00 104 94   730000 1268000   260 10.11
1.530 0.0649 63.19 55.00 104 94   730000 1268000   260 10.11
1.532 0.0672 63.32 55.00 104 94   730000 1268000   260 10.11
1.533 0.0614 63.46 55.00 104 94   730000 1268000   260 10.11
1.535 0.0611 63.61 55.00 104 94   730000 1268000   260 10.11
1.537 0.0613 63.74 55.00 104 94   730000 1268000   260 10.11
1.539 0.0669 63.87 55.00 104 94   730000 1268000   260 10.11
1.541 0.0624 63.99 55.00 104 94   730000 1268000   260 10.11
1.543 0.0653 64.08 55.00 104 94   730000 1268000   260 10.11
1.545 0.0616 64.16 55.00 104 94   730000 1268000   260 10.11
1.546 0.0660 64.23 55.00 104 94   730000 1268000   260 10.11
1.548 0.0621 64.27 55.00 104 94   730000 1268000   260 10.11
1.550 0.0657 64.31 55.00 104 94   730000 1268000   260 10.11
1.552 0.0651 64.33 55.00 104 94   730000 1268000   260 10.11
1.554 0.0653 64.35 55.00 104 94   730000 1268000   260 10.11
1.556 0.0649 64.37 55.00 104 94   730000 1268000   260 10.11
1.558 0.0604 64.38 55.00 104 94   730000 1268000   260 10.11
1.559 0.0687 64.40 55.00 104 94   730000 1268000   260 10.11
1.561 0.0650 64.41 55.00 104 94   730000 1268000   260 10.11
1.563 0.0667 64.40 55.00 104 94   730000 1268000   260 10.11
1.565 0.0637 64.38 55.00 104 94   730000 1268000   260 10.11
1.567 0.0649 64.34 55.00 104 94   730000 1268000   260 10.11
1.569 0.0621 64.27 55.00 104 94   730000 1268000   260 10.11
1.571 0.0611 64.19 55.00 104 94   730000 1268000   260 10.11
1.572 0.0640 64.08 55.00 104 94   730000 1268000   260 10.11
1.574 0.0608 63.98 55.00 104 94   730000 1268000   260 10.11
1.576 0.0660 63.88 55.00 104 94   730000 1268000   260 10.11
1.578 0.0654 63.80 55.00 104 94   730000 1268000   260 10.11
1.580 0.0666 63.75 55.00 104 94   730000 1268000   260 10.11
1.582 0.0627 63.73 55.00 104 94   730000 1268000   260 10.11
1.584 0.0646 63.74 55.00 104 94   730000 1268000   260 10.11
1.586 0.0641 63.78 55.00 104 94   730000 1268000   260 10.11
1.587 0.0643 63.86 55.00 104 94   730000 1268000   260 10.11
1.589 0.0632 63.96 55.00 104 94   730000 1268000   260 10.11
1.591 0.0638 64.08 55.00 104 94   730000 1268000   260 10.11
1.593 0.0604 64.20 55.00 104 94   730000 1268000   260 10.11
1.595 0.0639 64.31 55.00 104 94   730000 1268000   260 10.11
1.597 0.0645 64.41 55.00 104 94   730000 1268000   260 10.11
1.599 0.0618 64.49 55.00 104 94   730000 1268000   260 10.11
1.600 0.0649 64.55 55.00 104 94   730000 1268000   260 10.11
1.602 0.0673 64.58 55.00 104 94   730000 1268000   260 10.11
1.604 0.0672 64.60 55.00 104 94   730000 1268000   260 10.11
1.606 0.0609 64.61 55.00 104 94   730000 1268000   260 10.11
1.608 0.0663 64.63 55.00 104 94   730000 1268000   260 10.11
1.610 0.0663 64.66 55.00 104 94   730000 1268000   260 10.11
1.612 0.0700 64.70 55.00 104 94   730000 1268000   260 10.11
1.613 0.0647 64.75 55.00 104 94   730000 1268000   260 10.11
1.615 0.0621 64.81 55.00 104 94   730000 1268000   260 10.11
1.617 0.0665 64.87 55.00 104 94   730000 1268000   260 10.11
1.619 0.0632 64.90 55.00 104 94   730000 1268000   260 10.11
1.621 0.0646 64.91 55.00 104 94   730000 1268000   260 10.11
1.623 0.0628 64.91 55.00 104 94   730000 1268000   260 10.11
1.625 0.0636 64.88 55.00 104 94   730000 1268000   260 10.11
1.627 0.0657 64.84 55.00 104 94   730000 1268000   260 10.11
1.629 0.0610 64.79 55.00 104 94   730000 1268000   260 10.11
1.632 0.0657 64.74 55.00 104 94   730000 1268000   260 10.11
1.634 0.0660 64.71 55.00 104 94   730000 1268000   260 10.11
1.637 0.0651 64.69 55.00 104 94   730000 1268000   260 10.11
1.640 0.0662 64.69 55.00 104 94   730000 1268000   260 10.11
1.642 0.0647 64.71 55.00 104 94   730000 1268000   260 10.11
1.645 0.0663 64.75 55.00 104 94   730000 1268000   260 10.11
1.648 0.0667 64.80 55.00 104 94   730000 1268000   260 10.11
1.652 0.0652 64.87 55.00 104 94   730000 1268000   260 10.11
1.655 0.0652 64.95 55.00 104 94   730000 1268000   260 10.11
1.658 0.0653 65.05 55.00 104 94   730000 1268000   260 10.11
1.662 0.0631 65.16 55.00 104 94   730000 1268000   260 10.11
1.666 0.0654 65.29 55.00 104 94   730000 1268000   260 10.11
1.670 0.0643 65.44 55.00 104 94   730000 1268000   260 10.11
1.674 0.0664 65.63 55.00 104 94   730000 1268000   260 10.11
1.678 0.0670 65.89 55.00 104 94   730000 1268000   260 10.11
1.682 0.0668 66.24 55.00 104 94   730000 1268000   260 10.11
1.687 0.0639 66.70 55.00 104 94   730000 1268000   260 10.11
1.692 0.0695 67.30 55.00 104 94   730000 1268000   260 10.11
1.697 0.0702 68.05 55.00 104 94   730000 1268000   260 10.11
1.702 0.0648 68.96 55.00 104 94   730000 1268000   260 10.11
1.707 0.0690 70.00 55.00 104 94   730000 1268000   260 10.11
1.713 0.0715 71.17 55.00 104 94   730000 1268000   260 10.11
1.719 0.0686 72.43 55.00 104 94   730000 1268000   260 10.11
1.725 0.0730 73.75 55.00 104 94   730000 1268000   260 10.11
1.732 0.0748 75.09 55.00 104 94   730000 1268000   260 10.11
1.738 0.0756 76.44 55.00 104 94   730000 1268000   260 10.11
1.745 0.0756 77.80 55.00 104 94   730000 1268000   260 10.11
1.753 0.0791 79.18 55.00 104 94   730000 1268000   260 10.11
1.760 0.0821 80.61 55.00 104 94   730000 1268000   260 10.11
1.768 0.0839 82.11 55.00 104 94   730000 1268000   260 10.11
1.776 0.0844 83.73 55.00 104 94   730000 1268000   260 10.11
1.785 0.0898 85.50 55.00 104 94   730000 1268000   260 10.11
1.794 0.0911 87.43 55.00 104 94   730000 1268000   260 10.11
1.803 0.0937 89.54 55.00 104 94   730000 1268000   260 10.11
1.812 0.0952 91.79 55.00 104 94   730000 1268000   260 10.11
1.822 0.0945 94.17 55.00 104 94   730000 1268000   260 10.11
1.831 0.0942 96.63 55.00 104 94   730000 1268000   260 10.11
1.840 0.0926 99.11 55.00 104 94   730000 1268000   260 10.11
1.849 0.0926 101.56 55.00 104 94   730000 1268000   260 10.11
1.859 0.0951 103.90 55.00 104 94   730000 1268000   260 10.11
1.868 0.0965 106.10 55.00 104 94   730000 1268000   260 10.11
1.877 0.1008 108.11 55.00 104 94   730000 1268000   260 10.11
1.887 0.1068 109.89 55.00 104 94   730000 1268000   260 10.11
1.896 0.1136 111.41 55.00 104 94   730000 1268000   260 10.11
1.905 0.1184 112.66 55.00 104 94   730000 1268000   260 10.11
1.914 0.1228 113.64 55.00 104 94   730000 1268000   260 10.11
1.924 0.1259 114.35 55.00 104 94   730000 1268000   260 10.11
1.933 0.1272 114.79 55.00 104 94   730000 1268000   260 10.11
1.942 0.1262 114.98 55.00 104 94   730000 1268000   260 10.11
1.952 0.1243 114.93 55.00 104 94   730000 1268000   260 10.11
1.961 0.1190 114.65 55.00 104 94   730000 1268000   260 10.11
1.970 0.1159 114.16 55.00 104 94   730000 1268000   260 10.11
1.980 0.1154 113.48 55.00 104 94   730000 1268000   260 10.11
1.989 0.1099 112.62 55.00 104 94   730000 1268000   260 10.11
1.998 0.1088 111.61 55.00 104 94   730000 1268000   260 10.11
2.007 0.1032 110.47 55.00 104 94   730000 1268000   260 10.11
2.017 0.1042 109.27 55.00 104 94   730000 1268000   260 10.11
2.026 0.1031 108.06 55.00 104 94   730000 1268000   260 10.11
2.035 0.1027 106.91 55.00 104 94   730000 1268000   260 10.11
2.045 0.1036 105.91 55.00 104 94   730000 1268000   260 10.11
2.054 0.1020 105.14 55.00 104 94   730000 1268000   260 10.11
2.063 0.1046 104.70 55.00 104 94   730000 1268000   260 10.11
2.072 0.1067 104.66 55.00 104 94   730000 1268000   260 10.11
2.082 0.1077 105.09 55.00 104 94   730000 1268000   260 10.11
2.091 0.1115 106.05 55.00 104 94   730000 1268000   260 10.11
2.100 0.1133 107.60 55.00 104 94   730000 1268000   260 10.11
2.110 0.1151 109.75 55.00 104 94   730000 1268000   260 10.11
2.119 0.1165 112.54 55.00 104 94   730000 1268000   260 10.11
2.128 0.1229 115.98 55.00 104 94   730000 1268000   260 10.11
2.138 0.1214 120.09 55.00 104 94   730000 1268000   260 10.11
2.147 0.1290 125.08 55.00 104 94   730000 1268000   260 10.11
2.156 0.1271 133.28 55.00 104 94   730000 1268000   260 10.11
2.165 0.1351 145.55 55.00 104 94   730000 1268000   260 10.11
2.175 0.1435 159.24 55.00 104 94   730000 1268000   260 10.11
2.184 0.1482 172.90 55.00 104 94   730000 1268000   260 10.11
2.193 0.1587 186.04 55.00 104 94   730000 1268000   260 10.11
2.203 0.1737 198.55 55.00 104 94   730000 1268000   260 10.11
2.212 0.1846 210.44 55.00 104 94   730000 1268000   260 10.11
2.221 0.2000 221.76 55.00 104 94   730000 1268000   260 10.11
2.230 0.2211 232.59 55.00 104 94   730000 1268000   260 10.11
2.240 0.2383 243.00 55.00 104 94   730000 1268000   260 10.11
2.249 0.2584 253.05 55.00 104 94   730000 1268000   260 10.11
2.258 0.2728 262.79 55.00 104 94   730000 1268000   260 10.11
2.268 0.2979 272.25 55.00 104 94   730000 1268000   260 10.11
2.277 0.3204 281.48 55.00 104 94   730000 1268000   260 10.11
2.286 0.3477 290.48 55.00 104 94   730000 1268000   260 10.11
2.296 0.3728 299.25 55.00 104 94   730000 1268000   260 10.11
2.305 0.4023 307.78 55.00 104 94   730000 1268000   260 10.11
2.314 0.4497 316.06 55.00 104 94   730000 1268000   260 10.11
2.323 0.4895 324.06 55.00 104 94   730000 1268000   260 10.11
2.333 0.5295 331.73 55.00 104 94   730000 1268000   260 10.11
2.342 0.5585 339.03 55.00 104 94   730000 1268000   260 10.11
2.351 0.0000 345.86 55.00 104 94   730000 1268000   260 10.11
2.361 0.0000 352.16 55.00 104 94   730000 1268000   260 10.11
