     x     qy smooth tpara  cd  zL     xTr    xCpl frame tma
-3.034 0.2218 199.30 34.00 101 94  1086000 1444000   250 9.84
-3.020 0.2149 186.65 34.00 101 94  1086000 1444000   250 9.84
-3.006 0.2037 174.64 34.00 101 94  1086000 1444000   250 9.84
-2.992 0.1894 163.25 34.00 101 94  1086000 1444000   250 9.84
-2.978 0.1433 152.45 34.00 101 94  1086000 1444000   250 9.84
-2.964 0.1020 142.24 34.00 101 94  1086000 1444000   250 9.84
-2.950 0.1018 132.60 34.00 101 94  1086000 1444000   250 9.84
-2.936 0.0997 123.51 34.00 101 94  1086000 1444000   250 9.84
-2.922 0.0959 114.98 34.00 101 94  1086000 1444000   250 9.84
-2.908 0.0873 106.98 34.00 101 94  1086000 1444000   250 9.84
-2.894 0.0838 99.51 34.00 101 94  1086000 1444000   250 9.84
-2.880 0.0787 92.57 34.00 101 94  1086000 1444000   250 9.84
-2.866 0.0758 86.16 34.00 101 94  1086000 1444000   250 9.84
-2.852 0.0728 80.27 34.00 101 94  1086000 1444000   250 9.84
-2.838 0.0710 74.92 34.00 101 94  1086000 1444000   250 9.84
-2.824 0.0698 70.11 34.00 101 94  1086000 1444000   250 9.84
-2.810 0.0650 65.86 34.00 101 94  1086000 1444000   250 9.84
-2.796 0.0638 62.21 34.00 101 94  1086000 1444000   250 9.84
-2.782 0.0632 59.17 34.00 101 94  1086000 1444000   250 9.84
-2.768 0.0613 56.81 34.00 101 94  1086000 1444000   250 9.84
-2.754 0.0586 55.17 34.00 101 94  1086000 1444000   250 9.84
-2.740 0.0585 54.30 34.00 101 94  1086000 1444000   250 9.84
-2.726 0.0570 54.10 34.00 101 94  1086000 1444000   250 9.84
-2.712 0.0549 54.03 34.00 101 94  1086000 1444000   250 9.84
-2.698 0.0530 53.23 34.00 101 94  1086000 1444000   250 9.84
-2.684 0.0530 52.33 34.00 101 94  1086000 1444000   250 9.84
-2.670 0.0516 51.38 34.00 101 94  1086000 1444000   250 9.84
-2.656 0.0517 50.47 34.00 101 94  1086000 1444000   250 9.84
-2.642 0.0502 49.61 34.00 101 94  1086000 1444000   250 9.84
-2.628 0.0490 48.81 34.00 101 94  1086000 1444000   250 9.84
-2.615 0.0482 48.06 34.00 101 94  1086000 1444000   250 9.84
-2.601 0.0476 47.37 34.00 101 94  1086000 1444000   250 9.84
-2.587 0.0470 46.75 34.00 101 94  1086000 1444000   250 9.84
-2.573 0.0473 46.20 34.00 101 94  1086000 1444000   250 9.84
-2.559 0.0462 45.71 34.00 101 94  1086000 1444000   250 9.84
-2.545 0.0446 45.30 34.00 101 94  1086000 1444000   250 9.84
-2.531 0.0440 44.95 34.00 101 94  1086000 1444000   250 9.84
-2.517 0.0435 44.66 34.00 101 94  1086000 1444000   250 9.84
-2.503 0.0433 44.44 34.00 101 94  1086000 1444000   250 9.84
-2.489 0.0433 44.26 34.00 101 94  1086000 1444000   250 9.84
-2.475 0.0441 44.14 34.00 101 94  1086000 1444000   250 9.84
-2.461 0.0437 44.07 34.00 101 94  1086000 1444000   250 9.84
-2.447 0.0447 44.04 34.00 101 94  1086000 1444000   250 9.84
-2.433 0.0444 44.05 34.00 101 94  1086000 1444000   250 9.84
-2.419 0.0447 44.09 34.00 101 94  1086000 1444000   250 9.84
-2.405 0.0441 44.17 34.00 101 94  1086000 1444000   250 9.84
-2.391 0.0446 44.26 34.00 101 94  1086000 1444000   250 9.84
-2.377 0.0451 44.37 34.00 101 94  1086000 1444000   250 9.84
-2.363 0.0441 44.49 34.00 101 94  1086000 1444000   250 9.84
-2.349 0.0456 44.61 34.00 101 94  1086000 1444000   250 9.84
-2.335 0.0444 44.72 34.00 101 94  1086000 1444000   250 9.84
-2.321 0.0452 44.82 34.00 101 94  1086000 1444000   250 9.84
-2.307 0.0455 44.91 34.00 101 94  1086000 1444000   250 9.84
-2.293 0.0451 44.97 34.00 101 94  1086000 1444000   250 9.84
-2.279 0.0444 45.02 34.00 101 94  1086000 1444000   250 9.84
-2.265 0.0449 45.04 34.00 101 94  1086000 1444000   250 9.84
-2.251 0.0455 45.04 34.00 101 94  1086000 1444000   250 9.84
-2.237 0.0446 45.04 34.00 101 94  1086000 1444000   250 9.84
-2.223 0.0461 45.02 34.00 101 94  1086000 1444000   250 9.84
-2.209 0.0450 45.00 34.00 101 94  1086000 1444000   250 9.84
-2.196 0.0453 44.97 34.00 101 94  1086000 1444000   250 9.84
-2.182 0.0453 44.95 34.00 101 94  1086000 1444000   250 9.84
-2.168 0.0440 44.93 34.00 101 94  1086000 1444000   250 9.84
-2.154 0.0439 44.92 34.00 101 94  1086000 1444000   250 9.84
-2.140 0.0451 44.91 34.00 101 94  1086000 1444000   250 9.84
-2.126 0.0457 44.92 34.00 101 94  1086000 1444000   250 9.84
-2.112 0.0445 44.93 34.00 101 94  1086000 1444000   250 9.84
-2.098 0.0444 44.95 34.00 101 94  1086000 1444000   250 9.84
-2.084 0.0464 44.98 34.00 101 94  1086000 1444000   250 9.84
-2.070 0.0445 45.02 34.00 101 94  1086000 1444000   250 9.84
-2.056 0.0445 45.07 34.00 101 94  1086000 1444000   250 9.84
-2.042 0.0441 45.13 34.00 101 94  1086000 1444000   250 9.84
-2.028 0.0453 45.21 34.00 101 94  1086000 1444000   250 9.84
-2.014 0.0450 45.29 34.00 101 94  1086000 1444000   250 9.84
-2.000 0.0463 45.39 34.00 101 94  1086000 1444000   250 9.84
-1.986 0.0453 45.49 34.00 101 94  1086000 1444000   250 9.84
-1.972 0.0453 45.61 34.00 101 94  1086000 1444000   250 9.84
-1.958 0.0457 45.72 34.00 101 94  1086000 1444000   250 9.84
-1.944 0.0461 45.83 34.00 101 94  1086000 1444000   250 9.84
-1.930 0.0459 45.94 34.00 101 94  1086000 1444000   250 9.84
-1.916 0.0466 46.03 34.00 101 94  1086000 1444000   250 9.84
-1.902 0.0463 46.10 34.00 101 94  1086000 1444000   250 9.84
-1.888 0.0459 46.16 34.00 101 94  1086000 1444000   250 9.84
-1.874 0.0466 46.21 34.00 101 94  1086000 1444000   250 9.84
-1.860 0.0459 46.24 34.00 101 94  1086000 1444000   250 9.84
-1.846 0.0456 46.27 34.00 101 94  1086000 1444000   250 9.84
-1.832 0.0469 46.28 34.00 101 94  1086000 1444000   250 9.84
-1.818 0.0469 46.28 34.00 101 94  1086000 1444000   250 9.84
-1.804 0.0465 46.28 34.00 101 94  1086000 1444000   250 9.84
-1.791 0.0470 46.27 34.00 101 94  1086000 1444000   250 9.84
-1.777 0.0465 46.26 34.00 101 94  1086000 1444000   250 9.84
-1.763 0.0472 46.26 34.00 101 94  1086000 1444000   250 9.84
-1.749 0.0456 46.26 34.00 101 94  1086000 1444000   250 9.84
-1.735 0.0456 46.26 34.00 101 94  1086000 1444000   250 9.84
-1.721 0.0456 46.26 34.00 101 94  1086000 1444000   250 9.84
-1.707 0.0454 46.26 34.00 101 94  1086000 1444000   250 9.84
-1.693 0.0462 46.26 34.00 101 94  1086000 1444000   250 9.84
-1.679 0.0455 46.26 34.00 101 94  1086000 1444000   250 9.84
-1.665 0.0458 46.27 34.00 101 94  1086000 1444000   250 9.84
-1.651 0.0467 46.28 34.00 101 94  1086000 1444000   250 9.84
-1.637 0.0470 46.29 34.00 101 94  1086000 1444000   250 9.84
-1.623 0.0457 46.30 34.00 101 94  1086000 1444000   250 9.84
-1.609 0.0471 46.33 34.00 101 94  1086000 1444000   250 9.84
-1.595 0.0466 46.35 34.00 101 94  1086000 1444000   250 9.84
-1.581 0.0468 46.38 34.00 101 94  1086000 1444000   250 9.84
-1.567 0.0467 46.41 34.00 101 94  1086000 1444000   250 9.84
-1.553 0.0469 46.45 34.00 101 94  1086000 1444000   250 9.84
-1.539 0.0470 46.48 34.00 101 94  1086000 1444000   250 9.84
-1.525 0.0455 46.51 34.00 101 94  1086000 1444000   250 9.84
-1.511 0.0462 46.53 34.00 101 94  1086000 1444000   250 9.84
-1.497 0.0463 46.53 34.00 101 94  1086000 1444000   250 9.84
-1.483 0.0464 46.52 34.00 101 94  1086000 1444000   250 9.84
-1.469 0.0459 46.50 34.00 101 94  1086000 1444000   250 9.84
-1.455 0.0469 46.47 34.00 101 94  1086000 1444000   250 9.84
-1.441 0.0464 46.44 34.00 101 94  1086000 1444000   250 9.84
-1.427 0.0467 46.40 34.00 101 94  1086000 1444000   250 9.84
-1.413 0.0464 46.37 34.00 101 94  1086000 1444000   250 9.84
-1.399 0.0466 46.33 34.00 101 94  1086000 1444000   250 9.84
-1.385 0.0463 46.30 34.00 101 94  1086000 1444000   250 9.84
-1.372 0.0467 46.27 34.00 101 94  1086000 1444000   250 9.84
-1.358 0.0459 46.24 34.00 101 94  1086000 1444000   250 9.84
-1.344 0.0460 46.21 34.00 101 94  1086000 1444000   250 9.84
-1.330 0.0458 46.18 34.00 101 94  1086000 1444000   250 9.84
-1.316 0.0466 46.15 34.00 101 94  1086000 1444000   250 9.84
-1.302 0.0466 46.11 34.00 101 94  1086000 1444000   250 9.84
-1.288 0.0456 46.06 34.00 101 94  1086000 1444000   250 9.84
-1.274 0.0451 46.01 34.00 101 94  1086000 1444000   250 9.84
-1.260 0.0462 45.95 34.00 101 94  1086000 1444000   250 9.84
-1.246 0.0457 45.88 34.00 101 94  1086000 1444000   250 9.84
-1.232 0.0466 45.82 34.00 101 94  1086000 1444000   250 9.84
-1.218 0.0459 45.76 34.00 101 94  1086000 1444000   250 9.84
-1.204 0.0453 45.70 34.00 101 94  1086000 1444000   250 9.84
-1.190 0.0462 45.65 34.00 101 94  1086000 1444000   250 9.84
-1.176 0.0456 45.61 34.00 101 94  1086000 1444000   250 9.84
-1.162 0.0455 45.57 34.00 101 94  1086000 1444000   250 9.84
-1.148 0.0459 45.54 34.00 101 94  1086000 1444000   250 9.84
-1.134 0.0452 45.51 34.00 101 94  1086000 1444000   250 9.84
-1.120 0.0446 45.48 34.00 101 94  1086000 1444000   250 9.84
-1.106 0.0458 45.46 34.00 101 94  1086000 1444000   250 9.84
-1.092 0.0454 45.44 34.00 101 94  1086000 1444000   250 9.84
-1.078 0.0453 45.42 34.00 101 94  1086000 1444000   250 9.84
-1.064 0.0450 45.41 34.00 101 94  1086000 1444000   250 9.84
-1.050 0.0453 45.39 34.00 101 94  1086000 1444000   250 9.84
-1.036 0.0440 45.38 34.00 101 94  1086000 1444000   250 9.84
-1.022 0.0462 45.36 34.00 101 94  1086000 1444000   250 9.84
-1.008 0.0459 45.35 34.00 101 94  1086000 1444000   250 9.84
-0.994 0.0455 45.32 34.00 101 94  1086000 1444000   250 9.84
-0.980 0.0456 45.30 34.00 101 94  1086000 1444000   250 9.84
-0.966 0.0460 45.27 34.00 101 94  1086000 1444000   250 9.84
-0.953 0.0446 45.24 34.00 101 94  1086000 1444000   250 9.84
-0.939 0.0450 45.21 34.00 101 94  1086000 1444000   250 9.84
-0.925 0.0456 45.16 34.00 101 94  1086000 1444000   250 9.84
-0.911 0.0451 45.11 34.00 101 94  1086000 1444000   250 9.84
-0.897 0.0444 45.05 34.00 101 94  1086000 1444000   250 9.84
-0.883 0.0461 44.99 34.00 101 94  1086000 1444000   250 9.84
-0.869 0.0446 44.91 34.00 101 94  1086000 1444000   250 9.84
-0.855 0.0451 44.84 34.00 101 94  1086000 1444000   250 9.84
-0.841 0.0448 44.76 34.00 101 94  1086000 1444000   250 9.84
-0.827 0.0444 44.67 34.00 101 94  1086000 1444000   250 9.84
-0.813 0.0446 44.59 34.00 101 94  1086000 1444000   250 9.84
-0.799 0.0442 44.51 34.00 101 94  1086000 1444000   250 9.84
-0.785 0.0440 44.43 34.00 101 94  1086000 1444000   250 9.84
-0.771 0.0440 44.34 34.00 101 94  1086000 1444000   250 9.84
-0.757 0.0447 44.26 34.00 101 94  1086000 1444000   250 9.84
-0.743 0.0443 44.19 34.00 101 94  1086000 1444000   250 9.84
-0.729 0.0437 44.11 34.00 101 94  1086000 1444000   250 9.84
-0.715 0.0449 44.04 34.00 101 94  1086000 1444000   250 9.84
-0.701 0.0434 43.96 34.00 101 94  1086000 1444000   250 9.84
-0.687 0.0440 43.89 34.00 101 94  1086000 1444000   250 9.84
-0.673 0.0441 43.81 34.00 101 94  1086000 1444000   250 9.84
-0.659 0.0434 43.74 34.00 101 94  1086000 1444000   250 9.84
-0.645 0.0438 43.67 34.00 101 94  1086000 1444000   250 9.84
-0.631 0.0441 43.61 34.00 101 94  1086000 1444000   250 9.84
-0.617 0.0435 43.55 34.00 101 94  1086000 1444000   250 9.84
-0.603 0.0436 43.50 34.00 101 94  1086000 1444000   250 9.84
-0.589 0.0436 43.46 34.00 101 94  1086000 1444000   250 9.84
-0.575 0.0431 43.42 34.00 101 94  1086000 1444000   250 9.84
-0.561 0.0436 43.38 34.00 101 94  1086000 1444000   250 9.84
-0.547 0.0424 43.34 34.00 101 94  1086000 1444000   250 9.84
-0.534 0.0438 43.32 34.00 101 94  1086000 1444000   250 9.84
-0.520 0.0429 43.30 34.00 101 94  1086000 1444000   250 9.84
-0.506 0.0436 43.29 34.00 101 94  1086000 1444000   250 9.84
-0.492 0.0428 43.29 34.00 101 94  1086000 1444000   250 9.84
-0.479 0.0430 43.30 34.00 101 94  1086000 1444000   250 9.84
-0.467 0.0432 43.32 34.00 101 94  1086000 1444000   250 9.84
-0.455 0.0437 43.34 34.00 101 94  1086000 1444000   250 9.84
-0.444 0.0439 43.36 34.00 101 94  1086000 1444000   250 9.84
-0.433 0.0420 43.38 34.00 101 94  1086000 1444000   250 9.84
-0.422 0.0446 43.41 34.00 101 94  1086000 1444000   250 9.84
-0.412 0.0443 43.43 34.00 101 94  1086000 1444000   250 9.84
-0.403 0.0422 43.46 34.00 101 94  1086000 1444000   250 9.84
-0.393 0.0443 43.48 34.00 101 94  1086000 1444000   250 9.84
-0.385 0.0430 43.51 34.00 101 94  1086000 1444000   250 9.84
-0.376 0.0436 43.53 34.00 101 94  1086000 1444000   250 9.84
-0.368 0.0435 43.54 34.00 101 94  1086000 1444000   250 9.84
-0.360 0.0442 43.55 34.00 101 94  1086000 1444000   250 9.84
-0.352 0.0428 43.55 34.00 101 94  1086000 1444000   250 9.84
-0.345 0.0445 43.55 34.00 101 94  1086000 1444000   250 9.84
-0.338 0.0442 43.55 34.00 101 94  1086000 1444000   250 9.84
-0.332 0.0428 43.55 34.00 101 94  1086000 1444000   250 9.84
-0.325 0.0440 43.55 34.00 101 94  1086000 1444000   250 9.84
-0.319 0.0430 43.54 34.00 101 94  1086000 1444000   250 9.84
-0.313 0.0431 43.53 34.00 101 94  1086000 1444000   250 9.84
-0.308 0.0428 43.51 34.00 101 94  1086000 1444000   250 9.84
-0.302 0.0430 43.50 34.00 101 94  1086000 1444000   250 9.84
-0.297 0.0447 43.49 34.00 101 94  1086000 1444000   250 9.84
-0.292 0.0438 43.49 34.00 101 94  1086000 1444000   250 9.84
-0.287 0.0443 43.49 34.00 101 94  1086000 1444000   250 9.84
-0.283 0.0432 43.49 34.00 101 94  1086000 1444000   250 9.84
-0.278 0.0419 43.50 34.00 101 94  1086000 1444000   250 9.84
-0.274 0.0441 43.50 34.00 101 94  1086000 1444000   250 9.84
-0.270 0.0442 43.50 34.00 101 94  1086000 1444000   250 9.84
-0.266 0.0439 43.51 34.00 101 94  1086000 1444000   250 9.84
-0.262 0.0431 43.51 34.00 101 94  1086000 1444000   250 9.84
-0.259 0.0410 43.51 34.00 101 94  1086000 1444000   250 9.84
-0.255 0.0466 43.51 34.00 101 94  1086000 1444000   250 9.84
-0.252 0.0442 43.51 34.00 101 94  1086000 1444000   250 9.84
-0.249 0.0419 43.50 34.00 101 94  1086000 1444000   250 9.84
-0.246 0.0409 43.48 34.00 101 94  1086000 1444000   250 9.84
-0.243 0.0470 43.46 34.00 101 94  1086000 1444000   250 9.84
-0.240 0.0404 43.44 34.00 101 94  1086000 1444000   250 9.84
-0.237 0.0463 43.42 34.00 101 94  1086000 1444000   250 9.84
-0.235 0.0448 43.41 34.00 101 94  1086000 1444000   250 9.84
-0.232 0.0432 43.41 34.00 101 94  1086000 1444000   250 9.84
-0.229 0.0416 43.42 34.00 101 94  1086000 1444000   250 9.84
-0.226 0.0447 43.43 34.00 101 94  1086000 1444000   250 9.84
-0.223 0.0422 43.44 34.00 101 94  1086000 1444000   250 9.84
-0.221 0.0420 43.45 34.00 101 94  1086000 1444000   250 9.84
-0.218 0.0425 43.45 34.00 101 94  1086000 1444000   250 9.84
-0.215 0.0460 43.45 34.00 101 94  1086000 1444000   250 9.84
-0.212 0.0443 43.43 34.00 101 94  1086000 1444000   250 9.84
-0.209 0.0403 43.40 34.00 101 94  1086000 1444000   250 9.84
-0.207 0.0461 43.36 34.00 101 94  1086000 1444000   250 9.84
-0.204 0.0413 43.32 34.00 101 94  1086000 1444000   250 9.84
-0.201 0.0437 43.27 34.00 101 94  1086000 1444000   250 9.84
-0.198 0.0417 43.23 34.00 101 94  1086000 1444000   250 9.84
-0.196 0.0437 43.21 34.00 101 94  1086000 1444000   250 9.84
-0.193 0.0479 43.19 34.00 101 94  1086000 1444000   250 9.84
-0.190 0.0422 43.18 34.00 101 94  1086000 1444000   250 9.84
-0.187 0.0430 43.18 34.00 101 94  1086000 1444000   250 9.84
-0.184 0.0451 43.19 34.00 101 94  1086000 1444000   250 9.84
-0.182 0.0410 43.21 34.00 101 94  1086000 1444000   250 9.84
-0.179 0.0410 43.22 34.00 101 94  1086000 1444000   250 9.84
-0.176 0.0445 43.23 34.00 101 94  1086000 1444000   250 9.84
-0.173 0.0408 43.23 34.00 101 94  1086000 1444000   250 9.84
-0.170 0.0467 43.24 34.00 101 94  1086000 1444000   250 9.84
-0.168 0.0380 43.25 34.00 101 94  1086000 1444000   250 9.84
-0.165 0.0435 43.27 34.00 101 94  1086000 1444000   250 9.84
-0.162 0.0437 43.28 34.00 101 94  1086000 1444000   250 9.84
-0.159 0.0440 43.29 34.00 101 94  1086000 1444000   250 9.84
-0.156 0.0427 43.29 34.00 101 94  1086000 1444000   250 9.84
-0.154 0.0463 43.28 34.00 101 94  1086000 1444000   250 9.84
-0.151 0.0458 43.27 34.00 101 94  1086000 1444000   250 9.84
-0.148 0.0412 43.25 34.00 101 94  1086000 1444000   250 9.84
-0.145 0.0441 43.23 34.00 101 94  1086000 1444000   250 9.84
-0.142 0.0444 43.19 34.00 101 94  1086000 1444000   250 9.84
-0.140 0.0393 43.14 34.00 101 94  1086000 1444000   250 9.84
-0.137 0.0431 43.06 34.00 101 94  1086000 1444000   250 9.84
-0.134 0.0452 42.97 34.00 101 94  1086000 1444000   250 9.84
-0.131 0.0438 42.86 34.00 101 94  1086000 1444000   250 9.84
-0.128 0.0408 42.75 34.00 101 94  1086000 1444000   250 9.84
-0.126 0.0448 42.64 34.00 101 94  1086000 1444000   250 9.84
-0.123 0.0423 42.54 34.00 101 94  1086000 1444000   250 9.84
-0.120 0.0404 42.45 34.00 101 94  1086000 1444000   250 9.84
-0.117 0.0466 42.38 34.00 101 94  1086000 1444000   250 9.84
-0.115 0.0407 42.34 34.00 101 94  1086000 1444000   250 9.84
-0.112 0.0365 42.31 34.00 101 94  1086000 1444000   250 9.84
-0.109 0.0430 42.30 34.00 101 94  1086000 1444000   250 9.84
-0.106 0.0438 42.29 34.00 101 94  1086000 1444000   250 9.84
-0.103 0.0430 42.29 34.00 101 94  1086000 1444000   250 9.84
-0.101 0.0418 42.29 34.00 101 94  1086000 1444000   250 9.84
-0.098 0.0427 42.29 34.00 101 94  1086000 1444000   250 9.84
-0.095 0.0407 42.28 34.00 101 94  1086000 1444000   250 9.84
-0.092 0.0407 42.28 34.00 101 94  1086000 1444000   250 9.84
-0.089 0.0427 42.27 34.00 101 94  1086000 1444000   250 9.84
-0.087 0.0430 42.28 34.00 101 94  1086000 1444000   250 9.84
-0.084 0.0444 42.30 34.00 101 94  1086000 1444000   250 9.84
-0.081 0.0440 42.33 34.00 101 94  1086000 1444000   250 9.84
-0.078 0.0454 42.37 34.00 101 94  1086000 1444000   250 9.84
-0.075 0.0403 42.42 34.00 101 94  1086000 1444000   250 9.84
-0.073 0.0437 42.46 34.00 101 94  1086000 1444000   250 9.84
-0.070 0.0401 42.49 34.00 101 94  1086000 1444000   250 9.84
-0.067 0.0393 42.50 34.00 101 94  1086000 1444000   250 9.84
-0.064 0.0457 42.49 34.00 101 94  1086000 1444000   250 9.84
-0.061 0.0436 42.45 34.00 101 94  1086000 1444000   250 9.84
-0.059 0.0352 42.39 34.00 101 94  1086000 1444000   250 9.84
-0.056 0.0425 42.30 34.00 101 94  1086000 1444000   250 9.84
-0.053 0.0421 42.20 34.00 101 94  1086000 1444000   250 9.84
-0.050 0.0424 42.08 34.00 101 94  1086000 1444000   250 9.84
-0.047 0.0467 41.95 34.00 101 94  1086000 1444000   250 9.84
-0.045 0.0432 41.80 34.00 101 94  1086000 1444000   250 9.84
-0.042 0.0396 41.65 34.00 101 94  1086000 1444000   250 9.84
-0.039 0.0432 41.48 34.00 101 94  1086000 1444000   250 9.84
-0.036 0.0417 41.30 34.00 101 94  1086000 1444000   250 9.84
-0.034 0.0426 41.11 34.00 101 94  1086000 1444000   250 9.84
-0.031 0.0399 40.91 34.00 101 94  1086000 1444000   250 9.84
-0.028 0.0403 40.71 34.00 101 94  1086000 1444000   250 9.84
-0.025 0.0414 40.48 34.00 101 94  1086000 1444000   250 9.84
-0.022 0.0389 40.24 34.00 101 94  1086000 1444000   250 9.84
-0.020 0.0397 39.98 34.00 101 94  1086000 1444000   250 9.84
-0.017 0.0358 39.71 34.00 101 94  1086000 1444000   250 9.84
-0.014 0.0407 39.42 34.00 101 94  1086000 1444000   250 9.84
-0.011 0.0409 39.13 34.00 101 94  1086000 1444000   250 9.84
-0.008 0.0383 38.84 34.00 101 94  1086000 1444000   250 9.84
-0.006 0.0382 38.56 34.00 101 94  1086000 1444000   250 9.84
-0.003 0.0383 38.29 34.00 101 94  1086000 1444000   250 9.84
0.000 0.0379 38.03 34.00 101 94  1086000 1444000   250 9.84
0.003 0.0393 37.80 34.00 101 94  1086000 1444000   250 9.84
0.006 0.0366 37.59 34.00 101 94  1086000 1444000   250 9.84
0.008 0.0357 37.39 34.00 101 94  1086000 1444000   250 9.84
0.011 0.0384 37.19 34.00 101 94  1086000 1444000   250 9.84
0.014 0.0372 36.98 34.00 101 94  1086000 1444000   250 9.84
0.017 0.0354 36.75 34.00 101 94  1086000 1444000   250 9.84
0.020 0.0385 36.50 34.00 101 94  1086000 1444000   250 9.84
0.022 0.0387 36.25 34.00 101 94  1086000 1444000   250 9.84
0.025 0.0336 35.97 34.00 101 94  1086000 1444000   250 9.84
0.028 0.0360 35.67 34.00 101 94  1086000 1444000   250 9.84
0.031 0.0344 35.36 34.00 101 94  1086000 1444000   250 9.84
0.034 0.0356 35.04 34.00 101 94  1086000 1444000   250 9.84
0.036 0.0335 34.71 34.00 101 94  1086000 1444000   250 9.84
0.039 0.0364 34.38 34.00 101 94  1086000 1444000   250 9.84
0.042 0.0323 34.05 34.00 101 94  1086000 1444000   250 9.84
0.045 0.0351 33.73 34.00 101 94  1086000 1444000   250 9.84
0.047 0.0367 33.42 34.00 101 94  1086000 1444000   250 9.84
0.050 0.0318 33.11 34.00 101 94  1086000 1444000   250 9.84
0.053 0.0344 32.81 34.00 101 94  1086000 1444000   250 9.84
0.056 0.0286 32.52 34.00 101 94  1086000 1444000   250 9.84
0.059 0.0338 32.24 34.00 101 94  1086000 1444000   250 9.84
0.061 0.0300 31.97 34.00 101 94  1086000 1444000   250 9.84
0.064 0.0322 31.72 34.00 101 94  1086000 1444000   250 9.84
0.067 0.0293 31.49 34.00 101 94  1086000 1444000   250 9.84
0.070 0.0333 31.29 34.00 101 94  1086000 1444000   250 9.84
0.073 0.0314 31.12 34.00 101 94  1086000 1444000   250 9.84
0.075 0.0291 30.98 34.00 101 94  1086000 1444000   250 9.84
0.078 0.0340 30.88 34.00 101 94  1086000 1444000   250 9.84
0.081 0.0292 30.81 34.00 101 94  1086000 1444000   250 9.84
0.084 0.0300 30.77 34.00 101 94  1086000 1444000   250 9.84
0.087 0.0322 30.79 34.00 101 94  1086000 1444000   250 9.84
0.089 0.0313 30.84 34.00 101 94  1086000 1444000   250 9.84
0.092 0.0310 30.94 34.00 101 94  1086000 1444000   250 9.84
0.095 0.0306 31.07 34.00 101 94  1086000 1444000   250 9.84
0.098 0.0302 31.23 34.00 101 94  1086000 1444000   250 9.84
0.101 0.0314 31.41 34.00 101 94  1086000 1444000   250 9.84
0.103 0.0314 31.60 34.00 101 94  1086000 1444000   250 9.84
0.106 0.0282 31.80 34.00 101 94  1086000 1444000   250 9.84
0.109 0.0324 32.01 34.00 101 94  1086000 1444000   250 9.84
0.112 0.0341 32.23 34.00 101 94  1086000 1444000   250 9.84
0.115 0.0327 32.45 34.00 101 94  1086000 1444000   250 9.84
0.117 0.0324 32.68 34.00 101 94  1086000 1444000   250 9.84
0.120 0.0331 32.90 34.00 101 94  1086000 1444000   250 9.84
0.123 0.0346 33.11 34.00 101 94  1086000 1444000   250 9.84
0.126 0.0329 33.31 34.00 101 94  1086000 1444000   250 9.84
0.128 0.0329 33.50 34.00 101 94  1086000 1444000   250 9.84
0.131 0.0341 33.66 34.00 101 94  1086000 1444000   250 9.84
0.134 0.0341 33.79 34.00 101 94  1086000 1444000   250 9.84
0.137 0.0359 33.89 34.00 101 94  1086000 1444000   250 9.84
0.140 0.0342 33.96 34.00 101 94  1086000 1444000   250 9.84
0.142 0.0320 33.98 34.00 101 94  1086000 1444000   250 9.84
0.145 0.0340 33.97 34.00 101 94  1086000 1444000   250 9.84
0.148 0.0353 33.92 34.00 101 94  1086000 1444000   250 9.84
0.151 0.0336 33.85 34.00 101 94  1086000 1444000   250 9.84
0.154 0.0330 33.76 34.00 101 94  1086000 1444000   250 9.84
0.156 0.0347 33.66 34.00 101 94  1086000 1444000   250 9.84
0.159 0.0354 33.57 34.00 101 94  1086000 1444000   250 9.84
0.162 0.0325 33.49 34.00 101 94  1086000 1444000   250 9.84
0.165 0.0339 33.42 34.00 101 94  1086000 1444000   250 9.84
0.168 0.0321 33.36 34.00 101 94  1086000 1444000   250 9.84
0.170 0.0322 33.31 34.00 101 94  1086000 1444000   250 9.84
0.173 0.0331 33.28 34.00 101 94  1086000 1444000   250 9.84
0.176 0.0341 33.26 34.00 101 94  1086000 1444000   250 9.84
0.179 0.0328 33.25 34.00 101 94  1086000 1444000   250 9.84
0.182 0.0325 33.27 34.00 101 94  1086000 1444000   250 9.84
0.184 0.0318 33.31 34.00 101 94  1086000 1444000   250 9.84
0.187 0.0325 33.37 34.00 101 94  1086000 1444000   250 9.84
0.190 0.0347 33.45 34.00 101 94  1086000 1444000   250 9.84
0.193 0.0334 33.55 34.00 101 94  1086000 1444000   250 9.84
0.196 0.0317 33.67 34.00 101 94  1086000 1444000   250 9.84
0.198 0.0353 33.80 34.00 101 94  1086000 1444000   250 9.84
0.201 0.0373 33.94 34.00 101 94  1086000 1444000   250 9.84
0.204 0.0345 34.08 34.00 101 94  1086000 1444000   250 9.84
0.207 0.0324 34.23 34.00 101 94  1086000 1444000   250 9.84
0.209 0.0359 34.36 34.00 101 94  1086000 1444000   250 9.84
0.212 0.0335 34.48 34.00 101 94  1086000 1444000   250 9.84
0.215 0.0328 34.58 34.00 101 94  1086000 1444000   250 9.84
0.218 0.0321 34.67 34.00 101 94  1086000 1444000   250 9.84
0.221 0.0397 34.76 34.00 101 94  1086000 1444000   250 9.84
0.223 0.0347 34.83 34.00 101 94  1086000 1444000   250 9.84
0.226 0.0349 34.91 34.00 101 94  1086000 1444000   250 9.84
0.229 0.0336 34.98 34.00 101 94  1086000 1444000   250 9.84
0.232 0.0368 35.05 34.00 101 94  1086000 1444000   250 9.84
0.235 0.0363 35.12 34.00 101 94  1086000 1444000   250 9.84
0.237 0.0339 35.20 34.00 101 94  1086000 1444000   250 9.84
0.240 0.0345 35.27 34.00 101 94  1086000 1444000   250 9.84
0.243 0.0354 35.35 34.00 101 94  1086000 1444000   250 9.84
0.246 0.0352 35.44 34.00 101 94  1086000 1444000   250 9.84
0.249 0.0364 35.55 34.00 101 94  1086000 1444000   250 9.84
0.251 0.0362 35.67 34.00 101 94  1086000 1444000   250 9.84
0.254 0.0316 35.80 34.00 101 94  1086000 1444000   250 9.84
0.257 0.0357 35.94 34.00 101 94  1086000 1444000   250 9.84
0.260 0.0366 36.09 34.00 101 94  1086000 1444000   250 9.84
0.263 0.0373 36.24 34.00 101 94  1086000 1444000   250 9.84
0.265 0.0378 36.40 34.00 101 94  1086000 1444000   250 9.84
0.268 0.0383 36.57 34.00 101 94  1086000 1444000   250 9.84
0.271 0.0347 36.74 34.00 101 94  1086000 1444000   250 9.84
0.274 0.0377 36.92 34.00 101 94  1086000 1444000   250 9.84
0.277 0.0393 37.11 34.00 101 94  1086000 1444000   250 9.84
0.279 0.0322 37.30 34.00 101 94  1086000 1444000   250 9.84
0.282 0.0395 37.49 34.00 101 94  1086000 1444000   250 9.84
0.285 0.0364 37.67 34.00 101 94  1086000 1444000   250 9.84
0.288 0.0387 37.85 34.00 101 94  1086000 1444000   250 9.84
0.291 0.0376 38.04 34.00 101 94  1086000 1444000   250 9.84
0.293 0.0410 38.22 34.00 101 94  1086000 1444000   250 9.84
0.296 0.0375 38.40 34.00 101 94  1086000 1444000   250 9.84
0.299 0.0400 38.58 34.00 101 94  1086000 1444000   250 9.84
0.302 0.0370 38.76 34.00 101 94  1086000 1444000   250 9.84
0.304 0.0384 38.93 34.00 101 94  1086000 1444000   250 9.84
0.307 0.0417 39.11 34.00 101 94  1086000 1444000   250 9.84
0.310 0.0349 39.27 34.00 101 94  1086000 1444000   250 9.84
0.313 0.0403 39.43 34.00 101 94  1086000 1444000   250 9.84
0.316 0.0408 39.59 34.00 101 94  1086000 1444000   250 9.84
0.318 0.0385 39.75 34.00 101 94  1086000 1444000   250 9.84
0.321 0.0398 39.90 34.00 101 94  1086000 1444000   250 9.84
0.324 0.0390 40.03 34.00 101 94  1086000 1444000   250 9.84
0.327 0.0425 40.16 34.00 101 94  1086000 1444000   250 9.84
0.330 0.0414 40.28 34.00 101 94  1086000 1444000   250 9.84
0.332 0.0380 40.39 34.00 101 94  1086000 1444000   250 9.84
0.335 0.0426 40.50 34.00 101 94  1086000 1444000   250 9.84
0.338 0.0413 40.61 34.00 101 94  1086000 1444000   250 9.84
0.341 0.0415 40.71 34.00 101 94  1086000 1444000   250 9.84
0.344 0.0378 40.81 34.00 101 94  1086000 1444000   250 9.84
0.346 0.0439 40.91 34.00 101 94  1086000 1444000   250 9.84
0.349 0.0384 40.99 34.00 101 94  1086000 1444000   250 9.84
0.352 0.0408 41.05 34.00 101 94  1086000 1444000   250 9.84
0.355 0.0409 41.10 34.00 101 94  1086000 1444000   250 9.84
0.358 0.0406 41.15 34.00 101 94  1086000 1444000   250 9.84
0.360 0.0429 41.18 34.00 101 94  1086000 1444000   250 9.84
0.363 0.0417 41.22 34.00 101 94  1086000 1444000   250 9.84
0.366 0.0388 41.26 34.00 101 94  1086000 1444000   250 9.84
0.369 0.0434 41.30 34.00 101 94  1086000 1444000   250 9.84
0.372 0.0418 41.35 34.00 101 94  1086000 1444000   250 9.84
0.374 0.0410 41.40 34.00 101 94  1086000 1444000   250 9.84
0.377 0.0414 41.46 34.00 101 94  1086000 1444000   250 9.84
0.380 0.0414 41.53 34.00 101 94  1086000 1444000   250 9.84
0.383 0.0416 41.62 34.00 101 94  1086000 1444000   250 9.84
0.385 0.0419 41.70 34.00 101 94  1086000 1444000   250 9.84
0.388 0.0414 41.79 34.00 101 94  1086000 1444000   250 9.84
0.391 0.0405 41.88 34.00 101 94  1086000 1444000   250 9.84
0.394 0.0432 41.97 34.00 101 94  1086000 1444000   250 9.84
0.397 0.0416 42.05 34.00 101 94  1086000 1444000   250 9.84
0.399 0.0424 42.13 34.00 101 94  1086000 1444000   250 9.84
0.402 0.0396 42.22 34.00 101 94  1086000 1444000   250 9.84
0.405 0.0446 42.33 34.00 101 94  1086000 1444000   250 9.84
0.408 0.0448 42.44 34.00 101 94  1086000 1444000   250 9.84
0.411 0.0398 42.57 34.00 101 94  1086000 1444000   250 9.84
0.413 0.0449 42.71 34.00 101 94  1086000 1444000   250 9.84
0.416 0.0404 42.87 34.00 101 94  1086000 1444000   250 9.84
0.419 0.0447 43.03 34.00 101 94  1086000 1444000   250 9.84
0.422 0.0417 43.20 34.00 101 94  1086000 1444000   250 9.84
0.425 0.0442 43.37 34.00 101 94  1086000 1444000   250 9.84
0.427 0.0438 43.54 34.00 101 94  1086000 1444000   250 9.84
0.430 0.0449 43.70 34.00 101 94  1086000 1444000   250 9.84
0.433 0.0432 43.87 34.00 101 94  1086000 1444000   250 9.84
0.436 0.0435 44.03 34.00 101 94  1086000 1444000   250 9.84
0.439 0.0417 44.20 34.00 101 94  1086000 1444000   250 9.84
0.441 0.0436 44.36 34.00 101 94  1086000 1444000   250 9.84
0.444 0.0469 44.52 34.00 101 94  1086000 1444000   250 9.84
0.447 0.0443 44.68 34.00 101 94  1086000 1444000   250 9.84
0.450 0.0471 44.85 34.00 101 94  1086000 1444000   250 9.84
0.453 0.0439 45.03 34.00 101 94  1086000 1444000   250 9.84
0.455 0.0475 45.20 34.00 101 94  1086000 1444000   250 9.84
0.458 0.0454 45.38 34.00 101 94  1086000 1444000   250 9.84
0.461 0.0429 45.57 34.00 101 94  1086000 1444000   250 9.84
0.464 0.0468 45.76 34.00 101 94  1086000 1444000   250 9.84
0.466 0.0481 45.95 34.00 101 94  1086000 1444000   250 9.84
0.469 0.0410 46.15 34.00 101 94  1086000 1444000   250 9.84
0.472 0.0485 46.34 34.00 101 94  1086000 1444000   250 9.84
0.475 0.0465 46.55 34.00 101 94  1086000 1444000   250 9.84
0.478 0.0468 46.77 34.00 101 94  1086000 1444000   250 9.84
0.480 0.0455 47.00 34.00 101 94  1086000 1444000   250 9.84
0.483 0.0496 47.24 34.00 101 94  1086000 1444000   250 9.84
0.486 0.0477 47.49 34.00 101 94  1086000 1444000   250 9.84
0.489 0.0470 47.75 34.00 101 94  1086000 1444000   250 9.84
0.492 0.0456 48.01 34.00 101 94  1086000 1444000   250 9.84
0.494 0.0495 48.29 34.00 101 94  1086000 1444000   250 9.84
0.497 0.0494 48.58 34.00 101 94  1086000 1444000   250 9.84
0.500 0.0493 48.88 34.00 101 94  1086000 1444000   250 9.84
0.503 0.0485 49.19 34.00 101 94  1086000 1444000   250 9.84
0.506 0.0494 49.49 34.00 101 94  1086000 1444000   250 9.84
0.508 0.0484 49.78 34.00 101 94  1086000 1444000   250 9.84
0.511 0.0518 50.06 34.00 101 94  1086000 1444000   250 9.84
0.514 0.0506 50.33 34.00 101 94  1086000 1444000   250 9.84
0.517 0.0490 50.60 34.00 101 94  1086000 1444000   250 9.84
0.520 0.0523 50.87 34.00 101 94  1086000 1444000   250 9.84
0.522 0.0515 51.13 34.00 101 94  1086000 1444000   250 9.84
0.525 0.0526 51.39 34.00 101 94  1086000 1444000   250 9.84
0.528 0.0511 51.65 34.00 101 94  1086000 1444000   250 9.84
0.531 0.0512 51.92 34.00 101 94  1086000 1444000   250 9.84
0.534 0.0531 52.18 34.00 101 94  1086000 1444000   250 9.84
0.536 0.0520 52.44 34.00 101 94  1086000 1444000   250 9.84
0.539 0.0511 52.69 34.00 101 94  1086000 1444000   250 9.84
0.542 0.0533 52.94 34.00 101 94  1086000 1444000   250 9.84
0.545 0.0529 53.17 34.00 101 94  1086000 1444000   250 9.84
0.547 0.0552 53.39 34.00 101 94  1086000 1444000   250 9.84
0.550 0.0513 53.60 34.00 101 94  1086000 1444000   250 9.84
0.553 0.0537 53.80 34.00 101 94  1086000 1444000   250 9.84
0.556 0.0530 54.00 34.00 101 94  1086000 1444000   250 9.84
0.559 0.0567 54.18 34.00 101 94  1086000 1444000   250 9.84
0.561 0.0537 54.35 34.00 101 94  1086000 1444000   250 9.84
0.564 0.0539 54.52 34.00 101 94  1086000 1444000   250 9.84
0.567 0.0561 54.68 34.00 101 94  1086000 1444000   250 9.84
0.570 0.0553 54.85 34.00 101 94  1086000 1444000   250 9.84
0.573 0.0560 55.00 34.00 101 94  1086000 1444000   250 9.84
0.575 0.0539 55.15 34.00 101 94  1086000 1444000   250 9.84
0.578 0.0551 55.29 34.00 101 94  1086000 1444000   250 9.84
0.581 0.0562 55.41 34.00 101 94  1086000 1444000   250 9.84
0.584 0.0555 55.51 34.00 101 94  1086000 1444000   250 9.84
0.587 0.0557 55.60 34.00 101 94  1086000 1444000   250 9.84
0.589 0.0542 55.69 34.00 101 94  1086000 1444000   250 9.84
0.592 0.0557 55.77 34.00 101 94  1086000 1444000   250 9.84
0.595 0.0560 55.84 34.00 101 94  1086000 1444000   250 9.84
0.598 0.0545 55.92 34.00 101 94  1086000 1444000   250 9.84
0.601 0.0563 56.00 34.00 101 94  1086000 1444000   250 9.84
0.603 0.0572 56.09 34.00 101 94  1086000 1444000   250 9.84
0.606 0.0565 56.18 34.00 101 94  1086000 1444000   250 9.84
0.609 0.0570 56.28 34.00 101 94  1086000 1444000   250 9.84
0.612 0.0552 56.37 34.00 101 94  1086000 1444000   250 9.84
0.615 0.0578 56.47 34.00 101 94  1086000 1444000   250 9.84
0.617 0.0558 56.57 34.00 101 94  1086000 1444000   250 9.84
0.620 0.0580 56.66 34.00 101 94  1086000 1444000   250 9.84
0.623 0.0542 56.74 34.00 101 94  1086000 1444000   250 9.84
0.626 0.0566 56.81 34.00 101 94  1086000 1444000   250 9.84
0.628 0.0570 56.86 34.00 101 94  1086000 1444000   250 9.84
0.631 0.0566 56.91 34.00 101 94  1086000 1444000   250 9.84
0.634 0.0579 56.95 34.00 101 94  1086000 1444000   250 9.84
0.637 0.0569 56.99 34.00 101 94  1086000 1444000   250 9.84
0.640 0.0603 57.03 34.00 101 94  1086000 1444000   250 9.84
0.642 0.0562 57.06 34.00 101 94  1086000 1444000   250 9.84
0.645 0.0561 57.10 34.00 101 94  1086000 1444000   250 9.84
0.648 0.0577 57.15 34.00 101 94  1086000 1444000   250 9.84
0.651 0.0568 57.19 34.00 101 94  1086000 1444000   250 9.84
0.654 0.0575 57.25 34.00 101 94  1086000 1444000   250 9.84
0.656 0.0572 57.32 34.00 101 94  1086000 1444000   250 9.84
0.659 0.0556 57.38 34.00 101 94  1086000 1444000   250 9.84
0.662 0.0586 57.45 34.00 101 94  1086000 1444000   250 9.84
0.665 0.0559 57.52 34.00 101 94  1086000 1444000   250 9.84
0.668 0.0586 57.59 34.00 101 94  1086000 1444000   250 9.84
0.670 0.0562 57.66 34.00 101 94  1086000 1444000   250 9.84
0.673 0.0570 57.73 34.00 101 94  1086000 1444000   250 9.84
0.676 0.0595 57.81 34.00 101 94  1086000 1444000   250 9.84
0.679 0.0579 57.90 34.00 101 94  1086000 1444000   250 9.84
0.682 0.0590 58.00 34.00 101 94  1086000 1444000   250 9.84
0.684 0.0577 58.11 34.00 101 94  1086000 1444000   250 9.84
0.687 0.0586 58.23 34.00 101 94  1086000 1444000   250 9.84
0.690 0.0590 58.35 34.00 101 94  1086000 1444000   250 9.84
0.693 0.0572 58.47 34.00 101 94  1086000 1444000   250 9.84
0.696 0.0595 58.59 34.00 101 94  1086000 1444000   250 9.84
0.698 0.0582 58.70 34.00 101 94  1086000 1444000   250 9.84
0.701 0.0577 58.79 34.00 101 94  1086000 1444000   250 9.84
0.704 0.0616 58.88 34.00 101 94  1086000 1444000   250 9.84
0.707 0.0585 58.95 34.00 101 94  1086000 1444000   250 9.84
0.709 0.0573 59.02 34.00 101 94  1086000 1444000   250 9.84
0.712 0.0587 59.08 34.00 101 94  1086000 1444000   250 9.84
0.715 0.0587 59.13 34.00 101 94  1086000 1444000   250 9.84
0.718 0.0616 59.18 34.00 101 94  1086000 1444000   250 9.84
0.721 0.0585 59.23 34.00 101 94  1086000 1444000   250 9.84
0.723 0.0586 59.29 34.00 101 94  1086000 1444000   250 9.84
0.726 0.0615 59.35 34.00 101 94  1086000 1444000   250 9.84
0.729 0.0596 59.42 34.00 101 94  1086000 1444000   250 9.84
0.732 0.0577 59.49 34.00 101 94  1086000 1444000   250 9.84
0.735 0.0612 59.57 34.00 101 94  1086000 1444000   250 9.84
0.737 0.0565 59.65 34.00 101 94  1086000 1444000   250 9.84
0.740 0.0619 59.74 34.00 101 94  1086000 1444000   250 9.84
0.743 0.0603 59.84 34.00 101 94  1086000 1444000   250 9.84
0.746 0.0599 59.94 34.00 101 94  1086000 1444000   250 9.84
0.749 0.0576 60.04 34.00 101 94  1086000 1444000   250 9.84
0.751 0.0608 60.14 34.00 101 94  1086000 1444000   250 9.84
0.754 0.0598 60.25 34.00 101 94  1086000 1444000   250 9.84
0.757 0.0612 60.36 34.00 101 94  1086000 1444000   250 9.84
0.760 0.0613 60.47 34.00 101 94  1086000 1444000   250 9.84
0.763 0.0593 60.59 34.00 101 94  1086000 1444000   250 9.84
0.765 0.0601 60.72 34.00 101 94  1086000 1444000   250 9.84
0.768 0.0622 60.85 34.00 101 94  1086000 1444000   250 9.84
0.771 0.0619 60.99 34.00 101 94  1086000 1444000   250 9.84
0.774 0.0602 61.13 34.00 101 94  1086000 1444000   250 9.84
0.777 0.0622 61.27 34.00 101 94  1086000 1444000   250 9.84
0.779 0.0596 61.41 34.00 101 94  1086000 1444000   250 9.84
0.782 0.0626 61.54 34.00 101 94  1086000 1444000   250 9.84
0.785 0.0637 61.66 34.00 101 94  1086000 1444000   250 9.84
0.788 0.0598 61.79 34.00 101 94  1086000 1444000   250 9.84
0.791 0.0626 61.93 34.00 101 94  1086000 1444000   250 9.84
0.793 0.0613 62.07 34.00 101 94  1086000 1444000   250 9.84
0.796 0.0622 62.21 34.00 101 94  1086000 1444000   250 9.84
0.799 0.0604 62.34 34.00 101 94  1086000 1444000   250 9.84
0.802 0.0628 62.48 34.00 101 94  1086000 1444000   250 9.84
0.804 0.0648 62.61 34.00 101 94  1086000 1444000   250 9.84
0.807 0.0616 62.74 34.00 101 94  1086000 1444000   250 9.84
0.810 0.0629 62.87 34.00 101 94  1086000 1444000   250 9.84
0.813 0.0647 62.99 34.00 101 94  1086000 1444000   250 9.84
0.816 0.0611 63.12 34.00 101 94  1086000 1444000   250 9.84
0.818 0.0648 63.24 34.00 101 94  1086000 1444000   250 9.84
0.821 0.0614 63.35 34.00 101 94  1086000 1444000   250 9.84
0.824 0.0620 63.46 34.00 101 94  1086000 1444000   250 9.84
0.827 0.0657 63.55 34.00 101 94  1086000 1444000   250 9.84
0.830 0.0623 63.62 34.00 101 94  1086000 1444000   250 9.84
0.832 0.0661 63.68 34.00 101 94  1086000 1444000   250 9.84
0.835 0.0630 63.72 34.00 101 94  1086000 1444000   250 9.84
0.838 0.0661 63.75 34.00 101 94  1086000 1444000   250 9.84
0.841 0.0635 63.76 34.00 101 94  1086000 1444000   250 9.84
0.844 0.0622 63.75 34.00 101 94  1086000 1444000   250 9.84
0.846 0.0645 63.72 34.00 101 94  1086000 1444000   250 9.84
0.849 0.0603 63.67 34.00 101 94  1086000 1444000   250 9.84
0.852 0.0649 63.62 34.00 101 94  1086000 1444000   250 9.84
0.855 0.0648 63.56 34.00 101 94  1086000 1444000   250 9.84
0.858 0.0645 63.50 34.00 101 94  1086000 1444000   250 9.84
0.860 0.0633 63.45 34.00 101 94  1086000 1444000   250 9.84
0.863 0.0619 63.39 34.00 101 94  1086000 1444000   250 9.84
0.866 0.0650 63.34 34.00 101 94  1086000 1444000   250 9.84
0.869 0.0656 63.28 34.00 101 94  1086000 1444000   250 9.84
0.872 0.0577 63.22 34.00 101 94  1086000 1444000   250 9.84
0.874 0.0651 63.15 34.00 101 94  1086000 1444000   250 9.84
0.877 0.0602 63.09 34.00 101 94  1086000 1444000   250 9.84
0.880 0.0642 63.03 34.00 101 94  1086000 1444000   250 9.84
0.883 0.0642 62.97 34.00 101 94  1086000 1444000   250 9.84
0.885 0.0635 62.91 34.00 101 94  1086000 1444000   250 9.84
0.888 0.0646 62.84 34.00 101 94  1086000 1444000   250 9.84
0.891 0.0571 62.76 34.00 101 94  1086000 1444000   250 9.84
0.894 0.0634 62.68 34.00 101 94  1086000 1444000   250 9.84
0.897 0.0658 62.60 34.00 101 94  1086000 1444000   250 9.84
0.899 0.0629 62.53 34.00 101 94  1086000 1444000   250 9.84
0.902 0.0647 62.46 34.00 101 94  1086000 1444000   250 9.84
0.905 0.0606 62.42 34.00 101 94  1086000 1444000   250 9.84
0.908 0.0633 62.39 34.00 101 94  1086000 1444000   250 9.84
0.911 0.0621 62.38 34.00 101 94  1086000 1444000   250 9.84
0.913 0.0650 62.37 34.00 101 94  1086000 1444000   250 9.84
0.916 0.0569 62.37 34.00 101 94  1086000 1444000   250 9.84
0.919 0.0618 62.37 34.00 101 94  1086000 1444000   250 9.84
0.922 0.0628 62.38 34.00 101 94  1086000 1444000   250 9.84
0.925 0.0635 62.40 34.00 101 94  1086000 1444000   250 9.84
0.927 0.0617 62.42 34.00 101 94  1086000 1444000   250 9.84
0.930 0.0627 62.45 34.00 101 94  1086000 1444000   250 9.84
0.933 0.0610 62.48 34.00 101 94  1086000 1444000   250 9.84
0.936 0.0623 62.51 34.00 101 94  1086000 1444000   250 9.84
0.939 0.0615 62.54 34.00 101 94  1086000 1444000   250 9.84
0.941 0.0632 62.56 34.00 101 94  1086000 1444000   250 9.84
0.944 0.0649 62.58 34.00 101 94  1086000 1444000   250 9.84
0.947 0.0622 62.59 34.00 101 94  1086000 1444000   250 9.84
0.950 0.0650 62.60 34.00 101 94  1086000 1444000   250 9.84
0.953 0.0631 62.61 34.00 101 94  1086000 1444000   250 9.84
0.955 0.0616 62.62 34.00 101 94  1086000 1444000   250 9.84
0.958 0.0640 62.62 34.00 101 94  1086000 1444000   250 9.84
0.961 0.0606 62.61 34.00 101 94  1086000 1444000   250 9.84
0.964 0.0621 62.58 34.00 101 94  1086000 1444000   250 9.84
0.966 0.0621 62.53 34.00 101 94  1086000 1444000   250 9.84
0.969 0.0655 62.47 34.00 101 94  1086000 1444000   250 9.84
0.972 0.0611 62.40 34.00 101 94  1086000 1444000   250 9.84
0.975 0.0630 62.32 34.00 101 94  1086000 1444000   250 9.84
0.978 0.0606 62.25 34.00 101 94  1086000 1444000   250 9.84
0.980 0.0613 62.18 34.00 101 94  1086000 1444000   250 9.84
0.983 0.0593 62.11 34.00 101 94  1086000 1444000   250 9.84
0.986 0.0634 62.05 34.00 101 94  1086000 1444000   250 9.84
0.989 0.0656 62.01 34.00 101 94  1086000 1444000   250 9.84
0.992 0.0595 61.99 34.00 101 94  1086000 1444000   250 9.84
0.994 0.0612 62.00 34.00 101 94  1086000 1444000   250 9.84
0.997 0.0634 62.01 34.00 101 94  1086000 1444000   250 9.84
1.000 0.0648 62.04 34.00 101 94  1086000 1444000   250 9.84
1.003 0.0604 62.06 34.00 101 94  1086000 1444000   250 9.84
1.006 0.0633 62.08 34.00 101 94  1086000 1444000   250 9.84
1.008 0.0605 62.09 34.00 101 94  1086000 1444000   250 9.84
1.011 0.0589 62.09 34.00 101 94  1086000 1444000   250 9.84
1.014 0.0634 62.09 34.00 101 94  1086000 1444000   250 9.84
1.017 0.0617 62.09 34.00 101 94  1086000 1444000   250 9.84
1.020 0.0634 62.09 34.00 101 94  1086000 1444000   250 9.84
1.022 0.0610 62.09 34.00 101 94  1086000 1444000   250 9.84
1.025 0.0652 62.09 34.00 101 94  1086000 1444000   250 9.84
1.028 0.0607 62.09 34.00 101 94  1086000 1444000   250 9.84
1.031 0.0616 62.06 34.00 101 94  1086000 1444000   250 9.84
1.034 0.0613 62.02 34.00 101 94  1086000 1444000   250 9.84
1.036 0.0647 61.97 34.00 101 94  1086000 1444000   250 9.84
1.039 0.0632 61.91 34.00 101 94  1086000 1444000   250 9.84
1.042 0.0609 61.84 34.00 101 94  1086000 1444000   250 9.84
1.045 0.0609 61.76 34.00 101 94  1086000 1444000   250 9.84
1.047 0.0600 61.67 34.00 101 94  1086000 1444000   250 9.84
1.050 0.0587 61.58 34.00 101 94  1086000 1444000   250 9.84
1.053 0.0630 61.50 34.00 101 94  1086000 1444000   250 9.84
1.056 0.0638 61.42 34.00 101 94  1086000 1444000   250 9.84
1.059 0.0626 61.37 34.00 101 94  1086000 1444000   250 9.84
1.061 0.0598 61.33 34.00 101 94  1086000 1444000   250 9.84
1.064 0.0640 61.31 34.00 101 94  1086000 1444000   250 9.84
1.067 0.0614 61.30 34.00 101 94  1086000 1444000   250 9.84
1.070 0.0595 61.31 34.00 101 94  1086000 1444000   250 9.84
1.073 0.0603 61.33 34.00 101 94  1086000 1444000   250 9.84
1.075 0.0635 61.35 34.00 101 94  1086000 1444000   250 9.84
1.078 0.0571 61.36 34.00 101 94  1086000 1444000   250 9.84
1.081 0.0565 61.36 34.00 101 94  1086000 1444000   250 9.84
1.084 0.0628 61.35 34.00 101 94  1086000 1444000   250 9.84
1.087 0.0648 61.33 34.00 101 94  1086000 1444000   250 9.84
1.089 0.0622 61.31 34.00 101 94  1086000 1444000   250 9.84
1.092 0.0609 61.29 34.00 101 94  1086000 1444000   250 9.84
1.095 0.0603 61.28 34.00 101 94  1086000 1444000   250 9.84
1.098 0.0656 61.27 34.00 101 94  1086000 1444000   250 9.84
1.101 0.0605 61.27 34.00 101 94  1086000 1444000   250 9.84
1.103 0.0630 61.27 34.00 101 94  1086000 1444000   250 9.84
1.106 0.0631 61.30 34.00 101 94  1086000 1444000   250 9.84
1.109 0.0602 61.35 34.00 101 94  1086000 1444000   250 9.84
1.112 0.0621 61.40 34.00 101 94  1086000 1444000   250 9.84
1.115 0.0570 61.44 34.00 101 94  1086000 1444000   250 9.84
1.117 0.0597 61.46 34.00 101 94  1086000 1444000   250 9.84
1.120 0.0622 61.45 34.00 101 94  1086000 1444000   250 9.84
1.123 0.0594 61.41 34.00 101 94  1086000 1444000   250 9.84
1.126 0.0617 61.35 34.00 101 94  1086000 1444000   250 9.84
1.128 0.0612 61.27 34.00 101 94  1086000 1444000   250 9.84
1.131 0.0607 61.18 34.00 101 94  1086000 1444000   250 9.84
1.134 0.0629 61.10 34.00 101 94  1086000 1444000   250 9.84
1.137 0.0615 61.03 34.00 101 94  1086000 1444000   250 9.84
1.140 0.0629 60.98 34.00 101 94  1086000 1444000   250 9.84
1.142 0.0640 60.94 34.00 101 94  1086000 1444000   250 9.84
1.145 0.0577 60.92 34.00 101 94  1086000 1444000   250 9.84
1.148 0.0630 60.91 34.00 101 94  1086000 1444000   250 9.84
1.151 0.0603 60.90 34.00 101 94  1086000 1444000   250 9.84
1.154 0.0616 60.89 34.00 101 94  1086000 1444000   250 9.84
1.156 0.0611 60.88 34.00 101 94  1086000 1444000   250 9.84
1.159 0.0641 60.86 34.00 101 94  1086000 1444000   250 9.84
1.162 0.0561 60.83 34.00 101 94  1086000 1444000   250 9.84
1.165 0.0557 60.78 34.00 101 94  1086000 1444000   250 9.84
1.168 0.0605 60.72 34.00 101 94  1086000 1444000   250 9.84
1.170 0.0611 60.67 34.00 101 94  1086000 1444000   250 9.84
1.173 0.0597 60.61 34.00 101 94  1086000 1444000   250 9.84
1.176 0.0627 60.57 34.00 101 94  1086000 1444000   250 9.84
1.179 0.0636 60.53 34.00 101 94  1086000 1444000   250 9.84
1.182 0.0613 60.51 34.00 101 94  1086000 1444000   250 9.84
1.184 0.0574 60.50 34.00 101 94  1086000 1444000   250 9.84
1.187 0.0613 60.50 34.00 101 94  1086000 1444000   250 9.84
1.190 0.0614 60.51 34.00 101 94  1086000 1444000   250 9.84
1.193 0.0606 60.53 34.00 101 94  1086000 1444000   250 9.84
1.196 0.0624 60.55 34.00 101 94  1086000 1444000   250 9.84
1.198 0.0606 60.58 34.00 101 94  1086000 1444000   250 9.84
1.201 0.0606 60.61 34.00 101 94  1086000 1444000   250 9.84
1.204 0.0584 60.63 34.00 101 94  1086000 1444000   250 9.84
1.207 0.0602 60.63 34.00 101 94  1086000 1444000   250 9.84
1.209 0.0620 60.63 34.00 101 94  1086000 1444000   250 9.84
1.212 0.0591 60.60 34.00 101 94  1086000 1444000   250 9.84
1.215 0.0585 60.56 34.00 101 94  1086000 1444000   250 9.84
1.218 0.0628 60.50 34.00 101 94  1086000 1444000   250 9.84
1.221 0.0626 60.43 34.00 101 94  1086000 1444000   250 9.84
1.223 0.0555 60.38 34.00 101 94  1086000 1444000   250 9.84
1.226 0.0619 60.33 34.00 101 94  1086000 1444000   250 9.84
1.229 0.0600 60.30 34.00 101 94  1086000 1444000   250 9.84
1.232 0.0605 60.26 34.00 101 94  1086000 1444000   250 9.84
1.235 0.0614 60.23 34.00 101 94  1086000 1444000   250 9.84
1.237 0.0620 60.20 34.00 101 94  1086000 1444000   250 9.84
1.240 0.0624 60.16 34.00 101 94  1086000 1444000   250 9.84
1.243 0.0566 60.11 34.00 101 94  1086000 1444000   250 9.84
1.246 0.0623 60.06 34.00 101 94  1086000 1444000   250 9.84
1.249 0.0597 60.00 34.00 101 94  1086000 1444000   250 9.84
1.251 0.0592 59.93 34.00 101 94  1086000 1444000   250 9.84
1.254 0.0589 59.84 34.00 101 94  1086000 1444000   250 9.84
1.257 0.0571 59.74 34.00 101 94  1086000 1444000   250 9.84
1.260 0.0601 59.64 34.00 101 94  1086000 1444000   250 9.84
1.263 0.0597 59.53 34.00 101 94  1086000 1444000   250 9.84
1.265 0.0594 59.42 34.00 101 94  1086000 1444000   250 9.84
1.268 0.0615 59.31 34.00 101 94  1086000 1444000   250 9.84
1.271 0.0580 59.20 34.00 101 94  1086000 1444000   250 9.84
1.274 0.0613 59.10 34.00 101 94  1086000 1444000   250 9.84
1.277 0.0586 59.01 34.00 101 94  1086000 1444000   250 9.84
1.279 0.0602 58.94 34.00 101 94  1086000 1444000   250 9.84
1.282 0.0566 58.88 34.00 101 94  1086000 1444000   250 9.84
1.285 0.0592 58.84 34.00 101 94  1086000 1444000   250 9.84
1.288 0.0588 58.80 34.00 101 94  1086000 1444000   250 9.84
1.291 0.0587 58.77 34.00 101 94  1086000 1444000   250 9.84
1.293 0.0581 58.75 34.00 101 94  1086000 1444000   250 9.84
1.296 0.0582 58.74 34.00 101 94  1086000 1444000   250 9.84
1.299 0.0600 58.72 34.00 101 94  1086000 1444000   250 9.84
1.302 0.0572 58.72 34.00 101 94  1086000 1444000   250 9.84
1.304 0.0586 58.72 34.00 101 94  1086000 1444000   250 9.84
1.307 0.0600 58.73 34.00 101 94  1086000 1444000   250 9.84
1.310 0.0586 58.75 34.00 101 94  1086000 1444000   250 9.84
1.313 0.0582 58.79 34.00 101 94  1086000 1444000   250 9.84
1.316 0.0569 58.84 34.00 101 94  1086000 1444000   250 9.84
1.318 0.0596 58.91 34.00 101 94  1086000 1444000   250 9.84
1.321 0.0612 59.00 34.00 101 94  1086000 1444000   250 9.84
1.324 0.0590 59.09 34.00 101 94  1086000 1444000   250 9.84
1.327 0.0596 59.19 34.00 101 94  1086000 1444000   250 9.84
1.330 0.0598 59.29 34.00 101 94  1086000 1444000   250 9.84
1.332 0.0579 59.38 34.00 101 94  1086000 1444000   250 9.84
1.335 0.0574 59.47 34.00 101 94  1086000 1444000   250 9.84
1.338 0.0599 59.56 34.00 101 94  1086000 1444000   250 9.84
1.341 0.0619 59.64 34.00 101 94  1086000 1444000   250 9.84
1.344 0.0608 59.72 34.00 101 94  1086000 1444000   250 9.84
1.346 0.0589 59.79 34.00 101 94  1086000 1444000   250 9.84
1.349 0.0597 59.86 34.00 101 94  1086000 1444000   250 9.84
1.352 0.0590 59.92 34.00 101 94  1086000 1444000   250 9.84
1.355 0.0604 59.97 34.00 101 94  1086000 1444000   250 9.84
1.358 0.0596 60.03 34.00 101 94  1086000 1444000   250 9.84
1.360 0.0596 60.08 34.00 101 94  1086000 1444000   250 9.84
1.363 0.0624 60.14 34.00 101 94  1086000 1444000   250 9.84
1.366 0.0616 60.21 34.00 101 94  1086000 1444000   250 9.84
1.369 0.0583 60.28 34.00 101 94  1086000 1444000   250 9.84
1.372 0.0610 60.35 34.00 101 94  1086000 1444000   250 9.84
1.374 0.0607 60.44 34.00 101 94  1086000 1444000   250 9.84
1.377 0.0597 60.52 34.00 101 94  1086000 1444000   250 9.84
1.380 0.0589 60.60 34.00 101 94  1086000 1444000   250 9.84
1.383 0.0605 60.68 34.00 101 94  1086000 1444000   250 9.84
1.385 0.0630 60.76 34.00 101 94  1086000 1444000   250 9.84
1.388 0.0605 60.84 34.00 101 94  1086000 1444000   250 9.84
1.391 0.0592 60.92 34.00 101 94  1086000 1444000   250 9.84
1.394 0.0607 61.00 34.00 101 94  1086000 1444000   250 9.84
1.397 0.0609 61.08 34.00 101 94  1086000 1444000   250 9.84
1.399 0.0605 61.16 34.00 101 94  1086000 1444000   250 9.84
1.402 0.0635 61.23 34.00 101 94  1086000 1444000   250 9.84
1.405 0.0622 61.29 34.00 101 94  1086000 1444000   250 9.84
1.408 0.0595 61.34 34.00 101 94  1086000 1444000   250 9.84
1.411 0.0646 61.38 34.00 101 94  1086000 1444000   250 9.84
1.413 0.0602 61.41 34.00 101 94  1086000 1444000   250 9.84
1.416 0.0600 61.42 34.00 101 94  1086000 1444000   250 9.84
1.419 0.0637 61.42 34.00 101 94  1086000 1444000   250 9.84
1.422 0.0601 61.40 34.00 101 94  1086000 1444000   250 9.84
1.425 0.0598 61.37 34.00 101 94  1086000 1444000   250 9.84
1.427 0.0646 61.33 34.00 101 94  1086000 1444000   250 9.84
1.430 0.0591 61.28 34.00 101 94  1086000 1444000   250 9.84
1.433 0.0599 61.22 34.00 101 94  1086000 1444000   250 9.84
1.436 0.0640 61.16 34.00 101 94  1086000 1444000   250 9.84
1.439 0.0626 61.09 34.00 101 94  1086000 1444000   250 9.84
1.441 0.0590 61.03 34.00 101 94  1086000 1444000   250 9.84
1.444 0.0592 60.98 34.00 101 94  1086000 1444000   250 9.84
1.448 0.0646 60.92 34.00 101 94  1086000 1444000   250 9.84
1.451 0.0572 60.87 34.00 101 94  1086000 1444000   250 9.84
1.454 0.0615 60.83 34.00 101 94  1086000 1444000   250 9.84
1.458 0.0603 60.80 34.00 101 94  1086000 1444000   250 9.84
1.462 0.0611 60.78 34.00 101 94  1086000 1444000   250 9.84
1.466 0.0604 60.76 34.00 101 94  1086000 1444000   250 9.84
1.470 0.0598 60.75 34.00 101 94  1086000 1444000   250 9.84
1.474 0.0626 60.74 34.00 101 94  1086000 1444000   250 9.84
1.478 0.0613 60.74 34.00 101 94  1086000 1444000   250 9.84
1.483 0.0602 60.75 34.00 101 94  1086000 1444000   250 9.84
1.488 0.0610 60.76 34.00 101 94  1086000 1444000   250 9.84
1.493 0.0605 60.79 34.00 101 94  1086000 1444000   250 9.84
1.498 0.0610 60.82 34.00 101 94  1086000 1444000   250 9.84
1.503 0.0603 60.86 34.00 101 94  1086000 1444000   250 9.84
1.509 0.0611 60.90 34.00 101 94  1086000 1444000   250 9.84
1.515 0.0607 60.95 34.00 101 94  1086000 1444000   250 9.84
1.521 0.0618 60.99 34.00 101 94  1086000 1444000   250 9.84
1.527 0.0605 61.03 34.00 101 94  1086000 1444000   250 9.84
1.534 0.0609 61.06 34.00 101 94  1086000 1444000   250 9.84
1.541 0.0606 61.09 34.00 101 94  1086000 1444000   250 9.84
1.548 0.0622 61.11 34.00 101 94  1086000 1444000   250 9.84
1.556 0.0603 61.12 34.00 101 94  1086000 1444000   250 9.84
1.563 0.0609 61.14 34.00 101 94  1086000 1444000   250 9.84
1.572 0.0608 61.15 34.00 101 94  1086000 1444000   250 9.84
1.580 0.0622 61.16 34.00 101 94  1086000 1444000   250 9.84
1.589 0.0614 61.16 34.00 101 94  1086000 1444000   250 9.84
1.598 0.0614 61.17 34.00 101 94  1086000 1444000   250 9.84
1.608 0.0614 61.17 34.00 101 94  1086000 1444000   250 9.84
1.618 0.0613 61.17 34.00 101 94  1086000 1444000   250 9.84
1.628 0.0620 61.16 34.00 101 94  1086000 1444000   250 9.84
1.639 0.0606 61.16 34.00 101 94  1086000 1444000   250 9.84
1.651 0.0612 61.16 34.00 101 94  1086000 1444000   250 9.84
1.662 0.0608 61.16 34.00 101 94  1086000 1444000   250 9.84
1.675 0.0602 61.17 34.00 101 94  1086000 1444000   250 9.84
1.688 0.0613 61.19 34.00 101 94  1086000 1444000   250 9.84
1.701 0.0615 61.22 34.00 101 94  1086000 1444000   250 9.84
1.715 0.0614 61.26 34.00 101 94  1086000 1444000   250 9.84
1.729 0.0609 61.30 34.00 101 94  1086000 1444000   250 9.84
1.743 0.0614 61.35 34.00 101 94  1086000 1444000   250 9.84
1.757 0.0610 61.40 34.00 101 94  1086000 1444000   250 9.84
1.771 0.0613 61.45 34.00 101 94  1086000 1444000   250 9.84
1.785 0.0613 61.50 34.00 101 94  1086000 1444000   250 9.84
1.799 0.0614 61.54 34.00 101 94  1086000 1444000   250 9.84
1.813 0.0614 61.58 34.00 101 94  1086000 1444000   250 9.84
1.827 0.0622 61.61 34.00 101 94  1086000 1444000   250 9.84
1.841 0.0621 61.63 34.00 101 94  1086000 1444000   250 9.84
1.855 0.0617 61.64 34.00 101 94  1086000 1444000   250 9.84
1.869 0.0620 61.63 34.00 101 94  1086000 1444000   250 9.84
1.883 0.0628 61.61 34.00 101 94  1086000 1444000   250 9.84
1.897 0.0627 61.56 34.00 101 94  1086000 1444000   250 9.84
1.911 0.0616 61.51 34.00 101 94  1086000 1444000   250 9.84
1.925 0.0622 61.44 34.00 101 94  1086000 1444000   250 9.84
1.939 0.0619 61.36 34.00 101 94  1086000 1444000   250 9.84
1.953 0.0620 61.28 34.00 101 94  1086000 1444000   250 9.84
1.966 0.0615 61.21 34.00 101 94  1086000 1444000   250 9.84
1.980 0.0615 61.16 34.00 101 94  1086000 1444000   250 9.84
1.994 0.0615 61.15 34.00 101 94  1086000 1444000   250 9.84
2.008 0.0627 61.20 34.00 101 94  1086000 1444000   250 9.84
2.022 0.0619 61.34 34.00 101 94  1086000 1444000   250 9.84
2.036 0.0620 61.61 34.00 101 94  1086000 1444000   250 9.84
2.050 0.0632 62.04 34.00 101 94  1086000 1444000   250 9.84
2.064 0.0629 62.66 34.00 101 94  1086000 1444000   250 9.84
2.078 0.0640 63.50 34.00 101 94  1086000 1444000   250 9.84
2.092 0.0649 64.60 34.00 101 94  1086000 1444000   250 9.84
2.106 0.0661 65.97 34.00 101 94  1086000 1444000   250 9.84
2.120 0.0658 67.64 34.00 101 94  1086000 1444000   250 9.84
2.134 0.0682 69.62 34.00 101 94  1086000 1444000   250 9.84
2.148 0.0705 71.92 34.00 101 94  1086000 1444000   250 9.84
2.162 0.0735 74.54 34.00 101 94  1086000 1444000   250 9.84
2.176 0.0760 77.48 34.00 101 94  1086000 1444000   250 9.84
2.190 0.0787 80.71 34.00 101 94  1086000 1444000   250 9.84
2.204 0.0819 84.21 34.00 101 94  1086000 1444000   250 9.84
2.218 0.0881 87.99 34.00 101 94  1086000 1444000   250 9.84
2.232 0.0936 92.17 34.00 101 94  1086000 1444000   250 9.84
2.246 0.0987 97.92 34.00 101 94  1086000 1444000   250 9.84
2.260 0.1046 105.95 34.00 101 94  1086000 1444000   250 9.84
2.274 0.1126 114.70 34.00 101 94  1086000 1444000   250 9.84
2.288 0.1170 123.30 34.00 101 94  1086000 1444000   250 9.84
2.302 0.1235 131.48 34.00 101 94  1086000 1444000   250 9.84
2.316 0.1313 139.16 34.00 101 94  1086000 1444000   250 9.84
2.330 0.1352 146.34 34.00 101 94  1086000 1444000   250 9.84
2.344 0.1451 153.05 34.00 101 94  1086000 1444000   250 9.84
2.358 0.1542 159.34 34.00 101 94  1086000 1444000   250 9.84
2.372 0.1585 165.23 34.00 101 94  1086000 1444000   250 9.84
2.385 0.1709 170.77 34.00 101 94  1086000 1444000   250 9.84
2.399 0.1799 175.97 34.00 101 94  1086000 1444000   250 9.84
2.413 0.1919 180.88 34.00 101 94  1086000 1444000   250 9.84
2.427 0.2029 185.49 34.00 101 94  1086000 1444000   250 9.84
2.441 0.2109 189.82 34.00 101 94  1086000 1444000   250 9.84
2.455 0.2366 193.86 34.00 101 94  1086000 1444000   250 9.84
2.469 0.2589 197.62 34.00 101 94  1086000 1444000   250 9.84
2.483 0.2800 201.09 34.00 101 94  1086000 1444000   250 9.84
2.497 0.3088 204.24 34.00 101 94  1086000 1444000   250 9.84
2.511 0.3343 207.06 34.00 101 94  1086000 1444000   250 9.84
2.525 0.3438 209.51 34.00 101 94  1086000 1444000   250 9.84
2.539 0.0000 211.54 34.00 101 94  1086000 1444000   250 9.84
2.553 0.0000 213.11 34.00 101 94  1086000 1444000   250 9.84
