     x     qy smooth tpara  cd  zL     xTr    xCpl frame tma
-1.996 0.2256 170.34 56.10 102 94   910000 1366000   260 10.10
-1.985 0.1396 160.36 56.10 102 94   910000 1366000   260 10.10
-1.974 0.1683 150.85 56.10 102 94   910000 1366000   260 10.10
-1.963 0.1306 141.81 56.10 102 94   910000 1366000   260 10.10
-1.952 0.1446 133.22 56.10 102 94   910000 1366000   260 10.10
-1.941 0.1040 125.07 56.10 102 94   910000 1366000   260 10.10
-1.930 0.1096 117.36 56.10 102 94   910000 1366000   260 10.10
-1.919 0.0944 110.07 56.10 102 94   910000 1366000   260 10.10
-1.908 0.0873 103.21 56.10 102 94   910000 1366000   260 10.10
-1.897 0.0831 96.76 56.10 102 94   910000 1366000   260 10.10
-1.886 0.0788 90.72 56.10 102 94   910000 1366000   260 10.10
-1.875 0.0760 85.08 56.10 102 94   910000 1366000   260 10.10
-1.864 0.0714 79.86 56.10 102 94   910000 1366000   260 10.10
-1.853 0.0684 75.03 56.10 102 94   910000 1366000   260 10.10
-1.842 0.0668 70.62 56.10 102 94   910000 1366000   260 10.10
-1.831 0.0643 66.63 56.10 102 94   910000 1366000   260 10.10
-1.820 0.0631 63.06 56.10 102 94   910000 1366000   260 10.10
-1.809 0.0607 59.94 56.10 102 94   910000 1366000   260 10.10
-1.798 0.0599 57.28 56.10 102 94   910000 1366000   260 10.10
-1.787 0.0573 55.10 56.10 102 94   910000 1366000   260 10.10
-1.776 0.0557 53.45 56.10 102 94   910000 1366000   260 10.10
-1.765 0.0552 52.33 56.10 102 94   910000 1366000   260 10.10
-1.754 0.0540 51.66 56.10 102 94   910000 1366000   260 10.10
-1.743 0.0517 51.13 56.10 102 94   910000 1366000   260 10.10
-1.732 0.0514 50.27 56.10 102 94   910000 1366000   260 10.10
-1.721 0.0504 49.42 56.10 102 94   910000 1366000   260 10.10
-1.711 0.0484 48.56 56.10 102 94   910000 1366000   260 10.10
-1.700 0.0479 47.72 56.10 102 94   910000 1366000   260 10.10
-1.689 0.0478 46.91 56.10 102 94   910000 1366000   260 10.10
-1.678 0.0467 46.14 56.10 102 94   910000 1366000   260 10.10
-1.667 0.0458 45.43 56.10 102 94   910000 1366000   260 10.10
-1.656 0.0455 44.77 56.10 102 94   910000 1366000   260 10.10
-1.645 0.0447 44.18 56.10 102 94   910000 1366000   260 10.10
-1.634 0.0432 43.66 56.10 102 94   910000 1366000   260 10.10
-1.623 0.0429 43.20 56.10 102 94   910000 1366000   260 10.10
-1.612 0.0428 42.81 56.10 102 94   910000 1366000   260 10.10
-1.601 0.0411 42.49 56.10 102 94   910000 1366000   260 10.10
-1.590 0.0415 42.22 56.10 102 94   910000 1366000   260 10.10
-1.579 0.0408 42.02 56.10 102 94   910000 1366000   260 10.10
-1.568 0.0405 41.87 56.10 102 94   910000 1366000   260 10.10
-1.557 0.0420 41.76 56.10 102 94   910000 1366000   260 10.10
-1.546 0.0418 41.69 56.10 102 94   910000 1366000   260 10.10
-1.535 0.0419 41.65 56.10 102 94   910000 1366000   260 10.10
-1.524 0.0414 41.64 56.10 102 94   910000 1366000   260 10.10
-1.513 0.0430 41.65 56.10 102 94   910000 1366000   260 10.10
-1.502 0.0422 41.67 56.10 102 94   910000 1366000   260 10.10
-1.491 0.0420 41.70 56.10 102 94   910000 1366000   260 10.10
-1.480 0.0427 41.72 56.10 102 94   910000 1366000   260 10.10
-1.469 0.0413 41.74 56.10 102 94   910000 1366000   260 10.10
-1.458 0.0428 41.75 56.10 102 94   910000 1366000   260 10.10
-1.447 0.0422 41.75 56.10 102 94   910000 1366000   260 10.10
-1.436 0.0418 41.72 56.10 102 94   910000 1366000   260 10.10
-1.425 0.0424 41.68 56.10 102 94   910000 1366000   260 10.10
-1.414 0.0417 41.61 56.10 102 94   910000 1366000   260 10.10
-1.404 0.0418 41.53 56.10 102 94   910000 1366000   260 10.10
-1.393 0.0411 41.43 56.10 102 94   910000 1366000   260 10.10
-1.382 0.0416 41.32 56.10 102 94   910000 1366000   260 10.10
-1.371 0.0406 41.19 56.10 102 94   910000 1366000   260 10.10
-1.360 0.0403 41.06 56.10 102 94   910000 1366000   260 10.10
-1.349 0.0411 40.93 56.10 102 94   910000 1366000   260 10.10
-1.338 0.0404 40.79 56.10 102 94   910000 1366000   260 10.10
-1.327 0.0399 40.66 56.10 102 94   910000 1366000   260 10.10
-1.316 0.0410 40.54 56.10 102 94   910000 1366000   260 10.10
-1.305 0.0405 40.42 56.10 102 94   910000 1366000   260 10.10
-1.294 0.0397 40.31 56.10 102 94   910000 1366000   260 10.10
-1.283 0.0400 40.20 56.10 102 94   910000 1366000   260 10.10
-1.272 0.0408 40.11 56.10 102 94   910000 1366000   260 10.10
-1.261 0.0410 40.03 56.10 102 94   910000 1366000   260 10.10
-1.250 0.0398 39.96 56.10 102 94   910000 1366000   260 10.10
-1.239 0.0400 39.90 56.10 102 94   910000 1366000   260 10.10
-1.228 0.0405 39.85 56.10 102 94   910000 1366000   260 10.10
-1.217 0.0394 39.80 56.10 102 94   910000 1366000   260 10.10
-1.206 0.0398 39.76 56.10 102 94   910000 1366000   260 10.10
-1.195 0.0386 39.73 56.10 102 94   910000 1366000   260 10.10
-1.184 0.0396 39.69 56.10 102 94   910000 1366000   260 10.10
-1.173 0.0398 39.67 56.10 102 94   910000 1366000   260 10.10
-1.162 0.0395 39.65 56.10 102 94   910000 1366000   260 10.10
-1.151 0.0398 39.63 56.10 102 94   910000 1366000   260 10.10
-1.140 0.0390 39.62 56.10 102 94   910000 1366000   260 10.10
-1.129 0.0400 39.62 56.10 102 94   910000 1366000   260 10.10
-1.118 0.0396 39.61 56.10 102 94   910000 1366000   260 10.10
-1.107 0.0398 39.61 56.10 102 94   910000 1366000   260 10.10
-1.096 0.0398 39.61 56.10 102 94   910000 1366000   260 10.10
-1.086 0.0397 39.61 56.10 102 94   910000 1366000   260 10.10
-1.075 0.0405 39.62 56.10 102 94   910000 1366000   260 10.10
-1.064 0.0392 39.62 56.10 102 94   910000 1366000   260 10.10
-1.053 0.0391 39.63 56.10 102 94   910000 1366000   260 10.10
-1.042 0.0401 39.65 56.10 102 94   910000 1366000   260 10.10
-1.031 0.0396 39.67 56.10 102 94   910000 1366000   260 10.10
-1.020 0.0399 39.70 56.10 102 94   910000 1366000   260 10.10
-1.009 0.0396 39.75 56.10 102 94   910000 1366000   260 10.10
-0.998 0.0403 39.80 56.10 102 94   910000 1366000   260 10.10
-0.987 0.0405 39.87 56.10 102 94   910000 1366000   260 10.10
-0.976 0.0399 39.95 56.10 102 94   910000 1366000   260 10.10
-0.965 0.0394 40.04 56.10 102 94   910000 1366000   260 10.10
-0.954 0.0396 40.14 56.10 102 94   910000 1366000   260 10.10
-0.943 0.0397 40.24 56.10 102 94   910000 1366000   260 10.10
-0.932 0.0397 40.35 56.10 102 94   910000 1366000   260 10.10
-0.921 0.0392 40.46 56.10 102 94   910000 1366000   260 10.10
-0.910 0.0410 40.57 56.10 102 94   910000 1366000   260 10.10
-0.899 0.0405 40.69 56.10 102 94   910000 1366000   260 10.10
-0.888 0.0409 40.80 56.10 102 94   910000 1366000   260 10.10
-0.877 0.0420 40.91 56.10 102 94   910000 1366000   260 10.10
-0.866 0.0417 41.03 56.10 102 94   910000 1366000   260 10.10
-0.855 0.0417 41.14 56.10 102 94   910000 1366000   260 10.10
-0.844 0.0419 41.25 56.10 102 94   910000 1366000   260 10.10
-0.833 0.0417 41.36 56.10 102 94   910000 1366000   260 10.10
-0.822 0.0419 41.46 56.10 102 94   910000 1366000   260 10.10
-0.811 0.0413 41.56 56.10 102 94   910000 1366000   260 10.10
-0.800 0.0414 41.66 56.10 102 94   910000 1366000   260 10.10
-0.789 0.0415 41.75 56.10 102 94   910000 1366000   260 10.10
-0.779 0.0414 41.84 56.10 102 94   910000 1366000   260 10.10
-0.768 0.0415 41.91 56.10 102 94   910000 1366000   260 10.10
-0.757 0.0415 41.99 56.10 102 94   910000 1366000   260 10.10
-0.746 0.0416 42.07 56.10 102 94   910000 1366000   260 10.10
-0.735 0.0428 42.15 56.10 102 94   910000 1366000   260 10.10
-0.724 0.0423 42.23 56.10 102 94   910000 1366000   260 10.10
-0.713 0.0422 42.32 56.10 102 94   910000 1366000   260 10.10
-0.702 0.0418 42.42 56.10 102 94   910000 1366000   260 10.10
-0.691 0.0433 42.53 56.10 102 94   910000 1366000   260 10.10
-0.680 0.0419 42.64 56.10 102 94   910000 1366000   260 10.10
-0.669 0.0424 42.75 56.10 102 94   910000 1366000   260 10.10
-0.658 0.0432 42.86 56.10 102 94   910000 1366000   260 10.10
-0.647 0.0433 42.96 56.10 102 94   910000 1366000   260 10.10
-0.636 0.0433 43.05 56.10 102 94   910000 1366000   260 10.10
-0.625 0.0428 43.13 56.10 102 94   910000 1366000   260 10.10
-0.614 0.0432 43.19 56.10 102 94   910000 1366000   260 10.10
-0.603 0.0435 43.23 56.10 102 94   910000 1366000   260 10.10
-0.592 0.0432 43.25 56.10 102 94   910000 1366000   260 10.10
-0.581 0.0437 43.26 56.10 102 94   910000 1366000   260 10.10
-0.570 0.0436 43.26 56.10 102 94   910000 1366000   260 10.10
-0.559 0.0440 43.24 56.10 102 94   910000 1366000   260 10.10
-0.548 0.0437 43.21 56.10 102 94   910000 1366000   260 10.10
-0.537 0.0424 43.18 56.10 102 94   910000 1366000   260 10.10
-0.526 0.0429 43.14 56.10 102 94   910000 1366000   260 10.10
-0.515 0.0431 43.09 56.10 102 94   910000 1366000   260 10.10
-0.504 0.0428 43.03 56.10 102 94   910000 1366000   260 10.10
-0.493 0.0423 42.97 56.10 102 94   910000 1366000   260 10.10
-0.482 0.0434 42.91 56.10 102 94   910000 1366000   260 10.10
-0.471 0.0424 42.85 56.10 102 94   910000 1366000   260 10.10
-0.461 0.0430 42.79 56.10 102 94   910000 1366000   260 10.10
-0.450 0.0428 42.74 56.10 102 94   910000 1366000   260 10.10
-0.439 0.0422 42.69 56.10 102 94   910000 1366000   260 10.10
-0.428 0.0423 42.64 56.10 102 94   910000 1366000   260 10.10
-0.417 0.0425 42.59 56.10 102 94   910000 1366000   260 10.10
-0.406 0.0420 42.54 56.10 102 94   910000 1366000   260 10.10
-0.395 0.0433 42.48 56.10 102 94   910000 1366000   260 10.10
-0.384 0.0429 42.41 56.10 102 94   910000 1366000   260 10.10
-0.373 0.0425 42.33 56.10 102 94   910000 1366000   260 10.10
-0.362 0.0422 42.24 56.10 102 94   910000 1366000   260 10.10
-0.351 0.0427 42.15 56.10 102 94   910000 1366000   260 10.10
-0.340 0.0416 42.05 56.10 102 94   910000 1366000   260 10.10
-0.329 0.0426 41.96 56.10 102 94   910000 1366000   260 10.10
-0.318 0.0420 41.89 56.10 102 94   910000 1366000   260 10.10
-0.307 0.0420 41.83 56.10 102 94   910000 1366000   260 10.10
-0.296 0.0426 41.80 56.10 102 94   910000 1366000   260 10.10
-0.285 0.0425 41.81 56.10 102 94   910000 1366000   260 10.10
-0.274 0.0416 41.85 56.10 102 94   910000 1366000   260 10.10
-0.263 0.0412 41.93 56.10 102 94   910000 1366000   260 10.10
-0.252 0.0416 42.04 56.10 102 94   910000 1366000   260 10.10
-0.241 0.0409 42.18 56.10 102 94   910000 1366000   260 10.10
-0.230 0.0409 42.35 56.10 102 94   910000 1366000   260 10.10
-0.219 0.0408 42.54 56.10 102 94   910000 1366000   260 10.10
-0.208 0.0419 42.75 56.10 102 94   910000 1366000   260 10.10
-0.197 0.0416 42.97 56.10 102 94   910000 1366000   260 10.10
-0.186 0.0426 43.19 56.10 102 94   910000 1366000   260 10.10
-0.175 0.0433 43.39 56.10 102 94   910000 1366000   260 10.10
-0.164 0.0440 43.56 56.10 102 94   910000 1366000   260 10.10
-0.154 0.0444 43.70 56.10 102 94   910000 1366000   260 10.10
-0.143 0.0445 43.77 56.10 102 94   910000 1366000   260 10.10
-0.132 0.0456 43.78 56.10 102 94   910000 1366000   260 10.10
-0.121 0.0446 43.71 56.10 102 94   910000 1366000   260 10.10
-0.110 0.0447 43.55 56.10 102 94   910000 1366000   260 10.10
-0.099 0.0447 43.29 56.10 102 94   910000 1366000   260 10.10
-0.088 0.0435 42.93 56.10 102 94   910000 1366000   260 10.10
-0.077 0.0430 42.47 56.10 102 94   910000 1366000   260 10.10
-0.066 0.0427 41.90 56.10 102 94   910000 1366000   260 10.10
-0.055 0.0420 41.24 56.10 102 94   910000 1366000   260 10.10
-0.044 0.0424 40.51 56.10 102 94   910000 1366000   260 10.10
-0.033 0.0402 39.71 56.10 102 94   910000 1366000   260 10.10
-0.022 0.0389 38.86 56.10 102 94   910000 1366000   260 10.10
-0.011 0.0387 37.98 56.10 102 94   910000 1366000   260 10.10
-0.000 0.0364 37.09 56.10 102 94   910000 1366000   260 10.10
0.010 0.0354 36.22 56.10 102 94   910000 1366000   260 10.10
0.019 0.0347 35.36 56.10 102 94   910000 1366000   260 10.10
0.029 0.0335 34.54 56.10 102 94   910000 1366000   260 10.10
0.038 0.0327 33.77 56.10 102 94   910000 1366000   260 10.10
0.046 0.0315 33.07 56.10 102 94   910000 1366000   260 10.10
0.054 0.0313 32.43 56.10 102 94   910000 1366000   260 10.10
0.062 0.0305 31.88 56.10 102 94   910000 1366000   260 10.10
0.070 0.0301 31.41 56.10 102 94   910000 1366000   260 10.10
0.077 0.0308 31.03 56.10 102 94   910000 1366000   260 10.10
0.084 0.0314 30.74 56.10 102 94   910000 1366000   260 10.10
0.091 0.0305 30.54 56.10 102 94   910000 1366000   260 10.10
0.097 0.0308 30.41 56.10 102 94   910000 1366000   260 10.10
0.103 0.0304 30.36 56.10 102 94   910000 1366000   260 10.10
0.109 0.0322 30.36 56.10 102 94   910000 1366000   260 10.10
0.115 0.0291 30.42 56.10 102 94   910000 1366000   260 10.10
0.120 0.0293 30.51 56.10 102 94   910000 1366000   260 10.10
0.126 0.0300 30.61 56.10 102 94   910000 1366000   260 10.10
0.131 0.0327 30.72 56.10 102 94   910000 1366000   260 10.10
0.135 0.0307 30.83 56.10 102 94   910000 1366000   260 10.10
0.140 0.0298 30.93 56.10 102 94   910000 1366000   260 10.10
0.144 0.0303 31.03 56.10 102 94   910000 1366000   260 10.10
0.149 0.0325 31.12 56.10 102 94   910000 1366000   260 10.10
0.153 0.0326 31.20 56.10 102 94   910000 1366000   260 10.10
0.157 0.0322 31.28 56.10 102 94   910000 1366000   260 10.10
0.160 0.0327 31.37 56.10 102 94   910000 1366000   260 10.10
0.164 0.0303 31.44 56.10 102 94   910000 1366000   260 10.10
0.167 0.0329 31.51 56.10 102 94   910000 1366000   260 10.10
0.171 0.0316 31.55 56.10 102 94   910000 1366000   260 10.10
0.174 0.0300 31.56 56.10 102 94   910000 1366000   260 10.10
0.177 0.0317 31.53 56.10 102 94   910000 1366000   260 10.10
0.180 0.0290 31.46 56.10 102 94   910000 1366000   260 10.10
0.183 0.0327 31.36 56.10 102 94   910000 1366000   260 10.10
0.185 0.0312 31.24 56.10 102 94   910000 1366000   260 10.10
0.188 0.0313 31.12 56.10 102 94   910000 1366000   260 10.10
0.191 0.0291 31.00 56.10 102 94   910000 1366000   260 10.10
0.193 0.0314 30.89 56.10 102 94   910000 1366000   260 10.10
0.195 0.0341 30.77 56.10 102 94   910000 1366000   260 10.10
0.197 0.0324 30.67 56.10 102 94   910000 1366000   260 10.10
0.200 0.0301 30.59 56.10 102 94   910000 1366000   260 10.10
0.202 0.0312 30.52 56.10 102 94   910000 1366000   260 10.10
0.204 0.0305 30.48 56.10 102 94   910000 1366000   260 10.10
0.206 0.0309 30.45 56.10 102 94   910000 1366000   260 10.10
0.208 0.0315 30.45 56.10 102 94   910000 1366000   260 10.10
0.211 0.0287 30.44 56.10 102 94   910000 1366000   260 10.10
0.213 0.0249 30.44 56.10 102 94   910000 1366000   260 10.10
0.215 0.0254 30.44 56.10 102 94   910000 1366000   260 10.10
0.217 0.0324 30.46 56.10 102 94   910000 1366000   260 10.10
0.219 0.0309 30.49 56.10 102 94   910000 1366000   260 10.10
0.221 0.0348 30.56 56.10 102 94   910000 1366000   260 10.10
0.224 0.0317 30.66 56.10 102 94   910000 1366000   260 10.10
0.226 0.0339 30.81 56.10 102 94   910000 1366000   260 10.10
0.228 0.0320 30.99 56.10 102 94   910000 1366000   260 10.10
0.230 0.0293 31.21 56.10 102 94   910000 1366000   260 10.10
0.232 0.0270 31.44 56.10 102 94   910000 1366000   260 10.10
0.235 0.0305 31.69 56.10 102 94   910000 1366000   260 10.10
0.237 0.0331 31.94 56.10 102 94   910000 1366000   260 10.10
0.239 0.0334 32.18 56.10 102 94   910000 1366000   260 10.10
0.241 0.0340 32.40 56.10 102 94   910000 1366000   260 10.10
0.243 0.0326 32.58 56.10 102 94   910000 1366000   260 10.10
0.246 0.0295 32.73 56.10 102 94   910000 1366000   260 10.10
0.248 0.0337 32.83 56.10 102 94   910000 1366000   260 10.10
0.250 0.0301 32.91 56.10 102 94   910000 1366000   260 10.10
0.252 0.0324 32.96 56.10 102 94   910000 1366000   260 10.10
0.254 0.0363 32.99 56.10 102 94   910000 1366000   260 10.10
0.257 0.0382 33.02 56.10 102 94   910000 1366000   260 10.10
0.259 0.0340 33.06 56.10 102 94   910000 1366000   260 10.10
0.261 0.0315 33.10 56.10 102 94   910000 1366000   260 10.10
0.263 0.0339 33.16 56.10 102 94   910000 1366000   260 10.10
0.265 0.0346 33.21 56.10 102 94   910000 1366000   260 10.10
0.268 0.0314 33.25 56.10 102 94   910000 1366000   260 10.10
0.270 0.0312 33.27 56.10 102 94   910000 1366000   260 10.10
0.272 0.0336 33.27 56.10 102 94   910000 1366000   260 10.10
0.274 0.0319 33.26 56.10 102 94   910000 1366000   260 10.10
0.276 0.0322 33.24 56.10 102 94   910000 1366000   260 10.10
0.279 0.0327 33.23 56.10 102 94   910000 1366000   260 10.10
0.281 0.0331 33.24 56.10 102 94   910000 1366000   260 10.10
0.283 0.0312 33.26 56.10 102 94   910000 1366000   260 10.10
0.285 0.0374 33.30 56.10 102 94   910000 1366000   260 10.10
0.287 0.0325 33.36 56.10 102 94   910000 1366000   260 10.10
0.289 0.0314 33.42 56.10 102 94   910000 1366000   260 10.10
0.292 0.0354 33.51 56.10 102 94   910000 1366000   260 10.10
0.294 0.0352 33.62 56.10 102 94   910000 1366000   260 10.10
0.296 0.0348 33.74 56.10 102 94   910000 1366000   260 10.10
0.298 0.0341 33.86 56.10 102 94   910000 1366000   260 10.10
0.300 0.0329 33.99 56.10 102 94   910000 1366000   260 10.10
0.303 0.0321 34.11 56.10 102 94   910000 1366000   260 10.10
0.305 0.0342 34.21 56.10 102 94   910000 1366000   260 10.10
0.307 0.0354 34.30 56.10 102 94   910000 1366000   260 10.10
0.309 0.0340 34.39 56.10 102 94   910000 1366000   260 10.10
0.311 0.0343 34.47 56.10 102 94   910000 1366000   260 10.10
0.314 0.0355 34.56 56.10 102 94   910000 1366000   260 10.10
0.316 0.0348 34.65 56.10 102 94   910000 1366000   260 10.10
0.318 0.0340 34.75 56.10 102 94   910000 1366000   260 10.10
0.320 0.0349 34.87 56.10 102 94   910000 1366000   260 10.10
0.322 0.0369 35.01 56.10 102 94   910000 1366000   260 10.10
0.325 0.0365 35.17 56.10 102 94   910000 1366000   260 10.10
0.327 0.0334 35.36 56.10 102 94   910000 1366000   260 10.10
0.329 0.0292 35.55 56.10 102 94   910000 1366000   260 10.10
0.331 0.0403 35.76 56.10 102 94   910000 1366000   260 10.10
0.333 0.0374 35.96 56.10 102 94   910000 1366000   260 10.10
0.336 0.0338 36.17 56.10 102 94   910000 1366000   260 10.10
0.338 0.0355 36.39 56.10 102 94   910000 1366000   260 10.10
0.340 0.0366 36.60 56.10 102 94   910000 1366000   260 10.10
0.342 0.0375 36.80 56.10 102 94   910000 1366000   260 10.10
0.344 0.0404 37.01 56.10 102 94   910000 1366000   260 10.10
0.346 0.0337 37.21 56.10 102 94   910000 1366000   260 10.10
0.349 0.0383 37.40 56.10 102 94   910000 1366000   260 10.10
0.351 0.0370 37.58 56.10 102 94   910000 1366000   260 10.10
0.353 0.0369 37.75 56.10 102 94   910000 1366000   260 10.10
0.355 0.0410 37.90 56.10 102 94   910000 1366000   260 10.10
0.357 0.0395 38.03 56.10 102 94   910000 1366000   260 10.10
0.360 0.0368 38.14 56.10 102 94   910000 1366000   260 10.10
0.362 0.0383 38.23 56.10 102 94   910000 1366000   260 10.10
0.364 0.0387 38.30 56.10 102 94   910000 1366000   260 10.10
0.366 0.0381 38.36 56.10 102 94   910000 1366000   260 10.10
0.368 0.0389 38.40 56.10 102 94   910000 1366000   260 10.10
0.371 0.0357 38.43 56.10 102 94   910000 1366000   260 10.10
0.373 0.0406 38.46 56.10 102 94   910000 1366000   260 10.10
0.375 0.0373 38.49 56.10 102 94   910000 1366000   260 10.10
0.377 0.0404 38.55 56.10 102 94   910000 1366000   260 10.10
0.379 0.0406 38.64 56.10 102 94   910000 1366000   260 10.10
0.382 0.0377 38.75 56.10 102 94   910000 1366000   260 10.10
0.384 0.0341 38.90 56.10 102 94   910000 1366000   260 10.10
0.386 0.0412 39.09 56.10 102 94   910000 1366000   260 10.10
0.388 0.0424 39.30 56.10 102 94   910000 1366000   260 10.10
0.390 0.0322 39.53 56.10 102 94   910000 1366000   260 10.10
0.393 0.0402 39.78 56.10 102 94   910000 1366000   260 10.10
0.395 0.0423 40.03 56.10 102 94   910000 1366000   260 10.10
0.397 0.0421 40.29 56.10 102 94   910000 1366000   260 10.10
0.399 0.0368 40.54 56.10 102 94   910000 1366000   260 10.10
0.401 0.0410 40.79 56.10 102 94   910000 1366000   260 10.10
0.404 0.0406 41.03 56.10 102 94   910000 1366000   260 10.10
0.406 0.0434 41.26 56.10 102 94   910000 1366000   260 10.10
0.408 0.0412 41.48 56.10 102 94   910000 1366000   260 10.10
0.410 0.0393 41.69 56.10 102 94   910000 1366000   260 10.10
0.412 0.0440 41.88 56.10 102 94   910000 1366000   260 10.10
0.414 0.0461 42.05 56.10 102 94   910000 1366000   260 10.10
0.417 0.0441 42.20 56.10 102 94   910000 1366000   260 10.10
0.419 0.0440 42.33 56.10 102 94   910000 1366000   260 10.10
0.421 0.0412 42.43 56.10 102 94   910000 1366000   260 10.10
0.423 0.0395 42.51 56.10 102 94   910000 1366000   260 10.10
0.425 0.0442 42.57 56.10 102 94   910000 1366000   260 10.10
0.428 0.0398 42.60 56.10 102 94   910000 1366000   260 10.10
0.430 0.0423 42.62 56.10 102 94   910000 1366000   260 10.10
0.432 0.0409 42.62 56.10 102 94   910000 1366000   260 10.10
0.434 0.0439 42.60 56.10 102 94   910000 1366000   260 10.10
0.436 0.0424 42.58 56.10 102 94   910000 1366000   260 10.10
0.439 0.0423 42.55 56.10 102 94   910000 1366000   260 10.10
0.441 0.0439 42.53 56.10 102 94   910000 1366000   260 10.10
0.443 0.0441 42.53 56.10 102 94   910000 1366000   260 10.10
0.445 0.0418 42.55 56.10 102 94   910000 1366000   260 10.10
0.447 0.0422 42.60 56.10 102 94   910000 1366000   260 10.10
0.450 0.0396 42.68 56.10 102 94   910000 1366000   260 10.10
0.452 0.0449 42.77 56.10 102 94   910000 1366000   260 10.10
0.454 0.0435 42.86 56.10 102 94   910000 1366000   260 10.10
0.456 0.0402 42.96 56.10 102 94   910000 1366000   260 10.10
0.458 0.0472 43.05 56.10 102 94   910000 1366000   260 10.10
0.461 0.0413 43.12 56.10 102 94   910000 1366000   260 10.10
0.463 0.0438 43.17 56.10 102 94   910000 1366000   260 10.10
0.465 0.0434 43.20 56.10 102 94   910000 1366000   260 10.10
0.467 0.0410 43.22 56.10 102 94   910000 1366000   260 10.10
0.469 0.0416 43.25 56.10 102 94   910000 1366000   260 10.10
0.471 0.0438 43.29 56.10 102 94   910000 1366000   260 10.10
0.474 0.0454 43.34 56.10 102 94   910000 1366000   260 10.10
0.476 0.0411 43.40 56.10 102 94   910000 1366000   260 10.10
0.478 0.0470 43.46 56.10 102 94   910000 1366000   260 10.10
0.480 0.0464 43.52 56.10 102 94   910000 1366000   260 10.10
0.482 0.0420 43.57 56.10 102 94   910000 1366000   260 10.10
0.485 0.0450 43.61 56.10 102 94   910000 1366000   260 10.10
0.487 0.0437 43.63 56.10 102 94   910000 1366000   260 10.10
0.489 0.0393 43.64 56.10 102 94   910000 1366000   260 10.10
0.491 0.0411 43.64 56.10 102 94   910000 1366000   260 10.10
0.493 0.0463 43.64 56.10 102 94   910000 1366000   260 10.10
0.496 0.0405 43.64 56.10 102 94   910000 1366000   260 10.10
0.498 0.0457 43.66 56.10 102 94   910000 1366000   260 10.10
0.500 0.0435 43.69 56.10 102 94   910000 1366000   260 10.10
0.502 0.0463 43.73 56.10 102 94   910000 1366000   260 10.10
0.504 0.0450 43.79 56.10 102 94   910000 1366000   260 10.10
0.507 0.0431 43.86 56.10 102 94   910000 1366000   260 10.10
0.509 0.0483 43.95 56.10 102 94   910000 1366000   260 10.10
0.511 0.0413 44.05 56.10 102 94   910000 1366000   260 10.10
0.513 0.0415 44.16 56.10 102 94   910000 1366000   260 10.10
0.515 0.0430 44.28 56.10 102 94   910000 1366000   260 10.10
0.518 0.0430 44.42 56.10 102 94   910000 1366000   260 10.10
0.520 0.0446 44.55 56.10 102 94   910000 1366000   260 10.10
0.522 0.0457 44.68 56.10 102 94   910000 1366000   260 10.10
0.524 0.0432 44.80 56.10 102 94   910000 1366000   260 10.10
0.526 0.0467 44.91 56.10 102 94   910000 1366000   260 10.10
0.529 0.0421 45.01 56.10 102 94   910000 1366000   260 10.10
0.531 0.0504 45.11 56.10 102 94   910000 1366000   260 10.10
0.533 0.0462 45.22 56.10 102 94   910000 1366000   260 10.10
0.535 0.0448 45.35 56.10 102 94   910000 1366000   260 10.10
0.537 0.0450 45.50 56.10 102 94   910000 1366000   260 10.10
0.539 0.0450 45.67 56.10 102 94   910000 1366000   260 10.10
0.542 0.0471 45.84 56.10 102 94   910000 1366000   260 10.10
0.544 0.0473 46.02 56.10 102 94   910000 1366000   260 10.10
0.546 0.0418 46.19 56.10 102 94   910000 1366000   260 10.10
0.548 0.0464 46.34 56.10 102 94   910000 1366000   260 10.10
0.550 0.0479 46.47 56.10 102 94   910000 1366000   260 10.10
0.553 0.0446 46.59 56.10 102 94   910000 1366000   260 10.10
0.555 0.0466 46.68 56.10 102 94   910000 1366000   260 10.10
0.557 0.0499 46.75 56.10 102 94   910000 1366000   260 10.10
0.559 0.0428 46.83 56.10 102 94   910000 1366000   260 10.10
0.561 0.0472 46.90 56.10 102 94   910000 1366000   260 10.10
0.564 0.0509 46.99 56.10 102 94   910000 1366000   260 10.10
0.566 0.0449 47.07 56.10 102 94   910000 1366000   260 10.10
0.568 0.0461 47.17 56.10 102 94   910000 1366000   260 10.10
0.570 0.0512 47.27 56.10 102 94   910000 1366000   260 10.10
0.572 0.0475 47.37 56.10 102 94   910000 1366000   260 10.10
0.575 0.0485 47.48 56.10 102 94   910000 1366000   260 10.10
0.577 0.0468 47.58 56.10 102 94   910000 1366000   260 10.10
0.579 0.0467 47.69 56.10 102 94   910000 1366000   260 10.10
0.581 0.0466 47.78 56.10 102 94   910000 1366000   260 10.10
0.583 0.0465 47.88 56.10 102 94   910000 1366000   260 10.10
0.586 0.0503 47.98 56.10 102 94   910000 1366000   260 10.10
0.588 0.0467 48.09 56.10 102 94   910000 1366000   260 10.10
0.590 0.0452 48.21 56.10 102 94   910000 1366000   260 10.10
0.592 0.0518 48.33 56.10 102 94   910000 1366000   260 10.10
0.594 0.0468 48.47 56.10 102 94   910000 1366000   260 10.10
0.596 0.0476 48.61 56.10 102 94   910000 1366000   260 10.10
0.599 0.0513 48.75 56.10 102 94   910000 1366000   260 10.10
0.601 0.0474 48.88 56.10 102 94   910000 1366000   260 10.10
0.603 0.0512 49.01 56.10 102 94   910000 1366000   260 10.10
0.605 0.0458 49.13 56.10 102 94   910000 1366000   260 10.10
0.607 0.0513 49.24 56.10 102 94   910000 1366000   260 10.10
0.610 0.0504 49.34 56.10 102 94   910000 1366000   260 10.10
0.612 0.0499 49.45 56.10 102 94   910000 1366000   260 10.10
0.614 0.0487 49.54 56.10 102 94   910000 1366000   260 10.10
0.616 0.0497 49.64 56.10 102 94   910000 1366000   260 10.10
0.618 0.0518 49.74 56.10 102 94   910000 1366000   260 10.10
0.621 0.0470 49.83 56.10 102 94   910000 1366000   260 10.10
0.623 0.0523 49.91 56.10 102 94   910000 1366000   260 10.10
0.625 0.0511 49.99 56.10 102 94   910000 1366000   260 10.10
0.627 0.0495 50.08 56.10 102 94   910000 1366000   260 10.10
0.629 0.0514 50.19 56.10 102 94   910000 1366000   260 10.10
0.632 0.0473 50.30 56.10 102 94   910000 1366000   260 10.10
0.634 0.0488 50.42 56.10 102 94   910000 1366000   260 10.10
0.636 0.0502 50.53 56.10 102 94   910000 1366000   260 10.10
0.638 0.0466 50.65 56.10 102 94   910000 1366000   260 10.10
0.640 0.0538 50.79 56.10 102 94   910000 1366000   260 10.10
0.643 0.0537 50.93 56.10 102 94   910000 1366000   260 10.10
0.645 0.0498 51.08 56.10 102 94   910000 1366000   260 10.10
0.647 0.0502 51.24 56.10 102 94   910000 1366000   260 10.10
0.649 0.0524 51.41 56.10 102 94   910000 1366000   260 10.10
0.651 0.0541 51.58 56.10 102 94   910000 1366000   260 10.10
0.654 0.0526 51.77 56.10 102 94   910000 1366000   260 10.10
0.656 0.0523 51.95 56.10 102 94   910000 1366000   260 10.10
0.658 0.0497 52.13 56.10 102 94   910000 1366000   260 10.10
0.660 0.0507 52.31 56.10 102 94   910000 1366000   260 10.10
0.662 0.0520 52.47 56.10 102 94   910000 1366000   260 10.10
0.664 0.0555 52.62 56.10 102 94   910000 1366000   260 10.10
0.667 0.0544 52.76 56.10 102 94   910000 1366000   260 10.10
0.669 0.0517 52.89 56.10 102 94   910000 1366000   260 10.10
0.671 0.0526 53.02 56.10 102 94   910000 1366000   260 10.10
0.673 0.0506 53.14 56.10 102 94   910000 1366000   260 10.10
0.675 0.0532 53.26 56.10 102 94   910000 1366000   260 10.10
0.678 0.0539 53.39 56.10 102 94   910000 1366000   260 10.10
0.680 0.0560 53.54 56.10 102 94   910000 1366000   260 10.10
0.682 0.0558 53.69 56.10 102 94   910000 1366000   260 10.10
0.684 0.0507 53.87 56.10 102 94   910000 1366000   260 10.10
0.686 0.0532 54.05 56.10 102 94   910000 1366000   260 10.10
0.689 0.0550 54.25 56.10 102 94   910000 1366000   260 10.10
0.691 0.0549 54.46 56.10 102 94   910000 1366000   260 10.10
0.693 0.0554 54.68 56.10 102 94   910000 1366000   260 10.10
0.695 0.0510 54.90 56.10 102 94   910000 1366000   260 10.10
0.697 0.0573 55.13 56.10 102 94   910000 1366000   260 10.10
0.700 0.0527 55.37 56.10 102 94   910000 1366000   260 10.10
0.702 0.0598 55.61 56.10 102 94   910000 1366000   260 10.10
0.704 0.0534 55.86 56.10 102 94   910000 1366000   260 10.10
0.706 0.0572 56.12 56.10 102 94   910000 1366000   260 10.10
0.708 0.0568 56.39 56.10 102 94   910000 1366000   260 10.10
0.711 0.0591 56.66 56.10 102 94   910000 1366000   260 10.10
0.713 0.0555 56.92 56.10 102 94   910000 1366000   260 10.10
0.715 0.0542 57.19 56.10 102 94   910000 1366000   260 10.10
0.717 0.0560 57.44 56.10 102 94   910000 1366000   260 10.10
0.719 0.0619 57.70 56.10 102 94   910000 1366000   260 10.10
0.721 0.0567 57.95 56.10 102 94   910000 1366000   260 10.10
0.724 0.0566 58.18 56.10 102 94   910000 1366000   260 10.10
0.726 0.0623 58.41 56.10 102 94   910000 1366000   260 10.10
0.728 0.0563 58.62 56.10 102 94   910000 1366000   260 10.10
0.730 0.0602 58.82 56.10 102 94   910000 1366000   260 10.10
0.732 0.0584 59.00 56.10 102 94   910000 1366000   260 10.10
0.735 0.0593 59.19 56.10 102 94   910000 1366000   260 10.10
0.737 0.0599 59.37 56.10 102 94   910000 1366000   260 10.10
0.739 0.0573 59.55 56.10 102 94   910000 1366000   260 10.10
0.741 0.0629 59.74 56.10 102 94   910000 1366000   260 10.10
0.743 0.0593 59.92 56.10 102 94   910000 1366000   260 10.10
0.746 0.0582 60.11 56.10 102 94   910000 1366000   260 10.10
0.748 0.0631 60.30 56.10 102 94   910000 1366000   260 10.10
0.750 0.0586 60.48 56.10 102 94   910000 1366000   260 10.10
0.752 0.0594 60.65 56.10 102 94   910000 1366000   260 10.10
0.754 0.0627 60.81 56.10 102 94   910000 1366000   260 10.10
0.757 0.0593 60.96 56.10 102 94   910000 1366000   260 10.10
0.759 0.0609 61.11 56.10 102 94   910000 1366000   260 10.10
0.761 0.0612 61.25 56.10 102 94   910000 1366000   260 10.10
0.763 0.0619 61.40 56.10 102 94   910000 1366000   260 10.10
0.765 0.0618 61.56 56.10 102 94   910000 1366000   260 10.10
0.768 0.0618 61.72 56.10 102 94   910000 1366000   260 10.10
0.770 0.0617 61.87 56.10 102 94   910000 1366000   260 10.10
0.772 0.0643 62.02 56.10 102 94   910000 1366000   260 10.10
0.774 0.0584 62.16 56.10 102 94   910000 1366000   260 10.10
0.776 0.0666 62.30 56.10 102 94   910000 1366000   260 10.10
0.779 0.0627 62.42 56.10 102 94   910000 1366000   260 10.10
0.781 0.0608 62.54 56.10 102 94   910000 1366000   260 10.10
0.783 0.0604 62.65 56.10 102 94   910000 1366000   260 10.10
0.785 0.0659 62.74 56.10 102 94   910000 1366000   260 10.10
0.787 0.0603 62.82 56.10 102 94   910000 1366000   260 10.10
0.789 0.0625 62.89 56.10 102 94   910000 1366000   260 10.10
0.792 0.0630 62.94 56.10 102 94   910000 1366000   260 10.10
0.794 0.0600 62.98 56.10 102 94   910000 1366000   260 10.10
0.796 0.0679 63.02 56.10 102 94   910000 1366000   260 10.10
0.798 0.0647 63.05 56.10 102 94   910000 1366000   260 10.10
0.800 0.0620 63.08 56.10 102 94   910000 1366000   260 10.10
0.803 0.0611 63.09 56.10 102 94   910000 1366000   260 10.10
0.805 0.0657 63.10 56.10 102 94   910000 1366000   260 10.10
0.807 0.0610 63.10 56.10 102 94   910000 1366000   260 10.10
0.809 0.0652 63.09 56.10 102 94   910000 1366000   260 10.10
0.811 0.0611 63.06 56.10 102 94   910000 1366000   260 10.10
0.814 0.0617 63.03 56.10 102 94   910000 1366000   260 10.10
0.816 0.0641 62.98 56.10 102 94   910000 1366000   260 10.10
0.818 0.0635 62.92 56.10 102 94   910000 1366000   260 10.10
0.820 0.0629 62.86 56.10 102 94   910000 1366000   260 10.10
0.822 0.0636 62.78 56.10 102 94   910000 1366000   260 10.10
0.825 0.0598 62.71 56.10 102 94   910000 1366000   260 10.10
0.827 0.0647 62.63 56.10 102 94   910000 1366000   260 10.10
0.829 0.0637 62.56 56.10 102 94   910000 1366000   260 10.10
0.831 0.0628 62.50 56.10 102 94   910000 1366000   260 10.10
0.833 0.0599 62.44 56.10 102 94   910000 1366000   260 10.10
0.836 0.0642 62.39 56.10 102 94   910000 1366000   260 10.10
0.838 0.0644 62.34 56.10 102 94   910000 1366000   260 10.10
0.840 0.0564 62.29 56.10 102 94   910000 1366000   260 10.10
0.842 0.0641 62.23 56.10 102 94   910000 1366000   260 10.10
0.844 0.0629 62.18 56.10 102 94   910000 1366000   260 10.10
0.846 0.0610 62.12 56.10 102 94   910000 1366000   260 10.10
0.849 0.0635 62.07 56.10 102 94   910000 1366000   260 10.10
0.851 0.0615 62.02 56.10 102 94   910000 1366000   260 10.10
0.853 0.0628 61.98 56.10 102 94   910000 1366000   260 10.10
0.855 0.0605 61.95 56.10 102 94   910000 1366000   260 10.10
0.857 0.0646 61.94 56.10 102 94   910000 1366000   260 10.10
0.860 0.0604 61.93 56.10 102 94   910000 1366000   260 10.10
0.862 0.0619 61.93 56.10 102 94   910000 1366000   260 10.10
0.864 0.0630 61.94 56.10 102 94   910000 1366000   260 10.10
0.866 0.0626 61.96 56.10 102 94   910000 1366000   260 10.10
0.868 0.0593 61.97 56.10 102 94   910000 1366000   260 10.10
0.871 0.0630 61.99 56.10 102 94   910000 1366000   260 10.10
0.873 0.0611 62.01 56.10 102 94   910000 1366000   260 10.10
0.875 0.0628 62.04 56.10 102 94   910000 1366000   260 10.10
0.877 0.0604 62.07 56.10 102 94   910000 1366000   260 10.10
0.879 0.0614 62.10 56.10 102 94   910000 1366000   260 10.10
0.882 0.0635 62.13 56.10 102 94   910000 1366000   260 10.10
0.884 0.0646 62.17 56.10 102 94   910000 1366000   260 10.10
0.886 0.0621 62.22 56.10 102 94   910000 1366000   260 10.10
0.888 0.0611 62.26 56.10 102 94   910000 1366000   260 10.10
0.890 0.0609 62.31 56.10 102 94   910000 1366000   260 10.10
0.893 0.0619 62.36 56.10 102 94   910000 1366000   260 10.10
0.895 0.0659 62.42 56.10 102 94   910000 1366000   260 10.10
0.897 0.0622 62.46 56.10 102 94   910000 1366000   260 10.10
0.899 0.0609 62.51 56.10 102 94   910000 1366000   260 10.10
0.901 0.0628 62.55 56.10 102 94   910000 1366000   260 10.10
0.904 0.0623 62.58 56.10 102 94   910000 1366000   260 10.10
0.906 0.0618 62.61 56.10 102 94   910000 1366000   260 10.10
0.908 0.0639 62.63 56.10 102 94   910000 1366000   260 10.10
0.910 0.0626 62.66 56.10 102 94   910000 1366000   260 10.10
0.912 0.0632 62.70 56.10 102 94   910000 1366000   260 10.10
0.914 0.0643 62.75 56.10 102 94   910000 1366000   260 10.10
0.917 0.0621 62.80 56.10 102 94   910000 1366000   260 10.10
0.919 0.0604 62.86 56.10 102 94   910000 1366000   260 10.10
0.921 0.0631 62.92 56.10 102 94   910000 1366000   260 10.10
0.923 0.0640 62.99 56.10 102 94   910000 1366000   260 10.10
0.925 0.0619 63.05 56.10 102 94   910000 1366000   260 10.10
0.928 0.0649 63.12 56.10 102 94   910000 1366000   260 10.10
0.930 0.0613 63.19 56.10 102 94   910000 1366000   260 10.10
0.932 0.0649 63.26 56.10 102 94   910000 1366000   260 10.10
0.934 0.0633 63.34 56.10 102 94   910000 1366000   260 10.10
0.936 0.0625 63.42 56.10 102 94   910000 1366000   260 10.10
0.939 0.0633 63.52 56.10 102 94   910000 1366000   260 10.10
0.941 0.0634 63.64 56.10 102 94   910000 1366000   260 10.10
0.943 0.0645 63.77 56.10 102 94   910000 1366000   260 10.10
0.945 0.0650 63.92 56.10 102 94   910000 1366000   260 10.10
0.947 0.0653 64.09 56.10 102 94   910000 1366000   260 10.10
0.950 0.0643 64.29 56.10 102 94   910000 1366000   260 10.10
0.952 0.0651 64.51 56.10 102 94   910000 1366000   260 10.10
0.954 0.0624 64.75 56.10 102 94   910000 1366000   260 10.10
0.956 0.0642 65.00 56.10 102 94   910000 1366000   260 10.10
0.958 0.0650 65.27 56.10 102 94   910000 1366000   260 10.10
0.961 0.0628 65.54 56.10 102 94   910000 1366000   260 10.10
0.963 0.0665 65.83 56.10 102 94   910000 1366000   260 10.10
0.965 0.0683 66.13 56.10 102 94   910000 1366000   260 10.10
0.967 0.0662 66.44 56.10 102 94   910000 1366000   260 10.10
0.969 0.0669 66.78 56.10 102 94   910000 1366000   260 10.10
0.971 0.0657 67.12 56.10 102 94   910000 1366000   260 10.10
0.974 0.0679 67.49 56.10 102 94   910000 1366000   260 10.10
0.976 0.0697 67.87 56.10 102 94   910000 1366000   260 10.10
0.978 0.0676 68.26 56.10 102 94   910000 1366000   260 10.10
0.980 0.0694 68.67 56.10 102 94   910000 1366000   260 10.10
0.982 0.0698 69.09 56.10 102 94   910000 1366000   260 10.10
0.985 0.0683 69.52 56.10 102 94   910000 1366000   260 10.10
0.987 0.0721 69.96 56.10 102 94   910000 1366000   260 10.10
0.989 0.0674 70.40 56.10 102 94   910000 1366000   260 10.10
0.991 0.0703 70.82 56.10 102 94   910000 1366000   260 10.10
0.993 0.0725 71.23 56.10 102 94   910000 1366000   260 10.10
0.996 0.0726 71.61 56.10 102 94   910000 1366000   260 10.10
0.998 0.0667 71.97 56.10 102 94   910000 1366000   260 10.10
1.000 0.0742 72.32 56.10 102 94   910000 1366000   260 10.10
1.002 0.0723 72.64 56.10 102 94   910000 1366000   260 10.10
1.004 0.0737 72.95 56.10 102 94   910000 1366000   260 10.10
1.007 0.0751 73.23 56.10 102 94   910000 1366000   260 10.10
1.009 0.0727 73.49 56.10 102 94   910000 1366000   260 10.10
1.011 0.0734 73.71 56.10 102 94   910000 1366000   260 10.10
1.013 0.0756 73.89 56.10 102 94   910000 1366000   260 10.10
1.015 0.0729 74.02 56.10 102 94   910000 1366000   260 10.10
1.018 0.0750 74.10 56.10 102 94   910000 1366000   260 10.10
1.020 0.0745 74.13 56.10 102 94   910000 1366000   260 10.10
1.022 0.0721 74.09 56.10 102 94   910000 1366000   260 10.10
1.024 0.0777 74.00 56.10 102 94   910000 1366000   260 10.10
1.026 0.0764 73.83 56.10 102 94   910000 1366000   260 10.10
1.029 0.0665 73.61 56.10 102 94   910000 1366000   260 10.10
1.031 0.0758 73.32 56.10 102 94   910000 1366000   260 10.10
1.033 0.0736 72.97 56.10 102 94   910000 1366000   260 10.10
1.035 0.0712 72.58 56.10 102 94   910000 1366000   260 10.10
1.037 0.0752 72.15 56.10 102 94   910000 1366000   260 10.10
1.039 0.0706 71.69 56.10 102 94   910000 1366000   260 10.10
1.042 0.0757 71.21 56.10 102 94   910000 1366000   260 10.10
1.044 0.0679 70.72 56.10 102 94   910000 1366000   260 10.10
1.046 0.0688 70.23 56.10 102 94   910000 1366000   260 10.10
1.048 0.0717 69.73 56.10 102 94   910000 1366000   260 10.10
1.050 0.0673 69.24 56.10 102 94   910000 1366000   260 10.10
1.053 0.0685 68.76 56.10 102 94   910000 1366000   260 10.10
1.055 0.0680 68.29 56.10 102 94   910000 1366000   260 10.10
1.057 0.0675 67.82 56.10 102 94   910000 1366000   260 10.10
1.059 0.0662 67.38 56.10 102 94   910000 1366000   260 10.10
1.061 0.0681 66.95 56.10 102 94   910000 1366000   260 10.10
1.064 0.0651 66.54 56.10 102 94   910000 1366000   260 10.10
1.066 0.0661 66.15 56.10 102 94   910000 1366000   260 10.10
1.068 0.0642 65.80 56.10 102 94   910000 1366000   260 10.10
1.070 0.0676 65.47 56.10 102 94   910000 1366000   260 10.10
1.072 0.0632 65.16 56.10 102 94   910000 1366000   260 10.10
1.075 0.0671 64.89 56.10 102 94   910000 1366000   260 10.10
1.077 0.0655 64.65 56.10 102 94   910000 1366000   260 10.10
1.079 0.0633 64.45 56.10 102 94   910000 1366000   260 10.10
1.081 0.0649 64.25 56.10 102 94   910000 1366000   260 10.10
1.083 0.0656 64.07 56.10 102 94   910000 1366000   260 10.10
1.086 0.0611 63.90 56.10 102 94   910000 1366000   260 10.10
1.088 0.0649 63.72 56.10 102 94   910000 1366000   260 10.10
1.090 0.0641 63.55 56.10 102 94   910000 1366000   260 10.10
1.092 0.0618 63.38 56.10 102 94   910000 1366000   260 10.10
1.094 0.0640 63.22 56.10 102 94   910000 1366000   260 10.10
1.096 0.0618 63.06 56.10 102 94   910000 1366000   260 10.10
1.099 0.0634 62.90 56.10 102 94   910000 1366000   260 10.10
1.101 0.0631 62.75 56.10 102 94   910000 1366000   260 10.10
1.103 0.0628 62.61 56.10 102 94   910000 1366000   260 10.10
1.105 0.0636 62.47 56.10 102 94   910000 1366000   260 10.10
1.107 0.0634 62.34 56.10 102 94   910000 1366000   260 10.10
1.110 0.0592 62.23 56.10 102 94   910000 1366000   260 10.10
1.112 0.0640 62.12 56.10 102 94   910000 1366000   260 10.10
1.114 0.0635 62.02 56.10 102 94   910000 1366000   260 10.10
1.116 0.0598 61.93 56.10 102 94   910000 1366000   260 10.10
1.118 0.0633 61.85 56.10 102 94   910000 1366000   260 10.10
1.121 0.0596 61.77 56.10 102 94   910000 1366000   260 10.10
1.123 0.0597 61.69 56.10 102 94   910000 1366000   260 10.10
1.125 0.0631 61.60 56.10 102 94   910000 1366000   260 10.10
1.127 0.0627 61.51 56.10 102 94   910000 1366000   260 10.10
1.129 0.0614 61.41 56.10 102 94   910000 1366000   260 10.10
1.132 0.0608 61.32 56.10 102 94   910000 1366000   260 10.10
1.134 0.0637 61.22 56.10 102 94   910000 1366000   260 10.10
1.136 0.0567 61.12 56.10 102 94   910000 1366000   260 10.10
1.138 0.0642 61.02 56.10 102 94   910000 1366000   260 10.10
1.140 0.0614 60.92 56.10 102 94   910000 1366000   260 10.10
1.143 0.0587 60.82 56.10 102 94   910000 1366000   260 10.10
1.145 0.0610 60.73 56.10 102 94   910000 1366000   260 10.10
1.147 0.0636 60.64 56.10 102 94   910000 1366000   260 10.10
1.149 0.0595 60.57 56.10 102 94   910000 1366000   260 10.10
1.151 0.0600 60.50 56.10 102 94   910000 1366000   260 10.10
1.154 0.0620 60.44 56.10 102 94   910000 1366000   260 10.10
1.156 0.0591 60.38 56.10 102 94   910000 1366000   260 10.10
1.158 0.0602 60.33 56.10 102 94   910000 1366000   260 10.10
1.160 0.0600 60.29 56.10 102 94   910000 1366000   260 10.10
1.162 0.0580 60.25 56.10 102 94   910000 1366000   260 10.10
1.164 0.0615 60.23 56.10 102 94   910000 1366000   260 10.10
1.167 0.0600 60.23 56.10 102 94   910000 1366000   260 10.10
1.169 0.0622 60.25 56.10 102 94   910000 1366000   260 10.10
1.171 0.0596 60.29 56.10 102 94   910000 1366000   260 10.10
1.173 0.0580 60.36 56.10 102 94   910000 1366000   260 10.10
1.175 0.0610 60.45 56.10 102 94   910000 1366000   260 10.10
1.178 0.0596 60.55 56.10 102 94   910000 1366000   260 10.10
1.180 0.0628 60.68 56.10 102 94   910000 1366000   260 10.10
1.182 0.0623 60.82 56.10 102 94   910000 1366000   260 10.10
1.184 0.0609 60.97 56.10 102 94   910000 1366000   260 10.10
1.186 0.0580 61.14 56.10 102 94   910000 1366000   260 10.10
1.189 0.0646 61.30 56.10 102 94   910000 1366000   260 10.10
1.191 0.0621 61.46 56.10 102 94   910000 1366000   260 10.10
1.193 0.0573 61.62 56.10 102 94   910000 1366000   260 10.10
1.195 0.0611 61.77 56.10 102 94   910000 1366000   260 10.10
1.197 0.0630 61.90 56.10 102 94   910000 1366000   260 10.10
1.200 0.0619 62.03 56.10 102 94   910000 1366000   260 10.10
1.202 0.0642 62.15 56.10 102 94   910000 1366000   260 10.10
1.204 0.0615 62.28 56.10 102 94   910000 1366000   260 10.10
1.206 0.0644 62.41 56.10 102 94   910000 1366000   260 10.10
1.208 0.0635 62.54 56.10 102 94   910000 1366000   260 10.10
1.211 0.0615 62.69 56.10 102 94   910000 1366000   260 10.10
1.213 0.0631 62.84 56.10 102 94   910000 1366000   260 10.10
1.215 0.0621 62.99 56.10 102 94   910000 1366000   260 10.10
1.217 0.0635 63.13 56.10 102 94   910000 1366000   260 10.10
1.219 0.0617 63.28 56.10 102 94   910000 1366000   260 10.10
1.221 0.0655 63.43 56.10 102 94   910000 1366000   260 10.10
1.224 0.0619 63.58 56.10 102 94   910000 1366000   260 10.10
1.226 0.0633 63.72 56.10 102 94   910000 1366000   260 10.10
1.228 0.0623 63.84 56.10 102 94   910000 1366000   260 10.10
1.230 0.0621 63.94 56.10 102 94   910000 1366000   260 10.10
1.232 0.0685 64.02 56.10 102 94   910000 1366000   260 10.10
1.235 0.0626 64.09 56.10 102 94   910000 1366000   260 10.10
1.237 0.0621 64.15 56.10 102 94   910000 1366000   260 10.10
1.239 0.0671 64.21 56.10 102 94   910000 1366000   260 10.10
1.241 0.0651 64.26 56.10 102 94   910000 1366000   260 10.10
1.243 0.0642 64.31 56.10 102 94   910000 1366000   260 10.10
1.246 0.0671 64.36 56.10 102 94   910000 1366000   260 10.10
1.248 0.0649 64.39 56.10 102 94   910000 1366000   260 10.10
1.250 0.0606 64.40 56.10 102 94   910000 1366000   260 10.10
1.252 0.0653 64.40 56.10 102 94   910000 1366000   260 10.10
1.254 0.0645 64.38 56.10 102 94   910000 1366000   260 10.10
1.257 0.0644 64.35 56.10 102 94   910000 1366000   260 10.10
1.259 0.0654 64.32 56.10 102 94   910000 1366000   260 10.10
1.261 0.0628 64.28 56.10 102 94   910000 1366000   260 10.10
1.263 0.0641 64.24 56.10 102 94   910000 1366000   260 10.10
1.265 0.0646 64.19 56.10 102 94   910000 1366000   260 10.10
1.268 0.0602 64.13 56.10 102 94   910000 1366000   260 10.10
1.270 0.0645 64.07 56.10 102 94   910000 1366000   260 10.10
1.272 0.0666 64.00 56.10 102 94   910000 1366000   260 10.10
1.274 0.0648 63.94 56.10 102 94   910000 1366000   260 10.10
1.276 0.0625 63.89 56.10 102 94   910000 1366000   260 10.10
1.279 0.0662 63.87 56.10 102 94   910000 1366000   260 10.10
1.281 0.0633 63.87 56.10 102 94   910000 1366000   260 10.10
1.283 0.0641 63.89 56.10 102 94   910000 1366000   260 10.10
1.285 0.0629 63.93 56.10 102 94   910000 1366000   260 10.10
1.287 0.0650 63.99 56.10 102 94   910000 1366000   260 10.10
1.289 0.0614 64.07 56.10 102 94   910000 1366000   260 10.10
1.292 0.0671 64.15 56.10 102 94   910000 1366000   260 10.10
1.294 0.0641 64.25 56.10 102 94   910000 1366000   260 10.10
1.296 0.0642 64.35 56.10 102 94   910000 1366000   260 10.10
1.298 0.0631 64.46 56.10 102 94   910000 1366000   260 10.10
1.300 0.0665 64.59 56.10 102 94   910000 1366000   260 10.10
1.303 0.0593 64.73 56.10 102 94   910000 1366000   260 10.10
1.305 0.0639 64.88 56.10 102 94   910000 1366000   260 10.10
1.307 0.0660 65.04 56.10 102 94   910000 1366000   260 10.10
1.309 0.0648 65.21 56.10 102 94   910000 1366000   260 10.10
1.311 0.0639 65.37 56.10 102 94   910000 1366000   260 10.10
1.314 0.0723 65.53 56.10 102 94   910000 1366000   260 10.10
1.316 0.0637 65.67 56.10 102 94   910000 1366000   260 10.10
1.318 0.0695 65.79 56.10 102 94   910000 1366000   260 10.10
1.320 0.0639 65.88 56.10 102 94   910000 1366000   260 10.10
1.322 0.0652 65.95 56.10 102 94   910000 1366000   260 10.10
1.325 0.0665 66.00 56.10 102 94   910000 1366000   260 10.10
1.327 0.0636 66.03 56.10 102 94   910000 1366000   260 10.10
1.329 0.0680 66.05 56.10 102 94   910000 1366000   260 10.10
1.331 0.0668 66.05 56.10 102 94   910000 1366000   260 10.10
1.333 0.0651 66.03 56.10 102 94   910000 1366000   260 10.10
1.336 0.0661 66.00 56.10 102 94   910000 1366000   260 10.10
1.338 0.0678 65.95 56.10 102 94   910000 1366000   260 10.10
1.340 0.0675 65.89 56.10 102 94   910000 1366000   260 10.10
1.342 0.0677 65.83 56.10 102 94   910000 1366000   260 10.10
1.344 0.0607 65.76 56.10 102 94   910000 1366000   260 10.10
1.346 0.0647 65.71 56.10 102 94   910000 1366000   260 10.10
1.349 0.0691 65.68 56.10 102 94   910000 1366000   260 10.10
1.351 0.0605 65.68 56.10 102 94   910000 1366000   260 10.10
1.353 0.0635 65.71 56.10 102 94   910000 1366000   260 10.10
1.355 0.0660 65.74 56.10 102 94   910000 1366000   260 10.10
1.357 0.0668 65.78 56.10 102 94   910000 1366000   260 10.10
1.360 0.0670 65.81 56.10 102 94   910000 1366000   260 10.10
1.362 0.0692 65.82 56.10 102 94   910000 1366000   260 10.10
1.364 0.0663 65.82 56.10 102 94   910000 1366000   260 10.10
1.366 0.0645 65.81 56.10 102 94   910000 1366000   260 10.10
1.368 0.0641 65.79 56.10 102 94   910000 1366000   260 10.10
1.371 0.0655 65.76 56.10 102 94   910000 1366000   260 10.10
1.373 0.0664 65.73 56.10 102 94   910000 1366000   260 10.10
1.375 0.0634 65.68 56.10 102 94   910000 1366000   260 10.10
1.377 0.0669 65.61 56.10 102 94   910000 1366000   260 10.10
1.379 0.0692 65.53 56.10 102 94   910000 1366000   260 10.10
1.382 0.0659 65.42 56.10 102 94   910000 1366000   260 10.10
1.384 0.0655 65.28 56.10 102 94   910000 1366000   260 10.10
1.386 0.0644 65.12 56.10 102 94   910000 1366000   260 10.10
1.388 0.0671 64.94 56.10 102 94   910000 1366000   260 10.10
1.390 0.0671 64.75 56.10 102 94   910000 1366000   260 10.10
1.393 0.0608 64.55 56.10 102 94   910000 1366000   260 10.10
1.395 0.0612 64.37 56.10 102 94   910000 1366000   260 10.10
1.397 0.0616 64.19 56.10 102 94   910000 1366000   260 10.10
1.399 0.0664 64.04 56.10 102 94   910000 1366000   260 10.10
1.401 0.0639 63.92 56.10 102 94   910000 1366000   260 10.10
1.404 0.0642 63.83 56.10 102 94   910000 1366000   260 10.10
1.406 0.0669 63.77 56.10 102 94   910000 1366000   260 10.10
1.408 0.0630 63.73 56.10 102 94   910000 1366000   260 10.10
1.410 0.0625 63.72 56.10 102 94   910000 1366000   260 10.10
1.412 0.0670 63.75 56.10 102 94   910000 1366000   260 10.10
1.414 0.0569 63.81 56.10 102 94   910000 1366000   260 10.10
1.417 0.0656 63.90 56.10 102 94   910000 1366000   260 10.10
1.419 0.0671 64.02 56.10 102 94   910000 1366000   260 10.10
1.421 0.0609 64.17 56.10 102 94   910000 1366000   260 10.10
1.423 0.0610 64.34 56.10 102 94   910000 1366000   260 10.10
1.425 0.0653 64.53 56.10 102 94   910000 1366000   260 10.10
1.428 0.0695 64.73 56.10 102 94   910000 1366000   260 10.10
1.430 0.0629 64.93 56.10 102 94   910000 1366000   260 10.10
1.432 0.0642 65.11 56.10 102 94   910000 1366000   260 10.10
1.434 0.0679 65.28 56.10 102 94   910000 1366000   260 10.10
1.436 0.0632 65.44 56.10 102 94   910000 1366000   260 10.10
1.439 0.0660 65.58 56.10 102 94   910000 1366000   260 10.10
1.441 0.0695 65.71 56.10 102 94   910000 1366000   260 10.10
1.443 0.0660 65.83 56.10 102 94   910000 1366000   260 10.10
1.445 0.0612 65.92 56.10 102 94   910000 1366000   260 10.10
1.447 0.0664 65.98 56.10 102 94   910000 1366000   260 10.10
1.450 0.0690 66.00 56.10 102 94   910000 1366000   260 10.10
1.452 0.0674 65.97 56.10 102 94   910000 1366000   260 10.10
1.454 0.0603 65.91 56.10 102 94   910000 1366000   260 10.10
1.456 0.0692 65.83 56.10 102 94   910000 1366000   260 10.10
1.458 0.0672 65.74 56.10 102 94   910000 1366000   260 10.10
1.461 0.0670 65.66 56.10 102 94   910000 1366000   260 10.10
1.463 0.0668 65.58 56.10 102 94   910000 1366000   260 10.10
1.465 0.0660 65.52 56.10 102 94   910000 1366000   260 10.10
1.467 0.0641 65.47 56.10 102 94   910000 1366000   260 10.10
1.469 0.0610 65.42 56.10 102 94   910000 1366000   260 10.10
1.471 0.0648 65.39 56.10 102 94   910000 1366000   260 10.10
1.474 0.0659 65.36 56.10 102 94   910000 1366000   260 10.10
1.476 0.0666 65.33 56.10 102 94   910000 1366000   260 10.10
1.478 0.0657 65.32 56.10 102 94   910000 1366000   260 10.10
1.480 0.0637 65.30 56.10 102 94   910000 1366000   260 10.10
1.482 0.0656 65.29 56.10 102 94   910000 1366000   260 10.10
1.485 0.0629 65.28 56.10 102 94   910000 1366000   260 10.10
1.487 0.0640 65.26 56.10 102 94   910000 1366000   260 10.10
1.489 0.0653 65.24 56.10 102 94   910000 1366000   260 10.10
1.491 0.0666 65.22 56.10 102 94   910000 1366000   260 10.10
1.493 0.0684 65.20 56.10 102 94   910000 1366000   260 10.10
1.496 0.0687 65.19 56.10 102 94   910000 1366000   260 10.10
1.498 0.0646 65.18 56.10 102 94   910000 1366000   260 10.10
1.500 0.0646 65.16 56.10 102 94   910000 1366000   260 10.10
1.502 0.0672 65.14 56.10 102 94   910000 1366000   260 10.10
1.504 0.0620 65.11 56.10 102 94   910000 1366000   260 10.10
1.507 0.0619 65.06 56.10 102 94   910000 1366000   260 10.10
1.509 0.0684 64.99 56.10 102 94   910000 1366000   260 10.10
1.511 0.0614 64.92 56.10 102 94   910000 1366000   260 10.10
1.513 0.0682 64.84 56.10 102 94   910000 1366000   260 10.10
1.515 0.0662 64.76 56.10 102 94   910000 1366000   260 10.10
1.518 0.0646 64.69 56.10 102 94   910000 1366000   260 10.10
1.520 0.0602 64.63 56.10 102 94   910000 1366000   260 10.10
1.523 0.0645 64.57 56.10 102 94   910000 1366000   260 10.10
1.525 0.0639 64.53 56.10 102 94   910000 1366000   260 10.10
1.528 0.0663 64.50 56.10 102 94   910000 1366000   260 10.10
1.531 0.0648 64.50 56.10 102 94   910000 1366000   260 10.10
1.534 0.0646 64.53 56.10 102 94   910000 1366000   260 10.10
1.537 0.0643 64.58 56.10 102 94   910000 1366000   260 10.10
1.540 0.0655 64.66 56.10 102 94   910000 1366000   260 10.10
1.543 0.0658 64.74 56.10 102 94   910000 1366000   260 10.10
1.547 0.0661 64.83 56.10 102 94   910000 1366000   260 10.10
1.550 0.0612 64.91 56.10 102 94   910000 1366000   260 10.10
1.554 0.0625 64.99 56.10 102 94   910000 1366000   260 10.10
1.558 0.0675 65.06 56.10 102 94   910000 1366000   260 10.10
1.562 0.0669 65.14 56.10 102 94   910000 1366000   260 10.10
1.566 0.0646 65.21 56.10 102 94   910000 1366000   260 10.10
1.571 0.0644 65.28 56.10 102 94   910000 1366000   260 10.10
1.575 0.0647 65.35 56.10 102 94   910000 1366000   260 10.10
1.580 0.0646 65.41 56.10 102 94   910000 1366000   260 10.10
1.585 0.0679 65.46 56.10 102 94   910000 1366000   260 10.10
1.590 0.0646 65.50 56.10 102 94   910000 1366000   260 10.10
1.596 0.0664 65.53 56.10 102 94   910000 1366000   260 10.10
1.601 0.0663 65.54 56.10 102 94   910000 1366000   260 10.10
1.607 0.0650 65.54 56.10 102 94   910000 1366000   260 10.10
1.613 0.0659 65.53 56.10 102 94   910000 1366000   260 10.10
1.620 0.0652 65.51 56.10 102 94   910000 1366000   260 10.10
1.626 0.0641 65.46 56.10 102 94   910000 1366000   260 10.10
1.633 0.0664 65.38 56.10 102 94   910000 1366000   260 10.10
1.641 0.0647 65.28 56.10 102 94   910000 1366000   260 10.10
1.648 0.0665 65.16 56.10 102 94   910000 1366000   260 10.10
1.656 0.0654 65.01 56.10 102 94   910000 1366000   260 10.10
1.664 0.0650 64.84 56.10 102 94   910000 1366000   260 10.10
1.673 0.0653 64.65 56.10 102 94   910000 1366000   260 10.10
1.682 0.0640 64.45 56.10 102 94   910000 1366000   260 10.10
1.691 0.0649 64.24 56.10 102 94   910000 1366000   260 10.10
1.701 0.0642 64.02 56.10 102 94   910000 1366000   260 10.10
1.711 0.0651 63.81 56.10 102 94   910000 1366000   260 10.10
1.721 0.0637 63.60 56.10 102 94   910000 1366000   260 10.10
1.732 0.0636 63.42 56.10 102 94   910000 1366000   260 10.10
1.743 0.0641 63.28 56.10 102 94   910000 1366000   260 10.10
1.754 0.0637 63.20 56.10 102 94   910000 1366000   260 10.10
1.765 0.0638 63.20 56.10 102 94   910000 1366000   260 10.10
1.776 0.0638 63.32 56.10 102 94   910000 1366000   260 10.10
1.787 0.0632 63.58 56.10 102 94   910000 1366000   260 10.10
1.798 0.0642 64.00 56.10 102 94   910000 1366000   260 10.10
1.809 0.0639 64.63 56.10 102 94   910000 1366000   260 10.10
1.820 0.0636 65.47 56.10 102 94   910000 1366000   260 10.10
1.831 0.0663 66.54 56.10 102 94   910000 1366000   260 10.10
1.842 0.0658 67.82 56.10 102 94   910000 1366000   260 10.10
1.853 0.0667 69.29 56.10 102 94   910000 1366000   260 10.10
1.864 0.0680 70.93 56.10 102 94   910000 1366000   260 10.10
1.875 0.0696 72.69 56.10 102 94   910000 1366000   260 10.10
1.886 0.0718 74.54 56.10 102 94   910000 1366000   260 10.10
1.897 0.0743 76.43 56.10 102 94   910000 1366000   260 10.10
1.908 0.0763 78.33 56.10 102 94   910000 1366000   260 10.10
1.919 0.0790 80.21 56.10 102 94   910000 1366000   260 10.10
1.930 0.0838 82.06 56.10 102 94   910000 1366000   260 10.10
1.941 0.0858 83.86 56.10 102 94   910000 1366000   260 10.10
1.952 0.0906 85.62 56.10 102 94   910000 1366000   260 10.10
1.963 0.0924 87.36 56.10 102 94   910000 1366000   260 10.10
1.974 0.0954 89.11 56.10 102 94   910000 1366000   260 10.10
1.985 0.0974 90.90 56.10 102 94   910000 1366000   260 10.10
1.996 0.1007 92.76 56.10 102 94   910000 1366000   260 10.10
2.007 0.0997 94.71 56.10 102 94   910000 1366000   260 10.10
2.018 0.0989 96.78 56.10 102 94   910000 1366000   260 10.10
2.029 0.0979 98.99 56.10 102 94   910000 1366000   260 10.10
2.039 0.0972 101.32 56.10 102 94   910000 1366000   260 10.10
2.050 0.0974 103.78 56.10 102 94   910000 1366000   260 10.10
2.061 0.1002 106.33 56.10 102 94   910000 1366000   260 10.10
2.072 0.1008 108.96 56.10 102 94   910000 1366000   260 10.10
2.083 0.1041 111.63 56.10 102 94   910000 1366000   260 10.10
2.094 0.1098 114.31 56.10 102 94   910000 1366000   260 10.10
2.105 0.1128 116.98 56.10 102 94   910000 1366000   260 10.10
2.116 0.1196 119.65 56.10 102 94   910000 1366000   260 10.10
2.127 0.1281 122.32 56.10 102 94   910000 1366000   260 10.10
2.138 0.1311 125.18 56.10 102 94   910000 1366000   260 10.10
2.149 0.1386 129.24 56.10 102 94   910000 1366000   260 10.10
2.160 0.1442 136.08 56.10 102 94   910000 1366000   260 10.10
2.171 0.1492 144.08 56.10 102 94   910000 1366000   260 10.10
2.182 0.1540 152.21 56.10 102 94   910000 1366000   260 10.10
2.193 0.1567 160.07 56.10 102 94   910000 1366000   260 10.10
2.204 0.1592 167.51 56.10 102 94   910000 1366000   260 10.10
2.215 0.1621 174.49 56.10 102 94   910000 1366000   260 10.10
2.226 0.1657 181.03 56.10 102 94   910000 1366000   260 10.10
2.237 0.1673 187.16 56.10 102 94   910000 1366000   260 10.10
2.248 0.1738 192.91 56.10 102 94   910000 1366000   260 10.10
2.259 0.1804 198.32 56.10 102 94   910000 1366000   260 10.10
2.270 0.1884 203.41 56.10 102 94   910000 1366000   260 10.10
2.281 0.2007 208.23 56.10 102 94   910000 1366000   260 10.10
2.292 0.2177 212.79 56.10 102 94   910000 1366000   260 10.10
2.303 0.2421 217.10 56.10 102 94   910000 1366000   260 10.10
2.314 0.2627 221.18 56.10 102 94   910000 1366000   260 10.10
2.325 0.2872 225.03 56.10 102 94   910000 1366000   260 10.10
2.336 0.3273 228.64 56.10 102 94   910000 1366000   260 10.10
2.346 0.3607 232.01 56.10 102 94   910000 1366000   260 10.10
2.357 0.3869 235.12 56.10 102 94   910000 1366000   260 10.10
2.368 0.4118 237.92 56.10 102 94   910000 1366000   260 10.10
2.379 0.0000 240.39 56.10 102 94   910000 1366000   260 10.10
2.390 0.0000 242.46 56.10 102 94   910000 1366000   260 10.10
