     x     qy smooth tpara  cd  zL     xTr    xCpl frame tma
-1.553 0.2314 194.27 68.00 101 94   800000 1315000   260 10.15
-1.544 0.1992 181.43 68.00 101 94   800000 1315000   260 10.15
-1.534 0.1889 169.24 68.00 101 94   800000 1315000   260 10.15
-1.524 0.1885 157.68 68.00 101 94   800000 1315000   260 10.15
-1.515 0.1499 146.75 68.00 101 94   800000 1315000   260 10.15
-1.505 0.0831 136.42 68.00 101 94   800000 1315000   260 10.15
-1.495 0.1003 126.68 68.00 101 94   800000 1315000   260 10.15
-1.485 0.0919 117.52 68.00 101 94   800000 1315000   260 10.15
-1.476 0.0854 108.92 68.00 101 94   800000 1315000   260 10.15
-1.466 0.0807 100.88 68.00 101 94   800000 1315000   260 10.15
-1.456 0.0758 93.39 68.00 101 94   800000 1315000   260 10.15
-1.447 0.0729 86.45 68.00 101 94   800000 1315000   260 10.15
-1.437 0.0698 80.05 68.00 101 94   800000 1315000   260 10.15
-1.427 0.0673 74.19 68.00 101 94   800000 1315000   260 10.15
-1.417 0.0648 68.89 68.00 101 94   800000 1315000   260 10.15
-1.408 0.0630 64.15 68.00 101 94   800000 1315000   260 10.15
-1.398 0.0597 59.99 68.00 101 94   800000 1315000   260 10.15
-1.388 0.0586 56.44 68.00 101 94   800000 1315000   260 10.15
-1.379 0.0572 53.54 68.00 101 94   800000 1315000   260 10.15
-1.369 0.0552 51.33 68.00 101 94   800000 1315000   260 10.15
-1.359 0.0541 49.86 68.00 101 94   800000 1315000   260 10.15
-1.350 0.0533 49.19 68.00 101 94   800000 1315000   260 10.15
-1.340 0.0511 49.19 68.00 101 94   800000 1315000   260 10.15
-1.330 0.0501 49.31 68.00 101 94   800000 1315000   260 10.15
-1.320 0.0490 48.69 68.00 101 94   800000 1315000   260 10.15
-1.311 0.0490 47.94 68.00 101 94   800000 1315000   260 10.15
-1.301 0.0474 47.11 68.00 101 94   800000 1315000   260 10.15
-1.291 0.0470 46.29 68.00 101 94   800000 1315000   260 10.15
-1.282 0.0464 45.52 68.00 101 94   800000 1315000   260 10.15
-1.272 0.0452 44.79 68.00 101 94   800000 1315000   260 10.15
-1.262 0.0442 44.10 68.00 101 94   800000 1315000   260 10.15
-1.252 0.0445 43.46 68.00 101 94   800000 1315000   260 10.15
-1.243 0.0428 42.88 68.00 101 94   800000 1315000   260 10.15
-1.233 0.0432 42.35 68.00 101 94   800000 1315000   260 10.15
-1.223 0.0429 41.88 68.00 101 94   800000 1315000   260 10.15
-1.214 0.0411 41.47 68.00 101 94   800000 1315000   260 10.15
-1.204 0.0400 41.13 68.00 101 94   800000 1315000   260 10.15
-1.194 0.0395 40.83 68.00 101 94   800000 1315000   260 10.15
-1.184 0.0404 40.59 68.00 101 94   800000 1315000   260 10.15
-1.175 0.0396 40.40 68.00 101 94   800000 1315000   260 10.15
-1.165 0.0399 40.26 68.00 101 94   800000 1315000   260 10.15
-1.155 0.0389 40.16 68.00 101 94   800000 1315000   260 10.15
-1.146 0.0391 40.10 68.00 101 94   800000 1315000   260 10.15
-1.136 0.0403 40.07 68.00 101 94   800000 1315000   260 10.15
-1.126 0.0408 40.08 68.00 101 94   800000 1315000   260 10.15
-1.117 0.0412 40.11 68.00 101 94   800000 1315000   260 10.15
-1.107 0.0400 40.16 68.00 101 94   800000 1315000   260 10.15
-1.097 0.0405 40.23 68.00 101 94   800000 1315000   260 10.15
-1.087 0.0408 40.31 68.00 101 94   800000 1315000   260 10.15
-1.078 0.0415 40.38 68.00 101 94   800000 1315000   260 10.15
-1.068 0.0412 40.45 68.00 101 94   800000 1315000   260 10.15
-1.058 0.0411 40.50 68.00 101 94   800000 1315000   260 10.15
-1.049 0.0411 40.55 68.00 101 94   800000 1315000   260 10.15
-1.039 0.0405 40.57 68.00 101 94   800000 1315000   260 10.15
-1.029 0.0409 40.58 68.00 101 94   800000 1315000   260 10.15
-1.019 0.0398 40.57 68.00 101 94   800000 1315000   260 10.15
-1.010 0.0406 40.55 68.00 101 94   800000 1315000   260 10.15
-1.000 0.0398 40.52 68.00 101 94   800000 1315000   260 10.15
-0.990 0.0407 40.48 68.00 101 94   800000 1315000   260 10.15
-0.981 0.0408 40.45 68.00 101 94   800000 1315000   260 10.15
-0.971 0.0406 40.42 68.00 101 94   800000 1315000   260 10.15
-0.961 0.0403 40.41 68.00 101 94   800000 1315000   260 10.15
-0.951 0.0393 40.40 68.00 101 94   800000 1315000   260 10.15
-0.942 0.0406 40.40 68.00 101 94   800000 1315000   260 10.15
-0.932 0.0400 40.41 68.00 101 94   800000 1315000   260 10.15
-0.922 0.0404 40.44 68.00 101 94   800000 1315000   260 10.15
-0.913 0.0394 40.46 68.00 101 94   800000 1315000   260 10.15
-0.903 0.0404 40.50 68.00 101 94   800000 1315000   260 10.15
-0.893 0.0409 40.54 68.00 101 94   800000 1315000   260 10.15
-0.883 0.0413 40.58 68.00 101 94   800000 1315000   260 10.15
-0.874 0.0408 40.63 68.00 101 94   800000 1315000   260 10.15
-0.864 0.0408 40.67 68.00 101 94   800000 1315000   260 10.15
-0.854 0.0409 40.71 68.00 101 94   800000 1315000   260 10.15
-0.845 0.0409 40.75 68.00 101 94   800000 1315000   260 10.15
-0.835 0.0415 40.79 68.00 101 94   800000 1315000   260 10.15
-0.825 0.0404 40.82 68.00 101 94   800000 1315000   260 10.15
-0.816 0.0410 40.84 68.00 101 94   800000 1315000   260 10.15
-0.806 0.0412 40.85 68.00 101 94   800000 1315000   260 10.15
-0.796 0.0405 40.85 68.00 101 94   800000 1315000   260 10.15
-0.786 0.0404 40.83 68.00 101 94   800000 1315000   260 10.15
-0.777 0.0404 40.81 68.00 101 94   800000 1315000   260 10.15
-0.767 0.0410 40.76 68.00 101 94   800000 1315000   260 10.15
-0.757 0.0403 40.71 68.00 101 94   800000 1315000   260 10.15
-0.748 0.0409 40.63 68.00 101 94   800000 1315000   260 10.15
-0.738 0.0411 40.56 68.00 101 94   800000 1315000   260 10.15
-0.728 0.0408 40.47 68.00 101 94   800000 1315000   260 10.15
-0.718 0.0401 40.39 68.00 101 94   800000 1315000   260 10.15
-0.709 0.0406 40.31 68.00 101 94   800000 1315000   260 10.15
-0.699 0.0409 40.23 68.00 101 94   800000 1315000   260 10.15
-0.689 0.0398 40.16 68.00 101 94   800000 1315000   260 10.15
-0.680 0.0406 40.10 68.00 101 94   800000 1315000   260 10.15
-0.670 0.0398 40.04 68.00 101 94   800000 1315000   260 10.15
-0.660 0.0396 39.98 68.00 101 94   800000 1315000   260 10.15
-0.650 0.0401 39.92 68.00 101 94   800000 1315000   260 10.15
-0.641 0.0394 39.87 68.00 101 94   800000 1315000   260 10.15
-0.631 0.0394 39.82 68.00 101 94   800000 1315000   260 10.15
-0.621 0.0391 39.78 68.00 101 94   800000 1315000   260 10.15
-0.612 0.0396 39.74 68.00 101 94   800000 1315000   260 10.15
-0.602 0.0398 39.70 68.00 101 94   800000 1315000   260 10.15
-0.592 0.0401 39.67 68.00 101 94   800000 1315000   260 10.15
-0.583 0.0382 39.64 68.00 101 94   800000 1315000   260 10.15
-0.573 0.0401 39.61 68.00 101 94   800000 1315000   260 10.15
-0.563 0.0400 39.60 68.00 101 94   800000 1315000   260 10.15
-0.553 0.0408 39.58 68.00 101 94   800000 1315000   260 10.15
-0.544 0.0398 39.58 68.00 101 94   800000 1315000   260 10.15
-0.534 0.0402 39.57 68.00 101 94   800000 1315000   260 10.15
-0.524 0.0394 39.57 68.00 101 94   800000 1315000   260 10.15
-0.515 0.0394 39.57 68.00 101 94   800000 1315000   260 10.15
-0.505 0.0388 39.58 68.00 101 94   800000 1315000   260 10.15
-0.495 0.0386 39.58 68.00 101 94   800000 1315000   260 10.15
-0.485 0.0407 39.59 68.00 101 94   800000 1315000   260 10.15
-0.476 0.0402 39.60 68.00 101 94   800000 1315000   260 10.15
-0.466 0.0399 39.61 68.00 101 94   800000 1315000   260 10.15
-0.456 0.0391 39.63 68.00 101 94   800000 1315000   260 10.15
-0.447 0.0390 39.66 68.00 101 94   800000 1315000   260 10.15
-0.437 0.0395 39.69 68.00 101 94   800000 1315000   260 10.15
-0.427 0.0400 39.73 68.00 101 94   800000 1315000   260 10.15
-0.417 0.0395 39.79 68.00 101 94   800000 1315000   260 10.15
-0.408 0.0393 39.85 68.00 101 94   800000 1315000   260 10.15
-0.398 0.0407 39.94 68.00 101 94   800000 1315000   260 10.15
-0.388 0.0401 40.03 68.00 101 94   800000 1315000   260 10.15
-0.379 0.0401 40.14 68.00 101 94   800000 1315000   260 10.15
-0.369 0.0406 40.27 68.00 101 94   800000 1315000   260 10.15
-0.359 0.0401 40.41 68.00 101 94   800000 1315000   260 10.15
-0.350 0.0412 40.57 68.00 101 94   800000 1315000   260 10.15
-0.340 0.0405 40.73 68.00 101 94   800000 1315000   260 10.15
-0.330 0.0403 40.91 68.00 101 94   800000 1315000   260 10.15
-0.320 0.0412 41.10 68.00 101 94   800000 1315000   260 10.15
-0.311 0.0415 41.31 68.00 101 94   800000 1315000   260 10.15
-0.301 0.0417 41.54 68.00 101 94   800000 1315000   260 10.15
-0.291 0.0410 41.78 68.00 101 94   800000 1315000   260 10.15
-0.282 0.0418 42.03 68.00 101 94   800000 1315000   260 10.15
-0.272 0.0424 42.29 68.00 101 94   800000 1315000   260 10.15
-0.262 0.0422 42.54 68.00 101 94   800000 1315000   260 10.15
-0.252 0.0419 42.79 68.00 101 94   800000 1315000   260 10.15
-0.243 0.0444 43.04 68.00 101 94   800000 1315000   260 10.15
-0.233 0.0425 43.28 68.00 101 94   800000 1315000   260 10.15
-0.223 0.0433 43.52 68.00 101 94   800000 1315000   260 10.15
-0.214 0.0434 43.75 68.00 101 94   800000 1315000   260 10.15
-0.204 0.0441 43.96 68.00 101 94   800000 1315000   260 10.15
-0.194 0.0443 44.15 68.00 101 94   800000 1315000   260 10.15
-0.184 0.0452 44.32 68.00 101 94   800000 1315000   260 10.15
-0.175 0.0444 44.46 68.00 101 94   800000 1315000   260 10.15
-0.165 0.0441 44.56 68.00 101 94   800000 1315000   260 10.15
-0.155 0.0452 44.63 68.00 101 94   800000 1315000   260 10.15
-0.146 0.0450 44.66 68.00 101 94   800000 1315000   260 10.15
-0.136 0.0457 44.63 68.00 101 94   800000 1315000   260 10.15
-0.126 0.0434 44.54 68.00 101 94   800000 1315000   260 10.15
-0.117 0.0436 44.38 68.00 101 94   800000 1315000   260 10.15
-0.107 0.0433 44.15 68.00 101 94   800000 1315000   260 10.15
-0.097 0.0436 43.84 68.00 101 94   800000 1315000   260 10.15
-0.087 0.0445 43.44 68.00 101 94   800000 1315000   260 10.15
-0.078 0.0442 42.95 68.00 101 94   800000 1315000   260 10.15
-0.068 0.0427 42.38 68.00 101 94   800000 1315000   260 10.15
-0.058 0.0419 41.73 68.00 101 94   800000 1315000   260 10.15
-0.049 0.0420 41.01 68.00 101 94   800000 1315000   260 10.15
-0.039 0.0411 40.23 68.00 101 94   800000 1315000   260 10.15
-0.029 0.0402 39.40 68.00 101 94   800000 1315000   260 10.15
-0.019 0.0394 38.53 68.00 101 94   800000 1315000   260 10.15
-0.010 0.0390 37.65 68.00 101 94   800000 1315000   260 10.15
0.000 0.0370 36.76 68.00 101 94   800000 1315000   260 10.15
0.010 0.0363 35.87 68.00 101 94   800000 1315000   260 10.15
0.019 0.0351 35.00 68.00 101 94   800000 1315000   260 10.15
0.029 0.0334 34.16 68.00 101 94   800000 1315000   260 10.15
0.039 0.0322 33.34 68.00 101 94   800000 1315000   260 10.15
0.049 0.0317 32.58 68.00 101 94   800000 1315000   260 10.15
0.058 0.0293 31.87 68.00 101 94   800000 1315000   260 10.15
0.068 0.0306 31.22 68.00 101 94   800000 1315000   260 10.15
0.078 0.0291 30.66 68.00 101 94   800000 1315000   260 10.15
0.087 0.0289 30.19 68.00 101 94   800000 1315000   260 10.15
0.097 0.0296 29.81 68.00 101 94   800000 1315000   260 10.15
0.107 0.0290 29.52 68.00 101 94   800000 1315000   260 10.15
0.117 0.0290 29.33 68.00 101 94   800000 1315000   260 10.15
0.126 0.0295 29.23 68.00 101 94   800000 1315000   260 10.15
0.136 0.0308 29.20 68.00 101 94   800000 1315000   260 10.15
0.146 0.0285 29.25 68.00 101 94   800000 1315000   260 10.15
0.155 0.0291 29.35 68.00 101 94   800000 1315000   260 10.15
0.165 0.0306 29.49 68.00 101 94   800000 1315000   260 10.15
0.175 0.0299 29.67 68.00 101 94   800000 1315000   260 10.15
0.184 0.0295 29.85 68.00 101 94   800000 1315000   260 10.15
0.194 0.0294 30.04 68.00 101 94   800000 1315000   260 10.15
0.204 0.0295 30.23 68.00 101 94   800000 1315000   260 10.15
0.213 0.0303 30.42 68.00 101 94   800000 1315000   260 10.15
0.222 0.0319 30.59 68.00 101 94   800000 1315000   260 10.15
0.231 0.0325 30.75 68.00 101 94   800000 1315000   260 10.15
0.239 0.0317 30.91 68.00 101 94   800000 1315000   260 10.15
0.247 0.0306 31.06 68.00 101 94   800000 1315000   260 10.15
0.254 0.0330 31.21 68.00 101 94   800000 1315000   260 10.15
0.262 0.0313 31.35 68.00 101 94   800000 1315000   260 10.15
0.269 0.0306 31.48 68.00 101 94   800000 1315000   260 10.15
0.275 0.0312 31.61 68.00 101 94   800000 1315000   260 10.15
0.282 0.0322 31.73 68.00 101 94   800000 1315000   260 10.15
0.288 0.0311 31.86 68.00 101 94   800000 1315000   260 10.15
0.294 0.0311 31.98 68.00 101 94   800000 1315000   260 10.15
0.300 0.0326 32.11 68.00 101 94   800000 1315000   260 10.15
0.305 0.0307 32.24 68.00 101 94   800000 1315000   260 10.15
0.310 0.0317 32.37 68.00 101 94   800000 1315000   260 10.15
0.315 0.0322 32.50 68.00 101 94   800000 1315000   260 10.15
0.320 0.0342 32.63 68.00 101 94   800000 1315000   260 10.15
0.325 0.0344 32.77 68.00 101 94   800000 1315000   260 10.15
0.329 0.0323 32.91 68.00 101 94   800000 1315000   260 10.15
0.333 0.0332 33.06 68.00 101 94   800000 1315000   260 10.15
0.338 0.0327 33.23 68.00 101 94   800000 1315000   260 10.15
0.341 0.0333 33.40 68.00 101 94   800000 1315000   260 10.15
0.345 0.0350 33.58 68.00 101 94   800000 1315000   260 10.15
0.349 0.0335 33.77 68.00 101 94   800000 1315000   260 10.15
0.352 0.0318 33.95 68.00 101 94   800000 1315000   260 10.15
0.356 0.0331 34.11 68.00 101 94   800000 1315000   260 10.15
0.359 0.0357 34.26 68.00 101 94   800000 1315000   260 10.15
0.362 0.0367 34.38 68.00 101 94   800000 1315000   260 10.15
0.365 0.0349 34.50 68.00 101 94   800000 1315000   260 10.15
0.368 0.0339 34.60 68.00 101 94   800000 1315000   260 10.15
0.370 0.0332 34.70 68.00 101 94   800000 1315000   260 10.15
0.373 0.0362 34.80 68.00 101 94   800000 1315000   260 10.15
0.375 0.0329 34.90 68.00 101 94   800000 1315000   260 10.15
0.378 0.0352 35.02 68.00 101 94   800000 1315000   260 10.15
0.380 0.0360 35.14 68.00 101 94   800000 1315000   260 10.15
0.382 0.0353 35.27 68.00 101 94   800000 1315000   260 10.15
0.384 0.0358 35.41 68.00 101 94   800000 1315000   260 10.15
0.386 0.0366 35.56 68.00 101 94   800000 1315000   260 10.15
0.388 0.0347 35.72 68.00 101 94   800000 1315000   260 10.15
0.390 0.0392 35.89 68.00 101 94   800000 1315000   260 10.15
0.392 0.0343 36.06 68.00 101 94   800000 1315000   260 10.15
0.394 0.0362 36.25 68.00 101 94   800000 1315000   260 10.15
0.396 0.0320 36.45 68.00 101 94   800000 1315000   260 10.15
0.398 0.0349 36.65 68.00 101 94   800000 1315000   260 10.15
0.400 0.0366 36.86 68.00 101 94   800000 1315000   260 10.15
0.402 0.0393 37.08 68.00 101 94   800000 1315000   260 10.15
0.404 0.0393 37.30 68.00 101 94   800000 1315000   260 10.15
0.406 0.0370 37.53 68.00 101 94   800000 1315000   260 10.15
0.408 0.0395 37.76 68.00 101 94   800000 1315000   260 10.15
0.410 0.0380 37.99 68.00 101 94   800000 1315000   260 10.15
0.412 0.0368 38.22 68.00 101 94   800000 1315000   260 10.15
0.414 0.0384 38.44 68.00 101 94   800000 1315000   260 10.15
0.416 0.0396 38.67 68.00 101 94   800000 1315000   260 10.15
0.417 0.0380 38.89 68.00 101 94   800000 1315000   260 10.15
0.419 0.0391 39.10 68.00 101 94   800000 1315000   260 10.15
0.421 0.0414 39.31 68.00 101 94   800000 1315000   260 10.15
0.423 0.0370 39.50 68.00 101 94   800000 1315000   260 10.15
0.425 0.0415 39.67 68.00 101 94   800000 1315000   260 10.15
0.427 0.0394 39.80 68.00 101 94   800000 1315000   260 10.15
0.429 0.0390 39.91 68.00 101 94   800000 1315000   260 10.15
0.431 0.0399 39.99 68.00 101 94   800000 1315000   260 10.15
0.433 0.0412 40.05 68.00 101 94   800000 1315000   260 10.15
0.435 0.0388 40.10 68.00 101 94   800000 1315000   260 10.15
0.437 0.0400 40.13 68.00 101 94   800000 1315000   260 10.15
0.439 0.0416 40.16 68.00 101 94   800000 1315000   260 10.15
0.441 0.0419 40.18 68.00 101 94   800000 1315000   260 10.15
0.443 0.0390 40.19 68.00 101 94   800000 1315000   260 10.15
0.445 0.0399 40.21 68.00 101 94   800000 1315000   260 10.15
0.447 0.0397 40.22 68.00 101 94   800000 1315000   260 10.15
0.449 0.0424 40.24 68.00 101 94   800000 1315000   260 10.15
0.450 0.0390 40.27 68.00 101 94   800000 1315000   260 10.15
0.452 0.0410 40.31 68.00 101 94   800000 1315000   260 10.15
0.454 0.0427 40.36 68.00 101 94   800000 1315000   260 10.15
0.456 0.0374 40.42 68.00 101 94   800000 1315000   260 10.15
0.458 0.0394 40.49 68.00 101 94   800000 1315000   260 10.15
0.460 0.0388 40.55 68.00 101 94   800000 1315000   260 10.15
0.462 0.0398 40.62 68.00 101 94   800000 1315000   260 10.15
0.464 0.0415 40.67 68.00 101 94   800000 1315000   260 10.15
0.466 0.0415 40.72 68.00 101 94   800000 1315000   260 10.15
0.468 0.0411 40.77 68.00 101 94   800000 1315000   260 10.15
0.470 0.0397 40.81 68.00 101 94   800000 1315000   260 10.15
0.472 0.0416 40.86 68.00 101 94   800000 1315000   260 10.15
0.474 0.0408 40.91 68.00 101 94   800000 1315000   260 10.15
0.476 0.0404 40.97 68.00 101 94   800000 1315000   260 10.15
0.478 0.0420 41.04 68.00 101 94   800000 1315000   260 10.15
0.480 0.0459 41.10 68.00 101 94   800000 1315000   260 10.15
0.482 0.0422 41.15 68.00 101 94   800000 1315000   260 10.15
0.483 0.0391 41.19 68.00 101 94   800000 1315000   260 10.15
0.485 0.0415 41.21 68.00 101 94   800000 1315000   260 10.15
0.487 0.0365 41.22 68.00 101 94   800000 1315000   260 10.15
0.489 0.0451 41.22 68.00 101 94   800000 1315000   260 10.15
0.491 0.0401 41.21 68.00 101 94   800000 1315000   260 10.15
0.493 0.0386 41.19 68.00 101 94   800000 1315000   260 10.15
0.495 0.0414 41.17 68.00 101 94   800000 1315000   260 10.15
0.497 0.0407 41.17 68.00 101 94   800000 1315000   260 10.15
0.499 0.0422 41.18 68.00 101 94   800000 1315000   260 10.15
0.501 0.0411 41.22 68.00 101 94   800000 1315000   260 10.15
0.503 0.0419 41.28 68.00 101 94   800000 1315000   260 10.15
0.505 0.0413 41.36 68.00 101 94   800000 1315000   260 10.15
0.507 0.0429 41.45 68.00 101 94   800000 1315000   260 10.15
0.509 0.0433 41.55 68.00 101 94   800000 1315000   260 10.15
0.511 0.0402 41.67 68.00 101 94   800000 1315000   260 10.15
0.513 0.0432 41.80 68.00 101 94   800000 1315000   260 10.15
0.515 0.0345 41.95 68.00 101 94   800000 1315000   260 10.15
0.517 0.0425 42.11 68.00 101 94   800000 1315000   260 10.15
0.518 0.0428 42.28 68.00 101 94   800000 1315000   260 10.15
0.520 0.0444 42.46 68.00 101 94   800000 1315000   260 10.15
0.522 0.0456 42.64 68.00 101 94   800000 1315000   260 10.15
0.524 0.0448 42.83 68.00 101 94   800000 1315000   260 10.15
0.526 0.0390 43.03 68.00 101 94   800000 1315000   260 10.15
0.528 0.0422 43.24 68.00 101 94   800000 1315000   260 10.15
0.530 0.0440 43.45 68.00 101 94   800000 1315000   260 10.15
0.532 0.0469 43.66 68.00 101 94   800000 1315000   260 10.15
0.534 0.0442 43.86 68.00 101 94   800000 1315000   260 10.15
0.536 0.0414 44.05 68.00 101 94   800000 1315000   260 10.15
0.538 0.0419 44.23 68.00 101 94   800000 1315000   260 10.15
0.540 0.0446 44.40 68.00 101 94   800000 1315000   260 10.15
0.542 0.0436 44.56 68.00 101 94   800000 1315000   260 10.15
0.544 0.0438 44.71 68.00 101 94   800000 1315000   260 10.15
0.546 0.0503 44.87 68.00 101 94   800000 1315000   260 10.15
0.548 0.0462 45.02 68.00 101 94   800000 1315000   260 10.15
0.550 0.0456 45.16 68.00 101 94   800000 1315000   260 10.15
0.551 0.0444 45.29 68.00 101 94   800000 1315000   260 10.15
0.553 0.0429 45.42 68.00 101 94   800000 1315000   260 10.15
0.555 0.0475 45.54 68.00 101 94   800000 1315000   260 10.15
0.557 0.0463 45.68 68.00 101 94   800000 1315000   260 10.15
0.559 0.0454 45.82 68.00 101 94   800000 1315000   260 10.15
0.561 0.0472 45.96 68.00 101 94   800000 1315000   260 10.15
0.563 0.0430 46.11 68.00 101 94   800000 1315000   260 10.15
0.565 0.0445 46.26 68.00 101 94   800000 1315000   260 10.15
0.567 0.0457 46.42 68.00 101 94   800000 1315000   260 10.15
0.569 0.0454 46.59 68.00 101 94   800000 1315000   260 10.15
0.571 0.0505 46.77 68.00 101 94   800000 1315000   260 10.15
0.573 0.0478 46.97 68.00 101 94   800000 1315000   260 10.15
0.575 0.0479 47.20 68.00 101 94   800000 1315000   260 10.15
0.577 0.0476 47.45 68.00 101 94   800000 1315000   260 10.15
0.579 0.0461 47.75 68.00 101 94   800000 1315000   260 10.15
0.581 0.0508 48.09 68.00 101 94   800000 1315000   260 10.15
0.583 0.0477 48.46 68.00 101 94   800000 1315000   260 10.15
0.584 0.0408 48.86 68.00 101 94   800000 1315000   260 10.15
0.586 0.0493 49.24 68.00 101 94   800000 1315000   260 10.15
0.588 0.0506 49.60 68.00 101 94   800000 1315000   260 10.15
0.590 0.0511 49.91 68.00 101 94   800000 1315000   260 10.15
0.592 0.0534 50.16 68.00 101 94   800000 1315000   260 10.15
0.594 0.0502 50.34 68.00 101 94   800000 1315000   260 10.15
0.596 0.0494 50.45 68.00 101 94   800000 1315000   260 10.15
0.598 0.0494 50.48 68.00 101 94   800000 1315000   260 10.15
0.600 0.0522 50.43 68.00 101 94   800000 1315000   260 10.15
0.602 0.0498 50.33 68.00 101 94   800000 1315000   260 10.15
0.604 0.0502 50.20 68.00 101 94   800000 1315000   260 10.15
0.606 0.0506 50.03 68.00 101 94   800000 1315000   260 10.15
0.608 0.0544 49.85 68.00 101 94   800000 1315000   260 10.15
0.610 0.0545 49.66 68.00 101 94   800000 1315000   260 10.15
0.612 0.0505 49.47 68.00 101 94   800000 1315000   260 10.15
0.614 0.0512 49.29 68.00 101 94   800000 1315000   260 10.15
0.616 0.0476 49.10 68.00 101 94   800000 1315000   260 10.15
0.617 0.0481 48.92 68.00 101 94   800000 1315000   260 10.15
0.619 0.0464 48.75 68.00 101 94   800000 1315000   260 10.15
0.621 0.0408 48.60 68.00 101 94   800000 1315000   260 10.15
0.623 0.0488 48.47 68.00 101 94   800000 1315000   260 10.15
0.625 0.0429 48.38 68.00 101 94   800000 1315000   260 10.15
0.627 0.0456 48.33 68.00 101 94   800000 1315000   260 10.15
0.629 0.0483 48.31 68.00 101 94   800000 1315000   260 10.15
0.631 0.0497 48.34 68.00 101 94   800000 1315000   260 10.15
0.633 0.0508 48.40 68.00 101 94   800000 1315000   260 10.15
0.635 0.0533 48.49 68.00 101 94   800000 1315000   260 10.15
0.637 0.0442 48.61 68.00 101 94   800000 1315000   260 10.15
0.639 0.0548 48.77 68.00 101 94   800000 1315000   260 10.15
0.641 0.0503 48.95 68.00 101 94   800000 1315000   260 10.15
0.643 0.0478 49.14 68.00 101 94   800000 1315000   260 10.15
0.645 0.0512 49.35 68.00 101 94   800000 1315000   260 10.15
0.647 0.0500 49.54 68.00 101 94   800000 1315000   260 10.15
0.649 0.0487 49.71 68.00 101 94   800000 1315000   260 10.15
0.650 0.0500 49.85 68.00 101 94   800000 1315000   260 10.15
0.652 0.0475 49.94 68.00 101 94   800000 1315000   260 10.15
0.654 0.0505 49.99 68.00 101 94   800000 1315000   260 10.15
0.656 0.0480 50.01 68.00 101 94   800000 1315000   260 10.15
0.658 0.0533 50.02 68.00 101 94   800000 1315000   260 10.15
0.660 0.0501 50.02 68.00 101 94   800000 1315000   260 10.15
0.662 0.0493 50.03 68.00 101 94   800000 1315000   260 10.15
0.664 0.0493 50.05 68.00 101 94   800000 1315000   260 10.15
0.666 0.0473 50.09 68.00 101 94   800000 1315000   260 10.15
0.668 0.0504 50.15 68.00 101 94   800000 1315000   260 10.15
0.670 0.0546 50.25 68.00 101 94   800000 1315000   260 10.15
0.672 0.0460 50.36 68.00 101 94   800000 1315000   260 10.15
0.674 0.0510 50.48 68.00 101 94   800000 1315000   260 10.15
0.676 0.0525 50.63 68.00 101 94   800000 1315000   260 10.15
0.678 0.0495 50.78 68.00 101 94   800000 1315000   260 10.15
0.680 0.0546 50.94 68.00 101 94   800000 1315000   260 10.15
0.682 0.0490 51.12 68.00 101 94   800000 1315000   260 10.15
0.683 0.0534 51.31 68.00 101 94   800000 1315000   260 10.15
0.685 0.0500 51.52 68.00 101 94   800000 1315000   260 10.15
0.687 0.0511 51.75 68.00 101 94   800000 1315000   260 10.15
0.689 0.0520 52.00 68.00 101 94   800000 1315000   260 10.15
0.691 0.0539 52.27 68.00 101 94   800000 1315000   260 10.15
0.693 0.0498 52.56 68.00 101 94   800000 1315000   260 10.15
0.695 0.0558 52.85 68.00 101 94   800000 1315000   260 10.15
0.697 0.0452 53.16 68.00 101 94   800000 1315000   260 10.15
0.699 0.0560 53.48 68.00 101 94   800000 1315000   260 10.15
0.701 0.0562 53.80 68.00 101 94   800000 1315000   260 10.15
0.703 0.0533 54.12 68.00 101 94   800000 1315000   260 10.15
0.705 0.0566 54.45 68.00 101 94   800000 1315000   260 10.15
0.707 0.0519 54.80 68.00 101 94   800000 1315000   260 10.15
0.709 0.0560 55.15 68.00 101 94   800000 1315000   260 10.15
0.711 0.0577 55.50 68.00 101 94   800000 1315000   260 10.15
0.713 0.0531 55.85 68.00 101 94   800000 1315000   260 10.15
0.715 0.0584 56.18 68.00 101 94   800000 1315000   260 10.15
0.717 0.0551 56.49 68.00 101 94   800000 1315000   260 10.15
0.718 0.0577 56.80 68.00 101 94   800000 1315000   260 10.15
0.720 0.0601 57.09 68.00 101 94   800000 1315000   260 10.15
0.722 0.0550 57.36 68.00 101 94   800000 1315000   260 10.15
0.724 0.0604 57.63 68.00 101 94   800000 1315000   260 10.15
0.726 0.0540 57.87 68.00 101 94   800000 1315000   260 10.15
0.728 0.0584 58.09 68.00 101 94   800000 1315000   260 10.15
0.730 0.0570 58.29 68.00 101 94   800000 1315000   260 10.15
0.732 0.0595 58.47 68.00 101 94   800000 1315000   260 10.15
0.734 0.0616 58.63 68.00 101 94   800000 1315000   260 10.15
0.736 0.0563 58.78 68.00 101 94   800000 1315000   260 10.15
0.738 0.0569 58.91 68.00 101 94   800000 1315000   260 10.15
0.740 0.0628 59.04 68.00 101 94   800000 1315000   260 10.15
0.742 0.0582 59.15 68.00 101 94   800000 1315000   260 10.15
0.744 0.0591 59.25 68.00 101 94   800000 1315000   260 10.15
0.746 0.0592 59.33 68.00 101 94   800000 1315000   260 10.15
0.748 0.0568 59.40 68.00 101 94   800000 1315000   260 10.15
0.750 0.0601 59.45 68.00 101 94   800000 1315000   260 10.15
0.751 0.0608 59.50 68.00 101 94   800000 1315000   260 10.15
0.753 0.0609 59.54 68.00 101 94   800000 1315000   260 10.15
0.755 0.0643 59.57 68.00 101 94   800000 1315000   260 10.15
0.757 0.0552 59.60 68.00 101 94   800000 1315000   260 10.15
0.759 0.0597 59.63 68.00 101 94   800000 1315000   260 10.15
0.761 0.0594 59.64 68.00 101 94   800000 1315000   260 10.15
0.763 0.0576 59.64 68.00 101 94   800000 1315000   260 10.15
0.765 0.0581 59.64 68.00 101 94   800000 1315000   260 10.15
0.767 0.0626 59.62 68.00 101 94   800000 1315000   260 10.15
0.769 0.0596 59.61 68.00 101 94   800000 1315000   260 10.15
0.771 0.0610 59.60 68.00 101 94   800000 1315000   260 10.15
0.773 0.0577 59.58 68.00 101 94   800000 1315000   260 10.15
0.775 0.0603 59.56 68.00 101 94   800000 1315000   260 10.15
0.777 0.0579 59.54 68.00 101 94   800000 1315000   260 10.15
0.779 0.0604 59.54 68.00 101 94   800000 1315000   260 10.15
0.781 0.0610 59.54 68.00 101 94   800000 1315000   260 10.15
0.783 0.0574 59.57 68.00 101 94   800000 1315000   260 10.15
0.784 0.0599 59.61 68.00 101 94   800000 1315000   260 10.15
0.786 0.0627 59.68 68.00 101 94   800000 1315000   260 10.15
0.788 0.0597 59.76 68.00 101 94   800000 1315000   260 10.15
0.790 0.0554 59.86 68.00 101 94   800000 1315000   260 10.15
0.792 0.0652 59.98 68.00 101 94   800000 1315000   260 10.15
0.794 0.0591 60.10 68.00 101 94   800000 1315000   260 10.15
0.796 0.0554 60.21 68.00 101 94   800000 1315000   260 10.15
0.798 0.0624 60.31 68.00 101 94   800000 1315000   260 10.15
0.800 0.0572 60.40 68.00 101 94   800000 1315000   260 10.15
0.802 0.0624 60.49 68.00 101 94   800000 1315000   260 10.15
0.804 0.0605 60.56 68.00 101 94   800000 1315000   260 10.15
0.806 0.0623 60.63 68.00 101 94   800000 1315000   260 10.15
0.808 0.0605 60.69 68.00 101 94   800000 1315000   260 10.15
0.810 0.0574 60.74 68.00 101 94   800000 1315000   260 10.15
0.812 0.0654 60.78 68.00 101 94   800000 1315000   260 10.15
0.814 0.0630 60.81 68.00 101 94   800000 1315000   260 10.15
0.816 0.0599 60.84 68.00 101 94   800000 1315000   260 10.15
0.817 0.0587 60.87 68.00 101 94   800000 1315000   260 10.15
0.819 0.0643 60.91 68.00 101 94   800000 1315000   260 10.15
0.821 0.0633 60.95 68.00 101 94   800000 1315000   260 10.15
0.823 0.0596 60.99 68.00 101 94   800000 1315000   260 10.15
0.825 0.0556 61.04 68.00 101 94   800000 1315000   260 10.15
0.827 0.0633 61.09 68.00 101 94   800000 1315000   260 10.15
0.829 0.0623 61.12 68.00 101 94   800000 1315000   260 10.15
0.831 0.0605 61.16 68.00 101 94   800000 1315000   260 10.15
0.833 0.0559 61.19 68.00 101 94   800000 1315000   260 10.15
0.835 0.0603 61.22 68.00 101 94   800000 1315000   260 10.15
0.837 0.0634 61.26 68.00 101 94   800000 1315000   260 10.15
0.839 0.0641 61.31 68.00 101 94   800000 1315000   260 10.15
0.841 0.0616 61.38 68.00 101 94   800000 1315000   260 10.15
0.843 0.0594 61.47 68.00 101 94   800000 1315000   260 10.15
0.845 0.0622 61.57 68.00 101 94   800000 1315000   260 10.15
0.847 0.0629 61.69 68.00 101 94   800000 1315000   260 10.15
0.849 0.0618 61.82 68.00 101 94   800000 1315000   260 10.15
0.850 0.0606 61.96 68.00 101 94   800000 1315000   260 10.15
0.852 0.0662 62.09 68.00 101 94   800000 1315000   260 10.15
0.854 0.0628 62.21 68.00 101 94   800000 1315000   260 10.15
0.856 0.0598 62.33 68.00 101 94   800000 1315000   260 10.15
0.858 0.0618 62.45 68.00 101 94   800000 1315000   260 10.15
0.860 0.0641 62.57 68.00 101 94   800000 1315000   260 10.15
0.862 0.0620 62.68 68.00 101 94   800000 1315000   260 10.15
0.864 0.0571 62.78 68.00 101 94   800000 1315000   260 10.15
0.866 0.0646 62.88 68.00 101 94   800000 1315000   260 10.15
0.868 0.0645 62.97 68.00 101 94   800000 1315000   260 10.15
0.870 0.0655 63.06 68.00 101 94   800000 1315000   260 10.15
0.872 0.0596 63.15 68.00 101 94   800000 1315000   260 10.15
0.874 0.0641 63.23 68.00 101 94   800000 1315000   260 10.15
0.876 0.0659 63.31 68.00 101 94   800000 1315000   260 10.15
0.878 0.0642 63.39 68.00 101 94   800000 1315000   260 10.15
0.880 0.0606 63.46 68.00 101 94   800000 1315000   260 10.15
0.882 0.0636 63.51 68.00 101 94   800000 1315000   260 10.15
0.883 0.0655 63.54 68.00 101 94   800000 1315000   260 10.15
0.885 0.0608 63.55 68.00 101 94   800000 1315000   260 10.15
0.887 0.0621 63.55 68.00 101 94   800000 1315000   260 10.15
0.889 0.0687 63.55 68.00 101 94   800000 1315000   260 10.15
0.891 0.0643 63.53 68.00 101 94   800000 1315000   260 10.15
0.893 0.0640 63.50 68.00 101 94   800000 1315000   260 10.15
0.895 0.0659 63.47 68.00 101 94   800000 1315000   260 10.15
0.897 0.0599 63.43 68.00 101 94   800000 1315000   260 10.15
0.899 0.0611 63.41 68.00 101 94   800000 1315000   260 10.15
0.901 0.0624 63.39 68.00 101 94   800000 1315000   260 10.15
0.903 0.0637 63.40 68.00 101 94   800000 1315000   260 10.15
0.905 0.0691 63.43 68.00 101 94   800000 1315000   260 10.15
0.907 0.0610 63.49 68.00 101 94   800000 1315000   260 10.15
0.909 0.0603 63.58 68.00 101 94   800000 1315000   260 10.15
0.911 0.0655 63.69 68.00 101 94   800000 1315000   260 10.15
0.913 0.0613 63.82 68.00 101 94   800000 1315000   260 10.15
0.915 0.0653 63.98 68.00 101 94   800000 1315000   260 10.15
0.917 0.0648 64.18 68.00 101 94   800000 1315000   260 10.15
0.918 0.0615 64.40 68.00 101 94   800000 1315000   260 10.15
0.920 0.0667 64.65 68.00 101 94   800000 1315000   260 10.15
0.922 0.0642 64.93 68.00 101 94   800000 1315000   260 10.15
0.924 0.0682 65.25 68.00 101 94   800000 1315000   260 10.15
0.926 0.0659 65.59 68.00 101 94   800000 1315000   260 10.15
0.928 0.0630 65.95 68.00 101 94   800000 1315000   260 10.15
0.930 0.0650 66.34 68.00 101 94   800000 1315000   260 10.15
0.932 0.0692 66.75 68.00 101 94   800000 1315000   260 10.15
0.934 0.0696 67.16 68.00 101 94   800000 1315000   260 10.15
0.936 0.0648 67.59 68.00 101 94   800000 1315000   260 10.15
0.938 0.0683 68.03 68.00 101 94   800000 1315000   260 10.15
0.940 0.0704 68.49 68.00 101 94   800000 1315000   260 10.15
0.942 0.0672 68.95 68.00 101 94   800000 1315000   260 10.15
0.944 0.0696 69.43 68.00 101 94   800000 1315000   260 10.15
0.946 0.0709 69.93 68.00 101 94   800000 1315000   260 10.15
0.948 0.0668 70.45 68.00 101 94   800000 1315000   260 10.15
0.950 0.0739 70.99 68.00 101 94   800000 1315000   260 10.15
0.951 0.0748 71.56 68.00 101 94   800000 1315000   260 10.15
0.953 0.0678 72.16 68.00 101 94   800000 1315000   260 10.15
0.955 0.0726 72.77 68.00 101 94   800000 1315000   260 10.15
0.957 0.0717 73.41 68.00 101 94   800000 1315000   260 10.15
0.959 0.0763 74.07 68.00 101 94   800000 1315000   260 10.15
0.961 0.0777 74.74 68.00 101 94   800000 1315000   260 10.15
0.963 0.0723 75.42 68.00 101 94   800000 1315000   260 10.15
0.965 0.0776 76.11 68.00 101 94   800000 1315000   260 10.15
0.967 0.0770 76.80 68.00 101 94   800000 1315000   260 10.15
0.969 0.0731 77.50 68.00 101 94   800000 1315000   260 10.15
0.971 0.0793 78.21 68.00 101 94   800000 1315000   260 10.15
0.973 0.0793 78.93 68.00 101 94   800000 1315000   260 10.15
0.975 0.0819 79.65 68.00 101 94   800000 1315000   260 10.15
0.977 0.0805 80.38 68.00 101 94   800000 1315000   260 10.15
0.979 0.0756 81.12 68.00 101 94   800000 1315000   260 10.15
0.981 0.0893 81.88 68.00 101 94   800000 1315000   260 10.15
0.983 0.0863 82.66 68.00 101 94   800000 1315000   260 10.15
0.984 0.0834 83.47 68.00 101 94   800000 1315000   260 10.15
0.986 0.0739 84.29 68.00 101 94   800000 1315000   260 10.15
0.988 0.0902 85.13 68.00 101 94   800000 1315000   260 10.15
0.990 0.0833 85.98 68.00 101 94   800000 1315000   260 10.15
0.992 0.0886 86.84 68.00 101 94   800000 1315000   260 10.15
0.994 0.0871 87.71 68.00 101 94   800000 1315000   260 10.15
0.996 0.0865 88.57 68.00 101 94   800000 1315000   260 10.15
0.998 0.0904 89.43 68.00 101 94   800000 1315000   260 10.15
1.000 0.0872 90.26 68.00 101 94   800000 1315000   260 10.15
1.002 0.0906 91.06 68.00 101 94   800000 1315000   260 10.15
1.004 0.0963 91.81 68.00 101 94   800000 1315000   260 10.15
1.006 0.0861 92.51 68.00 101 94   800000 1315000   260 10.15
1.008 0.0951 93.14 68.00 101 94   800000 1315000   260 10.15
1.010 0.1001 93.72 68.00 101 94   800000 1315000   260 10.15
1.012 0.0897 94.22 68.00 101 94   800000 1315000   260 10.15
1.014 0.0944 94.66 68.00 101 94   800000 1315000   260 10.15
1.016 0.1018 95.01 68.00 101 94   800000 1315000   260 10.15
1.017 0.0923 95.27 68.00 101 94   800000 1315000   260 10.15
1.019 0.0987 95.46 68.00 101 94   800000 1315000   260 10.15
1.021 0.0943 95.56 68.00 101 94   800000 1315000   260 10.15
1.023 0.0965 95.58 68.00 101 94   800000 1315000   260 10.15
1.025 0.0952 95.51 68.00 101 94   800000 1315000   260 10.15
1.027 0.0940 95.35 68.00 101 94   800000 1315000   260 10.15
1.029 0.0995 95.13 68.00 101 94   800000 1315000   260 10.15
1.031 0.0938 94.83 68.00 101 94   800000 1315000   260 10.15
1.033 0.0897 94.46 68.00 101 94   800000 1315000   260 10.15
1.035 0.0930 94.02 68.00 101 94   800000 1315000   260 10.15
1.037 0.0946 93.50 68.00 101 94   800000 1315000   260 10.15
1.039 0.0894 92.92 68.00 101 94   800000 1315000   260 10.15
1.041 0.0954 92.28 68.00 101 94   800000 1315000   260 10.15
1.043 0.0898 91.58 68.00 101 94   800000 1315000   260 10.15
1.045 0.0903 90.82 68.00 101 94   800000 1315000   260 10.15
1.047 0.0921 90.02 68.00 101 94   800000 1315000   260 10.15
1.049 0.0931 89.17 68.00 101 94   800000 1315000   260 10.15
1.050 0.0855 88.29 68.00 101 94   800000 1315000   260 10.15
1.052 0.0874 87.36 68.00 101 94   800000 1315000   260 10.15
1.054 0.0923 86.40 68.00 101 94   800000 1315000   260 10.15
1.056 0.0857 85.42 68.00 101 94   800000 1315000   260 10.15
1.058 0.0799 84.40 68.00 101 94   800000 1315000   260 10.15
1.060 0.0852 83.36 68.00 101 94   800000 1315000   260 10.15
1.062 0.0821 82.30 68.00 101 94   800000 1315000   260 10.15
1.064 0.0809 81.23 68.00 101 94   800000 1315000   260 10.15
1.066 0.0805 80.15 68.00 101 94   800000 1315000   260 10.15
1.068 0.0792 79.08 68.00 101 94   800000 1315000   260 10.15
1.070 0.0762 78.02 68.00 101 94   800000 1315000   260 10.15
1.072 0.0746 76.98 68.00 101 94   800000 1315000   260 10.15
1.074 0.0750 75.98 68.00 101 94   800000 1315000   260 10.15
1.076 0.0757 75.01 68.00 101 94   800000 1315000   260 10.15
1.078 0.0752 74.10 68.00 101 94   800000 1315000   260 10.15
1.080 0.0714 73.23 68.00 101 94   800000 1315000   260 10.15
1.082 0.0732 72.41 68.00 101 94   800000 1315000   260 10.15
1.083 0.0714 71.63 68.00 101 94   800000 1315000   260 10.15
1.085 0.0717 70.90 68.00 101 94   800000 1315000   260 10.15
1.087 0.0700 70.21 68.00 101 94   800000 1315000   260 10.15
1.089 0.0688 69.57 68.00 101 94   800000 1315000   260 10.15
1.091 0.0696 68.96 68.00 101 94   800000 1315000   260 10.15
1.093 0.0689 68.38 68.00 101 94   800000 1315000   260 10.15
1.095 0.0669 67.84 68.00 101 94   800000 1315000   260 10.15
1.097 0.0682 67.32 68.00 101 94   800000 1315000   260 10.15
1.099 0.0655 66.83 68.00 101 94   800000 1315000   260 10.15
1.101 0.0677 66.37 68.00 101 94   800000 1315000   260 10.15
1.103 0.0683 65.93 68.00 101 94   800000 1315000   260 10.15
1.105 0.0629 65.50 68.00 101 94   800000 1315000   260 10.15
1.107 0.0646 65.10 68.00 101 94   800000 1315000   260 10.15
1.109 0.0664 64.71 68.00 101 94   800000 1315000   260 10.15
1.111 0.0633 64.33 68.00 101 94   800000 1315000   260 10.15
1.113 0.0632 63.98 68.00 101 94   800000 1315000   260 10.15
1.115 0.0616 63.65 68.00 101 94   800000 1315000   260 10.15
1.117 0.0647 63.35 68.00 101 94   800000 1315000   260 10.15
1.118 0.0641 63.07 68.00 101 94   800000 1315000   260 10.15
1.120 0.0636 62.83 68.00 101 94   800000 1315000   260 10.15
1.122 0.0623 62.62 68.00 101 94   800000 1315000   260 10.15
1.124 0.0646 62.45 68.00 101 94   800000 1315000   260 10.15
1.126 0.0626 62.30 68.00 101 94   800000 1315000   260 10.15
1.128 0.0591 62.17 68.00 101 94   800000 1315000   260 10.15
1.130 0.0632 62.08 68.00 101 94   800000 1315000   260 10.15
1.132 0.0614 62.01 68.00 101 94   800000 1315000   260 10.15
1.134 0.0641 61.97 68.00 101 94   800000 1315000   260 10.15
1.136 0.0588 61.94 68.00 101 94   800000 1315000   260 10.15
1.138 0.0606 61.94 68.00 101 94   800000 1315000   260 10.15
1.140 0.0625 61.94 68.00 101 94   800000 1315000   260 10.15
1.142 0.0629 61.95 68.00 101 94   800000 1315000   260 10.15
1.144 0.0608 61.96 68.00 101 94   800000 1315000   260 10.15
1.146 0.0633 61.97 68.00 101 94   800000 1315000   260 10.15
1.148 0.0598 61.99 68.00 101 94   800000 1315000   260 10.15
1.150 0.0635 62.01 68.00 101 94   800000 1315000   260 10.15
1.151 0.0647 62.03 68.00 101 94   800000 1315000   260 10.15
1.153 0.0619 62.06 68.00 101 94   800000 1315000   260 10.15
1.155 0.0628 62.08 68.00 101 94   800000 1315000   260 10.15
1.157 0.0618 62.11 68.00 101 94   800000 1315000   260 10.15
1.159 0.0620 62.15 68.00 101 94   800000 1315000   260 10.15
1.161 0.0595 62.18 68.00 101 94   800000 1315000   260 10.15
1.163 0.0641 62.21 68.00 101 94   800000 1315000   260 10.15
1.165 0.0634 62.23 68.00 101 94   800000 1315000   260 10.15
1.167 0.0630 62.25 68.00 101 94   800000 1315000   260 10.15
1.169 0.0619 62.27 68.00 101 94   800000 1315000   260 10.15
1.171 0.0595 62.29 68.00 101 94   800000 1315000   260 10.15
1.173 0.0626 62.30 68.00 101 94   800000 1315000   260 10.15
1.175 0.0633 62.31 68.00 101 94   800000 1315000   260 10.15
1.177 0.0599 62.32 68.00 101 94   800000 1315000   260 10.15
1.179 0.0622 62.33 68.00 101 94   800000 1315000   260 10.15
1.181 0.0638 62.35 68.00 101 94   800000 1315000   260 10.15
1.183 0.0615 62.37 68.00 101 94   800000 1315000   260 10.15
1.184 0.0651 62.38 68.00 101 94   800000 1315000   260 10.15
1.186 0.0598 62.38 68.00 101 94   800000 1315000   260 10.15
1.188 0.0616 62.39 68.00 101 94   800000 1315000   260 10.15
1.190 0.0632 62.39 68.00 101 94   800000 1315000   260 10.15
1.192 0.0656 62.38 68.00 101 94   800000 1315000   260 10.15
1.194 0.0643 62.37 68.00 101 94   800000 1315000   260 10.15
1.196 0.0622 62.36 68.00 101 94   800000 1315000   260 10.15
1.198 0.0583 62.34 68.00 101 94   800000 1315000   260 10.15
1.200 0.0641 62.32 68.00 101 94   800000 1315000   260 10.15
1.202 0.0625 62.29 68.00 101 94   800000 1315000   260 10.15
1.204 0.0595 62.25 68.00 101 94   800000 1315000   260 10.15
1.206 0.0640 62.22 68.00 101 94   800000 1315000   260 10.15
1.208 0.0629 62.18 68.00 101 94   800000 1315000   260 10.15
1.210 0.0610 62.15 68.00 101 94   800000 1315000   260 10.15
1.212 0.0616 62.12 68.00 101 94   800000 1315000   260 10.15
1.214 0.0650 62.10 68.00 101 94   800000 1315000   260 10.15
1.216 0.0579 62.10 68.00 101 94   800000 1315000   260 10.15
1.217 0.0634 62.10 68.00 101 94   800000 1315000   260 10.15
1.219 0.0608 62.13 68.00 101 94   800000 1315000   260 10.15
1.221 0.0636 62.17 68.00 101 94   800000 1315000   260 10.15
1.223 0.0621 62.22 68.00 101 94   800000 1315000   260 10.15
1.225 0.0635 62.30 68.00 101 94   800000 1315000   260 10.15
1.227 0.0625 62.39 68.00 101 94   800000 1315000   260 10.15
1.229 0.0629 62.51 68.00 101 94   800000 1315000   260 10.15
1.231 0.0596 62.63 68.00 101 94   800000 1315000   260 10.15
1.233 0.0643 62.76 68.00 101 94   800000 1315000   260 10.15
1.235 0.0634 62.89 68.00 101 94   800000 1315000   260 10.15
1.237 0.0603 63.01 68.00 101 94   800000 1315000   260 10.15
1.239 0.0646 63.12 68.00 101 94   800000 1315000   260 10.15
1.241 0.0639 63.24 68.00 101 94   800000 1315000   260 10.15
1.243 0.0641 63.35 68.00 101 94   800000 1315000   260 10.15
1.245 0.0636 63.44 68.00 101 94   800000 1315000   260 10.15
1.247 0.0611 63.53 68.00 101 94   800000 1315000   260 10.15
1.249 0.0627 63.60 68.00 101 94   800000 1315000   260 10.15
1.250 0.0648 63.66 68.00 101 94   800000 1315000   260 10.15
1.252 0.0644 63.71 68.00 101 94   800000 1315000   260 10.15
1.254 0.0653 63.76 68.00 101 94   800000 1315000   260 10.15
1.256 0.0645 63.80 68.00 101 94   800000 1315000   260 10.15
1.258 0.0643 63.85 68.00 101 94   800000 1315000   260 10.15
1.260 0.0632 63.89 68.00 101 94   800000 1315000   260 10.15
1.262 0.0648 63.95 68.00 101 94   800000 1315000   260 10.15
1.264 0.0652 64.00 68.00 101 94   800000 1315000   260 10.15
1.266 0.0597 64.06 68.00 101 94   800000 1315000   260 10.15
1.268 0.0663 64.12 68.00 101 94   800000 1315000   260 10.15
1.270 0.0616 64.18 68.00 101 94   800000 1315000   260 10.15
1.272 0.0666 64.26 68.00 101 94   800000 1315000   260 10.15
1.274 0.0630 64.33 68.00 101 94   800000 1315000   260 10.15
1.276 0.0622 64.41 68.00 101 94   800000 1315000   260 10.15
1.278 0.0648 64.47 68.00 101 94   800000 1315000   260 10.15
1.280 0.0669 64.54 68.00 101 94   800000 1315000   260 10.15
1.282 0.0626 64.61 68.00 101 94   800000 1315000   260 10.15
1.283 0.0646 64.67 68.00 101 94   800000 1315000   260 10.15
1.285 0.0643 64.74 68.00 101 94   800000 1315000   260 10.15
1.287 0.0680 64.82 68.00 101 94   800000 1315000   260 10.15
1.289 0.0642 64.91 68.00 101 94   800000 1315000   260 10.15
1.291 0.0658 65.01 68.00 101 94   800000 1315000   260 10.15
1.293 0.0665 65.11 68.00 101 94   800000 1315000   260 10.15
1.295 0.0624 65.20 68.00 101 94   800000 1315000   260 10.15
1.297 0.0675 65.29 68.00 101 94   800000 1315000   260 10.15
1.299 0.0664 65.35 68.00 101 94   800000 1315000   260 10.15
1.301 0.0634 65.40 68.00 101 94   800000 1315000   260 10.15
1.303 0.0661 65.44 68.00 101 94   800000 1315000   260 10.15
1.305 0.0633 65.46 68.00 101 94   800000 1315000   260 10.15
1.307 0.0659 65.46 68.00 101 94   800000 1315000   260 10.15
1.309 0.0646 65.45 68.00 101 94   800000 1315000   260 10.15
1.311 0.0646 65.43 68.00 101 94   800000 1315000   260 10.15
1.313 0.0626 65.39 68.00 101 94   800000 1315000   260 10.15
1.315 0.0705 65.33 68.00 101 94   800000 1315000   260 10.15
1.317 0.0646 65.27 68.00 101 94   800000 1315000   260 10.15
1.318 0.0671 65.19 68.00 101 94   800000 1315000   260 10.15
1.320 0.0652 65.11 68.00 101 94   800000 1315000   260 10.15
1.322 0.0640 65.02 68.00 101 94   800000 1315000   260 10.15
1.324 0.0683 64.95 68.00 101 94   800000 1315000   260 10.15
1.326 0.0633 64.89 68.00 101 94   800000 1315000   260 10.15
1.328 0.0641 64.85 68.00 101 94   800000 1315000   260 10.15
1.330 0.0652 64.82 68.00 101 94   800000 1315000   260 10.15
1.332 0.0624 64.79 68.00 101 94   800000 1315000   260 10.15
1.334 0.0662 64.76 68.00 101 94   800000 1315000   260 10.15
1.336 0.0630 64.74 68.00 101 94   800000 1315000   260 10.15
1.338 0.0660 64.72 68.00 101 94   800000 1315000   260 10.15
1.340 0.0664 64.70 68.00 101 94   800000 1315000   260 10.15
1.342 0.0629 64.69 68.00 101 94   800000 1315000   260 10.15
1.344 0.0612 64.69 68.00 101 94   800000 1315000   260 10.15
1.346 0.0644 64.69 68.00 101 94   800000 1315000   260 10.15
1.348 0.0654 64.71 68.00 101 94   800000 1315000   260 10.15
1.350 0.0652 64.74 68.00 101 94   800000 1315000   260 10.15
1.351 0.0629 64.78 68.00 101 94   800000 1315000   260 10.15
1.353 0.0668 64.84 68.00 101 94   800000 1315000   260 10.15
1.355 0.0672 64.90 68.00 101 94   800000 1315000   260 10.15
1.357 0.0634 64.96 68.00 101 94   800000 1315000   260 10.15
1.359 0.0689 65.01 68.00 101 94   800000 1315000   260 10.15
1.361 0.0701 65.05 68.00 101 94   800000 1315000   260 10.15
1.363 0.0600 65.08 68.00 101 94   800000 1315000   260 10.15
1.365 0.0626 65.10 68.00 101 94   800000 1315000   260 10.15
1.367 0.0623 65.10 68.00 101 94   800000 1315000   260 10.15
1.369 0.0673 65.09 68.00 101 94   800000 1315000   260 10.15
1.371 0.0628 65.07 68.00 101 94   800000 1315000   260 10.15
1.373 0.0685 65.05 68.00 101 94   800000 1315000   260 10.15
1.375 0.0666 65.01 68.00 101 94   800000 1315000   260 10.15
1.377 0.0600 64.95 68.00 101 94   800000 1315000   260 10.15
1.379 0.0680 64.88 68.00 101 94   800000 1315000   260 10.15
1.381 0.0647 64.81 68.00 101 94   800000 1315000   260 10.15
1.383 0.0630 64.74 68.00 101 94   800000 1315000   260 10.15
1.384 0.0669 64.69 68.00 101 94   800000 1315000   260 10.15
1.386 0.0663 64.65 68.00 101 94   800000 1315000   260 10.15
1.388 0.0630 64.64 68.00 101 94   800000 1315000   260 10.15
1.390 0.0615 64.64 68.00 101 94   800000 1315000   260 10.15
1.392 0.0678 64.65 68.00 101 94   800000 1315000   260 10.15
1.394 0.0646 64.67 68.00 101 94   800000 1315000   260 10.15
1.396 0.0639 64.67 68.00 101 94   800000 1315000   260 10.15
1.398 0.0636 64.68 68.00 101 94   800000 1315000   260 10.15
1.400 0.0657 64.68 68.00 101 94   800000 1315000   260 10.15
1.402 0.0651 64.67 68.00 101 94   800000 1315000   260 10.15
1.404 0.0633 64.65 68.00 101 94   800000 1315000   260 10.15
1.406 0.0672 64.63 68.00 101 94   800000 1315000   260 10.15
1.408 0.0602 64.61 68.00 101 94   800000 1315000   260 10.15
1.410 0.0659 64.58 68.00 101 94   800000 1315000   260 10.15
1.412 0.0609 64.54 68.00 101 94   800000 1315000   260 10.15
1.414 0.0675 64.49 68.00 101 94   800000 1315000   260 10.15
1.416 0.0690 64.42 68.00 101 94   800000 1315000   260 10.15
1.417 0.0638 64.34 68.00 101 94   800000 1315000   260 10.15
1.419 0.0641 64.27 68.00 101 94   800000 1315000   260 10.15
1.421 0.0636 64.20 68.00 101 94   800000 1315000   260 10.15
1.423 0.0644 64.14 68.00 101 94   800000 1315000   260 10.15
1.425 0.0659 64.08 68.00 101 94   800000 1315000   260 10.15
1.427 0.0603 64.02 68.00 101 94   800000 1315000   260 10.15
1.429 0.0671 63.97 68.00 101 94   800000 1315000   260 10.15
1.431 0.0596 63.92 68.00 101 94   800000 1315000   260 10.15
1.433 0.0653 63.90 68.00 101 94   800000 1315000   260 10.15
1.435 0.0684 63.88 68.00 101 94   800000 1315000   260 10.15
1.437 0.0616 63.87 68.00 101 94   800000 1315000   260 10.15
1.439 0.0598 63.88 68.00 101 94   800000 1315000   260 10.15
1.441 0.0635 63.91 68.00 101 94   800000 1315000   260 10.15
1.443 0.0627 63.95 68.00 101 94   800000 1315000   260 10.15
1.445 0.0667 64.02 68.00 101 94   800000 1315000   260 10.15
1.447 0.0631 64.12 68.00 101 94   800000 1315000   260 10.15
1.449 0.0624 64.23 68.00 101 94   800000 1315000   260 10.15
1.450 0.0696 64.37 68.00 101 94   800000 1315000   260 10.15
1.452 0.0604 64.52 68.00 101 94   800000 1315000   260 10.15
1.454 0.0670 64.68 68.00 101 94   800000 1315000   260 10.15
1.456 0.0690 64.84 68.00 101 94   800000 1315000   260 10.15
1.458 0.0626 64.99 68.00 101 94   800000 1315000   260 10.15
1.460 0.0625 65.12 68.00 101 94   800000 1315000   260 10.15
1.462 0.0637 65.23 68.00 101 94   800000 1315000   260 10.15
1.464 0.0649 65.32 68.00 101 94   800000 1315000   260 10.15
1.466 0.0689 65.40 68.00 101 94   800000 1315000   260 10.15
1.468 0.0676 65.46 68.00 101 94   800000 1315000   260 10.15
1.470 0.0646 65.50 68.00 101 94   800000 1315000   260 10.15
1.472 0.0608 65.53 68.00 101 94   800000 1315000   260 10.15
1.474 0.0695 65.55 68.00 101 94   800000 1315000   260 10.15
1.476 0.0645 65.55 68.00 101 94   800000 1315000   260 10.15
1.478 0.0702 65.55 68.00 101 94   800000 1315000   260 10.15
1.480 0.0636 65.56 68.00 101 94   800000 1315000   260 10.15
1.482 0.0651 65.56 68.00 101 94   800000 1315000   260 10.15
1.483 0.0642 65.57 68.00 101 94   800000 1315000   260 10.15
1.485 0.0645 65.61 68.00 101 94   800000 1315000   260 10.15
1.487 0.0667 65.66 68.00 101 94   800000 1315000   260 10.15
1.489 0.0665 65.73 68.00 101 94   800000 1315000   260 10.15
1.491 0.0629 65.83 68.00 101 94   800000 1315000   260 10.15
1.493 0.0680 65.93 68.00 101 94   800000 1315000   260 10.15
1.495 0.0644 66.03 68.00 101 94   800000 1315000   260 10.15
1.497 0.0653 66.13 68.00 101 94   800000 1315000   260 10.15
1.499 0.0636 66.20 68.00 101 94   800000 1315000   260 10.15
1.501 0.0703 66.26 68.00 101 94   800000 1315000   260 10.15
1.503 0.0670 66.31 68.00 101 94   800000 1315000   260 10.15
1.505 0.0648 66.33 68.00 101 94   800000 1315000   260 10.15
1.507 0.0651 66.32 68.00 101 94   800000 1315000   260 10.15
1.509 0.0656 66.28 68.00 101 94   800000 1315000   260 10.15
1.511 0.0695 66.22 68.00 101 94   800000 1315000   260 10.15
1.513 0.0672 66.15 68.00 101 94   800000 1315000   260 10.15
1.515 0.0688 66.09 68.00 101 94   800000 1315000   260 10.15
1.517 0.0628 66.05 68.00 101 94   800000 1315000   260 10.15
1.518 0.0644 66.03 68.00 101 94   800000 1315000   260 10.15
1.520 0.0753 66.03 68.00 101 94   800000 1315000   260 10.15
1.522 0.0690 66.07 68.00 101 94   800000 1315000   260 10.15
1.524 0.0621 66.12 68.00 101 94   800000 1315000   260 10.15
1.526 0.0624 66.19 68.00 101 94   800000 1315000   260 10.15
1.528 0.0617 66.27 68.00 101 94   800000 1315000   260 10.15
1.530 0.0658 66.34 68.00 101 94   800000 1315000   260 10.15
1.532 0.0645 66.42 68.00 101 94   800000 1315000   260 10.15
1.534 0.0640 66.49 68.00 101 94   800000 1315000   260 10.15
1.536 0.0646 66.56 68.00 101 94   800000 1315000   260 10.15
1.538 0.0703 66.62 68.00 101 94   800000 1315000   260 10.15
1.540 0.0647 66.69 68.00 101 94   800000 1315000   260 10.15
1.542 0.0678 66.76 68.00 101 94   800000 1315000   260 10.15
1.544 0.0682 66.83 68.00 101 94   800000 1315000   260 10.15
1.546 0.0670 66.92 68.00 101 94   800000 1315000   260 10.15
1.548 0.0751 67.01 68.00 101 94   800000 1315000   260 10.15
1.550 0.0693 67.11 68.00 101 94   800000 1315000   260 10.15
1.551 0.0660 67.21 68.00 101 94   800000 1315000   260 10.15
1.553 0.0710 67.30 68.00 101 94   800000 1315000   260 10.15
1.555 0.0656 67.36 68.00 101 94   800000 1315000   260 10.15
1.557 0.0620 67.40 68.00 101 94   800000 1315000   260 10.15
1.559 0.0653 67.40 68.00 101 94   800000 1315000   260 10.15
1.562 0.0675 67.37 68.00 101 94   800000 1315000   260 10.15
1.564 0.0668 67.31 68.00 101 94   800000 1315000   260 10.15
1.566 0.0673 67.21 68.00 101 94   800000 1315000   260 10.15
1.569 0.0656 67.12 68.00 101 94   800000 1315000   260 10.15
1.571 0.0663 67.03 68.00 101 94   800000 1315000   260 10.15
1.574 0.0684 66.96 68.00 101 94   800000 1315000   260 10.15
1.577 0.0662 66.92 68.00 101 94   800000 1315000   260 10.15
1.580 0.0679 66.90 68.00 101 94   800000 1315000   260 10.15
1.583 0.0698 66.91 68.00 101 94   800000 1315000   260 10.15
1.586 0.0659 66.95 68.00 101 94   800000 1315000   260 10.15
1.589 0.0659 67.01 68.00 101 94   800000 1315000   260 10.15
1.593 0.0706 67.07 68.00 101 94   800000 1315000   260 10.15
1.597 0.0643 67.15 68.00 101 94   800000 1315000   260 10.15
1.600 0.0670 67.22 68.00 101 94   800000 1315000   260 10.15
1.604 0.0677 67.28 68.00 101 94   800000 1315000   260 10.15
1.608 0.0670 67.33 68.00 101 94   800000 1315000   260 10.15
1.613 0.0687 67.36 68.00 101 94   800000 1315000   260 10.15
1.617 0.0676 67.40 68.00 101 94   800000 1315000   260 10.15
1.622 0.0666 67.43 68.00 101 94   800000 1315000   260 10.15
1.626 0.0675 67.47 68.00 101 94   800000 1315000   260 10.15
1.631 0.0671 67.52 68.00 101 94   800000 1315000   260 10.15
1.637 0.0674 67.57 68.00 101 94   800000 1315000   260 10.15
1.642 0.0676 67.63 68.00 101 94   800000 1315000   260 10.15
1.648 0.0673 67.68 68.00 101 94   800000 1315000   260 10.15
1.654 0.0687 67.71 68.00 101 94   800000 1315000   260 10.15
1.660 0.0680 67.73 68.00 101 94   800000 1315000   260 10.15
1.666 0.0657 67.75 68.00 101 94   800000 1315000   260 10.15
1.673 0.0703 67.76 68.00 101 94   800000 1315000   260 10.15
1.680 0.0686 67.78 68.00 101 94   800000 1315000   260 10.15
1.687 0.0683 67.82 68.00 101 94   800000 1315000   260 10.15
1.695 0.0689 67.91 68.00 101 94   800000 1315000   260 10.15
1.703 0.0700 68.06 68.00 101 94   800000 1315000   260 10.15
1.711 0.0688 68.29 68.00 101 94   800000 1315000   260 10.15
1.720 0.0705 68.64 68.00 101 94   800000 1315000   260 10.15
1.729 0.0701 69.12 68.00 101 94   800000 1315000   260 10.15
1.738 0.0701 69.78 68.00 101 94   800000 1315000   260 10.15
1.748 0.0680 70.65 68.00 101 94   800000 1315000   260 10.15
1.757 0.0701 71.73 68.00 101 94   800000 1315000   260 10.15
1.767 0.0711 73.04 68.00 101 94   800000 1315000   260 10.15
1.777 0.0715 74.59 68.00 101 94   800000 1315000   260 10.15
1.786 0.0732 76.35 68.00 101 94   800000 1315000   260 10.15
1.796 0.0738 78.31 68.00 101 94   800000 1315000   260 10.15
1.806 0.0762 80.44 68.00 101 94   800000 1315000   260 10.15
1.816 0.0792 82.67 68.00 101 94   800000 1315000   260 10.15
1.825 0.0821 84.96 68.00 101 94   800000 1315000   260 10.15
1.835 0.0866 87.24 68.00 101 94   800000 1315000   260 10.15
1.845 0.0893 89.46 68.00 101 94   800000 1315000   260 10.15
1.854 0.0914 91.56 68.00 101 94   800000 1315000   260 10.15
1.864 0.0952 93.50 68.00 101 94   800000 1315000   260 10.15
1.874 0.0982 95.24 68.00 101 94   800000 1315000   260 10.15
1.883 0.1006 96.78 68.00 101 94   800000 1315000   260 10.15
1.893 0.1026 98.13 68.00 101 94   800000 1315000   260 10.15
1.903 0.1078 99.29 68.00 101 94   800000 1315000   260 10.15
1.913 0.1145 100.32 68.00 101 94   800000 1315000   260 10.15
1.922 0.1076 101.24 68.00 101 94   800000 1315000   260 10.15
1.932 0.1087 102.12 68.00 101 94   800000 1315000   260 10.15
1.942 0.1058 102.99 68.00 101 94   800000 1315000   260 10.15
1.951 0.1048 103.89 68.00 101 94   800000 1315000   260 10.15
1.961 0.1031 104.88 68.00 101 94   800000 1315000   260 10.15
1.971 0.1012 105.99 68.00 101 94   800000 1315000   260 10.15
1.981 0.1002 107.24 68.00 101 94   800000 1315000   260 10.15
1.990 0.1014 108.65 68.00 101 94   800000 1315000   260 10.15
2.000 0.0996 110.25 68.00 101 94   800000 1315000   260 10.15
2.010 0.1026 112.03 68.00 101 94   800000 1315000   260 10.15
2.019 0.1041 114.00 68.00 101 94   800000 1315000   260 10.15
2.029 0.1105 116.17 68.00 101 94   800000 1315000   260 10.15
2.039 0.1148 118.54 68.00 101 94   800000 1315000   260 10.15
2.049 0.1234 121.08 68.00 101 94   800000 1315000   260 10.15
2.058 0.1285 123.77 68.00 101 94   800000 1315000   260 10.15
2.068 0.1337 126.57 68.00 101 94   800000 1315000   260 10.15
2.078 0.1384 129.44 68.00 101 94   800000 1315000   260 10.15
2.087 0.1438 132.34 68.00 101 94   800000 1315000   260 10.15
2.097 0.1466 135.25 68.00 101 94   800000 1315000   260 10.15
2.107 0.1475 138.30 68.00 101 94   800000 1315000   260 10.15
2.117 0.1517 142.29 68.00 101 94   800000 1315000   260 10.15
2.126 0.1521 149.40 68.00 101 94   800000 1315000   260 10.15
2.136 0.1543 157.83 68.00 101 94   800000 1315000   260 10.15
2.146 0.1602 166.46 68.00 101 94   800000 1315000   260 10.15
2.155 0.1597 174.81 68.00 101 94   800000 1315000   260 10.15
2.165 0.1645 182.72 68.00 101 94   800000 1315000   260 10.15
2.175 0.1680 190.16 68.00 101 94   800000 1315000   260 10.15
2.184 0.1756 197.13 68.00 101 94   800000 1315000   260 10.15
2.194 0.1815 203.68 68.00 101 94   800000 1315000   260 10.15
2.204 0.1912 209.84 68.00 101 94   800000 1315000   260 10.15
2.214 0.2007 215.66 68.00 101 94   800000 1315000   260 10.15
2.223 0.2074 221.17 68.00 101 94   800000 1315000   260 10.15
2.233 0.2217 226.40 68.00 101 94   800000 1315000   260 10.15
2.243 0.2382 231.39 68.00 101 94   800000 1315000   260 10.15
2.252 0.2595 236.16 68.00 101 94   800000 1315000   260 10.15
2.262 0.2896 240.71 68.00 101 94   800000 1315000   260 10.15
2.272 0.3198 245.05 68.00 101 94   800000 1315000   260 10.15
2.282 0.3470 249.17 68.00 101 94   800000 1315000   260 10.15
2.291 0.3868 253.07 68.00 101 94   800000 1315000   260 10.15
2.301 0.4313 256.72 68.00 101 94   800000 1315000   260 10.15
2.311 0.4531 260.09 68.00 101 94   800000 1315000   260 10.15
2.320 0.0000 263.13 68.00 101 94   800000 1315000   260 10.15
2.330 0.0000 265.78 68.00 101 94   800000 1315000   260 10.15
