     x     qy smooth tpara  cd  zL     xTr    xCpl frame tma
-1.071 0.2068 182.19 85.00 107 94   645000 1247000   270 9.92
-1.063 0.2103 170.46 85.00 107 94   645000 1247000   270 9.92
-1.055 0.1892 159.31 85.00 107 94   645000 1247000   270 9.92
-1.047 0.1425 148.75 85.00 107 94   645000 1247000   270 9.92
-1.038 0.1269 138.75 85.00 107 94   645000 1247000   270 9.92
-1.030 0.1007 129.29 85.00 107 94   645000 1247000   270 9.92
-1.022 0.0971 120.37 85.00 107 94   645000 1247000   270 9.92
-1.013 0.0885 111.98 85.00 107 94   645000 1247000   270 9.92
-1.005 0.0846 104.09 85.00 107 94   645000 1247000   270 9.92
-0.997 0.0784 96.71 85.00 107 94   645000 1247000   270 9.92
-0.988 0.0742 89.83 85.00 107 94   645000 1247000   270 9.92
-0.980 0.0716 83.45 85.00 107 94   645000 1247000   270 9.92
-0.972 0.0687 77.56 85.00 107 94   645000 1247000   270 9.92
-0.963 0.0658 72.16 85.00 107 94   645000 1247000   270 9.92
-0.955 0.0624 67.27 85.00 107 94   645000 1247000   270 9.92
-0.947 0.0617 62.89 85.00 107 94   645000 1247000   270 9.92
-0.939 0.0595 59.04 85.00 107 94   645000 1247000   270 9.92
-0.930 0.0586 55.75 85.00 107 94   645000 1247000   270 9.92
-0.922 0.0544 53.04 85.00 107 94   645000 1247000   270 9.92
-0.914 0.0558 50.96 85.00 107 94   645000 1247000   270 9.92
-0.905 0.0532 49.55 85.00 107 94   645000 1247000   270 9.92
-0.897 0.0524 48.84 85.00 107 94   645000 1247000   270 9.92
-0.889 0.0521 48.72 85.00 107 94   645000 1247000   270 9.92
-0.880 0.0491 48.65 85.00 107 94   645000 1247000   270 9.92
-0.872 0.0482 47.92 85.00 107 94   645000 1247000   270 9.92
-0.864 0.0478 47.11 85.00 107 94   645000 1247000   270 9.92
-0.855 0.0476 46.29 85.00 107 94   645000 1247000   270 9.92
-0.847 0.0452 45.49 85.00 107 94   645000 1247000   270 9.92
-0.839 0.0440 44.72 85.00 107 94   645000 1247000   270 9.92
-0.831 0.0464 43.99 85.00 107 94   645000 1247000   270 9.92
-0.822 0.0435 43.32 85.00 107 94   645000 1247000   270 9.92
-0.814 0.0424 42.69 85.00 107 94   645000 1247000   270 9.92
-0.806 0.0416 42.13 85.00 107 94   645000 1247000   270 9.92
-0.797 0.0417 41.63 85.00 107 94   645000 1247000   270 9.92
-0.789 0.0410 41.19 85.00 107 94   645000 1247000   270 9.92
-0.781 0.0415 40.80 85.00 107 94   645000 1247000   270 9.92
-0.772 0.0398 40.48 85.00 107 94   645000 1247000   270 9.92
-0.764 0.0397 40.21 85.00 107 94   645000 1247000   270 9.92
-0.756 0.0392 39.99 85.00 107 94   645000 1247000   270 9.92
-0.748 0.0390 39.82 85.00 107 94   645000 1247000   270 9.92
-0.739 0.0385 39.70 85.00 107 94   645000 1247000   270 9.92
-0.731 0.0395 39.62 85.00 107 94   645000 1247000   270 9.92
-0.723 0.0403 39.57 85.00 107 94   645000 1247000   270 9.92
-0.714 0.0397 39.55 85.00 107 94   645000 1247000   270 9.92
-0.706 0.0403 39.57 85.00 107 94   645000 1247000   270 9.92
-0.698 0.0401 39.61 85.00 107 94   645000 1247000   270 9.92
-0.689 0.0404 39.67 85.00 107 94   645000 1247000   270 9.92
-0.681 0.0401 39.74 85.00 107 94   645000 1247000   270 9.92
-0.673 0.0405 39.83 85.00 107 94   645000 1247000   270 9.92
-0.664 0.0401 39.92 85.00 107 94   645000 1247000   270 9.92
-0.656 0.0398 40.02 85.00 107 94   645000 1247000   270 9.92
-0.648 0.0399 40.11 85.00 107 94   645000 1247000   270 9.92
-0.640 0.0407 40.21 85.00 107 94   645000 1247000   270 9.92
-0.631 0.0399 40.30 85.00 107 94   645000 1247000   270 9.92
-0.623 0.0401 40.38 85.00 107 94   645000 1247000   270 9.92
-0.615 0.0405 40.47 85.00 107 94   645000 1247000   270 9.92
-0.606 0.0409 40.55 85.00 107 94   645000 1247000   270 9.92
-0.598 0.0403 40.63 85.00 107 94   645000 1247000   270 9.92
-0.590 0.0402 40.71 85.00 107 94   645000 1247000   270 9.92
-0.581 0.0407 40.80 85.00 107 94   645000 1247000   270 9.92
-0.573 0.0414 40.90 85.00 107 94   645000 1247000   270 9.92
-0.565 0.0408 41.00 85.00 107 94   645000 1247000   270 9.92
-0.556 0.0416 41.12 85.00 107 94   645000 1247000   270 9.92
-0.548 0.0400 41.24 85.00 107 94   645000 1247000   270 9.92
-0.540 0.0418 41.37 85.00 107 94   645000 1247000   270 9.92
-0.532 0.0417 41.49 85.00 107 94   645000 1247000   270 9.92
-0.523 0.0409 41.61 85.00 107 94   645000 1247000   270 9.92
-0.515 0.0422 41.72 85.00 107 94   645000 1247000   270 9.92
-0.507 0.0421 41.83 85.00 107 94   645000 1247000   270 9.92
-0.498 0.0418 41.92 85.00 107 94   645000 1247000   270 9.92
-0.490 0.0419 42.01 85.00 107 94   645000 1247000   270 9.92
-0.482 0.0430 42.08 85.00 107 94   645000 1247000   270 9.92
-0.473 0.0420 42.15 85.00 107 94   645000 1247000   270 9.92
-0.465 0.0417 42.21 85.00 107 94   645000 1247000   270 9.92
-0.457 0.0417 42.26 85.00 107 94   645000 1247000   270 9.92
-0.449 0.0431 42.30 85.00 107 94   645000 1247000   270 9.92
-0.440 0.0425 42.32 85.00 107 94   645000 1247000   270 9.92
-0.432 0.0427 42.31 85.00 107 94   645000 1247000   270 9.92
-0.424 0.0419 42.29 85.00 107 94   645000 1247000   270 9.92
-0.415 0.0425 42.24 85.00 107 94   645000 1247000   270 9.92
-0.407 0.0424 42.17 85.00 107 94   645000 1247000   270 9.92
-0.399 0.0411 42.08 85.00 107 94   645000 1247000   270 9.92
-0.390 0.0422 41.96 85.00 107 94   645000 1247000   270 9.92
-0.382 0.0415 41.83 85.00 107 94   645000 1247000   270 9.92
-0.374 0.0421 41.67 85.00 107 94   645000 1247000   270 9.92
-0.365 0.0421 41.51 85.00 107 94   645000 1247000   270 9.92
-0.357 0.0413 41.33 85.00 107 94   645000 1247000   270 9.92
-0.349 0.0422 41.16 85.00 107 94   645000 1247000   270 9.92
-0.341 0.0413 40.98 85.00 107 94   645000 1247000   270 9.92
-0.332 0.0415 40.81 85.00 107 94   645000 1247000   270 9.92
-0.324 0.0406 40.64 85.00 107 94   645000 1247000   270 9.92
-0.316 0.0396 40.47 85.00 107 94   645000 1247000   270 9.92
-0.307 0.0405 40.31 85.00 107 94   645000 1247000   270 9.92
-0.299 0.0394 40.15 85.00 107 94   645000 1247000   270 9.92
-0.291 0.0383 40.00 85.00 107 94   645000 1247000   270 9.92
-0.282 0.0404 39.85 85.00 107 94   645000 1247000   270 9.92
-0.274 0.0392 39.71 85.00 107 94   645000 1247000   270 9.92
-0.266 0.0404 39.59 85.00 107 94   645000 1247000   270 9.92
-0.257 0.0385 39.48 85.00 107 94   645000 1247000   270 9.92
-0.249 0.0393 39.38 85.00 107 94   645000 1247000   270 9.92
-0.241 0.0390 39.31 85.00 107 94   645000 1247000   270 9.92
-0.233 0.0393 39.27 85.00 107 94   645000 1247000   270 9.92
-0.224 0.0405 39.25 85.00 107 94   645000 1247000   270 9.92
-0.216 0.0396 39.27 85.00 107 94   645000 1247000   270 9.92
-0.208 0.0403 39.31 85.00 107 94   645000 1247000   270 9.92
-0.199 0.0389 39.39 85.00 107 94   645000 1247000   270 9.92
-0.191 0.0395 39.48 85.00 107 94   645000 1247000   270 9.92
-0.183 0.0387 39.60 85.00 107 94   645000 1247000   270 9.92
-0.174 0.0389 39.73 85.00 107 94   645000 1247000   270 9.92
-0.166 0.0391 39.87 85.00 107 94   645000 1247000   270 9.92
-0.158 0.0383 40.00 85.00 107 94   645000 1247000   270 9.92
-0.150 0.0401 40.11 85.00 107 94   645000 1247000   270 9.92
-0.141 0.0393 40.19 85.00 107 94   645000 1247000   270 9.92
-0.133 0.0408 40.24 85.00 107 94   645000 1247000   270 9.92
-0.125 0.0398 40.24 85.00 107 94   645000 1247000   270 9.92
-0.116 0.0403 40.18 85.00 107 94   645000 1247000   270 9.92
-0.108 0.0412 40.05 85.00 107 94   645000 1247000   270 9.92
-0.100 0.0396 39.85 85.00 107 94   645000 1247000   270 9.92
-0.091 0.0407 39.57 85.00 107 94   645000 1247000   270 9.92
-0.083 0.0404 39.21 85.00 107 94   645000 1247000   270 9.92
-0.075 0.0402 38.77 85.00 107 94   645000 1247000   270 9.92
-0.066 0.0395 38.26 85.00 107 94   645000 1247000   270 9.92
-0.058 0.0382 37.67 85.00 107 94   645000 1247000   270 9.92
-0.050 0.0404 37.01 85.00 107 94   645000 1247000   270 9.92
-0.042 0.0367 36.30 85.00 107 94   645000 1247000   270 9.92
-0.033 0.0356 35.52 85.00 107 94   645000 1247000   270 9.92
-0.025 0.0350 34.71 85.00 107 94   645000 1247000   270 9.92
-0.017 0.0343 33.86 85.00 107 94   645000 1247000   270 9.92
-0.008 0.0320 33.00 85.00 107 94   645000 1247000   270 9.92
0.000 0.0305 32.14 85.00 107 94   645000 1247000   270 9.92
0.008 0.0302 31.30 85.00 107 94   645000 1247000   270 9.92
0.017 0.0284 30.48 85.00 107 94   645000 1247000   270 9.92
0.025 0.0295 29.71 85.00 107 94   645000 1247000   270 9.92
0.033 0.0282 28.99 85.00 107 94   645000 1247000   270 9.92
0.042 0.0279 28.34 85.00 107 94   645000 1247000   270 9.92
0.050 0.0272 27.78 85.00 107 94   645000 1247000   270 9.92
0.058 0.0267 27.29 85.00 107 94   645000 1247000   270 9.92
0.066 0.0276 26.91 85.00 107 94   645000 1247000   270 9.92
0.075 0.0274 26.61 85.00 107 94   645000 1247000   270 9.92
0.083 0.0259 26.41 85.00 107 94   645000 1247000   270 9.92
0.091 0.0260 26.30 85.00 107 94   645000 1247000   270 9.92
0.100 0.0270 26.27 85.00 107 94   645000 1247000   270 9.92
0.108 0.0259 26.31 85.00 107 94   645000 1247000   270 9.92
0.116 0.0248 26.40 85.00 107 94   645000 1247000   270 9.92
0.125 0.0263 26.55 85.00 107 94   645000 1247000   270 9.92
0.133 0.0274 26.73 85.00 107 94   645000 1247000   270 9.92
0.141 0.0271 26.96 85.00 107 94   645000 1247000   270 9.92
0.150 0.0265 27.22 85.00 107 94   645000 1247000   270 9.92
0.158 0.0276 27.50 85.00 107 94   645000 1247000   270 9.92
0.166 0.0280 27.82 85.00 107 94   645000 1247000   270 9.92
0.174 0.0285 28.17 85.00 107 94   645000 1247000   270 9.92
0.183 0.0288 28.56 85.00 107 94   645000 1247000   270 9.92
0.191 0.0296 28.97 85.00 107 94   645000 1247000   270 9.92
0.199 0.0296 29.41 85.00 107 94   645000 1247000   270 9.92
0.208 0.0305 29.88 85.00 107 94   645000 1247000   270 9.92
0.216 0.0303 30.37 85.00 107 94   645000 1247000   270 9.92
0.224 0.0311 30.87 85.00 107 94   645000 1247000   270 9.92
0.233 0.0308 31.39 85.00 107 94   645000 1247000   270 9.92
0.241 0.0318 31.91 85.00 107 94   645000 1247000   270 9.92
0.249 0.0312 32.44 85.00 107 94   645000 1247000   270 9.92
0.257 0.0316 32.96 85.00 107 94   645000 1247000   270 9.92
0.266 0.0339 33.47 85.00 107 94   645000 1247000   270 9.92
0.274 0.0339 33.97 85.00 107 94   645000 1247000   270 9.92
0.282 0.0351 34.46 85.00 107 94   645000 1247000   270 9.92
0.291 0.0353 34.91 85.00 107 94   645000 1247000   270 9.92
0.299 0.0347 35.34 85.00 107 94   645000 1247000   270 9.92
0.307 0.0364 35.74 85.00 107 94   645000 1247000   270 9.92
0.316 0.0365 36.11 85.00 107 94   645000 1247000   270 9.92
0.324 0.0368 36.44 85.00 107 94   645000 1247000   270 9.92
0.332 0.0384 36.74 85.00 107 94   645000 1247000   270 9.92
0.341 0.0372 37.00 85.00 107 94   645000 1247000   270 9.92
0.349 0.0370 37.22 85.00 107 94   645000 1247000   270 9.92
0.357 0.0379 37.41 85.00 107 94   645000 1247000   270 9.92
0.365 0.0391 37.56 85.00 107 94   645000 1247000   270 9.92
0.374 0.0383 37.70 85.00 107 94   645000 1247000   270 9.92
0.382 0.0388 37.82 85.00 107 94   645000 1247000   270 9.92
0.390 0.0371 37.93 85.00 107 94   645000 1247000   270 9.92
0.399 0.0385 38.05 85.00 107 94   645000 1247000   270 9.92
0.407 0.0381 38.20 85.00 107 94   645000 1247000   270 9.92
0.415 0.0373 38.38 85.00 107 94   645000 1247000   270 9.92
0.424 0.0375 38.62 85.00 107 94   645000 1247000   270 9.92
0.432 0.0388 38.92 85.00 107 94   645000 1247000   270 9.92
0.440 0.0377 39.30 85.00 107 94   645000 1247000   270 9.92
0.448 0.0403 39.74 85.00 107 94   645000 1247000   270 9.92
0.455 0.0393 40.25 85.00 107 94   645000 1247000   270 9.92
0.462 0.0397 40.83 85.00 107 94   645000 1247000   270 9.92
0.469 0.0411 41.47 85.00 107 94   645000 1247000   270 9.92
0.475 0.0410 42.17 85.00 107 94   645000 1247000   270 9.92
0.481 0.0409 42.92 85.00 107 94   645000 1247000   270 9.92
0.487 0.0435 43.72 85.00 107 94   645000 1247000   270 9.92
0.493 0.0455 44.55 85.00 107 94   645000 1247000   270 9.92
0.499 0.0439 45.41 85.00 107 94   645000 1247000   270 9.92
0.504 0.0465 46.29 85.00 107 94   645000 1247000   270 9.92
0.509 0.0483 47.17 85.00 107 94   645000 1247000   270 9.92
0.514 0.0501 48.02 85.00 107 94   645000 1247000   270 9.92
0.518 0.0490 48.84 85.00 107 94   645000 1247000   270 9.92
0.523 0.0494 49.62 85.00 107 94   645000 1247000   270 9.92
0.527 0.0543 50.36 85.00 107 94   645000 1247000   270 9.92
0.531 0.0490 51.04 85.00 107 94   645000 1247000   270 9.92
0.535 0.0559 51.66 85.00 107 94   645000 1247000   270 9.92
0.539 0.0488 52.23 85.00 107 94   645000 1247000   270 9.92
0.543 0.0525 52.73 85.00 107 94   645000 1247000   270 9.92
0.546 0.0548 53.18 85.00 107 94   645000 1247000   270 9.92
0.550 0.0522 53.57 85.00 107 94   645000 1247000   270 9.92
0.553 0.0535 53.90 85.00 107 94   645000 1247000   270 9.92
0.556 0.0546 54.18 85.00 107 94   645000 1247000   270 9.92
0.559 0.0579 54.41 85.00 107 94   645000 1247000   270 9.92
0.562 0.0550 54.61 85.00 107 94   645000 1247000   270 9.92
0.564 0.0510 54.78 85.00 107 94   645000 1247000   270 9.92
0.567 0.0558 54.94 85.00 107 94   645000 1247000   270 9.92
0.570 0.0574 55.09 85.00 107 94   645000 1247000   270 9.92
0.572 0.0493 55.25 85.00 107 94   645000 1247000   270 9.92
0.574 0.0579 55.40 85.00 107 94   645000 1247000   270 9.92
0.576 0.0534 55.55 85.00 107 94   645000 1247000   270 9.92
0.579 0.0557 55.71 85.00 107 94   645000 1247000   270 9.92
0.581 0.0606 55.86 85.00 107 94   645000 1247000   270 9.92
0.583 0.0546 56.03 85.00 107 94   645000 1247000   270 9.92
0.585 0.0539 56.19 85.00 107 94   645000 1247000   270 9.92
0.586 0.0577 56.36 85.00 107 94   645000 1247000   270 9.92
0.588 0.0564 56.53 85.00 107 94   645000 1247000   270 9.92
0.590 0.0548 56.69 85.00 107 94   645000 1247000   270 9.92
0.591 0.0606 56.86 85.00 107 94   645000 1247000   270 9.92
0.593 0.0527 57.03 85.00 107 94   645000 1247000   270 9.92
0.595 0.0551 57.22 85.00 107 94   645000 1247000   270 9.92
0.596 0.0613 57.42 85.00 107 94   645000 1247000   270 9.92
0.598 0.0587 57.62 85.00 107 94   645000 1247000   270 9.92
0.600 0.0576 57.82 85.00 107 94   645000 1247000   270 9.92
0.601 0.0581 58.00 85.00 107 94   645000 1247000   270 9.92
0.603 0.0583 58.17 85.00 107 94   645000 1247000   270 9.92
0.605 0.0588 58.33 85.00 107 94   645000 1247000   270 9.92
0.606 0.0569 58.47 85.00 107 94   645000 1247000   270 9.92
0.608 0.0583 58.60 85.00 107 94   645000 1247000   270 9.92
0.610 0.0558 58.72 85.00 107 94   645000 1247000   270 9.92
0.611 0.0612 58.83 85.00 107 94   645000 1247000   270 9.92
0.613 0.0640 58.96 85.00 107 94   645000 1247000   270 9.92
0.615 0.0555 59.09 85.00 107 94   645000 1247000   270 9.92
0.616 0.0576 59.23 85.00 107 94   645000 1247000   270 9.92
0.618 0.0599 59.37 85.00 107 94   645000 1247000   270 9.92
0.620 0.0608 59.52 85.00 107 94   645000 1247000   270 9.92
0.621 0.0596 59.69 85.00 107 94   645000 1247000   270 9.92
0.623 0.0593 59.86 85.00 107 94   645000 1247000   270 9.92
0.625 0.0640 60.03 85.00 107 94   645000 1247000   270 9.92
0.626 0.0583 60.19 85.00 107 94   645000 1247000   270 9.92
0.628 0.0592 60.34 85.00 107 94   645000 1247000   270 9.92
0.630 0.0556 60.48 85.00 107 94   645000 1247000   270 9.92
0.631 0.0611 60.59 85.00 107 94   645000 1247000   270 9.92
0.633 0.0585 60.66 85.00 107 94   645000 1247000   270 9.92
0.635 0.0636 60.69 85.00 107 94   645000 1247000   270 9.92
0.636 0.0613 60.68 85.00 107 94   645000 1247000   270 9.92
0.638 0.0573 60.64 85.00 107 94   645000 1247000   270 9.92
0.640 0.0664 60.56 85.00 107 94   645000 1247000   270 9.92
0.641 0.0633 60.45 85.00 107 94   645000 1247000   270 9.92
0.643 0.0593 60.33 85.00 107 94   645000 1247000   270 9.92
0.645 0.0665 60.18 85.00 107 94   645000 1247000   270 9.92
0.646 0.0547 60.02 85.00 107 94   645000 1247000   270 9.92
0.648 0.0577 59.85 85.00 107 94   645000 1247000   270 9.92
0.650 0.0654 59.70 85.00 107 94   645000 1247000   270 9.92
0.651 0.0571 59.56 85.00 107 94   645000 1247000   270 9.92
0.653 0.0596 59.45 85.00 107 94   645000 1247000   270 9.92
0.654 0.0586 59.36 85.00 107 94   645000 1247000   270 9.92
0.656 0.0552 59.29 85.00 107 94   645000 1247000   270 9.92
0.658 0.0619 59.25 85.00 107 94   645000 1247000   270 9.92
0.659 0.0564 59.24 85.00 107 94   645000 1247000   270 9.92
0.661 0.0586 59.26 85.00 107 94   645000 1247000   270 9.92
0.663 0.0576 59.32 85.00 107 94   645000 1247000   270 9.92
0.664 0.0584 59.42 85.00 107 94   645000 1247000   270 9.92
0.666 0.0612 59.58 85.00 107 94   645000 1247000   270 9.92
0.668 0.0569 59.77 85.00 107 94   645000 1247000   270 9.92
0.669 0.0579 59.99 85.00 107 94   645000 1247000   270 9.92
0.671 0.0644 60.22 85.00 107 94   645000 1247000   270 9.92
0.673 0.0642 60.44 85.00 107 94   645000 1247000   270 9.92
0.674 0.0571 60.66 85.00 107 94   645000 1247000   270 9.92
0.676 0.0592 60.88 85.00 107 94   645000 1247000   270 9.92
0.678 0.0650 61.08 85.00 107 94   645000 1247000   270 9.92
0.679 0.0686 61.26 85.00 107 94   645000 1247000   270 9.92
0.681 0.0626 61.44 85.00 107 94   645000 1247000   270 9.92
0.683 0.0548 61.61 85.00 107 94   645000 1247000   270 9.92
0.684 0.0622 61.77 85.00 107 94   645000 1247000   270 9.92
0.686 0.0621 61.92 85.00 107 94   645000 1247000   270 9.92
0.688 0.0616 62.05 85.00 107 94   645000 1247000   270 9.92
0.689 0.0648 62.17 85.00 107 94   645000 1247000   270 9.92
0.691 0.0590 62.29 85.00 107 94   645000 1247000   270 9.92
0.693 0.0620 62.42 85.00 107 94   645000 1247000   270 9.92
0.694 0.0623 62.55 85.00 107 94   645000 1247000   270 9.92
0.696 0.0652 62.68 85.00 107 94   645000 1247000   270 9.92
0.698 0.0602 62.81 85.00 107 94   645000 1247000   270 9.92
0.699 0.0580 62.96 85.00 107 94   645000 1247000   270 9.92
0.701 0.0620 63.11 85.00 107 94   645000 1247000   270 9.92
0.703 0.0635 63.27 85.00 107 94   645000 1247000   270 9.92
0.704 0.0655 63.41 85.00 107 94   645000 1247000   270 9.92
0.706 0.0715 63.55 85.00 107 94   645000 1247000   270 9.92
0.708 0.0600 63.66 85.00 107 94   645000 1247000   270 9.92
0.709 0.0645 63.78 85.00 107 94   645000 1247000   270 9.92
0.711 0.0624 63.89 85.00 107 94   645000 1247000   270 9.92
0.713 0.0662 64.01 85.00 107 94   645000 1247000   270 9.92
0.714 0.0644 64.11 85.00 107 94   645000 1247000   270 9.92
0.716 0.0657 64.18 85.00 107 94   645000 1247000   270 9.92
0.718 0.0597 64.22 85.00 107 94   645000 1247000   270 9.92
0.719 0.0659 64.23 85.00 107 94   645000 1247000   270 9.92
0.721 0.0699 64.22 85.00 107 94   645000 1247000   270 9.92
0.723 0.0594 64.17 85.00 107 94   645000 1247000   270 9.92
0.724 0.0626 64.10 85.00 107 94   645000 1247000   270 9.92
0.726 0.0665 64.00 85.00 107 94   645000 1247000   270 9.92
0.728 0.0595 63.89 85.00 107 94   645000 1247000   270 9.92
0.729 0.0650 63.77 85.00 107 94   645000 1247000   270 9.92
0.731 0.0641 63.65 85.00 107 94   645000 1247000   270 9.92
0.733 0.0635 63.53 85.00 107 94   645000 1247000   270 9.92
0.734 0.0614 63.43 85.00 107 94   645000 1247000   270 9.92
0.736 0.0612 63.35 85.00 107 94   645000 1247000   270 9.92
0.738 0.0658 63.30 85.00 107 94   645000 1247000   270 9.92
0.739 0.0754 63.29 85.00 107 94   645000 1247000   270 9.92
0.741 0.0625 63.29 85.00 107 94   645000 1247000   270 9.92
0.743 0.0611 63.33 85.00 107 94   645000 1247000   270 9.92
0.744 0.0581 63.38 85.00 107 94   645000 1247000   270 9.92
0.746 0.0596 63.48 85.00 107 94   645000 1247000   270 9.92
0.748 0.0610 63.60 85.00 107 94   645000 1247000   270 9.92
0.749 0.0648 63.74 85.00 107 94   645000 1247000   270 9.92
0.751 0.0646 63.91 85.00 107 94   645000 1247000   270 9.92
0.752 0.0695 64.09 85.00 107 94   645000 1247000   270 9.92
0.754 0.0616 64.27 85.00 107 94   645000 1247000   270 9.92
0.756 0.0617 64.45 85.00 107 94   645000 1247000   270 9.92
0.757 0.0646 64.62 85.00 107 94   645000 1247000   270 9.92
0.759 0.0666 64.79 85.00 107 94   645000 1247000   270 9.92
0.761 0.0601 64.96 85.00 107 94   645000 1247000   270 9.92
0.762 0.0679 65.14 85.00 107 94   645000 1247000   270 9.92
0.764 0.0676 65.31 85.00 107 94   645000 1247000   270 9.92
0.766 0.0676 65.48 85.00 107 94   645000 1247000   270 9.92
0.767 0.0654 65.63 85.00 107 94   645000 1247000   270 9.92
0.769 0.0690 65.78 85.00 107 94   645000 1247000   270 9.92
0.771 0.0652 65.94 85.00 107 94   645000 1247000   270 9.92
0.772 0.0640 66.10 85.00 107 94   645000 1247000   270 9.92
0.774 0.0681 66.26 85.00 107 94   645000 1247000   270 9.92
0.776 0.0678 66.42 85.00 107 94   645000 1247000   270 9.92
0.777 0.0670 66.59 85.00 107 94   645000 1247000   270 9.92
0.779 0.0646 66.79 85.00 107 94   645000 1247000   270 9.92
0.781 0.0640 67.03 85.00 107 94   645000 1247000   270 9.92
0.782 0.0680 67.27 85.00 107 94   645000 1247000   270 9.92
0.784 0.0633 67.52 85.00 107 94   645000 1247000   270 9.92
0.786 0.0658 67.75 85.00 107 94   645000 1247000   270 9.92
0.787 0.0696 67.97 85.00 107 94   645000 1247000   270 9.92
0.789 0.0699 68.19 85.00 107 94   645000 1247000   270 9.92
0.791 0.0692 68.41 85.00 107 94   645000 1247000   270 9.92
0.792 0.0680 68.65 85.00 107 94   645000 1247000   270 9.92
0.794 0.0686 68.91 85.00 107 94   645000 1247000   270 9.92
0.796 0.0674 69.20 85.00 107 94   645000 1247000   270 9.92
0.797 0.0699 69.53 85.00 107 94   645000 1247000   270 9.92
0.799 0.0745 69.88 85.00 107 94   645000 1247000   270 9.92
0.801 0.0758 70.26 85.00 107 94   645000 1247000   270 9.92
0.802 0.0757 70.65 85.00 107 94   645000 1247000   270 9.92
0.804 0.0650 71.05 85.00 107 94   645000 1247000   270 9.92
0.806 0.0699 71.44 85.00 107 94   645000 1247000   270 9.92
0.807 0.0701 71.83 85.00 107 94   645000 1247000   270 9.92
0.809 0.0726 72.20 85.00 107 94   645000 1247000   270 9.92
0.811 0.0695 72.56 85.00 107 94   645000 1247000   270 9.92
0.812 0.0708 72.91 85.00 107 94   645000 1247000   270 9.92
0.814 0.0683 73.26 85.00 107 94   645000 1247000   270 9.92
0.816 0.0718 73.63 85.00 107 94   645000 1247000   270 9.92
0.817 0.0793 74.01 85.00 107 94   645000 1247000   270 9.92
0.819 0.0779 74.44 85.00 107 94   645000 1247000   270 9.92
0.821 0.0751 74.90 85.00 107 94   645000 1247000   270 9.92
0.822 0.0775 75.40 85.00 107 94   645000 1247000   270 9.92
0.824 0.0743 75.94 85.00 107 94   645000 1247000   270 9.92
0.826 0.0772 76.49 85.00 107 94   645000 1247000   270 9.92
0.827 0.0782 77.05 85.00 107 94   645000 1247000   270 9.92
0.829 0.0817 77.60 85.00 107 94   645000 1247000   270 9.92
0.831 0.0726 78.13 85.00 107 94   645000 1247000   270 9.92
0.832 0.0768 78.64 85.00 107 94   645000 1247000   270 9.92
0.834 0.0764 79.09 85.00 107 94   645000 1247000   270 9.92
0.836 0.0808 79.48 85.00 107 94   645000 1247000   270 9.92
0.837 0.0775 79.79 85.00 107 94   645000 1247000   270 9.92
0.839 0.0860 80.06 85.00 107 94   645000 1247000   270 9.92
0.841 0.0757 80.29 85.00 107 94   645000 1247000   270 9.92
0.842 0.0843 80.50 85.00 107 94   645000 1247000   270 9.92
0.844 0.0806 80.71 85.00 107 94   645000 1247000   270 9.92
0.846 0.0849 80.93 85.00 107 94   645000 1247000   270 9.92
0.847 0.0813 81.19 85.00 107 94   645000 1247000   270 9.92
0.849 0.0832 81.51 85.00 107 94   645000 1247000   270 9.92
0.850 0.0803 81.88 85.00 107 94   645000 1247000   270 9.92
0.852 0.0860 82.29 85.00 107 94   645000 1247000   270 9.92
0.854 0.0769 82.67 85.00 107 94   645000 1247000   270 9.92
0.855 0.0808 83.03 85.00 107 94   645000 1247000   270 9.92
0.857 0.0808 83.34 85.00 107 94   645000 1247000   270 9.92
0.859 0.0843 83.61 85.00 107 94   645000 1247000   270 9.92
0.860 0.0822 83.83 85.00 107 94   645000 1247000   270 9.92
0.862 0.0808 84.01 85.00 107 94   645000 1247000   270 9.92
0.864 0.0884 84.16 85.00 107 94   645000 1247000   270 9.92
0.865 0.0851 84.32 85.00 107 94   645000 1247000   270 9.92
0.867 0.0758 84.50 85.00 107 94   645000 1247000   270 9.92
0.869 0.0969 84.72 85.00 107 94   645000 1247000   270 9.92
0.870 0.0829 85.00 85.00 107 94   645000 1247000   270 9.92
0.872 0.0894 85.32 85.00 107 94   645000 1247000   270 9.92
0.874 0.0878 85.69 85.00 107 94   645000 1247000   270 9.92
0.875 0.0870 86.10 85.00 107 94   645000 1247000   270 9.92
0.877 0.0887 86.53 85.00 107 94   645000 1247000   270 9.92
0.879 0.0922 86.99 85.00 107 94   645000 1247000   270 9.92
0.880 0.0885 87.44 85.00 107 94   645000 1247000   270 9.92
0.882 0.0738 87.89 85.00 107 94   645000 1247000   270 9.92
0.884 0.0737 88.32 85.00 107 94   645000 1247000   270 9.92
0.885 0.0876 88.75 85.00 107 94   645000 1247000   270 9.92
0.887 0.0911 89.18 85.00 107 94   645000 1247000   270 9.92
0.889 0.0958 89.61 85.00 107 94   645000 1247000   270 9.92
0.890 0.0883 90.02 85.00 107 94   645000 1247000   270 9.92
0.892 0.0877 90.40 85.00 107 94   645000 1247000   270 9.92
0.894 0.0971 90.74 85.00 107 94   645000 1247000   270 9.92
0.895 0.0967 91.04 85.00 107 94   645000 1247000   270 9.92
0.897 0.0906 91.30 85.00 107 94   645000 1247000   270 9.92
0.899 0.0942 91.53 85.00 107 94   645000 1247000   270 9.92
0.900 0.0913 91.73 85.00 107 94   645000 1247000   270 9.92
0.902 0.0889 91.89 85.00 107 94   645000 1247000   270 9.92
0.904 0.0959 91.99 85.00 107 94   645000 1247000   270 9.92
0.905 0.0901 92.03 85.00 107 94   645000 1247000   270 9.92
0.907 0.0925 91.97 85.00 107 94   645000 1247000   270 9.92
0.909 0.0936 91.82 85.00 107 94   645000 1247000   270 9.92
0.910 0.0907 91.57 85.00 107 94   645000 1247000   270 9.92
0.912 0.0900 91.21 85.00 107 94   645000 1247000   270 9.92
0.914 0.0929 90.74 85.00 107 94   645000 1247000   270 9.92
0.915 0.0879 90.18 85.00 107 94   645000 1247000   270 9.92
0.917 0.0920 89.56 85.00 107 94   645000 1247000   270 9.92
0.919 0.0859 88.88 85.00 107 94   645000 1247000   270 9.92
0.920 0.0816 88.13 85.00 107 94   645000 1247000   270 9.92
0.922 0.0799 87.33 85.00 107 94   645000 1247000   270 9.92
0.924 0.0880 86.47 85.00 107 94   645000 1247000   270 9.92
0.925 0.0923 85.57 85.00 107 94   645000 1247000   270 9.92
0.927 0.0902 84.62 85.00 107 94   645000 1247000   270 9.92
0.929 0.0964 83.65 85.00 107 94   645000 1247000   270 9.92
0.930 0.0785 82.65 85.00 107 94   645000 1247000   270 9.92
0.932 0.0798 81.64 85.00 107 94   645000 1247000   270 9.92
0.934 0.0816 80.62 85.00 107 94   645000 1247000   270 9.92
0.935 0.0765 79.60 85.00 107 94   645000 1247000   270 9.92
0.937 0.0784 78.59 85.00 107 94   645000 1247000   270 9.92
0.939 0.0801 77.60 85.00 107 94   645000 1247000   270 9.92
0.940 0.0747 76.63 85.00 107 94   645000 1247000   270 9.92
0.942 0.0735 75.69 85.00 107 94   645000 1247000   270 9.92
0.944 0.0678 74.78 85.00 107 94   645000 1247000   270 9.92
0.945 0.0754 73.89 85.00 107 94   645000 1247000   270 9.92
0.947 0.0749 73.03 85.00 107 94   645000 1247000   270 9.92
0.949 0.0673 72.20 85.00 107 94   645000 1247000   270 9.92
0.950 0.0654 71.41 85.00 107 94   645000 1247000   270 9.92
0.952 0.0718 70.67 85.00 107 94   645000 1247000   270 9.92
0.953 0.0799 70.01 85.00 107 94   645000 1247000   270 9.92
0.955 0.0728 69.43 85.00 107 94   645000 1247000   270 9.92
0.957 0.0683 68.92 85.00 107 94   645000 1247000   270 9.92
0.958 0.0646 68.49 85.00 107 94   645000 1247000   270 9.92
0.960 0.0623 68.08 85.00 107 94   645000 1247000   270 9.92
0.962 0.0781 67.69 85.00 107 94   645000 1247000   270 9.92
0.963 0.0652 67.29 85.00 107 94   645000 1247000   270 9.92
0.965 0.0671 66.87 85.00 107 94   645000 1247000   270 9.92
0.967 0.0648 66.45 85.00 107 94   645000 1247000   270 9.92
0.968 0.0689 66.04 85.00 107 94   645000 1247000   270 9.92
0.970 0.0668 65.63 85.00 107 94   645000 1247000   270 9.92
0.972 0.0634 65.23 85.00 107 94   645000 1247000   270 9.92
0.973 0.0629 64.84 85.00 107 94   645000 1247000   270 9.92
0.975 0.0629 64.44 85.00 107 94   645000 1247000   270 9.92
0.977 0.0626 64.05 85.00 107 94   645000 1247000   270 9.92
0.978 0.0626 63.68 85.00 107 94   645000 1247000   270 9.92
0.980 0.0622 63.33 85.00 107 94   645000 1247000   270 9.92
0.982 0.0680 63.02 85.00 107 94   645000 1247000   270 9.92
0.983 0.0666 62.75 85.00 107 94   645000 1247000   270 9.92
0.985 0.0610 62.50 85.00 107 94   645000 1247000   270 9.92
0.987 0.0587 62.29 85.00 107 94   645000 1247000   270 9.92
0.988 0.0618 62.08 85.00 107 94   645000 1247000   270 9.92
0.990 0.0611 61.86 85.00 107 94   645000 1247000   270 9.92
0.992 0.0634 61.64 85.00 107 94   645000 1247000   270 9.92
0.993 0.0611 61.42 85.00 107 94   645000 1247000   270 9.92
0.995 0.0619 61.21 85.00 107 94   645000 1247000   270 9.92
0.997 0.0597 61.01 85.00 107 94   645000 1247000   270 9.92
0.998 0.0651 60.83 85.00 107 94   645000 1247000   270 9.92
1.000 0.0598 60.65 85.00 107 94   645000 1247000   270 9.92
1.002 0.0617 60.47 85.00 107 94   645000 1247000   270 9.92
1.003 0.0558 60.31 85.00 107 94   645000 1247000   270 9.92
1.005 0.0601 60.16 85.00 107 94   645000 1247000   270 9.92
1.007 0.0603 60.02 85.00 107 94   645000 1247000   270 9.92
1.008 0.0595 59.91 85.00 107 94   645000 1247000   270 9.92
1.010 0.0622 59.83 85.00 107 94   645000 1247000   270 9.92
1.012 0.0631 59.77 85.00 107 94   645000 1247000   270 9.92
1.013 0.0576 59.73 85.00 107 94   645000 1247000   270 9.92
1.015 0.0601 59.70 85.00 107 94   645000 1247000   270 9.92
1.017 0.0530 59.68 85.00 107 94   645000 1247000   270 9.92
1.018 0.0590 59.64 85.00 107 94   645000 1247000   270 9.92
1.020 0.0607 59.59 85.00 107 94   645000 1247000   270 9.92
1.022 0.0594 59.55 85.00 107 94   645000 1247000   270 9.92
1.023 0.0620 59.51 85.00 107 94   645000 1247000   270 9.92
1.025 0.0611 59.49 85.00 107 94   645000 1247000   270 9.92
1.027 0.0605 59.50 85.00 107 94   645000 1247000   270 9.92
1.028 0.0619 59.52 85.00 107 94   645000 1247000   270 9.92
1.030 0.0580 59.57 85.00 107 94   645000 1247000   270 9.92
1.032 0.0576 59.64 85.00 107 94   645000 1247000   270 9.92
1.033 0.0584 59.73 85.00 107 94   645000 1247000   270 9.92
1.035 0.0626 59.83 85.00 107 94   645000 1247000   270 9.92
1.037 0.0618 59.94 85.00 107 94   645000 1247000   270 9.92
1.038 0.0595 60.05 85.00 107 94   645000 1247000   270 9.92
1.040 0.0563 60.16 85.00 107 94   645000 1247000   270 9.92
1.042 0.0601 60.27 85.00 107 94   645000 1247000   270 9.92
1.043 0.0596 60.38 85.00 107 94   645000 1247000   270 9.92
1.045 0.0607 60.47 85.00 107 94   645000 1247000   270 9.92
1.047 0.0597 60.54 85.00 107 94   645000 1247000   270 9.92
1.048 0.0571 60.59 85.00 107 94   645000 1247000   270 9.92
1.050 0.0600 60.62 85.00 107 94   645000 1247000   270 9.92
1.051 0.0625 60.65 85.00 107 94   645000 1247000   270 9.92
1.053 0.0685 60.69 85.00 107 94   645000 1247000   270 9.92
1.055 0.0617 60.73 85.00 107 94   645000 1247000   270 9.92
1.056 0.0588 60.78 85.00 107 94   645000 1247000   270 9.92
1.058 0.0638 60.85 85.00 107 94   645000 1247000   270 9.92
1.060 0.0601 60.92 85.00 107 94   645000 1247000   270 9.92
1.061 0.0588 60.99 85.00 107 94   645000 1247000   270 9.92
1.063 0.0631 61.06 85.00 107 94   645000 1247000   270 9.92
1.065 0.0592 61.11 85.00 107 94   645000 1247000   270 9.92
1.066 0.0562 61.16 85.00 107 94   645000 1247000   270 9.92
1.068 0.0659 61.19 85.00 107 94   645000 1247000   270 9.92
1.070 0.0591 61.21 85.00 107 94   645000 1247000   270 9.92
1.071 0.0618 61.23 85.00 107 94   645000 1247000   270 9.92
1.073 0.0604 61.24 85.00 107 94   645000 1247000   270 9.92
1.075 0.0611 61.27 85.00 107 94   645000 1247000   270 9.92
1.076 0.0597 61.32 85.00 107 94   645000 1247000   270 9.92
1.078 0.0581 61.41 85.00 107 94   645000 1247000   270 9.92
1.080 0.0640 61.53 85.00 107 94   645000 1247000   270 9.92
1.081 0.0626 61.67 85.00 107 94   645000 1247000   270 9.92
1.083 0.0648 61.84 85.00 107 94   645000 1247000   270 9.92
1.085 0.0651 62.04 85.00 107 94   645000 1247000   270 9.92
1.086 0.0615 62.26 85.00 107 94   645000 1247000   270 9.92
1.088 0.0613 62.48 85.00 107 94   645000 1247000   270 9.92
1.090 0.0686 62.69 85.00 107 94   645000 1247000   270 9.92
1.091 0.0564 62.89 85.00 107 94   645000 1247000   270 9.92
1.093 0.0550 63.06 85.00 107 94   645000 1247000   270 9.92
1.095 0.0626 63.19 85.00 107 94   645000 1247000   270 9.92
1.096 0.0698 63.30 85.00 107 94   645000 1247000   270 9.92
1.098 0.0629 63.38 85.00 107 94   645000 1247000   270 9.92
1.100 0.0610 63.44 85.00 107 94   645000 1247000   270 9.92
1.101 0.0679 63.47 85.00 107 94   645000 1247000   270 9.92
1.103 0.0602 63.49 85.00 107 94   645000 1247000   270 9.92
1.105 0.0683 63.49 85.00 107 94   645000 1247000   270 9.92
1.106 0.0669 63.49 85.00 107 94   645000 1247000   270 9.92
1.108 0.0590 63.48 85.00 107 94   645000 1247000   270 9.92
1.110 0.0606 63.47 85.00 107 94   645000 1247000   270 9.92
1.111 0.0644 63.46 85.00 107 94   645000 1247000   270 9.92
1.113 0.0658 63.46 85.00 107 94   645000 1247000   270 9.92
1.115 0.0669 63.44 85.00 107 94   645000 1247000   270 9.92
1.116 0.0628 63.41 85.00 107 94   645000 1247000   270 9.92
1.118 0.0622 63.34 85.00 107 94   645000 1247000   270 9.92
1.120 0.0602 63.23 85.00 107 94   645000 1247000   270 9.92
1.121 0.0629 63.09 85.00 107 94   645000 1247000   270 9.92
1.123 0.0590 62.94 85.00 107 94   645000 1247000   270 9.92
1.125 0.0614 62.78 85.00 107 94   645000 1247000   270 9.92
1.126 0.0678 62.64 85.00 107 94   645000 1247000   270 9.92
1.128 0.0628 62.53 85.00 107 94   645000 1247000   270 9.92
1.130 0.0638 62.48 85.00 107 94   645000 1247000   270 9.92
1.131 0.0601 62.48 85.00 107 94   645000 1247000   270 9.92
1.133 0.0645 62.51 85.00 107 94   645000 1247000   270 9.92
1.135 0.0662 62.56 85.00 107 94   645000 1247000   270 9.92
1.136 0.0602 62.65 85.00 107 94   645000 1247000   270 9.92
1.138 0.0628 62.76 85.00 107 94   645000 1247000   270 9.92
1.140 0.0611 62.89 85.00 107 94   645000 1247000   270 9.92
1.141 0.0637 63.05 85.00 107 94   645000 1247000   270 9.92
1.143 0.0619 63.21 85.00 107 94   645000 1247000   270 9.92
1.145 0.0611 63.39 85.00 107 94   645000 1247000   270 9.92
1.146 0.0611 63.58 85.00 107 94   645000 1247000   270 9.92
1.148 0.0618 63.76 85.00 107 94   645000 1247000   270 9.92
1.150 0.0645 63.93 85.00 107 94   645000 1247000   270 9.92
1.151 0.0656 64.08 85.00 107 94   645000 1247000   270 9.92
1.153 0.0664 64.23 85.00 107 94   645000 1247000   270 9.92
1.154 0.0681 64.37 85.00 107 94   645000 1247000   270 9.92
1.156 0.0634 64.52 85.00 107 94   645000 1247000   270 9.92
1.158 0.0653 64.65 85.00 107 94   645000 1247000   270 9.92
1.159 0.0687 64.78 85.00 107 94   645000 1247000   270 9.92
1.161 0.0628 64.90 85.00 107 94   645000 1247000   270 9.92
1.163 0.0622 64.99 85.00 107 94   645000 1247000   270 9.92
1.164 0.0639 65.04 85.00 107 94   645000 1247000   270 9.92
1.166 0.0651 65.06 85.00 107 94   645000 1247000   270 9.92
1.168 0.0700 65.05 85.00 107 94   645000 1247000   270 9.92
1.169 0.0638 65.00 85.00 107 94   645000 1247000   270 9.92
1.171 0.0628 64.92 85.00 107 94   645000 1247000   270 9.92
1.173 0.0676 64.83 85.00 107 94   645000 1247000   270 9.92
1.174 0.0635 64.72 85.00 107 94   645000 1247000   270 9.92
1.176 0.0601 64.62 85.00 107 94   645000 1247000   270 9.92
1.178 0.0667 64.53 85.00 107 94   645000 1247000   270 9.92
1.179 0.0640 64.45 85.00 107 94   645000 1247000   270 9.92
1.181 0.0646 64.39 85.00 107 94   645000 1247000   270 9.92
1.183 0.0652 64.35 85.00 107 94   645000 1247000   270 9.92
1.184 0.0631 64.31 85.00 107 94   645000 1247000   270 9.92
1.186 0.0679 64.28 85.00 107 94   645000 1247000   270 9.92
1.188 0.0574 64.23 85.00 107 94   645000 1247000   270 9.92
1.189 0.0690 64.17 85.00 107 94   645000 1247000   270 9.92
1.191 0.0641 64.10 85.00 107 94   645000 1247000   270 9.92
1.193 0.0659 64.01 85.00 107 94   645000 1247000   270 9.92
1.194 0.0590 63.92 85.00 107 94   645000 1247000   270 9.92
1.196 0.0634 63.82 85.00 107 94   645000 1247000   270 9.92
1.198 0.0662 63.72 85.00 107 94   645000 1247000   270 9.92
1.199 0.0629 63.63 85.00 107 94   645000 1247000   270 9.92
1.201 0.0667 63.54 85.00 107 94   645000 1247000   270 9.92
1.203 0.0630 63.46 85.00 107 94   645000 1247000   270 9.92
1.204 0.0659 63.38 85.00 107 94   645000 1247000   270 9.92
1.206 0.0627 63.32 85.00 107 94   645000 1247000   270 9.92
1.208 0.0614 63.26 85.00 107 94   645000 1247000   270 9.92
1.209 0.0632 63.21 85.00 107 94   645000 1247000   270 9.92
1.211 0.0599 63.17 85.00 107 94   645000 1247000   270 9.92
1.213 0.0676 63.14 85.00 107 94   645000 1247000   270 9.92
1.214 0.0565 63.13 85.00 107 94   645000 1247000   270 9.92
1.216 0.0643 63.12 85.00 107 94   645000 1247000   270 9.92
1.218 0.0635 63.11 85.00 107 94   645000 1247000   270 9.92
1.219 0.0634 63.11 85.00 107 94   645000 1247000   270 9.92
1.221 0.0624 63.11 85.00 107 94   645000 1247000   270 9.92
1.223 0.0663 63.12 85.00 107 94   645000 1247000   270 9.92
1.224 0.0624 63.14 85.00 107 94   645000 1247000   270 9.92
1.226 0.0622 63.17 85.00 107 94   645000 1247000   270 9.92
1.228 0.0638 63.21 85.00 107 94   645000 1247000   270 9.92
1.229 0.0632 63.27 85.00 107 94   645000 1247000   270 9.92
1.231 0.0641 63.33 85.00 107 94   645000 1247000   270 9.92
1.233 0.0675 63.41 85.00 107 94   645000 1247000   270 9.92
1.234 0.0605 63.49 85.00 107 94   645000 1247000   270 9.92
1.236 0.0654 63.57 85.00 107 94   645000 1247000   270 9.92
1.238 0.0588 63.63 85.00 107 94   645000 1247000   270 9.92
1.239 0.0641 63.69 85.00 107 94   645000 1247000   270 9.92
1.241 0.0650 63.74 85.00 107 94   645000 1247000   270 9.92
1.243 0.0648 63.80 85.00 107 94   645000 1247000   270 9.92
1.244 0.0644 63.86 85.00 107 94   645000 1247000   270 9.92
1.246 0.0602 63.93 85.00 107 94   645000 1247000   270 9.92
1.248 0.0636 64.00 85.00 107 94   645000 1247000   270 9.92
1.249 0.0642 64.07 85.00 107 94   645000 1247000   270 9.92
1.251 0.0659 64.14 85.00 107 94   645000 1247000   270 9.92
1.252 0.0649 64.21 85.00 107 94   645000 1247000   270 9.92
1.254 0.0636 64.29 85.00 107 94   645000 1247000   270 9.92
1.256 0.0643 64.36 85.00 107 94   645000 1247000   270 9.92
1.257 0.0656 64.43 85.00 107 94   645000 1247000   270 9.92
1.259 0.0637 64.51 85.00 107 94   645000 1247000   270 9.92
1.261 0.0654 64.57 85.00 107 94   645000 1247000   270 9.92
1.262 0.0656 64.63 85.00 107 94   645000 1247000   270 9.92
1.264 0.0639 64.66 85.00 107 94   645000 1247000   270 9.92
1.266 0.0632 64.69 85.00 107 94   645000 1247000   270 9.92
1.267 0.0657 64.70 85.00 107 94   645000 1247000   270 9.92
1.269 0.0649 64.70 85.00 107 94   645000 1247000   270 9.92
1.271 0.0677 64.71 85.00 107 94   645000 1247000   270 9.92
1.272 0.0630 64.71 85.00 107 94   645000 1247000   270 9.92
1.274 0.0632 64.73 85.00 107 94   645000 1247000   270 9.92
1.276 0.0656 64.74 85.00 107 94   645000 1247000   270 9.92
1.277 0.0617 64.75 85.00 107 94   645000 1247000   270 9.92
1.279 0.0649 64.76 85.00 107 94   645000 1247000   270 9.92
1.281 0.0675 64.77 85.00 107 94   645000 1247000   270 9.92
1.282 0.0636 64.79 85.00 107 94   645000 1247000   270 9.92
1.284 0.0669 64.82 85.00 107 94   645000 1247000   270 9.92
1.286 0.0624 64.86 85.00 107 94   645000 1247000   270 9.92
1.287 0.0659 64.90 85.00 107 94   645000 1247000   270 9.92
1.289 0.0668 64.95 85.00 107 94   645000 1247000   270 9.92
1.291 0.0653 65.01 85.00 107 94   645000 1247000   270 9.92
1.292 0.0565 65.08 85.00 107 94   645000 1247000   270 9.92
1.294 0.0653 65.15 85.00 107 94   645000 1247000   270 9.92
1.296 0.0724 65.21 85.00 107 94   645000 1247000   270 9.92
1.297 0.0686 65.26 85.00 107 94   645000 1247000   270 9.92
1.299 0.0622 65.30 85.00 107 94   645000 1247000   270 9.92
1.301 0.0632 65.32 85.00 107 94   645000 1247000   270 9.92
1.302 0.0684 65.33 85.00 107 94   645000 1247000   270 9.92
1.304 0.0615 65.33 85.00 107 94   645000 1247000   270 9.92
1.306 0.0677 65.31 85.00 107 94   645000 1247000   270 9.92
1.307 0.0614 65.29 85.00 107 94   645000 1247000   270 9.92
1.309 0.0652 65.26 85.00 107 94   645000 1247000   270 9.92
1.311 0.0709 65.22 85.00 107 94   645000 1247000   270 9.92
1.312 0.0646 65.19 85.00 107 94   645000 1247000   270 9.92
1.314 0.0641 65.15 85.00 107 94   645000 1247000   270 9.92
1.316 0.0658 65.10 85.00 107 94   645000 1247000   270 9.92
1.317 0.0668 65.06 85.00 107 94   645000 1247000   270 9.92
1.319 0.0624 65.02 85.00 107 94   645000 1247000   270 9.92
1.321 0.0673 64.98 85.00 107 94   645000 1247000   270 9.92
1.322 0.0643 64.96 85.00 107 94   645000 1247000   270 9.92
1.324 0.0624 64.94 85.00 107 94   645000 1247000   270 9.92
1.326 0.0630 64.94 85.00 107 94   645000 1247000   270 9.92
1.327 0.0629 64.96 85.00 107 94   645000 1247000   270 9.92
1.329 0.0688 65.00 85.00 107 94   645000 1247000   270 9.92
1.331 0.0680 65.04 85.00 107 94   645000 1247000   270 9.92
1.332 0.0619 65.08 85.00 107 94   645000 1247000   270 9.92
1.334 0.0653 65.12 85.00 107 94   645000 1247000   270 9.92
1.336 0.0657 65.16 85.00 107 94   645000 1247000   270 9.92
1.337 0.0665 65.21 85.00 107 94   645000 1247000   270 9.92
1.339 0.0634 65.27 85.00 107 94   645000 1247000   270 9.92
1.341 0.0655 65.35 85.00 107 94   645000 1247000   270 9.92
1.342 0.0651 65.45 85.00 107 94   645000 1247000   270 9.92
1.344 0.0651 65.56 85.00 107 94   645000 1247000   270 9.92
1.346 0.0665 65.67 85.00 107 94   645000 1247000   270 9.92
1.347 0.0680 65.79 85.00 107 94   645000 1247000   270 9.92
1.349 0.0662 65.91 85.00 107 94   645000 1247000   270 9.92
1.350 0.0670 66.04 85.00 107 94   645000 1247000   270 9.92
1.352 0.0632 66.16 85.00 107 94   645000 1247000   270 9.92
1.354 0.0658 66.28 85.00 107 94   645000 1247000   270 9.92
1.355 0.0681 66.40 85.00 107 94   645000 1247000   270 9.92
1.357 0.0672 66.52 85.00 107 94   645000 1247000   270 9.92
1.359 0.0647 66.65 85.00 107 94   645000 1247000   270 9.92
1.360 0.0638 66.80 85.00 107 94   645000 1247000   270 9.92
1.362 0.0678 66.95 85.00 107 94   645000 1247000   270 9.92
1.364 0.0674 67.10 85.00 107 94   645000 1247000   270 9.92
1.365 0.0672 67.25 85.00 107 94   645000 1247000   270 9.92
1.367 0.0687 67.39 85.00 107 94   645000 1247000   270 9.92
1.369 0.0673 67.52 85.00 107 94   645000 1247000   270 9.92
1.370 0.0708 67.65 85.00 107 94   645000 1247000   270 9.92
1.372 0.0675 67.77 85.00 107 94   645000 1247000   270 9.92
1.374 0.0667 67.89 85.00 107 94   645000 1247000   270 9.92
1.375 0.0674 67.99 85.00 107 94   645000 1247000   270 9.92
1.377 0.0678 68.08 85.00 107 94   645000 1247000   270 9.92
1.379 0.0670 68.16 85.00 107 94   645000 1247000   270 9.92
1.380 0.0697 68.21 85.00 107 94   645000 1247000   270 9.92
1.382 0.0680 68.25 85.00 107 94   645000 1247000   270 9.92
1.384 0.0686 68.27 85.00 107 94   645000 1247000   270 9.92
1.385 0.0696 68.28 85.00 107 94   645000 1247000   270 9.92
1.387 0.0682 68.27 85.00 107 94   645000 1247000   270 9.92
1.389 0.0669 68.26 85.00 107 94   645000 1247000   270 9.92
1.390 0.0710 68.24 85.00 107 94   645000 1247000   270 9.92
1.392 0.0666 68.22 85.00 107 94   645000 1247000   270 9.92
1.394 0.0685 68.20 85.00 107 94   645000 1247000   270 9.92
1.395 0.0653 68.18 85.00 107 94   645000 1247000   270 9.92
1.397 0.0687 68.17 85.00 107 94   645000 1247000   270 9.92
1.399 0.0700 68.17 85.00 107 94   645000 1247000   270 9.92
1.400 0.0668 68.18 85.00 107 94   645000 1247000   270 9.92
1.402 0.0693 68.19 85.00 107 94   645000 1247000   270 9.92
1.404 0.0674 68.22 85.00 107 94   645000 1247000   270 9.92
1.405 0.0702 68.25 85.00 107 94   645000 1247000   270 9.92
1.407 0.0642 68.29 85.00 107 94   645000 1247000   270 9.92
1.409 0.0707 68.34 85.00 107 94   645000 1247000   270 9.92
1.410 0.0679 68.40 85.00 107 94   645000 1247000   270 9.92
1.412 0.0689 68.47 85.00 107 94   645000 1247000   270 9.92
1.414 0.0690 68.55 85.00 107 94   645000 1247000   270 9.92
1.415 0.0677 68.64 85.00 107 94   645000 1247000   270 9.92
1.417 0.0692 68.74 85.00 107 94   645000 1247000   270 9.92
1.419 0.0682 68.83 85.00 107 94   645000 1247000   270 9.92
1.420 0.0687 68.93 85.00 107 94   645000 1247000   270 9.92
1.422 0.0687 69.03 85.00 107 94   645000 1247000   270 9.92
1.424 0.0694 69.14 85.00 107 94   645000 1247000   270 9.92
1.425 0.0708 69.25 85.00 107 94   645000 1247000   270 9.92
1.427 0.0690 69.36 85.00 107 94   645000 1247000   270 9.92
1.429 0.0684 69.48 85.00 107 94   645000 1247000   270 9.92
1.430 0.0729 69.60 85.00 107 94   645000 1247000   270 9.92
1.432 0.0681 69.73 85.00 107 94   645000 1247000   270 9.92
1.434 0.0673 69.84 85.00 107 94   645000 1247000   270 9.92
1.435 0.0740 69.95 85.00 107 94   645000 1247000   270 9.92
1.437 0.0668 70.04 85.00 107 94   645000 1247000   270 9.92
1.439 0.0696 70.11 85.00 107 94   645000 1247000   270 9.92
1.440 0.0702 70.18 85.00 107 94   645000 1247000   270 9.92
1.442 0.0700 70.24 85.00 107 94   645000 1247000   270 9.92
1.444 0.0725 70.30 85.00 107 94   645000 1247000   270 9.92
1.445 0.0704 70.35 85.00 107 94   645000 1247000   270 9.92
1.447 0.0712 70.41 85.00 107 94   645000 1247000   270 9.92
1.449 0.0681 70.47 85.00 107 94   645000 1247000   270 9.92
1.450 0.0712 70.53 85.00 107 94   645000 1247000   270 9.92
1.452 0.0757 70.60 85.00 107 94   645000 1247000   270 9.92
1.453 0.0678 70.67 85.00 107 94   645000 1247000   270 9.92
1.455 0.0686 70.75 85.00 107 94   645000 1247000   270 9.92
1.457 0.0723 70.84 85.00 107 94   645000 1247000   270 9.92
1.458 0.0710 70.93 85.00 107 94   645000 1247000   270 9.92
1.460 0.0702 71.03 85.00 107 94   645000 1247000   270 9.92
1.462 0.0698 71.13 85.00 107 94   645000 1247000   270 9.92
1.463 0.0716 71.23 85.00 107 94   645000 1247000   270 9.92
1.465 0.0686 71.33 85.00 107 94   645000 1247000   270 9.92
1.467 0.0736 71.44 85.00 107 94   645000 1247000   270 9.92
1.468 0.0711 71.56 85.00 107 94   645000 1247000   270 9.92
1.470 0.0731 71.69 85.00 107 94   645000 1247000   270 9.92
1.472 0.0723 71.83 85.00 107 94   645000 1247000   270 9.92
1.473 0.0726 71.98 85.00 107 94   645000 1247000   270 9.92
1.475 0.0725 72.14 85.00 107 94   645000 1247000   270 9.92
1.477 0.0710 72.31 85.00 107 94   645000 1247000   270 9.92
1.478 0.0714 72.48 85.00 107 94   645000 1247000   270 9.92
1.480 0.0739 72.66 85.00 107 94   645000 1247000   270 9.92
1.482 0.0723 72.83 85.00 107 94   645000 1247000   270 9.92
1.483 0.0737 73.00 85.00 107 94   645000 1247000   270 9.92
1.485 0.0745 73.17 85.00 107 94   645000 1247000   270 9.92
1.487 0.0728 73.34 85.00 107 94   645000 1247000   270 9.92
1.488 0.0719 73.49 85.00 107 94   645000 1247000   270 9.92
1.490 0.0739 73.64 85.00 107 94   645000 1247000   270 9.92
1.492 0.0728 73.78 85.00 107 94   645000 1247000   270 9.92
1.493 0.0740 73.93 85.00 107 94   645000 1247000   270 9.92
1.495 0.0766 74.08 85.00 107 94   645000 1247000   270 9.92
1.497 0.0743 74.24 85.00 107 94   645000 1247000   270 9.92
1.498 0.0720 74.40 85.00 107 94   645000 1247000   270 9.92
1.500 0.0771 74.57 85.00 107 94   645000 1247000   270 9.92
1.502 0.0729 74.76 85.00 107 94   645000 1247000   270 9.92
1.503 0.0743 74.97 85.00 107 94   645000 1247000   270 9.92
1.505 0.0758 75.19 85.00 107 94   645000 1247000   270 9.92
1.507 0.0802 75.41 85.00 107 94   645000 1247000   270 9.92
1.508 0.0731 75.65 85.00 107 94   645000 1247000   270 9.92
1.510 0.0725 75.89 85.00 107 94   645000 1247000   270 9.92
1.512 0.0775 76.14 85.00 107 94   645000 1247000   270 9.92
1.513 0.0783 76.41 85.00 107 94   645000 1247000   270 9.92
1.515 0.0766 76.69 85.00 107 94   645000 1247000   270 9.92
1.517 0.0735 76.98 85.00 107 94   645000 1247000   270 9.92
1.518 0.0799 77.29 85.00 107 94   645000 1247000   270 9.92
1.520 0.0767 77.61 85.00 107 94   645000 1247000   270 9.92
1.522 0.0759 77.95 85.00 107 94   645000 1247000   270 9.92
1.523 0.0831 78.32 85.00 107 94   645000 1247000   270 9.92
1.525 0.0795 78.73 85.00 107 94   645000 1247000   270 9.92
1.527 0.0762 79.18 85.00 107 94   645000 1247000   270 9.92
1.528 0.0803 79.68 85.00 107 94   645000 1247000   270 9.92
1.530 0.0814 80.23 85.00 107 94   645000 1247000   270 9.92
1.532 0.0801 80.84 85.00 107 94   645000 1247000   270 9.92
1.533 0.0881 81.51 85.00 107 94   645000 1247000   270 9.92
1.535 0.0797 82.24 85.00 107 94   645000 1247000   270 9.92
1.537 0.0757 83.03 85.00 107 94   645000 1247000   270 9.92
1.538 0.0836 83.88 85.00 107 94   645000 1247000   270 9.92
1.540 0.0875 84.80 85.00 107 94   645000 1247000   270 9.92
1.542 0.0875 85.79 85.00 107 94   645000 1247000   270 9.92
1.543 0.0834 86.85 85.00 107 94   645000 1247000   270 9.92
1.545 0.0922 87.99 85.00 107 94   645000 1247000   270 9.92
1.547 0.0864 89.22 85.00 107 94   645000 1247000   270 9.92
1.548 0.0869 90.53 85.00 107 94   645000 1247000   270 9.92
1.550 0.0970 91.94 85.00 107 94   645000 1247000   270 9.92
1.551 0.0924 93.47 85.00 107 94   645000 1247000   270 9.92
1.553 0.0975 95.13 85.00 107 94   645000 1247000   270 9.92
1.555 0.0943 96.90 85.00 107 94   645000 1247000   270 9.92
1.556 0.1012 98.81 85.00 107 94   645000 1247000   270 9.92
1.558 0.1047 100.85 85.00 107 94   645000 1247000   270 9.92
1.560 0.0962 103.01 85.00 107 94   645000 1247000   270 9.92
1.561 0.1092 105.30 85.00 107 94   645000 1247000   270 9.92
1.563 0.1044 107.70 85.00 107 94   645000 1247000   270 9.92
1.565 0.1127 110.22 85.00 107 94   645000 1247000   270 9.92
1.566 0.1095 112.83 85.00 107 94   645000 1247000   270 9.92
1.568 0.1127 115.53 85.00 107 94   645000 1247000   270 9.92
1.570 0.1202 118.33 85.00 107 94   645000 1247000   270 9.92
1.571 0.1228 121.23 85.00 107 94   645000 1247000   270 9.92
1.573 0.1233 124.25 85.00 107 94   645000 1247000   270 9.92
1.575 0.1303 127.39 85.00 107 94   645000 1247000   270 9.92
1.576 0.1251 130.67 85.00 107 94   645000 1247000   270 9.92
1.578 0.1406 134.11 85.00 107 94   645000 1247000   270 9.92
1.580 0.1386 137.73 85.00 107 94   645000 1247000   270 9.92
1.581 0.1496 141.56 85.00 107 94   645000 1247000   270 9.92
1.583 0.1430 145.60 85.00 107 94   645000 1247000   270 9.92
1.585 0.1503 149.89 85.00 107 94   645000 1247000   270 9.92
1.586 0.1526 154.43 85.00 107 94   645000 1247000   270 9.92
1.588 0.1632 159.23 85.00 107 94   645000 1247000   270 9.92
1.590 0.1609 164.32 85.00 107 94   645000 1247000   270 9.92
1.592 0.1709 169.72 85.00 107 94   645000 1247000   270 9.92
1.593 0.1663 175.47 85.00 107 94   645000 1247000   270 9.92
1.595 0.1816 181.61 85.00 107 94   645000 1247000   270 9.92
1.597 0.1853 188.16 85.00 107 94   645000 1247000   270 9.92
1.600 0.1910 195.15 85.00 107 94   645000 1247000   270 9.92
1.602 0.1979 202.60 85.00 107 94   645000 1247000   270 9.92
1.604 0.2103 210.53 85.00 107 94   645000 1247000   270 9.92
1.607 0.2193 218.95 85.00 107 94   645000 1247000   270 9.92
1.609 0.2206 227.85 85.00 107 94   645000 1247000   270 9.92
1.612 0.2309 237.19 85.00 107 94   645000 1247000   270 9.92
1.614 0.2503 246.92 85.00 107 94   645000 1247000   270 9.92
1.617 0.2477 256.95 85.00 107 94   645000 1247000   270 9.92
1.620 0.2645 267.16 85.00 107 94   645000 1247000   270 9.92
1.623 0.2618 277.38 85.00 107 94   645000 1247000   270 9.92
1.626 0.2789 287.40 85.00 107 94   645000 1247000   270 9.92
1.630 0.2946 296.99 85.00 107 94   645000 1247000   270 9.92
1.633 0.3017 305.90 85.00 107 94   645000 1247000   270 9.92
1.637 0.3028 313.86 85.00 107 94   645000 1247000   270 9.92
1.641 0.3250 320.63 85.00 107 94   645000 1247000   270 9.92
1.645 0.3312 325.96 85.00 107 94   645000 1247000   270 9.92
1.649 0.3398 329.64 85.00 107 94   645000 1247000   270 9.92
1.653 0.3371 331.48 85.00 107 94   645000 1247000   270 9.92
1.658 0.3414 331.38 85.00 107 94   645000 1247000   270 9.92
1.662 0.3450 329.26 85.00 107 94   645000 1247000   270 9.92
1.667 0.3532 325.14 85.00 107 94   645000 1247000   270 9.92
1.672 0.3466 319.06 85.00 107 94   645000 1247000   270 9.92
1.677 0.3325 311.14 85.00 107 94   645000 1247000   270 9.92
1.683 0.3264 301.53 85.00 107 94   645000 1247000   270 9.92
1.689 0.3136 290.43 85.00 107 94   645000 1247000   270 9.92
1.695 0.2992 278.06 85.00 107 94   645000 1247000   270 9.92
1.701 0.2646 264.66 85.00 107 94   645000 1247000   270 9.92
1.707 0.2552 250.51 85.00 107 94   645000 1247000   270 9.92
1.714 0.2276 235.86 85.00 107 94   645000 1247000   270 9.92
1.721 0.2056 220.99 85.00 107 94   645000 1247000   270 9.92
1.729 0.1860 206.16 85.00 107 94   645000 1247000   270 9.92
1.736 0.1720 191.65 85.00 107 94   645000 1247000   270 9.92
1.744 0.1512 177.68 85.00 107 94   645000 1247000   270 9.92
1.752 0.1396 164.47 85.00 107 94   645000 1247000   270 9.92
1.761 0.1331 152.22 85.00 107 94   645000 1247000   270 9.92
1.769 0.1235 141.07 85.00 107 94   645000 1247000   270 9.92
1.777 0.1180 131.15 85.00 107 94   645000 1247000   270 9.92
1.786 0.1175 122.52 85.00 107 94   645000 1247000   270 9.92
1.794 0.1181 115.19 85.00 107 94   645000 1247000   270 9.92
1.802 0.1122 109.14 85.00 107 94   645000 1247000   270 9.92
1.811 0.1094 104.29 85.00 107 94   645000 1247000   270 9.92
1.819 0.1068 100.51 85.00 107 94   645000 1247000   270 9.92
1.827 0.1036 97.64 85.00 107 94   645000 1247000   270 9.92
1.836 0.1025 95.51 85.00 107 94   645000 1247000   270 9.92
1.844 0.0976 93.95 85.00 107 94   645000 1247000   270 9.92
1.852 0.0935 92.80 85.00 107 94   645000 1247000   270 9.92
1.860 0.0947 91.91 85.00 107 94   645000 1247000   270 9.92
1.869 0.0913 91.18 85.00 107 94   645000 1247000   270 9.92
1.877 0.0914 90.54 85.00 107 94   645000 1247000   270 9.92
1.885 0.0897 89.95 85.00 107 94   645000 1247000   270 9.92
1.894 0.0917 89.41 85.00 107 94   645000 1247000   270 9.92
1.902 0.0942 88.94 85.00 107 94   645000 1247000   270 9.92
1.910 0.0928 88.61 85.00 107 94   645000 1247000   270 9.92
1.919 0.0897 88.46 85.00 107 94   645000 1247000   270 9.92
1.927 0.0927 88.58 85.00 107 94   645000 1247000   270 9.92
1.935 0.0916 89.05 85.00 107 94   645000 1247000   270 9.92
1.944 0.0916 89.93 85.00 107 94   645000 1247000   270 9.92
1.952 0.0921 91.29 85.00 107 94   645000 1247000   270 9.92
1.960 0.0933 93.18 85.00 107 94   645000 1247000   270 9.92
1.968 0.0944 95.62 85.00 107 94   645000 1247000   270 9.92
1.977 0.0974 98.64 85.00 107 94   645000 1247000   270 9.92
1.985 0.0983 102.24 85.00 107 94   645000 1247000   270 9.92
1.993 0.1015 106.43 85.00 107 94   645000 1247000   270 9.92
2.002 0.1063 111.20 85.00 107 94   645000 1247000   270 9.92
2.010 0.1121 116.53 85.00 107 94   645000 1247000   270 9.92
2.018 0.1181 122.37 85.00 107 94   645000 1247000   270 9.92
2.027 0.1215 128.67 85.00 107 94   645000 1247000   270 9.92
2.035 0.1329 135.40 85.00 107 94   645000 1247000   270 9.92
2.043 0.1440 142.51 85.00 107 94   645000 1247000   270 9.92
2.051 0.1521 150.00 85.00 107 94   645000 1247000   270 9.92
2.060 0.1630 158.03 85.00 107 94   645000 1247000   270 9.92
2.068 0.1724 168.27 85.00 107 94   645000 1247000   270 9.92
2.076 0.1845 182.09 85.00 107 94   645000 1247000   270 9.92
2.085 0.1995 196.96 85.00 107 94   645000 1247000   270 9.92
2.093 0.2058 211.52 85.00 107 94   645000 1247000   270 9.92
2.101 0.2168 225.28 85.00 107 94   645000 1247000   270 9.92
2.110 0.2294 238.14 85.00 107 94   645000 1247000   270 9.92
2.118 0.2338 250.08 85.00 107 94   645000 1247000   270 9.92
2.126 0.2480 261.15 85.00 107 94   645000 1247000   270 9.92
2.135 0.2559 271.43 85.00 107 94   645000 1247000   270 9.92
2.143 0.2717 280.95 85.00 107 94   645000 1247000   270 9.92
2.151 0.2885 289.80 85.00 107 94   645000 1247000   270 9.92
2.159 0.2986 297.99 85.00 107 94   645000 1247000   270 9.92
2.168 0.3121 305.58 85.00 107 94   645000 1247000   270 9.92
2.176 0.3332 312.59 85.00 107 94   645000 1247000   270 9.92
2.184 0.3661 319.03 85.00 107 94   645000 1247000   270 9.92
2.193 0.3982 324.91 85.00 107 94   645000 1247000   270 9.92
2.201 0.4318 330.22 85.00 107 94   645000 1247000   270 9.92
2.209 0.4696 334.94 85.00 107 94   645000 1247000   270 9.92
2.218 0.4988 339.05 85.00 107 94   645000 1247000   270 9.92
2.226 0.5402 342.50 85.00 107 94   645000 1247000   270 9.92
2.234 0.5812 345.25 85.00 107 94   645000 1247000   270 9.92
2.243 0.0000 347.23 85.00 107 94   645000 1247000   270 9.92
2.251 0.0000 348.35 85.00 107 94   645000 1247000   270 9.92
