     x     qy smooth tpara  cd  zL     xTr    xCpl frame tma
-3.056 0.1920 169.74 44.00 106 94  1097000 1456000   260 9.89
-3.042 0.1842 158.94 44.00 106 94  1097000 1456000   260 9.89
-3.028 0.1884 148.68 44.00 106 94  1097000 1456000   260 9.89
-3.014 0.1339 138.96 44.00 106 94  1097000 1456000   260 9.89
-3.000 0.1165 129.75 44.00 106 94  1097000 1456000   260 9.89
-2.986 0.0965 121.04 44.00 106 94  1097000 1456000   260 9.89
-2.972 0.0932 112.82 44.00 106 94  1097000 1456000   260 9.89
-2.958 0.0831 105.09 44.00 106 94  1097000 1456000   260 9.89
-2.944 0.0805 97.82 44.00 106 94  1097000 1456000   260 9.89
-2.930 0.0749 91.01 44.00 106 94  1097000 1456000   260 9.89
-2.916 0.0703 84.66 44.00 106 94  1097000 1456000   260 9.89
-2.903 0.0671 78.77 44.00 106 94  1097000 1456000   260 9.89
-2.889 0.0641 73.32 44.00 106 94  1097000 1456000   260 9.89
-2.875 0.0617 68.33 44.00 106 94  1097000 1456000   260 9.89
-2.861 0.0593 63.80 44.00 106 94  1097000 1456000   260 9.89
-2.847 0.0582 59.73 44.00 106 94  1097000 1456000   260 9.89
-2.833 0.0560 56.15 44.00 106 94  1097000 1456000   260 9.89
-2.819 0.0538 53.07 44.00 106 94  1097000 1456000   260 9.89
-2.805 0.0538 50.53 44.00 106 94  1097000 1456000   260 9.89
-2.791 0.0521 48.56 44.00 106 94  1097000 1456000   260 9.89
-2.777 0.0516 47.21 44.00 106 94  1097000 1456000   260 9.89
-2.763 0.0497 46.51 44.00 106 94  1097000 1456000   260 9.89
-2.749 0.0480 46.37 44.00 106 94  1097000 1456000   260 9.89
-2.735 0.0479 46.31 44.00 106 94  1097000 1456000   260 9.89
-2.721 0.0471 45.64 44.00 106 94  1097000 1456000   260 9.89
-2.708 0.0461 44.88 44.00 106 94  1097000 1456000   260 9.89
-2.694 0.0445 44.11 44.00 106 94  1097000 1456000   260 9.89
-2.680 0.0434 43.35 44.00 106 94  1097000 1456000   260 9.89
-2.666 0.0439 42.61 44.00 106 94  1097000 1456000   260 9.89
-2.652 0.0418 41.90 44.00 106 94  1097000 1456000   260 9.89
-2.638 0.0413 41.23 44.00 106 94  1097000 1456000   260 9.89
-2.624 0.0409 40.60 44.00 106 94  1097000 1456000   260 9.89
-2.610 0.0399 40.01 44.00 106 94  1097000 1456000   260 9.89
-2.596 0.0390 39.48 44.00 106 94  1097000 1456000   260 9.89
-2.582 0.0388 39.00 44.00 106 94  1097000 1456000   260 9.89
-2.568 0.0384 38.59 44.00 106 94  1097000 1456000   260 9.89
-2.554 0.0378 38.23 44.00 106 94  1097000 1456000   260 9.89
-2.540 0.0372 37.94 44.00 106 94  1097000 1456000   260 9.89
-2.526 0.0371 37.70 44.00 106 94  1097000 1456000   260 9.89
-2.513 0.0369 37.52 44.00 106 94  1097000 1456000   260 9.89
-2.499 0.0366 37.39 44.00 106 94  1097000 1456000   260 9.89
-2.485 0.0376 37.31 44.00 106 94  1097000 1456000   260 9.89
-2.471 0.0380 37.27 44.00 106 94  1097000 1456000   260 9.89
-2.457 0.0371 37.27 44.00 106 94  1097000 1456000   260 9.89
-2.443 0.0372 37.31 44.00 106 94  1097000 1456000   260 9.89
-2.429 0.0380 37.37 44.00 106 94  1097000 1456000   260 9.89
-2.415 0.0377 37.45 44.00 106 94  1097000 1456000   260 9.89
-2.401 0.0374 37.54 44.00 106 94  1097000 1456000   260 9.89
-2.387 0.0380 37.64 44.00 106 94  1097000 1456000   260 9.89
-2.373 0.0384 37.74 44.00 106 94  1097000 1456000   260 9.89
-2.359 0.0382 37.84 44.00 106 94  1097000 1456000   260 9.89
-2.345 0.0382 37.93 44.00 106 94  1097000 1456000   260 9.89
-2.331 0.0385 38.02 44.00 106 94  1097000 1456000   260 9.89
-2.318 0.0375 38.09 44.00 106 94  1097000 1456000   260 9.89
-2.304 0.0381 38.15 44.00 106 94  1097000 1456000   260 9.89
-2.290 0.0378 38.21 44.00 106 94  1097000 1456000   260 9.89
-2.276 0.0385 38.25 44.00 106 94  1097000 1456000   260 9.89
-2.262 0.0386 38.28 44.00 106 94  1097000 1456000   260 9.89
-2.248 0.0386 38.31 44.00 106 94  1097000 1456000   260 9.89
-2.234 0.0389 38.33 44.00 106 94  1097000 1456000   260 9.89
-2.220 0.0379 38.35 44.00 106 94  1097000 1456000   260 9.89
-2.206 0.0377 38.36 44.00 106 94  1097000 1456000   260 9.89
-2.192 0.0381 38.37 44.00 106 94  1097000 1456000   260 9.89
-2.178 0.0388 38.38 44.00 106 94  1097000 1456000   260 9.89
-2.164 0.0383 38.39 44.00 106 94  1097000 1456000   260 9.89
-2.150 0.0378 38.40 44.00 106 94  1097000 1456000   260 9.89
-2.136 0.0390 38.41 44.00 106 94  1097000 1456000   260 9.89
-2.123 0.0385 38.43 44.00 106 94  1097000 1456000   260 9.89
-2.109 0.0390 38.45 44.00 106 94  1097000 1456000   260 9.89
-2.095 0.0387 38.48 44.00 106 94  1097000 1456000   260 9.89
-2.081 0.0380 38.51 44.00 106 94  1097000 1456000   260 9.89
-2.067 0.0386 38.55 44.00 106 94  1097000 1456000   260 9.89
-2.053 0.0386 38.60 44.00 106 94  1097000 1456000   260 9.89
-2.039 0.0390 38.66 44.00 106 94  1097000 1456000   260 9.89
-2.025 0.0380 38.73 44.00 106 94  1097000 1456000   260 9.89
-2.011 0.0388 38.81 44.00 106 94  1097000 1456000   260 9.89
-1.997 0.0389 38.90 44.00 106 94  1097000 1456000   260 9.89
-1.983 0.0388 39.00 44.00 106 94  1097000 1456000   260 9.89
-1.969 0.0385 39.10 44.00 106 94  1097000 1456000   260 9.89
-1.955 0.0390 39.21 44.00 106 94  1097000 1456000   260 9.89
-1.942 0.0395 39.31 44.00 106 94  1097000 1456000   260 9.89
-1.928 0.0398 39.42 44.00 106 94  1097000 1456000   260 9.89
-1.914 0.0396 39.52 44.00 106 94  1097000 1456000   260 9.89
-1.900 0.0395 39.62 44.00 106 94  1097000 1456000   260 9.89
-1.886 0.0398 39.72 44.00 106 94  1097000 1456000   260 9.89
-1.872 0.0396 39.81 44.00 106 94  1097000 1456000   260 9.89
-1.858 0.0399 39.91 44.00 106 94  1097000 1456000   260 9.89
-1.844 0.0400 40.00 44.00 106 94  1097000 1456000   260 9.89
-1.830 0.0413 40.08 44.00 106 94  1097000 1456000   260 9.89
-1.816 0.0400 40.16 44.00 106 94  1097000 1456000   260 9.89
-1.802 0.0401 40.24 44.00 106 94  1097000 1456000   260 9.89
-1.788 0.0410 40.31 44.00 106 94  1097000 1456000   260 9.89
-1.774 0.0402 40.37 44.00 106 94  1097000 1456000   260 9.89
-1.760 0.0404 40.43 44.00 106 94  1097000 1456000   260 9.89
-1.747 0.0402 40.49 44.00 106 94  1097000 1456000   260 9.89
-1.733 0.0405 40.55 44.00 106 94  1097000 1456000   260 9.89
-1.719 0.0400 40.59 44.00 106 94  1097000 1456000   260 9.89
-1.705 0.0408 40.64 44.00 106 94  1097000 1456000   260 9.89
-1.691 0.0393 40.68 44.00 106 94  1097000 1456000   260 9.89
-1.677 0.0408 40.71 44.00 106 94  1097000 1456000   260 9.89
-1.663 0.0410 40.74 44.00 106 94  1097000 1456000   260 9.89
-1.649 0.0405 40.76 44.00 106 94  1097000 1456000   260 9.89
-1.635 0.0417 40.78 44.00 106 94  1097000 1456000   260 9.89
-1.621 0.0410 40.80 44.00 106 94  1097000 1456000   260 9.89
-1.607 0.0409 40.81 44.00 106 94  1097000 1456000   260 9.89
-1.593 0.0412 40.82 44.00 106 94  1097000 1456000   260 9.89
-1.579 0.0411 40.83 44.00 106 94  1097000 1456000   260 9.89
-1.565 0.0406 40.84 44.00 106 94  1097000 1456000   260 9.89
-1.552 0.0408 40.85 44.00 106 94  1097000 1456000   260 9.89
-1.538 0.0413 40.85 44.00 106 94  1097000 1456000   260 9.89
-1.524 0.0407 40.85 44.00 106 94  1097000 1456000   260 9.89
-1.510 0.0407 40.84 44.00 106 94  1097000 1456000   260 9.89
-1.496 0.0408 40.83 44.00 106 94  1097000 1456000   260 9.89
-1.482 0.0406 40.82 44.00 106 94  1097000 1456000   260 9.89
-1.468 0.0401 40.80 44.00 106 94  1097000 1456000   260 9.89
-1.454 0.0406 40.79 44.00 106 94  1097000 1456000   260 9.89
-1.440 0.0413 40.77 44.00 106 94  1097000 1456000   260 9.89
-1.426 0.0403 40.76 44.00 106 94  1097000 1456000   260 9.89
-1.412 0.0406 40.75 44.00 106 94  1097000 1456000   260 9.89
-1.398 0.0409 40.74 44.00 106 94  1097000 1456000   260 9.89
-1.384 0.0405 40.75 44.00 106 94  1097000 1456000   260 9.89
-1.370 0.0412 40.75 44.00 106 94  1097000 1456000   260 9.89
-1.357 0.0413 40.76 44.00 106 94  1097000 1456000   260 9.89
-1.343 0.0407 40.77 44.00 106 94  1097000 1456000   260 9.89
-1.329 0.0399 40.78 44.00 106 94  1097000 1456000   260 9.89
-1.315 0.0414 40.79 44.00 106 94  1097000 1456000   260 9.89
-1.301 0.0400 40.79 44.00 106 94  1097000 1456000   260 9.89
-1.287 0.0417 40.79 44.00 106 94  1097000 1456000   260 9.89
-1.273 0.0410 40.78 44.00 106 94  1097000 1456000   260 9.89
-1.259 0.0409 40.77 44.00 106 94  1097000 1456000   260 9.89
-1.245 0.0403 40.76 44.00 106 94  1097000 1456000   260 9.89
-1.231 0.0406 40.74 44.00 106 94  1097000 1456000   260 9.89
-1.217 0.0408 40.72 44.00 106 94  1097000 1456000   260 9.89
-1.203 0.0407 40.69 44.00 106 94  1097000 1456000   260 9.89
-1.189 0.0404 40.67 44.00 106 94  1097000 1456000   260 9.89
-1.175 0.0409 40.64 44.00 106 94  1097000 1456000   260 9.89
-1.162 0.0412 40.62 44.00 106 94  1097000 1456000   260 9.89
-1.148 0.0401 40.60 44.00 106 94  1097000 1456000   260 9.89
-1.134 0.0408 40.57 44.00 106 94  1097000 1456000   260 9.89
-1.120 0.0405 40.55 44.00 106 94  1097000 1456000   260 9.89
-1.106 0.0404 40.53 44.00 106 94  1097000 1456000   260 9.89
-1.092 0.0403 40.51 44.00 106 94  1097000 1456000   260 9.89
-1.078 0.0408 40.49 44.00 106 94  1097000 1456000   260 9.89
-1.064 0.0397 40.46 44.00 106 94  1097000 1456000   260 9.89
-1.050 0.0403 40.44 44.00 106 94  1097000 1456000   260 9.89
-1.036 0.0406 40.42 44.00 106 94  1097000 1456000   260 9.89
-1.022 0.0411 40.40 44.00 106 94  1097000 1456000   260 9.89
-1.008 0.0402 40.39 44.00 106 94  1097000 1456000   260 9.89
-0.994 0.0409 40.37 44.00 106 94  1097000 1456000   260 9.89
-0.981 0.0402 40.35 44.00 106 94  1097000 1456000   260 9.89
-0.967 0.0404 40.33 44.00 106 94  1097000 1456000   260 9.89
-0.953 0.0394 40.31 44.00 106 94  1097000 1456000   260 9.89
-0.939 0.0402 40.28 44.00 106 94  1097000 1456000   260 9.89
-0.925 0.0412 40.26 44.00 106 94  1097000 1456000   260 9.89
-0.911 0.0400 40.23 44.00 106 94  1097000 1456000   260 9.89
-0.897 0.0399 40.20 44.00 106 94  1097000 1456000   260 9.89
-0.883 0.0400 40.17 44.00 106 94  1097000 1456000   260 9.89
-0.869 0.0404 40.13 44.00 106 94  1097000 1456000   260 9.89
-0.855 0.0406 40.09 44.00 106 94  1097000 1456000   260 9.89
-0.841 0.0399 40.05 44.00 106 94  1097000 1456000   260 9.89
-0.827 0.0397 40.00 44.00 106 94  1097000 1456000   260 9.89
-0.813 0.0403 39.95 44.00 106 94  1097000 1456000   260 9.89
-0.799 0.0395 39.90 44.00 106 94  1097000 1456000   260 9.89
-0.786 0.0395 39.85 44.00 106 94  1097000 1456000   260 9.89
-0.772 0.0409 39.80 44.00 106 94  1097000 1456000   260 9.89
-0.758 0.0393 39.75 44.00 106 94  1097000 1456000   260 9.89
-0.744 0.0397 39.71 44.00 106 94  1097000 1456000   260 9.89
-0.730 0.0394 39.66 44.00 106 94  1097000 1456000   260 9.89
-0.716 0.0403 39.61 44.00 106 94  1097000 1456000   260 9.89
-0.702 0.0392 39.57 44.00 106 94  1097000 1456000   260 9.89
-0.688 0.0395 39.52 44.00 106 94  1097000 1456000   260 9.89
-0.674 0.0389 39.48 44.00 106 94  1097000 1456000   260 9.89
-0.660 0.0396 39.45 44.00 106 94  1097000 1456000   260 9.89
-0.646 0.0398 39.42 44.00 106 94  1097000 1456000   260 9.89
-0.632 0.0394 39.40 44.00 106 94  1097000 1456000   260 9.89
-0.618 0.0387 39.38 44.00 106 94  1097000 1456000   260 9.89
-0.604 0.0398 39.36 44.00 106 94  1097000 1456000   260 9.89
-0.591 0.0391 39.35 44.00 106 94  1097000 1456000   260 9.89
-0.577 0.0393 39.34 44.00 106 94  1097000 1456000   260 9.89
-0.563 0.0397 39.34 44.00 106 94  1097000 1456000   260 9.89
-0.549 0.0394 39.34 44.00 106 94  1097000 1456000   260 9.89
-0.535 0.0389 39.34 44.00 106 94  1097000 1456000   260 9.89
-0.521 0.0390 39.34 44.00 106 94  1097000 1456000   260 9.89
-0.509 0.0401 39.34 44.00 106 94  1097000 1456000   260 9.89
-0.496 0.0394 39.34 44.00 106 94  1097000 1456000   260 9.89
-0.484 0.0387 39.34 44.00 106 94  1097000 1456000   260 9.89
-0.473 0.0392 39.34 44.00 106 94  1097000 1456000   260 9.89
-0.462 0.0401 39.33 44.00 106 94  1097000 1456000   260 9.89
-0.452 0.0395 39.33 44.00 106 94  1097000 1456000   260 9.89
-0.442 0.0390 39.32 44.00 106 94  1097000 1456000   260 9.89
-0.432 0.0393 39.32 44.00 106 94  1097000 1456000   260 9.89
-0.423 0.0395 39.33 44.00 106 94  1097000 1456000   260 9.89
-0.414 0.0393 39.34 44.00 106 94  1097000 1456000   260 9.89
-0.406 0.0397 39.35 44.00 106 94  1097000 1456000   260 9.89
-0.397 0.0392 39.37 44.00 106 94  1097000 1456000   260 9.89
-0.390 0.0392 39.38 44.00 106 94  1097000 1456000   260 9.89
-0.382 0.0394 39.40 44.00 106 94  1097000 1456000   260 9.89
-0.375 0.0396 39.42 44.00 106 94  1097000 1456000   260 9.89
-0.368 0.0390 39.44 44.00 106 94  1097000 1456000   260 9.89
-0.361 0.0388 39.47 44.00 106 94  1097000 1456000   260 9.89
-0.355 0.0395 39.50 44.00 106 94  1097000 1456000   260 9.89
-0.349 0.0397 39.54 44.00 106 94  1097000 1456000   260 9.89
-0.343 0.0393 39.58 44.00 106 94  1097000 1456000   260 9.89
-0.337 0.0405 39.62 44.00 106 94  1097000 1456000   260 9.89
-0.332 0.0390 39.66 44.00 106 94  1097000 1456000   260 9.89
-0.327 0.0401 39.70 44.00 106 94  1097000 1456000   260 9.89
-0.322 0.0403 39.73 44.00 106 94  1097000 1456000   260 9.89
-0.317 0.0394 39.75 44.00 106 94  1097000 1456000   260 9.89
-0.313 0.0400 39.77 44.00 106 94  1097000 1456000   260 9.89
-0.308 0.0398 39.77 44.00 106 94  1097000 1456000   260 9.89
-0.304 0.0393 39.76 44.00 106 94  1097000 1456000   260 9.89
-0.300 0.0412 39.74 44.00 106 94  1097000 1456000   260 9.89
-0.296 0.0363 39.71 44.00 106 94  1097000 1456000   260 9.89
-0.292 0.0412 39.68 44.00 106 94  1097000 1456000   260 9.89
-0.289 0.0409 39.64 44.00 106 94  1097000 1456000   260 9.89
-0.285 0.0406 39.61 44.00 106 94  1097000 1456000   260 9.89
-0.282 0.0390 39.57 44.00 106 94  1097000 1456000   260 9.89
-0.279 0.0390 39.54 44.00 106 94  1097000 1456000   260 9.89
-0.276 0.0403 39.51 44.00 106 94  1097000 1456000   260 9.89
-0.273 0.0403 39.49 44.00 106 94  1097000 1456000   260 9.89
-0.270 0.0367 39.47 44.00 106 94  1097000 1456000   260 9.89
-0.267 0.0408 39.45 44.00 106 94  1097000 1456000   260 9.89
-0.265 0.0391 39.43 44.00 106 94  1097000 1456000   260 9.89
-0.262 0.0371 39.42 44.00 106 94  1097000 1456000   260 9.89
-0.259 0.0414 39.41 44.00 106 94  1097000 1456000   260 9.89
-0.256 0.0382 39.40 44.00 106 94  1097000 1456000   260 9.89
-0.253 0.0380 39.39 44.00 106 94  1097000 1456000   260 9.89
-0.251 0.0414 39.38 44.00 106 94  1097000 1456000   260 9.89
-0.248 0.0387 39.37 44.00 106 94  1097000 1456000   260 9.89
-0.245 0.0396 39.35 44.00 106 94  1097000 1456000   260 9.89
-0.242 0.0397 39.33 44.00 106 94  1097000 1456000   260 9.89
-0.240 0.0402 39.32 44.00 106 94  1097000 1456000   260 9.89
-0.237 0.0418 39.30 44.00 106 94  1097000 1456000   260 9.89
-0.234 0.0368 39.29 44.00 106 94  1097000 1456000   260 9.89
-0.231 0.0390 39.26 44.00 106 94  1097000 1456000   260 9.89
-0.228 0.0406 39.23 44.00 106 94  1097000 1456000   260 9.89
-0.226 0.0375 39.19 44.00 106 94  1097000 1456000   260 9.89
-0.223 0.0412 39.14 44.00 106 94  1097000 1456000   260 9.89
-0.220 0.0375 39.09 44.00 106 94  1097000 1456000   260 9.89
-0.217 0.0377 39.03 44.00 106 94  1097000 1456000   260 9.89
-0.214 0.0402 38.97 44.00 106 94  1097000 1456000   260 9.89
-0.212 0.0418 38.92 44.00 106 94  1097000 1456000   260 9.89
-0.209 0.0363 38.88 44.00 106 94  1097000 1456000   260 9.89
-0.206 0.0383 38.85 44.00 106 94  1097000 1456000   260 9.89
-0.203 0.0402 38.82 44.00 106 94  1097000 1456000   260 9.89
-0.201 0.0367 38.82 44.00 106 94  1097000 1456000   260 9.89
-0.198 0.0388 38.83 44.00 106 94  1097000 1456000   260 9.89
-0.195 0.0393 38.87 44.00 106 94  1097000 1456000   260 9.89
-0.192 0.0399 38.92 44.00 106 94  1097000 1456000   260 9.89
-0.189 0.0393 38.98 44.00 106 94  1097000 1456000   260 9.89
-0.187 0.0388 39.05 44.00 106 94  1097000 1456000   260 9.89
-0.184 0.0367 39.11 44.00 106 94  1097000 1456000   260 9.89
-0.181 0.0398 39.16 44.00 106 94  1097000 1456000   260 9.89
-0.178 0.0385 39.22 44.00 106 94  1097000 1456000   260 9.89
-0.175 0.0404 39.27 44.00 106 94  1097000 1456000   260 9.89
-0.173 0.0410 39.32 44.00 106 94  1097000 1456000   260 9.89
-0.170 0.0376 39.37 44.00 106 94  1097000 1456000   260 9.89
-0.167 0.0408 39.42 44.00 106 94  1097000 1456000   260 9.89
-0.164 0.0389 39.46 44.00 106 94  1097000 1456000   260 9.89
-0.162 0.0393 39.50 44.00 106 94  1097000 1456000   260 9.89
-0.159 0.0409 39.55 44.00 106 94  1097000 1456000   260 9.89
-0.156 0.0399 39.61 44.00 106 94  1097000 1456000   260 9.89
-0.153 0.0386 39.68 44.00 106 94  1097000 1456000   260 9.89
-0.150 0.0407 39.75 44.00 106 94  1097000 1456000   260 9.89
-0.148 0.0413 39.82 44.00 106 94  1097000 1456000   260 9.89
-0.145 0.0374 39.89 44.00 106 94  1097000 1456000   260 9.89
-0.142 0.0427 39.96 44.00 106 94  1097000 1456000   260 9.89
-0.139 0.0353 40.03 44.00 106 94  1097000 1456000   260 9.89
-0.136 0.0377 40.08 44.00 106 94  1097000 1456000   260 9.89
-0.134 0.0405 40.12 44.00 106 94  1097000 1456000   260 9.89
-0.131 0.0417 40.15 44.00 106 94  1097000 1456000   260 9.89
-0.128 0.0419 40.16 44.00 106 94  1097000 1456000   260 9.89
-0.125 0.0388 40.15 44.00 106 94  1097000 1456000   260 9.89
-0.123 0.0435 40.13 44.00 106 94  1097000 1456000   260 9.89
-0.120 0.0381 40.08 44.00 106 94  1097000 1456000   260 9.89
-0.117 0.0361 40.02 44.00 106 94  1097000 1456000   260 9.89
-0.114 0.0422 39.93 44.00 106 94  1097000 1456000   260 9.89
-0.111 0.0438 39.83 44.00 106 94  1097000 1456000   260 9.89
-0.109 0.0433 39.71 44.00 106 94  1097000 1456000   260 9.89
-0.106 0.0381 39.57 44.00 106 94  1097000 1456000   260 9.89
-0.103 0.0386 39.43 44.00 106 94  1097000 1456000   260 9.89
-0.100 0.0368 39.28 44.00 106 94  1097000 1456000   260 9.89
-0.097 0.0399 39.12 44.00 106 94  1097000 1456000   260 9.89
-0.095 0.0383 38.95 44.00 106 94  1097000 1456000   260 9.89
-0.092 0.0384 38.77 44.00 106 94  1097000 1456000   260 9.89
-0.089 0.0389 38.57 44.00 106 94  1097000 1456000   260 9.89
-0.086 0.0393 38.37 44.00 106 94  1097000 1456000   260 9.89
-0.084 0.0369 38.17 44.00 106 94  1097000 1456000   260 9.89
-0.081 0.0349 37.98 44.00 106 94  1097000 1456000   260 9.89
-0.078 0.0385 37.81 44.00 106 94  1097000 1456000   260 9.89
-0.075 0.0392 37.65 44.00 106 94  1097000 1456000   260 9.89
-0.072 0.0358 37.50 44.00 106 94  1097000 1456000   260 9.89
-0.070 0.0366 37.36 44.00 106 94  1097000 1456000   260 9.89
-0.067 0.0387 37.23 44.00 106 94  1097000 1456000   260 9.89
-0.064 0.0387 37.11 44.00 106 94  1097000 1456000   260 9.89
-0.061 0.0361 37.00 44.00 106 94  1097000 1456000   260 9.89
-0.058 0.0376 36.89 44.00 106 94  1097000 1456000   260 9.89
-0.056 0.0384 36.78 44.00 106 94  1097000 1456000   260 9.89
-0.053 0.0375 36.65 44.00 106 94  1097000 1456000   260 9.89
-0.050 0.0332 36.50 44.00 106 94  1097000 1456000   260 9.89
-0.047 0.0375 36.33 44.00 106 94  1097000 1456000   260 9.89
-0.045 0.0361 36.13 44.00 106 94  1097000 1456000   260 9.89
-0.042 0.0331 35.91 44.00 106 94  1097000 1456000   260 9.89
-0.039 0.0361 35.67 44.00 106 94  1097000 1456000   260 9.89
-0.036 0.0356 35.42 44.00 106 94  1097000 1456000   260 9.89
-0.033 0.0380 35.14 44.00 106 94  1097000 1456000   260 9.89
-0.031 0.0368 34.86 44.00 106 94  1097000 1456000   260 9.89
-0.028 0.0327 34.57 44.00 106 94  1097000 1456000   260 9.89
-0.025 0.0337 34.27 44.00 106 94  1097000 1456000   260 9.89
-0.022 0.0332 33.97 44.00 106 94  1097000 1456000   260 9.89
-0.019 0.0356 33.68 44.00 106 94  1097000 1456000   260 9.89
-0.017 0.0354 33.39 44.00 106 94  1097000 1456000   260 9.89
-0.014 0.0303 33.09 44.00 106 94  1097000 1456000   260 9.89
-0.011 0.0326 32.80 44.00 106 94  1097000 1456000   260 9.89
-0.008 0.0321 32.52 44.00 106 94  1097000 1456000   260 9.89
-0.006 0.0317 32.23 44.00 106 94  1097000 1456000   260 9.89
-0.003 0.0319 31.94 44.00 106 94  1097000 1456000   260 9.89
0.000 0.0324 31.66 44.00 106 94  1097000 1456000   260 9.89
0.003 0.0318 31.39 44.00 106 94  1097000 1456000   260 9.89
0.006 0.0302 31.14 44.00 106 94  1097000 1456000   260 9.89
0.008 0.0293 30.91 44.00 106 94  1097000 1456000   260 9.89
0.011 0.0320 30.71 44.00 106 94  1097000 1456000   260 9.89
0.014 0.0312 30.54 44.00 106 94  1097000 1456000   260 9.89
0.017 0.0316 30.40 44.00 106 94  1097000 1456000   260 9.89
0.019 0.0296 30.28 44.00 106 94  1097000 1456000   260 9.89
0.022 0.0302 30.19 44.00 106 94  1097000 1456000   260 9.89
0.025 0.0294 30.11 44.00 106 94  1097000 1456000   260 9.89
0.028 0.0280 30.05 44.00 106 94  1097000 1456000   260 9.89
0.031 0.0322 29.99 44.00 106 94  1097000 1456000   260 9.89
0.033 0.0302 29.95 44.00 106 94  1097000 1456000   260 9.89
0.036 0.0277 29.92 44.00 106 94  1097000 1456000   260 9.89
0.039 0.0288 29.90 44.00 106 94  1097000 1456000   260 9.89
0.042 0.0304 29.88 44.00 106 94  1097000 1456000   260 9.89
0.045 0.0323 29.87 44.00 106 94  1097000 1456000   260 9.89
0.047 0.0280 29.87 44.00 106 94  1097000 1456000   260 9.89
0.050 0.0317 29.88 44.00 106 94  1097000 1456000   260 9.89
0.053 0.0303 29.88 44.00 106 94  1097000 1456000   260 9.89
0.056 0.0307 29.89 44.00 106 94  1097000 1456000   260 9.89
0.058 0.0291 29.90 44.00 106 94  1097000 1456000   260 9.89
0.061 0.0297 29.92 44.00 106 94  1097000 1456000   260 9.89
0.064 0.0303 29.94 44.00 106 94  1097000 1456000   260 9.89
0.067 0.0304 29.97 44.00 106 94  1097000 1456000   260 9.89
0.070 0.0296 30.01 44.00 106 94  1097000 1456000   260 9.89
0.072 0.0296 30.07 44.00 106 94  1097000 1456000   260 9.89
0.075 0.0299 30.14 44.00 106 94  1097000 1456000   260 9.89
0.078 0.0302 30.22 44.00 106 94  1097000 1456000   260 9.89
0.081 0.0304 30.31 44.00 106 94  1097000 1456000   260 9.89
0.084 0.0315 30.41 44.00 106 94  1097000 1456000   260 9.89
0.086 0.0286 30.50 44.00 106 94  1097000 1456000   260 9.89
0.089 0.0302 30.59 44.00 106 94  1097000 1456000   260 9.89
0.092 0.0313 30.67 44.00 106 94  1097000 1456000   260 9.89
0.095 0.0305 30.74 44.00 106 94  1097000 1456000   260 9.89
0.097 0.0294 30.80 44.00 106 94  1097000 1456000   260 9.89
0.100 0.0306 30.87 44.00 106 94  1097000 1456000   260 9.89
0.103 0.0306 30.94 44.00 106 94  1097000 1456000   260 9.89
0.106 0.0322 31.01 44.00 106 94  1097000 1456000   260 9.89
0.109 0.0334 31.09 44.00 106 94  1097000 1456000   260 9.89
0.111 0.0316 31.17 44.00 106 94  1097000 1456000   260 9.89
0.114 0.0323 31.26 44.00 106 94  1097000 1456000   260 9.89
0.117 0.0321 31.36 44.00 106 94  1097000 1456000   260 9.89
0.120 0.0314 31.46 44.00 106 94  1097000 1456000   260 9.89
0.123 0.0330 31.57 44.00 106 94  1097000 1456000   260 9.89
0.125 0.0306 31.68 44.00 106 94  1097000 1456000   260 9.89
0.128 0.0302 31.79 44.00 106 94  1097000 1456000   260 9.89
0.131 0.0286 31.92 44.00 106 94  1097000 1456000   260 9.89
0.134 0.0325 32.04 44.00 106 94  1097000 1456000   260 9.89
0.136 0.0304 32.15 44.00 106 94  1097000 1456000   260 9.89
0.139 0.0294 32.26 44.00 106 94  1097000 1456000   260 9.89
0.142 0.0323 32.36 44.00 106 94  1097000 1456000   260 9.89
0.145 0.0362 32.45 44.00 106 94  1097000 1456000   260 9.89
0.148 0.0361 32.54 44.00 106 94  1097000 1456000   260 9.89
0.150 0.0312 32.63 44.00 106 94  1097000 1456000   260 9.89
0.153 0.0333 32.72 44.00 106 94  1097000 1456000   260 9.89
0.156 0.0322 32.81 44.00 106 94  1097000 1456000   260 9.89
0.159 0.0330 32.90 44.00 106 94  1097000 1456000   260 9.89
0.162 0.0348 32.99 44.00 106 94  1097000 1456000   260 9.89
0.164 0.0339 33.08 44.00 106 94  1097000 1456000   260 9.89
0.167 0.0304 33.16 44.00 106 94  1097000 1456000   260 9.89
0.170 0.0353 33.23 44.00 106 94  1097000 1456000   260 9.89
0.173 0.0327 33.30 44.00 106 94  1097000 1456000   260 9.89
0.175 0.0329 33.35 44.00 106 94  1097000 1456000   260 9.89
0.178 0.0351 33.40 44.00 106 94  1097000 1456000   260 9.89
0.181 0.0354 33.45 44.00 106 94  1097000 1456000   260 9.89
0.184 0.0298 33.50 44.00 106 94  1097000 1456000   260 9.89
0.187 0.0296 33.57 44.00 106 94  1097000 1456000   260 9.89
0.189 0.0340 33.66 44.00 106 94  1097000 1456000   260 9.89
0.192 0.0349 33.76 44.00 106 94  1097000 1456000   260 9.89
0.195 0.0347 33.88 44.00 106 94  1097000 1456000   260 9.89
0.198 0.0342 34.01 44.00 106 94  1097000 1456000   260 9.89
0.201 0.0328 34.16 44.00 106 94  1097000 1456000   260 9.89
0.203 0.0341 34.31 44.00 106 94  1097000 1456000   260 9.89
0.206 0.0361 34.47 44.00 106 94  1097000 1456000   260 9.89
0.209 0.0355 34.62 44.00 106 94  1097000 1456000   260 9.89
0.212 0.0335 34.79 44.00 106 94  1097000 1456000   260 9.89
0.214 0.0362 34.96 44.00 106 94  1097000 1456000   260 9.89
0.217 0.0355 35.14 44.00 106 94  1097000 1456000   260 9.89
0.220 0.0356 35.34 44.00 106 94  1097000 1456000   260 9.89
0.223 0.0356 35.54 44.00 106 94  1097000 1456000   260 9.89
0.226 0.0362 35.75 44.00 106 94  1097000 1456000   260 9.89
0.228 0.0347 35.96 44.00 106 94  1097000 1456000   260 9.89
0.231 0.0368 36.16 44.00 106 94  1097000 1456000   260 9.89
0.234 0.0364 36.34 44.00 106 94  1097000 1456000   260 9.89
0.237 0.0349 36.52 44.00 106 94  1097000 1456000   260 9.89
0.240 0.0372 36.67 44.00 106 94  1097000 1456000   260 9.89
0.242 0.0347 36.82 44.00 106 94  1097000 1456000   260 9.89
0.245 0.0353 36.95 44.00 106 94  1097000 1456000   260 9.89
0.248 0.0394 37.08 44.00 106 94  1097000 1456000   260 9.89
0.251 0.0373 37.20 44.00 106 94  1097000 1456000   260 9.89
0.253 0.0373 37.32 44.00 106 94  1097000 1456000   260 9.89
0.256 0.0396 37.42 44.00 106 94  1097000 1456000   260 9.89
0.259 0.0361 37.54 44.00 106 94  1097000 1456000   260 9.89
0.262 0.0391 37.66 44.00 106 94  1097000 1456000   260 9.89
0.265 0.0392 37.78 44.00 106 94  1097000 1456000   260 9.89
0.267 0.0390 37.91 44.00 106 94  1097000 1456000   260 9.89
0.270 0.0374 38.03 44.00 106 94  1097000 1456000   260 9.89
0.273 0.0391 38.14 44.00 106 94  1097000 1456000   260 9.89
0.276 0.0371 38.24 44.00 106 94  1097000 1456000   260 9.89
0.279 0.0345 38.33 44.00 106 94  1097000 1456000   260 9.89
0.281 0.0389 38.40 44.00 106 94  1097000 1456000   260 9.89
0.284 0.0378 38.47 44.00 106 94  1097000 1456000   260 9.89
0.287 0.0387 38.54 44.00 106 94  1097000 1456000   260 9.89
0.290 0.0398 38.62 44.00 106 94  1097000 1456000   260 9.89
0.292 0.0376 38.70 44.00 106 94  1097000 1456000   260 9.89
0.295 0.0389 38.79 44.00 106 94  1097000 1456000   260 9.89
0.298 0.0387 38.89 44.00 106 94  1097000 1456000   260 9.89
0.301 0.0390 38.99 44.00 106 94  1097000 1456000   260 9.89
0.304 0.0405 39.11 44.00 106 94  1097000 1456000   260 9.89
0.306 0.0414 39.24 44.00 106 94  1097000 1456000   260 9.89
0.309 0.0389 39.36 44.00 106 94  1097000 1456000   260 9.89
0.312 0.0415 39.49 44.00 106 94  1097000 1456000   260 9.89
0.315 0.0381 39.61 44.00 106 94  1097000 1456000   260 9.89
0.318 0.0352 39.73 44.00 106 94  1097000 1456000   260 9.89
0.320 0.0404 39.82 44.00 106 94  1097000 1456000   260 9.89
0.323 0.0403 39.90 44.00 106 94  1097000 1456000   260 9.89
0.326 0.0382 39.95 44.00 106 94  1097000 1456000   260 9.89
0.329 0.0428 39.97 44.00 106 94  1097000 1456000   260 9.89
0.331 0.0421 39.98 44.00 106 94  1097000 1456000   260 9.89
0.334 0.0399 39.97 44.00 106 94  1097000 1456000   260 9.89
0.337 0.0401 39.94 44.00 106 94  1097000 1456000   260 9.89
0.340 0.0402 39.91 44.00 106 94  1097000 1456000   260 9.89
0.343 0.0384 39.88 44.00 106 94  1097000 1456000   260 9.89
0.345 0.0381 39.85 44.00 106 94  1097000 1456000   260 9.89
0.348 0.0415 39.84 44.00 106 94  1097000 1456000   260 9.89
0.351 0.0422 39.85 44.00 106 94  1097000 1456000   260 9.89
0.354 0.0381 39.89 44.00 106 94  1097000 1456000   260 9.89
0.357 0.0415 39.95 44.00 106 94  1097000 1456000   260 9.89
0.359 0.0391 40.03 44.00 106 94  1097000 1456000   260 9.89
0.362 0.0406 40.13 44.00 106 94  1097000 1456000   260 9.89
0.365 0.0395 40.25 44.00 106 94  1097000 1456000   260 9.89
0.368 0.0421 40.40 44.00 106 94  1097000 1456000   260 9.89
0.370 0.0367 40.56 44.00 106 94  1097000 1456000   260 9.89
0.373 0.0377 40.76 44.00 106 94  1097000 1456000   260 9.89
0.376 0.0412 40.97 44.00 106 94  1097000 1456000   260 9.89
0.379 0.0425 41.22 44.00 106 94  1097000 1456000   260 9.89
0.382 0.0423 41.49 44.00 106 94  1097000 1456000   260 9.89
0.384 0.0391 41.77 44.00 106 94  1097000 1456000   260 9.89
0.387 0.0413 42.07 44.00 106 94  1097000 1456000   260 9.89
0.390 0.0438 42.37 44.00 106 94  1097000 1456000   260 9.89
0.393 0.0458 42.66 44.00 106 94  1097000 1456000   260 9.89
0.396 0.0444 42.95 44.00 106 94  1097000 1456000   260 9.89
0.398 0.0450 43.24 44.00 106 94  1097000 1456000   260 9.89
0.401 0.0410 43.52 44.00 106 94  1097000 1456000   260 9.89
0.404 0.0448 43.79 44.00 106 94  1097000 1456000   260 9.89
0.407 0.0434 44.06 44.00 106 94  1097000 1456000   260 9.89
0.409 0.0407 44.30 44.00 106 94  1097000 1456000   260 9.89
0.412 0.0500 44.52 44.00 106 94  1097000 1456000   260 9.89
0.415 0.0435 44.70 44.00 106 94  1097000 1456000   260 9.89
0.418 0.0418 44.86 44.00 106 94  1097000 1456000   260 9.89
0.421 0.0482 44.98 44.00 106 94  1097000 1456000   260 9.89
0.423 0.0463 45.08 44.00 106 94  1097000 1456000   260 9.89
0.426 0.0408 45.16 44.00 106 94  1097000 1456000   260 9.89
0.429 0.0462 45.25 44.00 106 94  1097000 1456000   260 9.89
0.432 0.0477 45.34 44.00 106 94  1097000 1456000   260 9.89
0.435 0.0443 45.46 44.00 106 94  1097000 1456000   260 9.89
0.437 0.0455 45.59 44.00 106 94  1097000 1456000   260 9.89
0.440 0.0456 45.75 44.00 106 94  1097000 1456000   260 9.89
0.443 0.0467 45.92 44.00 106 94  1097000 1456000   260 9.89
0.446 0.0449 46.12 44.00 106 94  1097000 1456000   260 9.89
0.448 0.0461 46.32 44.00 106 94  1097000 1456000   260 9.89
0.451 0.0473 46.53 44.00 106 94  1097000 1456000   260 9.89
0.454 0.0488 46.73 44.00 106 94  1097000 1456000   260 9.89
0.457 0.0453 46.93 44.00 106 94  1097000 1456000   260 9.89
0.460 0.0444 47.12 44.00 106 94  1097000 1456000   260 9.89
0.462 0.0467 47.31 44.00 106 94  1097000 1456000   260 9.89
0.465 0.0481 47.50 44.00 106 94  1097000 1456000   260 9.89
0.468 0.0453 47.69 44.00 106 94  1097000 1456000   260 9.89
0.471 0.0483 47.87 44.00 106 94  1097000 1456000   260 9.89
0.474 0.0492 48.04 44.00 106 94  1097000 1456000   260 9.89
0.476 0.0513 48.19 44.00 106 94  1097000 1456000   260 9.89
0.479 0.0498 48.35 44.00 106 94  1097000 1456000   260 9.89
0.482 0.0520 48.50 44.00 106 94  1097000 1456000   260 9.89
0.485 0.0450 48.64 44.00 106 94  1097000 1456000   260 9.89
0.487 0.0487 48.78 44.00 106 94  1097000 1456000   260 9.89
0.490 0.0488 48.92 44.00 106 94  1097000 1456000   260 9.89
0.493 0.0482 49.05 44.00 106 94  1097000 1456000   260 9.89
0.496 0.0505 49.18 44.00 106 94  1097000 1456000   260 9.89
0.499 0.0465 49.30 44.00 106 94  1097000 1456000   260 9.89
0.501 0.0510 49.42 44.00 106 94  1097000 1456000   260 9.89
0.504 0.0489 49.53 44.00 106 94  1097000 1456000   260 9.89
0.507 0.0483 49.64 44.00 106 94  1097000 1456000   260 9.89
0.510 0.0509 49.76 44.00 106 94  1097000 1456000   260 9.89
0.513 0.0486 49.87 44.00 106 94  1097000 1456000   260 9.89
0.515 0.0519 49.99 44.00 106 94  1097000 1456000   260 9.89
0.518 0.0488 50.13 44.00 106 94  1097000 1456000   260 9.89
0.521 0.0493 50.28 44.00 106 94  1097000 1456000   260 9.89
0.524 0.0514 50.46 44.00 106 94  1097000 1456000   260 9.89
0.526 0.0510 50.65 44.00 106 94  1097000 1456000   260 9.89
0.529 0.0511 50.86 44.00 106 94  1097000 1456000   260 9.89
0.532 0.0519 51.06 44.00 106 94  1097000 1456000   260 9.89
0.535 0.0511 51.27 44.00 106 94  1097000 1456000   260 9.89
0.538 0.0509 51.47 44.00 106 94  1097000 1456000   260 9.89
0.540 0.0529 51.66 44.00 106 94  1097000 1456000   260 9.89
0.543 0.0505 51.84 44.00 106 94  1097000 1456000   260 9.89
0.546 0.0525 52.02 44.00 106 94  1097000 1456000   260 9.89
0.549 0.0528 52.19 44.00 106 94  1097000 1456000   260 9.89
0.552 0.0515 52.36 44.00 106 94  1097000 1456000   260 9.89
0.554 0.0522 52.52 44.00 106 94  1097000 1456000   260 9.89
0.557 0.0518 52.68 44.00 106 94  1097000 1456000   260 9.89
0.560 0.0528 52.83 44.00 106 94  1097000 1456000   260 9.89
0.563 0.0547 52.98 44.00 106 94  1097000 1456000   260 9.89
0.565 0.0538 53.14 44.00 106 94  1097000 1456000   260 9.89
0.568 0.0529 53.30 44.00 106 94  1097000 1456000   260 9.89
0.571 0.0529 53.46 44.00 106 94  1097000 1456000   260 9.89
0.574 0.0548 53.62 44.00 106 94  1097000 1456000   260 9.89
0.577 0.0521 53.78 44.00 106 94  1097000 1456000   260 9.89
0.579 0.0543 53.95 44.00 106 94  1097000 1456000   260 9.89
0.582 0.0549 54.12 44.00 106 94  1097000 1456000   260 9.89
0.585 0.0535 54.30 44.00 106 94  1097000 1456000   260 9.89
0.588 0.0550 54.47 44.00 106 94  1097000 1456000   260 9.89
0.591 0.0547 54.64 44.00 106 94  1097000 1456000   260 9.89
0.593 0.0536 54.81 44.00 106 94  1097000 1456000   260 9.89
0.596 0.0553 54.99 44.00 106 94  1097000 1456000   260 9.89
0.599 0.0540 55.16 44.00 106 94  1097000 1456000   260 9.89
0.602 0.0559 55.33 44.00 106 94  1097000 1456000   260 9.89
0.604 0.0566 55.51 44.00 106 94  1097000 1456000   260 9.89
0.607 0.0560 55.70 44.00 106 94  1097000 1456000   260 9.89
0.610 0.0556 55.89 44.00 106 94  1097000 1456000   260 9.89
0.613 0.0567 56.08 44.00 106 94  1097000 1456000   260 9.89
0.616 0.0561 56.28 44.00 106 94  1097000 1456000   260 9.89
0.618 0.0561 56.49 44.00 106 94  1097000 1456000   260 9.89
0.621 0.0560 56.70 44.00 106 94  1097000 1456000   260 9.89
0.624 0.0582 56.92 44.00 106 94  1097000 1456000   260 9.89
0.627 0.0557 57.13 44.00 106 94  1097000 1456000   260 9.89
0.630 0.0583 57.34 44.00 106 94  1097000 1456000   260 9.89
0.632 0.0565 57.54 44.00 106 94  1097000 1456000   260 9.89
0.635 0.0584 57.75 44.00 106 94  1097000 1456000   260 9.89
0.638 0.0582 57.95 44.00 106 94  1097000 1456000   260 9.89
0.641 0.0577 58.15 44.00 106 94  1097000 1456000   260 9.89
0.643 0.0571 58.35 44.00 106 94  1097000 1456000   260 9.89
0.646 0.0611 58.56 44.00 106 94  1097000 1456000   260 9.89
0.649 0.0569 58.77 44.00 106 94  1097000 1456000   260 9.89
0.652 0.0604 58.99 44.00 106 94  1097000 1456000   260 9.89
0.655 0.0579 59.21 44.00 106 94  1097000 1456000   260 9.89
0.657 0.0603 59.44 44.00 106 94  1097000 1456000   260 9.89
0.660 0.0610 59.66 44.00 106 94  1097000 1456000   260 9.89
0.663 0.0579 59.87 44.00 106 94  1097000 1456000   260 9.89
0.666 0.0612 60.08 44.00 106 94  1097000 1456000   260 9.89
0.669 0.0601 60.28 44.00 106 94  1097000 1456000   260 9.89
0.671 0.0610 60.47 44.00 106 94  1097000 1456000   260 9.89
0.674 0.0601 60.66 44.00 106 94  1097000 1456000   260 9.89
0.677 0.0591 60.84 44.00 106 94  1097000 1456000   260 9.89
0.680 0.0618 61.01 44.00 106 94  1097000 1456000   260 9.89
0.682 0.0603 61.18 44.00 106 94  1097000 1456000   260 9.89
0.685 0.0616 61.35 44.00 106 94  1097000 1456000   260 9.89
0.688 0.0640 61.51 44.00 106 94  1097000 1456000   260 9.89
0.691 0.0607 61.68 44.00 106 94  1097000 1456000   260 9.89
0.694 0.0625 61.84 44.00 106 94  1097000 1456000   260 9.89
0.696 0.0637 62.00 44.00 106 94  1097000 1456000   260 9.89
0.699 0.0612 62.16 44.00 106 94  1097000 1456000   260 9.89
0.702 0.0616 62.32 44.00 106 94  1097000 1456000   260 9.89
0.705 0.0595 62.48 44.00 106 94  1097000 1456000   260 9.89
0.708 0.0632 62.64 44.00 106 94  1097000 1456000   260 9.89
0.710 0.0648 62.80 44.00 106 94  1097000 1456000   260 9.89
0.713 0.0618 62.95 44.00 106 94  1097000 1456000   260 9.89
0.716 0.0632 63.10 44.00 106 94  1097000 1456000   260 9.89
0.719 0.0632 63.25 44.00 106 94  1097000 1456000   260 9.89
0.721 0.0636 63.39 44.00 106 94  1097000 1456000   260 9.89
0.724 0.0634 63.51 44.00 106 94  1097000 1456000   260 9.89
0.727 0.0630 63.64 44.00 106 94  1097000 1456000   260 9.89
0.730 0.0642 63.74 44.00 106 94  1097000 1456000   260 9.89
0.733 0.0633 63.84 44.00 106 94  1097000 1456000   260 9.89
0.735 0.0655 63.92 44.00 106 94  1097000 1456000   260 9.89
0.738 0.0637 63.99 44.00 106 94  1097000 1456000   260 9.89
0.741 0.0639 64.06 44.00 106 94  1097000 1456000   260 9.89
0.744 0.0648 64.11 44.00 106 94  1097000 1456000   260 9.89
0.747 0.0633 64.17 44.00 106 94  1097000 1456000   260 9.89
0.749 0.0659 64.22 44.00 106 94  1097000 1456000   260 9.89
0.752 0.0633 64.28 44.00 106 94  1097000 1456000   260 9.89
0.755 0.0655 64.35 44.00 106 94  1097000 1456000   260 9.89
0.758 0.0647 64.41 44.00 106 94  1097000 1456000   260 9.89
0.760 0.0642 64.48 44.00 106 94  1097000 1456000   260 9.89
0.763 0.0623 64.54 44.00 106 94  1097000 1456000   260 9.89
0.766 0.0648 64.59 44.00 106 94  1097000 1456000   260 9.89
0.769 0.0652 64.63 44.00 106 94  1097000 1456000   260 9.89
0.772 0.0626 64.64 44.00 106 94  1097000 1456000   260 9.89
0.774 0.0646 64.64 44.00 106 94  1097000 1456000   260 9.89
0.777 0.0648 64.62 44.00 106 94  1097000 1456000   260 9.89
0.780 0.0643 64.60 44.00 106 94  1097000 1456000   260 9.89
0.783 0.0631 64.57 44.00 106 94  1097000 1456000   260 9.89
0.786 0.0658 64.52 44.00 106 94  1097000 1456000   260 9.89
0.788 0.0651 64.47 44.00 106 94  1097000 1456000   260 9.89
0.791 0.0672 64.40 44.00 106 94  1097000 1456000   260 9.89
0.794 0.0655 64.33 44.00 106 94  1097000 1456000   260 9.89
0.797 0.0660 64.23 44.00 106 94  1097000 1456000   260 9.89
0.799 0.0658 64.12 44.00 106 94  1097000 1456000   260 9.89
0.802 0.0607 64.00 44.00 106 94  1097000 1456000   260 9.89
0.805 0.0633 63.85 44.00 106 94  1097000 1456000   260 9.89
0.808 0.0634 63.70 44.00 106 94  1097000 1456000   260 9.89
0.811 0.0604 63.52 44.00 106 94  1097000 1456000   260 9.89
0.813 0.0656 63.33 44.00 106 94  1097000 1456000   260 9.89
0.816 0.0612 63.13 44.00 106 94  1097000 1456000   260 9.89
0.819 0.0625 62.93 44.00 106 94  1097000 1456000   260 9.89
0.822 0.0637 62.73 44.00 106 94  1097000 1456000   260 9.89
0.825 0.0639 62.56 44.00 106 94  1097000 1456000   260 9.89
0.827 0.0622 62.40 44.00 106 94  1097000 1456000   260 9.89
0.830 0.0655 62.27 44.00 106 94  1097000 1456000   260 9.89
0.833 0.0611 62.16 44.00 106 94  1097000 1456000   260 9.89
0.836 0.0592 62.08 44.00 106 94  1097000 1456000   260 9.89
0.838 0.0608 62.03 44.00 106 94  1097000 1456000   260 9.89
0.841 0.0640 62.00 44.00 106 94  1097000 1456000   260 9.89
0.844 0.0609 61.99 44.00 106 94  1097000 1456000   260 9.89
0.847 0.0620 62.00 44.00 106 94  1097000 1456000   260 9.89
0.850 0.0629 62.01 44.00 106 94  1097000 1456000   260 9.89
0.852 0.0607 62.03 44.00 106 94  1097000 1456000   260 9.89
0.855 0.0636 62.05 44.00 106 94  1097000 1456000   260 9.89
0.858 0.0605 62.07 44.00 106 94  1097000 1456000   260 9.89
0.861 0.0621 62.10 44.00 106 94  1097000 1456000   260 9.89
0.864 0.0627 62.14 44.00 106 94  1097000 1456000   260 9.89
0.866 0.0614 62.21 44.00 106 94  1097000 1456000   260 9.89
0.869 0.0637 62.30 44.00 106 94  1097000 1456000   260 9.89
0.872 0.0633 62.41 44.00 106 94  1097000 1456000   260 9.89
0.875 0.0633 62.53 44.00 106 94  1097000 1456000   260 9.89
0.877 0.0624 62.66 44.00 106 94  1097000 1456000   260 9.89
0.880 0.0609 62.79 44.00 106 94  1097000 1456000   260 9.89
0.883 0.0594 62.90 44.00 106 94  1097000 1456000   260 9.89
0.886 0.0683 63.00 44.00 106 94  1097000 1456000   260 9.89
0.889 0.0623 63.08 44.00 106 94  1097000 1456000   260 9.89
0.891 0.0614 63.15 44.00 106 94  1097000 1456000   260 9.89
0.894 0.0621 63.22 44.00 106 94  1097000 1456000   260 9.89
0.897 0.0655 63.27 44.00 106 94  1097000 1456000   260 9.89
0.900 0.0644 63.32 44.00 106 94  1097000 1456000   260 9.89
0.903 0.0611 63.35 44.00 106 94  1097000 1456000   260 9.89
0.905 0.0638 63.36 44.00 106 94  1097000 1456000   260 9.89
0.908 0.0630 63.37 44.00 106 94  1097000 1456000   260 9.89
0.911 0.0643 63.36 44.00 106 94  1097000 1456000   260 9.89
0.914 0.0664 63.34 44.00 106 94  1097000 1456000   260 9.89
0.916 0.0657 63.31 44.00 106 94  1097000 1456000   260 9.89
0.919 0.0594 63.29 44.00 106 94  1097000 1456000   260 9.89
0.922 0.0627 63.25 44.00 106 94  1097000 1456000   260 9.89
0.925 0.0632 63.20 44.00 106 94  1097000 1456000   260 9.89
0.928 0.0642 63.14 44.00 106 94  1097000 1456000   260 9.89
0.930 0.0613 63.08 44.00 106 94  1097000 1456000   260 9.89
0.933 0.0622 63.01 44.00 106 94  1097000 1456000   260 9.89
0.936 0.0623 62.95 44.00 106 94  1097000 1456000   260 9.89
0.939 0.0644 62.89 44.00 106 94  1097000 1456000   260 9.89
0.942 0.0639 62.84 44.00 106 94  1097000 1456000   260 9.89
0.944 0.0642 62.80 44.00 106 94  1097000 1456000   260 9.89
0.947 0.0599 62.76 44.00 106 94  1097000 1456000   260 9.89
0.950 0.0619 62.71 44.00 106 94  1097000 1456000   260 9.89
0.953 0.0622 62.67 44.00 106 94  1097000 1456000   260 9.89
0.955 0.0627 62.64 44.00 106 94  1097000 1456000   260 9.89
0.958 0.0652 62.61 44.00 106 94  1097000 1456000   260 9.89
0.961 0.0617 62.58 44.00 106 94  1097000 1456000   260 9.89
0.964 0.0627 62.57 44.00 106 94  1097000 1456000   260 9.89
0.967 0.0648 62.57 44.00 106 94  1097000 1456000   260 9.89
0.969 0.0597 62.59 44.00 106 94  1097000 1456000   260 9.89
0.972 0.0639 62.61 44.00 106 94  1097000 1456000   260 9.89
0.975 0.0612 62.64 44.00 106 94  1097000 1456000   260 9.89
0.978 0.0609 62.66 44.00 106 94  1097000 1456000   260 9.89
0.981 0.0672 62.67 44.00 106 94  1097000 1456000   260 9.89
0.983 0.0617 62.67 44.00 106 94  1097000 1456000   260 9.89
0.986 0.0616 62.66 44.00 106 94  1097000 1456000   260 9.89
0.989 0.0628 62.63 44.00 106 94  1097000 1456000   260 9.89
0.992 0.0612 62.59 44.00 106 94  1097000 1456000   260 9.89
0.994 0.0622 62.53 44.00 106 94  1097000 1456000   260 9.89
0.997 0.0622 62.48 44.00 106 94  1097000 1456000   260 9.89
1.000 0.0603 62.42 44.00 106 94  1097000 1456000   260 9.89
1.003 0.0648 62.37 44.00 106 94  1097000 1456000   260 9.89
1.006 0.0641 62.34 44.00 106 94  1097000 1456000   260 9.89
1.008 0.0645 62.32 44.00 106 94  1097000 1456000   260 9.89
1.011 0.0612 62.31 44.00 106 94  1097000 1456000   260 9.89
1.014 0.0648 62.31 44.00 106 94  1097000 1456000   260 9.89
1.017 0.0612 62.32 44.00 106 94  1097000 1456000   260 9.89
1.019 0.0632 62.31 44.00 106 94  1097000 1456000   260 9.89
1.022 0.0631 62.29 44.00 106 94  1097000 1456000   260 9.89
1.025 0.0578 62.25 44.00 106 94  1097000 1456000   260 9.89
1.028 0.0563 62.21 44.00 106 94  1097000 1456000   260 9.89
1.031 0.0620 62.17 44.00 106 94  1097000 1456000   260 9.89
1.033 0.0648 62.13 44.00 106 94  1097000 1456000   260 9.89
1.036 0.0637 62.09 44.00 106 94  1097000 1456000   260 9.89
1.039 0.0630 62.06 44.00 106 94  1097000 1456000   260 9.89
1.042 0.0607 62.04 44.00 106 94  1097000 1456000   260 9.89
1.045 0.0664 62.03 44.00 106 94  1097000 1456000   260 9.89
1.047 0.0608 62.04 44.00 106 94  1097000 1456000   260 9.89
1.050 0.0627 62.06 44.00 106 94  1097000 1456000   260 9.89
1.053 0.0647 62.11 44.00 106 94  1097000 1456000   260 9.89
1.056 0.0612 62.16 44.00 106 94  1097000 1456000   260 9.89
1.058 0.0592 62.20 44.00 106 94  1097000 1456000   260 9.89
1.061 0.0616 62.24 44.00 106 94  1097000 1456000   260 9.89
1.064 0.0597 62.25 44.00 106 94  1097000 1456000   260 9.89
1.067 0.0642 62.23 44.00 106 94  1097000 1456000   260 9.89
1.070 0.0587 62.18 44.00 106 94  1097000 1456000   260 9.89
1.072 0.0623 62.11 44.00 106 94  1097000 1456000   260 9.89
1.075 0.0654 62.00 44.00 106 94  1097000 1456000   260 9.89
1.078 0.0622 61.88 44.00 106 94  1097000 1456000   260 9.89
1.081 0.0626 61.74 44.00 106 94  1097000 1456000   260 9.89
1.084 0.0618 61.60 44.00 106 94  1097000 1456000   260 9.89
1.086 0.0639 61.46 44.00 106 94  1097000 1456000   260 9.89
1.089 0.0592 61.33 44.00 106 94  1097000 1456000   260 9.89
1.092 0.0625 61.21 44.00 106 94  1097000 1456000   260 9.89
1.095 0.0608 61.09 44.00 106 94  1097000 1456000   260 9.89
1.097 0.0615 60.97 44.00 106 94  1097000 1456000   260 9.89
1.100 0.0616 60.85 44.00 106 94  1097000 1456000   260 9.89
1.103 0.0597 60.74 44.00 106 94  1097000 1456000   260 9.89
1.106 0.0615 60.64 44.00 106 94  1097000 1456000   260 9.89
1.109 0.0563 60.56 44.00 106 94  1097000 1456000   260 9.89
1.111 0.0611 60.50 44.00 106 94  1097000 1456000   260 9.89
1.114 0.0601 60.45 44.00 106 94  1097000 1456000   260 9.89
1.117 0.0602 60.43 44.00 106 94  1097000 1456000   260 9.89
1.120 0.0624 60.43 44.00 106 94  1097000 1456000   260 9.89
1.123 0.0580 60.46 44.00 106 94  1097000 1456000   260 9.89
1.125 0.0587 60.50 44.00 106 94  1097000 1456000   260 9.89
1.128 0.0611 60.56 44.00 106 94  1097000 1456000   260 9.89
1.131 0.0589 60.62 44.00 106 94  1097000 1456000   260 9.89
1.134 0.0626 60.68 44.00 106 94  1097000 1456000   260 9.89
1.136 0.0610 60.72 44.00 106 94  1097000 1456000   260 9.89
1.139 0.0644 60.75 44.00 106 94  1097000 1456000   260 9.89
1.142 0.0582 60.76 44.00 106 94  1097000 1456000   260 9.89
1.145 0.0609 60.76 44.00 106 94  1097000 1456000   260 9.89
1.148 0.0624 60.75 44.00 106 94  1097000 1456000   260 9.89
1.150 0.0618 60.72 44.00 106 94  1097000 1456000   260 9.89
1.153 0.0627 60.70 44.00 106 94  1097000 1456000   260 9.89
1.156 0.0626 60.66 44.00 106 94  1097000 1456000   260 9.89
1.159 0.0587 60.62 44.00 106 94  1097000 1456000   260 9.89
1.162 0.0593 60.56 44.00 106 94  1097000 1456000   260 9.89
1.164 0.0583 60.50 44.00 106 94  1097000 1456000   260 9.89
1.167 0.0616 60.42 44.00 106 94  1097000 1456000   260 9.89
1.170 0.0592 60.34 44.00 106 94  1097000 1456000   260 9.89
1.173 0.0600 60.27 44.00 106 94  1097000 1456000   260 9.89
1.175 0.0601 60.20 44.00 106 94  1097000 1456000   260 9.89
1.178 0.0592 60.15 44.00 106 94  1097000 1456000   260 9.89
1.181 0.0592 60.10 44.00 106 94  1097000 1456000   260 9.89
1.184 0.0583 60.07 44.00 106 94  1097000 1456000   260 9.89
1.187 0.0618 60.05 44.00 106 94  1097000 1456000   260 9.89
1.189 0.0601 60.05 44.00 106 94  1097000 1456000   260 9.89
1.192 0.0619 60.07 44.00 106 94  1097000 1456000   260 9.89
1.195 0.0601 60.10 44.00 106 94  1097000 1456000   260 9.89
1.198 0.0618 60.14 44.00 106 94  1097000 1456000   260 9.89
1.201 0.0604 60.19 44.00 106 94  1097000 1456000   260 9.89
1.203 0.0615 60.23 44.00 106 94  1097000 1456000   260 9.89
1.206 0.0575 60.27 44.00 106 94  1097000 1456000   260 9.89
1.209 0.0601 60.31 44.00 106 94  1097000 1456000   260 9.89
1.212 0.0595 60.33 44.00 106 94  1097000 1456000   260 9.89
1.214 0.0597 60.35 44.00 106 94  1097000 1456000   260 9.89
1.217 0.0607 60.36 44.00 106 94  1097000 1456000   260 9.89
1.220 0.0610 60.36 44.00 106 94  1097000 1456000   260 9.89
1.223 0.0645 60.36 44.00 106 94  1097000 1456000   260 9.89
1.226 0.0570 60.36 44.00 106 94  1097000 1456000   260 9.89
1.228 0.0607 60.37 44.00 106 94  1097000 1456000   260 9.89
1.231 0.0594 60.37 44.00 106 94  1097000 1456000   260 9.89
1.234 0.0595 60.38 44.00 106 94  1097000 1456000   260 9.89
1.237 0.0599 60.41 44.00 106 94  1097000 1456000   260 9.89
1.240 0.0614 60.44 44.00 106 94  1097000 1456000   260 9.89
1.242 0.0620 60.48 44.00 106 94  1097000 1456000   260 9.89
1.245 0.0610 60.52 44.00 106 94  1097000 1456000   260 9.89
1.248 0.0613 60.57 44.00 106 94  1097000 1456000   260 9.89
1.251 0.0576 60.61 44.00 106 94  1097000 1456000   260 9.89
1.253 0.0598 60.64 44.00 106 94  1097000 1456000   260 9.89
1.256 0.0619 60.68 44.00 106 94  1097000 1456000   260 9.89
1.259 0.0624 60.72 44.00 106 94  1097000 1456000   260 9.89
1.262 0.0611 60.76 44.00 106 94  1097000 1456000   260 9.89
1.265 0.0606 60.81 44.00 106 94  1097000 1456000   260 9.89
1.267 0.0593 60.87 44.00 106 94  1097000 1456000   260 9.89
1.270 0.0603 60.95 44.00 106 94  1097000 1456000   260 9.89
1.273 0.0629 61.03 44.00 106 94  1097000 1456000   260 9.89
1.276 0.0601 61.13 44.00 106 94  1097000 1456000   260 9.89
1.279 0.0608 61.24 44.00 106 94  1097000 1456000   260 9.89
1.281 0.0622 61.35 44.00 106 94  1097000 1456000   260 9.89
1.284 0.0624 61.47 44.00 106 94  1097000 1456000   260 9.89
1.287 0.0598 61.59 44.00 106 94  1097000 1456000   260 9.89
1.290 0.0633 61.73 44.00 106 94  1097000 1456000   260 9.89
1.292 0.0587 61.87 44.00 106 94  1097000 1456000   260 9.89
1.295 0.0626 62.01 44.00 106 94  1097000 1456000   260 9.89
1.298 0.0615 62.15 44.00 106 94  1097000 1456000   260 9.89
1.301 0.0610 62.28 44.00 106 94  1097000 1456000   260 9.89
1.304 0.0676 62.42 44.00 106 94  1097000 1456000   260 9.89
1.306 0.0604 62.54 44.00 106 94  1097000 1456000   260 9.89
1.309 0.0636 62.66 44.00 106 94  1097000 1456000   260 9.89
1.312 0.0615 62.78 44.00 106 94  1097000 1456000   260 9.89
1.315 0.0629 62.90 44.00 106 94  1097000 1456000   260 9.89
1.318 0.0635 63.00 44.00 106 94  1097000 1456000   260 9.89
1.320 0.0632 63.08 44.00 106 94  1097000 1456000   260 9.89
1.323 0.0635 63.15 44.00 106 94  1097000 1456000   260 9.89
1.326 0.0647 63.21 44.00 106 94  1097000 1456000   260 9.89
1.329 0.0619 63.25 44.00 106 94  1097000 1456000   260 9.89
1.331 0.0638 63.27 44.00 106 94  1097000 1456000   260 9.89
1.334 0.0619 63.28 44.00 106 94  1097000 1456000   260 9.89
1.337 0.0648 63.27 44.00 106 94  1097000 1456000   260 9.89
1.340 0.0611 63.25 44.00 106 94  1097000 1456000   260 9.89
1.343 0.0638 63.22 44.00 106 94  1097000 1456000   260 9.89
1.345 0.0659 63.19 44.00 106 94  1097000 1456000   260 9.89
1.348 0.0591 63.17 44.00 106 94  1097000 1456000   260 9.89
1.351 0.0659 63.15 44.00 106 94  1097000 1456000   260 9.89
1.354 0.0652 63.15 44.00 106 94  1097000 1456000   260 9.89
1.357 0.0613 63.16 44.00 106 94  1097000 1456000   260 9.89
1.359 0.0623 63.19 44.00 106 94  1097000 1456000   260 9.89
1.362 0.0627 63.23 44.00 106 94  1097000 1456000   260 9.89
1.365 0.0663 63.28 44.00 106 94  1097000 1456000   260 9.89
1.368 0.0596 63.34 44.00 106 94  1097000 1456000   260 9.89
1.370 0.0633 63.41 44.00 106 94  1097000 1456000   260 9.89
1.373 0.0655 63.49 44.00 106 94  1097000 1456000   260 9.89
1.376 0.0607 63.57 44.00 106 94  1097000 1456000   260 9.89
1.379 0.0652 63.65 44.00 106 94  1097000 1456000   260 9.89
1.382 0.0606 63.74 44.00 106 94  1097000 1456000   260 9.89
1.384 0.0678 63.83 44.00 106 94  1097000 1456000   260 9.89
1.387 0.0605 63.92 44.00 106 94  1097000 1456000   260 9.89
1.390 0.0650 64.01 44.00 106 94  1097000 1456000   260 9.89
1.393 0.0661 64.09 44.00 106 94  1097000 1456000   260 9.89
1.396 0.0656 64.18 44.00 106 94  1097000 1456000   260 9.89
1.398 0.0636 64.27 44.00 106 94  1097000 1456000   260 9.89
1.401 0.0634 64.35 44.00 106 94  1097000 1456000   260 9.89
1.404 0.0659 64.43 44.00 106 94  1097000 1456000   260 9.89
1.407 0.0648 64.49 44.00 106 94  1097000 1456000   260 9.89
1.410 0.0641 64.55 44.00 106 94  1097000 1456000   260 9.89
1.413 0.0641 64.58 44.00 106 94  1097000 1456000   260 9.89
1.416 0.0642 64.61 44.00 106 94  1097000 1456000   260 9.89
1.420 0.0643 64.62 44.00 106 94  1097000 1456000   260 9.89
1.423 0.0644 64.63 44.00 106 94  1097000 1456000   260 9.89
1.427 0.0648 64.63 44.00 106 94  1097000 1456000   260 9.89
1.431 0.0647 64.63 44.00 106 94  1097000 1456000   260 9.89
1.435 0.0648 64.62 44.00 106 94  1097000 1456000   260 9.89
1.439 0.0659 64.63 44.00 106 94  1097000 1456000   260 9.89
1.443 0.0633 64.64 44.00 106 94  1097000 1456000   260 9.89
1.448 0.0647 64.65 44.00 106 94  1097000 1456000   260 9.89
1.453 0.0649 64.66 44.00 106 94  1097000 1456000   260 9.89
1.458 0.0628 64.68 44.00 106 94  1097000 1456000   260 9.89
1.463 0.0657 64.69 44.00 106 94  1097000 1456000   260 9.89
1.468 0.0664 64.70 44.00 106 94  1097000 1456000   260 9.89
1.474 0.0635 64.70 44.00 106 94  1097000 1456000   260 9.89
1.480 0.0648 64.68 44.00 106 94  1097000 1456000   260 9.89
1.486 0.0634 64.65 44.00 106 94  1097000 1456000   260 9.89
1.492 0.0650 64.61 44.00 106 94  1097000 1456000   260 9.89
1.499 0.0655 64.56 44.00 106 94  1097000 1456000   260 9.89
1.506 0.0643 64.50 44.00 106 94  1097000 1456000   260 9.89
1.513 0.0646 64.43 44.00 106 94  1097000 1456000   260 9.89
1.521 0.0655 64.35 44.00 106 94  1097000 1456000   260 9.89
1.528 0.0644 64.28 44.00 106 94  1097000 1456000   260 9.89
1.537 0.0642 64.20 44.00 106 94  1097000 1456000   260 9.89
1.545 0.0644 64.13 44.00 106 94  1097000 1456000   260 9.89
1.554 0.0639 64.07 44.00 106 94  1097000 1456000   260 9.89
1.563 0.0637 64.00 44.00 106 94  1097000 1456000   260 9.89
1.573 0.0640 63.95 44.00 106 94  1097000 1456000   260 9.89
1.583 0.0638 63.90 44.00 106 94  1097000 1456000   260 9.89
1.593 0.0632 63.86 44.00 106 94  1097000 1456000   260 9.89
1.604 0.0629 63.84 44.00 106 94  1097000 1456000   260 9.89
1.615 0.0641 63.83 44.00 106 94  1097000 1456000   260 9.89
1.627 0.0635 63.84 44.00 106 94  1097000 1456000   260 9.89
1.640 0.0641 63.86 44.00 106 94  1097000 1456000   260 9.89
1.652 0.0632 63.90 44.00 106 94  1097000 1456000   260 9.89
1.666 0.0646 63.95 44.00 106 94  1097000 1456000   260 9.89
1.680 0.0638 64.01 44.00 106 94  1097000 1456000   260 9.89
1.694 0.0637 64.09 44.00 106 94  1097000 1456000   260 9.89
1.708 0.0642 64.17 44.00 106 94  1097000 1456000   260 9.89
1.721 0.0646 64.26 44.00 106 94  1097000 1456000   260 9.89
1.735 0.0646 64.35 44.00 106 94  1097000 1456000   260 9.89
1.749 0.0644 64.44 44.00 106 94  1097000 1456000   260 9.89
1.763 0.0649 64.51 44.00 106 94  1097000 1456000   260 9.89
1.777 0.0647 64.57 44.00 106 94  1097000 1456000   260 9.89
1.791 0.0646 64.61 44.00 106 94  1097000 1456000   260 9.89
1.805 0.0641 64.63 44.00 106 94  1097000 1456000   260 9.89
1.819 0.0655 64.61 44.00 106 94  1097000 1456000   260 9.89
1.833 0.0656 64.56 44.00 106 94  1097000 1456000   260 9.89
1.847 0.0645 64.48 44.00 106 94  1097000 1456000   260 9.89
1.861 0.0647 64.37 44.00 106 94  1097000 1456000   260 9.89
1.875 0.0646 64.23 44.00 106 94  1097000 1456000   260 9.89
1.889 0.0650 64.07 44.00 106 94  1097000 1456000   260 9.89
1.903 0.0645 63.90 44.00 106 94  1097000 1456000   260 9.89
1.916 0.0643 63.72 44.00 106 94  1097000 1456000   260 9.89
1.930 0.0645 63.55 44.00 106 94  1097000 1456000   260 9.89
1.944 0.0652 63.42 44.00 106 94  1097000 1456000   260 9.89
1.958 0.0639 63.34 44.00 106 94  1097000 1456000   260 9.89
1.972 0.0639 63.33 44.00 106 94  1097000 1456000   260 9.89
1.986 0.0647 63.42 44.00 106 94  1097000 1456000   260 9.89
2.000 0.0638 63.65 44.00 106 94  1097000 1456000   260 9.89
2.014 0.0644 64.04 44.00 106 94  1097000 1456000   260 9.89
2.028 0.0646 64.63 44.00 106 94  1097000 1456000   260 9.89
2.042 0.0649 65.46 44.00 106 94  1097000 1456000   260 9.89
2.056 0.0657 66.54 44.00 106 94  1097000 1456000   260 9.89
2.070 0.0659 67.90 44.00 106 94  1097000 1456000   260 9.89
2.084 0.0682 69.55 44.00 106 94  1097000 1456000   260 9.89
2.097 0.0698 71.49 44.00 106 94  1097000 1456000   260 9.89
2.111 0.0721 73.71 44.00 106 94  1097000 1456000   260 9.89
2.125 0.0754 76.21 44.00 106 94  1097000 1456000   260 9.89
2.139 0.0769 78.94 44.00 106 94  1097000 1456000   260 9.89
2.153 0.0807 81.89 44.00 106 94  1097000 1456000   260 9.89
2.167 0.0838 85.04 44.00 106 94  1097000 1456000   260 9.89
2.181 0.0900 88.36 44.00 106 94  1097000 1456000   260 9.89
2.195 0.0940 91.97 44.00 106 94  1097000 1456000   260 9.89
2.209 0.0981 96.83 44.00 106 94  1097000 1456000   260 9.89
2.223 0.1044 103.85 44.00 106 94  1097000 1456000   260 9.89
2.237 0.1101 111.63 44.00 106 94  1097000 1456000   260 9.89
2.251 0.1148 119.34 44.00 106 94  1097000 1456000   260 9.89
2.265 0.1238 126.70 44.00 106 94  1097000 1456000   260 9.89
2.279 0.1267 133.63 44.00 106 94  1097000 1456000   260 9.89
2.292 0.1312 140.12 44.00 106 94  1097000 1456000   260 9.89
2.306 0.1400 146.20 44.00 106 94  1097000 1456000   260 9.89
2.320 0.1419 151.89 44.00 106 94  1097000 1456000   260 9.89
2.334 0.1494 157.22 44.00 106 94  1097000 1456000   260 9.89
2.348 0.1570 162.23 44.00 106 94  1097000 1456000   260 9.89
2.362 0.1642 166.95 44.00 106 94  1097000 1456000   260 9.89
2.376 0.1769 171.39 44.00 106 94  1097000 1456000   260 9.89
2.390 0.1875 175.58 44.00 106 94  1097000 1456000   260 9.89
2.404 0.2014 179.51 44.00 106 94  1097000 1456000   260 9.89
2.418 0.2169 183.20 44.00 106 94  1097000 1456000   260 9.89
2.432 0.2444 186.65 44.00 106 94  1097000 1456000   260 9.89
2.446 0.2666 189.83 44.00 106 94  1097000 1456000   260 9.89
2.460 0.2912 192.75 44.00 106 94  1097000 1456000   260 9.89
2.474 0.3146 195.38 44.00 106 94  1097000 1456000   260 9.89
2.487 0.3355 197.69 44.00 106 94  1097000 1456000   260 9.89
2.501 0.0000 199.64 44.00 106 94  1097000 1456000   260 9.89
2.515 0.0000 201.19 44.00 106 94  1097000 1456000   260 9.89
