     x     qy smooth tpara  cd  zL     xTr    xCpl frame tma
-1.891 0.2120 162.80 72.60 102 94   900000 1376000   260 9.85
-1.880 0.1797 152.27 72.60 102 94   900000 1376000   260 9.85
-1.870 0.1689 142.27 72.60 102 94   900000 1376000   260 9.85
-1.859 0.0819 132.80 72.60 102 94   900000 1376000   260 9.85
-1.849 0.1392 123.84 72.60 102 94   900000 1376000   260 9.85
-1.838 0.0846 115.37 72.60 102 94   900000 1376000   260 9.85
-1.828 0.0825 107.39 72.60 102 94   900000 1376000   260 9.85
-1.817 0.0800 99.88 72.60 102 94   900000 1376000   260 9.85
-1.807 0.0767 92.83 72.60 102 94   900000 1376000   260 9.85
-1.796 0.0711 86.25 72.60 102 94   900000 1376000   260 9.85
-1.786 0.0683 80.12 72.60 102 94   900000 1376000   260 9.85
-1.775 0.0643 74.44 72.60 102 94   900000 1376000   260 9.85
-1.765 0.0607 69.21 72.60 102 94   900000 1376000   260 9.85
-1.754 0.0592 64.43 72.60 102 94   900000 1376000   260 9.85
-1.744 0.0566 60.12 72.60 102 94   900000 1376000   260 9.85
-1.733 0.0558 56.28 72.60 102 94   900000 1376000   260 9.85
-1.723 0.0539 52.93 72.60 102 94   900000 1376000   260 9.85
-1.712 0.0521 50.09 72.60 102 94   900000 1376000   260 9.85
-1.702 0.0505 47.78 72.60 102 94   900000 1376000   260 9.85
-1.691 0.0491 46.03 72.60 102 94   900000 1376000   260 9.85
-1.681 0.0479 44.88 72.60 102 94   900000 1376000   260 9.85
-1.670 0.0471 44.31 72.60 102 94   900000 1376000   260 9.85
-1.660 0.0459 44.18 72.60 102 94   900000 1376000   260 9.85
-1.649 0.0452 43.97 72.60 102 94   900000 1376000   260 9.85
-1.639 0.0443 43.23 72.60 102 94   900000 1376000   260 9.85
-1.628 0.0434 42.47 72.60 102 94   900000 1376000   260 9.85
-1.618 0.0424 41.72 72.60 102 94   900000 1376000   260 9.85
-1.607 0.0416 40.98 72.60 102 94   900000 1376000   260 9.85
-1.597 0.0397 40.28 72.60 102 94   900000 1376000   260 9.85
-1.586 0.0400 39.63 72.60 102 94   900000 1376000   260 9.85
-1.576 0.0393 39.02 72.60 102 94   900000 1376000   260 9.85
-1.565 0.0382 38.46 72.60 102 94   900000 1376000   260 9.85
-1.555 0.0383 37.95 72.60 102 94   900000 1376000   260 9.85
-1.544 0.0374 37.49 72.60 102 94   900000 1376000   260 9.85
-1.534 0.0371 37.08 72.60 102 94   900000 1376000   260 9.85
-1.523 0.0371 36.72 72.60 102 94   900000 1376000   260 9.85
-1.513 0.0358 36.41 72.60 102 94   900000 1376000   260 9.85
-1.502 0.0352 36.15 72.60 102 94   900000 1376000   260 9.85
-1.492 0.0352 35.93 72.60 102 94   900000 1376000   260 9.85
-1.481 0.0342 35.76 72.60 102 94   900000 1376000   260 9.85
-1.471 0.0358 35.63 72.60 102 94   900000 1376000   260 9.85
-1.460 0.0356 35.54 72.60 102 94   900000 1376000   260 9.85
-1.450 0.0358 35.49 72.60 102 94   900000 1376000   260 9.85
-1.439 0.0364 35.48 72.60 102 94   900000 1376000   260 9.85
-1.429 0.0365 35.49 72.60 102 94   900000 1376000   260 9.85
-1.418 0.0362 35.54 72.60 102 94   900000 1376000   260 9.85
-1.408 0.0360 35.61 72.60 102 94   900000 1376000   260 9.85
-1.397 0.0356 35.70 72.60 102 94   900000 1376000   260 9.85
-1.387 0.0351 35.80 72.60 102 94   900000 1376000   260 9.85
-1.376 0.0366 35.91 72.60 102 94   900000 1376000   260 9.85
-1.366 0.0354 36.03 72.60 102 94   900000 1376000   260 9.85
-1.355 0.0349 36.15 72.60 102 94   900000 1376000   260 9.85
-1.345 0.0367 36.26 72.60 102 94   900000 1376000   260 9.85
-1.334 0.0364 36.37 72.60 102 94   900000 1376000   260 9.85
-1.324 0.0366 36.48 72.60 102 94   900000 1376000   260 9.85
-1.313 0.0375 36.57 72.60 102 94   900000 1376000   260 9.85
-1.303 0.0358 36.66 72.60 102 94   900000 1376000   260 9.85
-1.292 0.0366 36.75 72.60 102 94   900000 1376000   260 9.85
-1.282 0.0374 36.82 72.60 102 94   900000 1376000   260 9.85
-1.271 0.0369 36.90 72.60 102 94   900000 1376000   260 9.85
-1.261 0.0370 36.97 72.60 102 94   900000 1376000   260 9.85
-1.250 0.0370 37.03 72.60 102 94   900000 1376000   260 9.85
-1.239 0.0377 37.09 72.60 102 94   900000 1376000   260 9.85
-1.229 0.0376 37.13 72.60 102 94   900000 1376000   260 9.85
-1.218 0.0368 37.15 72.60 102 94   900000 1376000   260 9.85
-1.208 0.0370 37.16 72.60 102 94   900000 1376000   260 9.85
-1.197 0.0372 37.15 72.60 102 94   900000 1376000   260 9.85
-1.187 0.0369 37.12 72.60 102 94   900000 1376000   260 9.85
-1.176 0.0368 37.07 72.60 102 94   900000 1376000   260 9.85
-1.166 0.0370 37.01 72.60 102 94   900000 1376000   260 9.85
-1.155 0.0380 36.93 72.60 102 94   900000 1376000   260 9.85
-1.145 0.0372 36.84 72.60 102 94   900000 1376000   260 9.85
-1.134 0.0365 36.74 72.60 102 94   900000 1376000   260 9.85
-1.124 0.0362 36.63 72.60 102 94   900000 1376000   260 9.85
-1.113 0.0364 36.52 72.60 102 94   900000 1376000   260 9.85
-1.103 0.0366 36.41 72.60 102 94   900000 1376000   260 9.85
-1.092 0.0364 36.29 72.60 102 94   900000 1376000   260 9.85
-1.082 0.0362 36.17 72.60 102 94   900000 1376000   260 9.85
-1.071 0.0360 36.06 72.60 102 94   900000 1376000   260 9.85
-1.061 0.0365 35.94 72.60 102 94   900000 1376000   260 9.85
-1.050 0.0351 35.83 72.60 102 94   900000 1376000   260 9.85
-1.040 0.0357 35.72 72.60 102 94   900000 1376000   260 9.85
-1.029 0.0356 35.61 72.60 102 94   900000 1376000   260 9.85
-1.019 0.0353 35.50 72.60 102 94   900000 1376000   260 9.85
-1.008 0.0356 35.41 72.60 102 94   900000 1376000   260 9.85
-0.998 0.0355 35.32 72.60 102 94   900000 1376000   260 9.85
-0.987 0.0346 35.24 72.60 102 94   900000 1376000   260 9.85
-0.977 0.0349 35.18 72.60 102 94   900000 1376000   260 9.85
-0.966 0.0353 35.14 72.60 102 94   900000 1376000   260 9.85
-0.956 0.0352 35.12 72.60 102 94   900000 1376000   260 9.85
-0.945 0.0353 35.12 72.60 102 94   900000 1376000   260 9.85
-0.935 0.0360 35.14 72.60 102 94   900000 1376000   260 9.85
-0.924 0.0352 35.19 72.60 102 94   900000 1376000   260 9.85
-0.914 0.0351 35.27 72.60 102 94   900000 1376000   260 9.85
-0.903 0.0355 35.36 72.60 102 94   900000 1376000   260 9.85
-0.893 0.0345 35.48 72.60 102 94   900000 1376000   260 9.85
-0.882 0.0349 35.61 72.60 102 94   900000 1376000   260 9.85
-0.872 0.0353 35.76 72.60 102 94   900000 1376000   260 9.85
-0.861 0.0353 35.91 72.60 102 94   900000 1376000   260 9.85
-0.851 0.0358 36.07 72.60 102 94   900000 1376000   260 9.85
-0.840 0.0365 36.23 72.60 102 94   900000 1376000   260 9.85
-0.830 0.0373 36.40 72.60 102 94   900000 1376000   260 9.85
-0.819 0.0361 36.56 72.60 102 94   900000 1376000   260 9.85
-0.809 0.0372 36.72 72.60 102 94   900000 1376000   260 9.85
-0.798 0.0363 36.88 72.60 102 94   900000 1376000   260 9.85
-0.788 0.0376 37.03 72.60 102 94   900000 1376000   260 9.85
-0.777 0.0380 37.18 72.60 102 94   900000 1376000   260 9.85
-0.767 0.0386 37.33 72.60 102 94   900000 1376000   260 9.85
-0.756 0.0377 37.48 72.60 102 94   900000 1376000   260 9.85
-0.746 0.0380 37.61 72.60 102 94   900000 1376000   260 9.85
-0.735 0.0372 37.74 72.60 102 94   900000 1376000   260 9.85
-0.725 0.0380 37.86 72.60 102 94   900000 1376000   260 9.85
-0.714 0.0376 37.97 72.60 102 94   900000 1376000   260 9.85
-0.704 0.0372 38.06 72.60 102 94   900000 1376000   260 9.85
-0.693 0.0380 38.15 72.60 102 94   900000 1376000   260 9.85
-0.683 0.0384 38.23 72.60 102 94   900000 1376000   260 9.85
-0.672 0.0375 38.31 72.60 102 94   900000 1376000   260 9.85
-0.662 0.0386 38.38 72.60 102 94   900000 1376000   260 9.85
-0.651 0.0381 38.45 72.60 102 94   900000 1376000   260 9.85
-0.641 0.0380 38.52 72.60 102 94   900000 1376000   260 9.85
-0.630 0.0387 38.58 72.60 102 94   900000 1376000   260 9.85
-0.620 0.0393 38.63 72.60 102 94   900000 1376000   260 9.85
-0.609 0.0389 38.68 72.60 102 94   900000 1376000   260 9.85
-0.599 0.0391 38.72 72.60 102 94   900000 1376000   260 9.85
-0.588 0.0388 38.75 72.60 102 94   900000 1376000   260 9.85
-0.578 0.0392 38.77 72.60 102 94   900000 1376000   260 9.85
-0.567 0.0383 38.79 72.60 102 94   900000 1376000   260 9.85
-0.557 0.0386 38.79 72.60 102 94   900000 1376000   260 9.85
-0.546 0.0392 38.78 72.60 102 94   900000 1376000   260 9.85
-0.536 0.0393 38.76 72.60 102 94   900000 1376000   260 9.85
-0.525 0.0396 38.73 72.60 102 94   900000 1376000   260 9.85
-0.515 0.0384 38.69 72.60 102 94   900000 1376000   260 9.85
-0.504 0.0388 38.64 72.60 102 94   900000 1376000   260 9.85
-0.494 0.0382 38.58 72.60 102 94   900000 1376000   260 9.85
-0.483 0.0379 38.53 72.60 102 94   900000 1376000   260 9.85
-0.473 0.0381 38.47 72.60 102 94   900000 1376000   260 9.85
-0.462 0.0380 38.42 72.60 102 94   900000 1376000   260 9.85
-0.452 0.0389 38.38 72.60 102 94   900000 1376000   260 9.85
-0.441 0.0382 38.34 72.60 102 94   900000 1376000   260 9.85
-0.431 0.0383 38.31 72.60 102 94   900000 1376000   260 9.85
-0.420 0.0382 38.29 72.60 102 94   900000 1376000   260 9.85
-0.410 0.0385 38.29 72.60 102 94   900000 1376000   260 9.85
-0.399 0.0386 38.30 72.60 102 94   900000 1376000   260 9.85
-0.389 0.0377 38.32 72.60 102 94   900000 1376000   260 9.85
-0.378 0.0384 38.36 72.60 102 94   900000 1376000   260 9.85
-0.368 0.0385 38.41 72.60 102 94   900000 1376000   260 9.85
-0.357 0.0392 38.48 72.60 102 94   900000 1376000   260 9.85
-0.347 0.0382 38.56 72.60 102 94   900000 1376000   260 9.85
-0.336 0.0378 38.66 72.60 102 94   900000 1376000   260 9.85
-0.326 0.0392 38.77 72.60 102 94   900000 1376000   260 9.85
-0.315 0.0382 38.89 72.60 102 94   900000 1376000   260 9.85
-0.305 0.0391 39.02 72.60 102 94   900000 1376000   260 9.85
-0.294 0.0390 39.15 72.60 102 94   900000 1376000   260 9.85
-0.284 0.0399 39.28 72.60 102 94   900000 1376000   260 9.85
-0.273 0.0388 39.42 72.60 102 94   900000 1376000   260 9.85
-0.263 0.0396 39.55 72.60 102 94   900000 1376000   260 9.85
-0.252 0.0398 39.69 72.60 102 94   900000 1376000   260 9.85
-0.242 0.0392 39.82 72.60 102 94   900000 1376000   260 9.85
-0.231 0.0399 39.95 72.60 102 94   900000 1376000   260 9.85
-0.221 0.0400 40.06 72.60 102 94   900000 1376000   260 9.85
-0.210 0.0408 40.16 72.60 102 94   900000 1376000   260 9.85
-0.200 0.0407 40.23 72.60 102 94   900000 1376000   260 9.85
-0.189 0.0407 40.30 72.60 102 94   900000 1376000   260 9.85
-0.179 0.0406 40.34 72.60 102 94   900000 1376000   260 9.85
-0.168 0.0402 40.37 72.60 102 94   900000 1376000   260 9.85
-0.158 0.0400 40.39 72.60 102 94   900000 1376000   260 9.85
-0.147 0.0417 40.38 72.60 102 94   900000 1376000   260 9.85
-0.137 0.0390 40.37 72.60 102 94   900000 1376000   260 9.85
-0.126 0.0398 40.33 72.60 102 94   900000 1376000   260 9.85
-0.116 0.0414 40.26 72.60 102 94   900000 1376000   260 9.85
-0.105 0.0395 40.16 72.60 102 94   900000 1376000   260 9.85
-0.095 0.0397 40.02 72.60 102 94   900000 1376000   260 9.85
-0.084 0.0407 39.83 72.60 102 94   900000 1376000   260 9.85
-0.074 0.0386 39.58 72.60 102 94   900000 1376000   260 9.85
-0.063 0.0384 39.28 72.60 102 94   900000 1376000   260 9.85
-0.053 0.0396 38.93 72.60 102 94   900000 1376000   260 9.85
-0.042 0.0389 38.52 72.60 102 94   900000 1376000   260 9.85
-0.032 0.0379 38.08 72.60 102 94   900000 1376000   260 9.85
-0.021 0.0378 37.59 72.60 102 94   900000 1376000   260 9.85
-0.011 0.0381 37.08 72.60 102 94   900000 1376000   260 9.85
0.000 0.0381 36.54 72.60 102 94   900000 1376000   260 9.85
0.011 0.0384 35.98 72.60 102 94   900000 1376000   260 9.85
0.021 0.0356 35.41 72.60 102 94   900000 1376000   260 9.85
0.030 0.0359 34.83 72.60 102 94   900000 1376000   260 9.85
0.040 0.0343 34.25 72.60 102 94   900000 1376000   260 9.85
0.048 0.0332 33.67 72.60 102 94   900000 1376000   260 9.85
0.057 0.0320 33.11 72.60 102 94   900000 1376000   260 9.85
0.065 0.0316 32.57 72.60 102 94   900000 1376000   260 9.85
0.073 0.0296 32.05 72.60 102 94   900000 1376000   260 9.85
0.081 0.0301 31.57 72.60 102 94   900000 1376000   260 9.85
0.088 0.0306 31.12 72.60 102 94   900000 1376000   260 9.85
0.095 0.0297 30.72 72.60 102 94   900000 1376000   260 9.85
0.102 0.0307 30.38 72.60 102 94   900000 1376000   260 9.85
0.108 0.0301 30.08 72.60 102 94   900000 1376000   260 9.85
0.114 0.0307 29.85 72.60 102 94   900000 1376000   260 9.85
0.120 0.0307 29.67 72.60 102 94   900000 1376000   260 9.85
0.126 0.0287 29.54 72.60 102 94   900000 1376000   260 9.85
0.131 0.0296 29.45 72.60 102 94   900000 1376000   260 9.85
0.136 0.0303 29.41 72.60 102 94   900000 1376000   260 9.85
0.141 0.0272 29.40 72.60 102 94   900000 1376000   260 9.85
0.146 0.0297 29.42 72.60 102 94   900000 1376000   260 9.85
0.151 0.0305 29.44 72.60 102 94   900000 1376000   260 9.85
0.155 0.0298 29.47 72.60 102 94   900000 1376000   260 9.85
0.159 0.0288 29.49 72.60 102 94   900000 1376000   260 9.85
0.163 0.0311 29.52 72.60 102 94   900000 1376000   260 9.85
0.167 0.0291 29.54 72.60 102 94   900000 1376000   260 9.85
0.171 0.0286 29.57 72.60 102 94   900000 1376000   260 9.85
0.175 0.0315 29.60 72.60 102 94   900000 1376000   260 9.85
0.178 0.0293 29.64 72.60 102 94   900000 1376000   260 9.85
0.181 0.0302 29.68 72.60 102 94   900000 1376000   260 9.85
0.185 0.0300 29.72 72.60 102 94   900000 1376000   260 9.85
0.188 0.0300 29.78 72.60 102 94   900000 1376000   260 9.85
0.191 0.0265 29.84 72.60 102 94   900000 1376000   260 9.85
0.193 0.0312 29.91 72.60 102 94   900000 1376000   260 9.85
0.196 0.0299 29.98 72.60 102 94   900000 1376000   260 9.85
0.199 0.0303 30.05 72.60 102 94   900000 1376000   260 9.85
0.201 0.0299 30.12 72.60 102 94   900000 1376000   260 9.85
0.204 0.0304 30.19 72.60 102 94   900000 1376000   260 9.85
0.206 0.0293 30.25 72.60 102 94   900000 1376000   260 9.85
0.208 0.0297 30.33 72.60 102 94   900000 1376000   260 9.85
0.210 0.0318 30.40 72.60 102 94   900000 1376000   260 9.85
0.212 0.0308 30.47 72.60 102 94   900000 1376000   260 9.85
0.214 0.0311 30.55 72.60 102 94   900000 1376000   260 9.85
0.216 0.0311 30.61 72.60 102 94   900000 1376000   260 9.85
0.218 0.0300 30.68 72.60 102 94   900000 1376000   260 9.85
0.221 0.0312 30.74 72.60 102 94   900000 1376000   260 9.85
0.223 0.0299 30.79 72.60 102 94   900000 1376000   260 9.85
0.225 0.0298 30.84 72.60 102 94   900000 1376000   260 9.85
0.227 0.0311 30.87 72.60 102 94   900000 1376000   260 9.85
0.229 0.0328 30.90 72.60 102 94   900000 1376000   260 9.85
0.231 0.0328 30.92 72.60 102 94   900000 1376000   260 9.85
0.233 0.0293 30.94 72.60 102 94   900000 1376000   260 9.85
0.235 0.0295 30.94 72.60 102 94   900000 1376000   260 9.85
0.237 0.0310 30.95 72.60 102 94   900000 1376000   260 9.85
0.239 0.0282 30.95 72.60 102 94   900000 1376000   260 9.85
0.242 0.0352 30.94 72.60 102 94   900000 1376000   260 9.85
0.244 0.0315 30.93 72.60 102 94   900000 1376000   260 9.85
0.246 0.0287 30.92 72.60 102 94   900000 1376000   260 9.85
0.248 0.0312 30.90 72.60 102 94   900000 1376000   260 9.85
0.250 0.0309 30.88 72.60 102 94   900000 1376000   260 9.85
0.252 0.0290 30.85 72.60 102 94   900000 1376000   260 9.85
0.254 0.0320 30.82 72.60 102 94   900000 1376000   260 9.85
0.256 0.0340 30.78 72.60 102 94   900000 1376000   260 9.85
0.258 0.0288 30.74 72.60 102 94   900000 1376000   260 9.85
0.261 0.0308 30.69 72.60 102 94   900000 1376000   260 9.85
0.263 0.0297 30.63 72.60 102 94   900000 1376000   260 9.85
0.265 0.0322 30.57 72.60 102 94   900000 1376000   260 9.85
0.267 0.0301 30.50 72.60 102 94   900000 1376000   260 9.85
0.269 0.0309 30.45 72.60 102 94   900000 1376000   260 9.85
0.271 0.0312 30.42 72.60 102 94   900000 1376000   260 9.85
0.273 0.0292 30.41 72.60 102 94   900000 1376000   260 9.85
0.275 0.0310 30.43 72.60 102 94   900000 1376000   260 9.85
0.277 0.0303 30.47 72.60 102 94   900000 1376000   260 9.85
0.279 0.0299 30.55 72.60 102 94   900000 1376000   260 9.85
0.282 0.0305 30.66 72.60 102 94   900000 1376000   260 9.85
0.284 0.0315 30.80 72.60 102 94   900000 1376000   260 9.85
0.286 0.0303 30.96 72.60 102 94   900000 1376000   260 9.85
0.288 0.0305 31.14 72.60 102 94   900000 1376000   260 9.85
0.290 0.0309 31.34 72.60 102 94   900000 1376000   260 9.85
0.292 0.0280 31.56 72.60 102 94   900000 1376000   260 9.85
0.294 0.0329 31.79 72.60 102 94   900000 1376000   260 9.85
0.296 0.0324 32.03 72.60 102 94   900000 1376000   260 9.85
0.298 0.0329 32.28 72.60 102 94   900000 1376000   260 9.85
0.300 0.0307 32.52 72.60 102 94   900000 1376000   260 9.85
0.303 0.0313 32.75 72.60 102 94   900000 1376000   260 9.85
0.305 0.0353 32.96 72.60 102 94   900000 1376000   260 9.85
0.307 0.0369 33.15 72.60 102 94   900000 1376000   260 9.85
0.309 0.0357 33.30 72.60 102 94   900000 1376000   260 9.85
0.311 0.0327 33.41 72.60 102 94   900000 1376000   260 9.85
0.313 0.0338 33.48 72.60 102 94   900000 1376000   260 9.85
0.315 0.0328 33.51 72.60 102 94   900000 1376000   260 9.85
0.317 0.0317 33.53 72.60 102 94   900000 1376000   260 9.85
0.319 0.0349 33.52 72.60 102 94   900000 1376000   260 9.85
0.321 0.0322 33.51 72.60 102 94   900000 1376000   260 9.85
0.324 0.0366 33.49 72.60 102 94   900000 1376000   260 9.85
0.326 0.0322 33.47 72.60 102 94   900000 1376000   260 9.85
0.328 0.0362 33.45 72.60 102 94   900000 1376000   260 9.85
0.330 0.0326 33.44 72.60 102 94   900000 1376000   260 9.85
0.332 0.0307 33.44 72.60 102 94   900000 1376000   260 9.85
0.334 0.0326 33.46 72.60 102 94   900000 1376000   260 9.85
0.336 0.0343 33.50 72.60 102 94   900000 1376000   260 9.85
0.338 0.0339 33.57 72.60 102 94   900000 1376000   260 9.85
0.340 0.0320 33.66 72.60 102 94   900000 1376000   260 9.85
0.342 0.0300 33.77 72.60 102 94   900000 1376000   260 9.85
0.345 0.0336 33.91 72.60 102 94   900000 1376000   260 9.85
0.347 0.0325 34.07 72.60 102 94   900000 1376000   260 9.85
0.349 0.0350 34.26 72.60 102 94   900000 1376000   260 9.85
0.351 0.0375 34.47 72.60 102 94   900000 1376000   260 9.85
0.353 0.0377 34.70 72.60 102 94   900000 1376000   260 9.85
0.355 0.0361 34.94 72.60 102 94   900000 1376000   260 9.85
0.357 0.0368 35.18 72.60 102 94   900000 1376000   260 9.85
0.359 0.0331 35.44 72.60 102 94   900000 1376000   260 9.85
0.361 0.0354 35.69 72.60 102 94   900000 1376000   260 9.85
0.363 0.0345 35.94 72.60 102 94   900000 1376000   260 9.85
0.366 0.0368 36.18 72.60 102 94   900000 1376000   260 9.85
0.368 0.0347 36.39 72.60 102 94   900000 1376000   260 9.85
0.370 0.0370 36.58 72.60 102 94   900000 1376000   260 9.85
0.372 0.0387 36.76 72.60 102 94   900000 1376000   260 9.85
0.374 0.0356 36.93 72.60 102 94   900000 1376000   260 9.85
0.376 0.0356 37.09 72.60 102 94   900000 1376000   260 9.85
0.378 0.0388 37.25 72.60 102 94   900000 1376000   260 9.85
0.380 0.0383 37.41 72.60 102 94   900000 1376000   260 9.85
0.382 0.0362 37.58 72.60 102 94   900000 1376000   260 9.85
0.384 0.0389 37.77 72.60 102 94   900000 1376000   260 9.85
0.387 0.0413 37.99 72.60 102 94   900000 1376000   260 9.85
0.389 0.0371 38.22 72.60 102 94   900000 1376000   260 9.85
0.391 0.0360 38.46 72.60 102 94   900000 1376000   260 9.85
0.393 0.0367 38.70 72.60 102 94   900000 1376000   260 9.85
0.395 0.0393 38.90 72.60 102 94   900000 1376000   260 9.85
0.397 0.0382 39.07 72.60 102 94   900000 1376000   260 9.85
0.399 0.0407 39.21 72.60 102 94   900000 1376000   260 9.85
0.401 0.0377 39.32 72.60 102 94   900000 1376000   260 9.85
0.403 0.0410 39.42 72.60 102 94   900000 1376000   260 9.85
0.405 0.0369 39.51 72.60 102 94   900000 1376000   260 9.85
0.408 0.0429 39.60 72.60 102 94   900000 1376000   260 9.85
0.410 0.0433 39.69 72.60 102 94   900000 1376000   260 9.85
0.412 0.0384 39.79 72.60 102 94   900000 1376000   260 9.85
0.414 0.0405 39.88 72.60 102 94   900000 1376000   260 9.85
0.416 0.0379 39.98 72.60 102 94   900000 1376000   260 9.85
0.418 0.0415 40.07 72.60 102 94   900000 1376000   260 9.85
0.420 0.0396 40.16 72.60 102 94   900000 1376000   260 9.85
0.422 0.0424 40.25 72.60 102 94   900000 1376000   260 9.85
0.424 0.0420 40.34 72.60 102 94   900000 1376000   260 9.85
0.426 0.0390 40.42 72.60 102 94   900000 1376000   260 9.85
0.429 0.0325 40.48 72.60 102 94   900000 1376000   260 9.85
0.431 0.0393 40.54 72.60 102 94   900000 1376000   260 9.85
0.433 0.0414 40.57 72.60 102 94   900000 1376000   260 9.85
0.435 0.0408 40.61 72.60 102 94   900000 1376000   260 9.85
0.437 0.0414 40.64 72.60 102 94   900000 1376000   260 9.85
0.439 0.0457 40.68 72.60 102 94   900000 1376000   260 9.85
0.441 0.0413 40.72 72.60 102 94   900000 1376000   260 9.85
0.443 0.0392 40.75 72.60 102 94   900000 1376000   260 9.85
0.445 0.0409 40.78 72.60 102 94   900000 1376000   260 9.85
0.447 0.0427 40.79 72.60 102 94   900000 1376000   260 9.85
0.450 0.0375 40.79 72.60 102 94   900000 1376000   260 9.85
0.452 0.0418 40.77 72.60 102 94   900000 1376000   260 9.85
0.454 0.0429 40.73 72.60 102 94   900000 1376000   260 9.85
0.456 0.0390 40.67 72.60 102 94   900000 1376000   260 9.85
0.458 0.0412 40.59 72.60 102 94   900000 1376000   260 9.85
0.460 0.0403 40.49 72.60 102 94   900000 1376000   260 9.85
0.462 0.0429 40.39 72.60 102 94   900000 1376000   260 9.85
0.464 0.0375 40.27 72.60 102 94   900000 1376000   260 9.85
0.466 0.0402 40.14 72.60 102 94   900000 1376000   260 9.85
0.468 0.0390 40.01 72.60 102 94   900000 1376000   260 9.85
0.471 0.0393 39.89 72.60 102 94   900000 1376000   260 9.85
0.473 0.0417 39.78 72.60 102 94   900000 1376000   260 9.85
0.475 0.0391 39.69 72.60 102 94   900000 1376000   260 9.85
0.477 0.0406 39.63 72.60 102 94   900000 1376000   260 9.85
0.479 0.0370 39.58 72.60 102 94   900000 1376000   260 9.85
0.481 0.0399 39.53 72.60 102 94   900000 1376000   260 9.85
0.483 0.0400 39.49 72.60 102 94   900000 1376000   260 9.85
0.485 0.0383 39.46 72.60 102 94   900000 1376000   260 9.85
0.487 0.0401 39.43 72.60 102 94   900000 1376000   260 9.85
0.489 0.0391 39.43 72.60 102 94   900000 1376000   260 9.85
0.492 0.0401 39.45 72.60 102 94   900000 1376000   260 9.85
0.494 0.0435 39.48 72.60 102 94   900000 1376000   260 9.85
0.496 0.0351 39.52 72.60 102 94   900000 1376000   260 9.85
0.498 0.0423 39.58 72.60 102 94   900000 1376000   260 9.85
0.500 0.0377 39.65 72.60 102 94   900000 1376000   260 9.85
0.502 0.0391 39.72 72.60 102 94   900000 1376000   260 9.85
0.504 0.0404 39.80 72.60 102 94   900000 1376000   260 9.85
0.506 0.0407 39.89 72.60 102 94   900000 1376000   260 9.85
0.508 0.0386 39.99 72.60 102 94   900000 1376000   260 9.85
0.511 0.0391 40.11 72.60 102 94   900000 1376000   260 9.85
0.513 0.0415 40.23 72.60 102 94   900000 1376000   260 9.85
0.515 0.0403 40.36 72.60 102 94   900000 1376000   260 9.85
0.517 0.0405 40.50 72.60 102 94   900000 1376000   260 9.85
0.519 0.0388 40.64 72.60 102 94   900000 1376000   260 9.85
0.521 0.0428 40.78 72.60 102 94   900000 1376000   260 9.85
0.523 0.0393 40.92 72.60 102 94   900000 1376000   260 9.85
0.525 0.0465 41.06 72.60 102 94   900000 1376000   260 9.85
0.527 0.0368 41.21 72.60 102 94   900000 1376000   260 9.85
0.529 0.0421 41.36 72.60 102 94   900000 1376000   260 9.85
0.532 0.0431 41.52 72.60 102 94   900000 1376000   260 9.85
0.534 0.0386 41.68 72.60 102 94   900000 1376000   260 9.85
0.536 0.0412 41.84 72.60 102 94   900000 1376000   260 9.85
0.538 0.0457 42.02 72.60 102 94   900000 1376000   260 9.85
0.540 0.0418 42.19 72.60 102 94   900000 1376000   260 9.85
0.542 0.0419 42.36 72.60 102 94   900000 1376000   260 9.85
0.544 0.0426 42.54 72.60 102 94   900000 1376000   260 9.85
0.546 0.0431 42.72 72.60 102 94   900000 1376000   260 9.85
0.548 0.0423 42.89 72.60 102 94   900000 1376000   260 9.85
0.550 0.0433 43.05 72.60 102 94   900000 1376000   260 9.85
0.553 0.0427 43.19 72.60 102 94   900000 1376000   260 9.85
0.555 0.0400 43.34 72.60 102 94   900000 1376000   260 9.85
0.557 0.0454 43.48 72.60 102 94   900000 1376000   260 9.85
0.559 0.0425 43.62 72.60 102 94   900000 1376000   260 9.85
0.561 0.0436 43.77 72.60 102 94   900000 1376000   260 9.85
0.563 0.0460 43.92 72.60 102 94   900000 1376000   260 9.85
0.565 0.0468 44.08 72.60 102 94   900000 1376000   260 9.85
0.567 0.0454 44.24 72.60 102 94   900000 1376000   260 9.85
0.569 0.0417 44.40 72.60 102 94   900000 1376000   260 9.85
0.571 0.0443 44.57 72.60 102 94   900000 1376000   260 9.85
0.574 0.0473 44.75 72.60 102 94   900000 1376000   260 9.85
0.576 0.0438 44.95 72.60 102 94   900000 1376000   260 9.85
0.578 0.0470 45.17 72.60 102 94   900000 1376000   260 9.85
0.580 0.0398 45.39 72.60 102 94   900000 1376000   260 9.85
0.582 0.0459 45.62 72.60 102 94   900000 1376000   260 9.85
0.584 0.0473 45.86 72.60 102 94   900000 1376000   260 9.85
0.586 0.0457 46.10 72.60 102 94   900000 1376000   260 9.85
0.588 0.0418 46.35 72.60 102 94   900000 1376000   260 9.85
0.590 0.0490 46.60 72.60 102 94   900000 1376000   260 9.85
0.592 0.0492 46.85 72.60 102 94   900000 1376000   260 9.85
0.595 0.0487 47.11 72.60 102 94   900000 1376000   260 9.85
0.597 0.0461 47.39 72.60 102 94   900000 1376000   260 9.85
0.599 0.0494 47.68 72.60 102 94   900000 1376000   260 9.85
0.601 0.0442 47.99 72.60 102 94   900000 1376000   260 9.85
0.603 0.0479 48.32 72.60 102 94   900000 1376000   260 9.85
0.605 0.0491 48.65 72.60 102 94   900000 1376000   260 9.85
0.607 0.0514 48.99 72.60 102 94   900000 1376000   260 9.85
0.609 0.0501 49.31 72.60 102 94   900000 1376000   260 9.85
0.611 0.0506 49.62 72.60 102 94   900000 1376000   260 9.85
0.613 0.0491 49.93 72.60 102 94   900000 1376000   260 9.85
0.616 0.0499 50.22 72.60 102 94   900000 1376000   260 9.85
0.618 0.0479 50.49 72.60 102 94   900000 1376000   260 9.85
0.620 0.0521 50.74 72.60 102 94   900000 1376000   260 9.85
0.622 0.0490 50.98 72.60 102 94   900000 1376000   260 9.85
0.624 0.0524 51.21 72.60 102 94   900000 1376000   260 9.85
0.626 0.0516 51.44 72.60 102 94   900000 1376000   260 9.85
0.628 0.0519 51.67 72.60 102 94   900000 1376000   260 9.85
0.630 0.0506 51.90 72.60 102 94   900000 1376000   260 9.85
0.632 0.0516 52.13 72.60 102 94   900000 1376000   260 9.85
0.634 0.0571 52.34 72.60 102 94   900000 1376000   260 9.85
0.637 0.0527 52.56 72.60 102 94   900000 1376000   260 9.85
0.639 0.0525 52.76 72.60 102 94   900000 1376000   260 9.85
0.641 0.0525 52.97 72.60 102 94   900000 1376000   260 9.85
0.643 0.0521 53.18 72.60 102 94   900000 1376000   260 9.85
0.645 0.0542 53.40 72.60 102 94   900000 1376000   260 9.85
0.647 0.0510 53.62 72.60 102 94   900000 1376000   260 9.85
0.649 0.0548 53.85 72.60 102 94   900000 1376000   260 9.85
0.651 0.0533 54.07 72.60 102 94   900000 1376000   260 9.85
0.653 0.0572 54.30 72.60 102 94   900000 1376000   260 9.85
0.655 0.0523 54.53 72.60 102 94   900000 1376000   260 9.85
0.658 0.0508 54.75 72.60 102 94   900000 1376000   260 9.85
0.660 0.0574 54.99 72.60 102 94   900000 1376000   260 9.85
0.662 0.0590 55.24 72.60 102 94   900000 1376000   260 9.85
0.664 0.0554 55.52 72.60 102 94   900000 1376000   260 9.85
0.666 0.0546 55.82 72.60 102 94   900000 1376000   260 9.85
0.668 0.0547 56.14 72.60 102 94   900000 1376000   260 9.85
0.670 0.0540 56.48 72.60 102 94   900000 1376000   260 9.85
0.672 0.0574 56.83 72.60 102 94   900000 1376000   260 9.85
0.674 0.0598 57.20 72.60 102 94   900000 1376000   260 9.85
0.676 0.0589 57.57 72.60 102 94   900000 1376000   260 9.85
0.679 0.0573 57.94 72.60 102 94   900000 1376000   260 9.85
0.681 0.0576 58.31 72.60 102 94   900000 1376000   260 9.85
0.683 0.0558 58.67 72.60 102 94   900000 1376000   260 9.85
0.685 0.0608 59.03 72.60 102 94   900000 1376000   260 9.85
0.687 0.0616 59.38 72.60 102 94   900000 1376000   260 9.85
0.689 0.0541 59.72 72.60 102 94   900000 1376000   260 9.85
0.691 0.0630 60.04 72.60 102 94   900000 1376000   260 9.85
0.693 0.0601 60.35 72.60 102 94   900000 1376000   260 9.85
0.695 0.0598 60.64 72.60 102 94   900000 1376000   260 9.85
0.697 0.0628 60.91 72.60 102 94   900000 1376000   260 9.85
0.700 0.0611 61.15 72.60 102 94   900000 1376000   260 9.85
0.702 0.0643 61.37 72.60 102 94   900000 1376000   260 9.85
0.704 0.0609 61.57 72.60 102 94   900000 1376000   260 9.85
0.706 0.0608 61.75 72.60 102 94   900000 1376000   260 9.85
0.708 0.0602 61.91 72.60 102 94   900000 1376000   260 9.85
0.710 0.0629 62.05 72.60 102 94   900000 1376000   260 9.85
0.712 0.0654 62.18 72.60 102 94   900000 1376000   260 9.85
0.714 0.0595 62.30 72.60 102 94   900000 1376000   260 9.85
0.716 0.0636 62.41 72.60 102 94   900000 1376000   260 9.85
0.718 0.0604 62.51 72.60 102 94   900000 1376000   260 9.85
0.721 0.0661 62.59 72.60 102 94   900000 1376000   260 9.85
0.723 0.0595 62.65 72.60 102 94   900000 1376000   260 9.85
0.725 0.0636 62.71 72.60 102 94   900000 1376000   260 9.85
0.727 0.0615 62.77 72.60 102 94   900000 1376000   260 9.85
0.729 0.0624 62.82 72.60 102 94   900000 1376000   260 9.85
0.731 0.0612 62.88 72.60 102 94   900000 1376000   260 9.85
0.733 0.0658 62.94 72.60 102 94   900000 1376000   260 9.85
0.735 0.0605 63.00 72.60 102 94   900000 1376000   260 9.85
0.737 0.0653 63.08 72.60 102 94   900000 1376000   260 9.85
0.739 0.0630 63.15 72.60 102 94   900000 1376000   260 9.85
0.742 0.0641 63.23 72.60 102 94   900000 1376000   260 9.85
0.744 0.0624 63.30 72.60 102 94   900000 1376000   260 9.85
0.746 0.0643 63.37 72.60 102 94   900000 1376000   260 9.85
0.748 0.0643 63.43 72.60 102 94   900000 1376000   260 9.85
0.750 0.0626 63.49 72.60 102 94   900000 1376000   260 9.85
0.752 0.0620 63.55 72.60 102 94   900000 1376000   260 9.85
0.754 0.0638 63.59 72.60 102 94   900000 1376000   260 9.85
0.756 0.0627 63.63 72.60 102 94   900000 1376000   260 9.85
0.758 0.0654 63.67 72.60 102 94   900000 1376000   260 9.85
0.761 0.0631 63.69 72.60 102 94   900000 1376000   260 9.85
0.763 0.0649 63.71 72.60 102 94   900000 1376000   260 9.85
0.765 0.0625 63.74 72.60 102 94   900000 1376000   260 9.85
0.767 0.0634 63.76 72.60 102 94   900000 1376000   260 9.85
0.769 0.0655 63.79 72.60 102 94   900000 1376000   260 9.85
0.771 0.0626 63.84 72.60 102 94   900000 1376000   260 9.85
0.773 0.0667 63.89 72.60 102 94   900000 1376000   260 9.85
0.775 0.0612 63.96 72.60 102 94   900000 1376000   260 9.85
0.777 0.0641 64.03 72.60 102 94   900000 1376000   260 9.85
0.779 0.0630 64.10 72.60 102 94   900000 1376000   260 9.85
0.782 0.0660 64.18 72.60 102 94   900000 1376000   260 9.85
0.784 0.0628 64.27 72.60 102 94   900000 1376000   260 9.85
0.786 0.0645 64.35 72.60 102 94   900000 1376000   260 9.85
0.788 0.0662 64.43 72.60 102 94   900000 1376000   260 9.85
0.790 0.0621 64.51 72.60 102 94   900000 1376000   260 9.85
0.792 0.0634 64.59 72.60 102 94   900000 1376000   260 9.85
0.794 0.0659 64.67 72.60 102 94   900000 1376000   260 9.85
0.796 0.0667 64.75 72.60 102 94   900000 1376000   260 9.85
0.798 0.0643 64.83 72.60 102 94   900000 1376000   260 9.85
0.800 0.0627 64.90 72.60 102 94   900000 1376000   260 9.85
0.803 0.0671 64.98 72.60 102 94   900000 1376000   260 9.85
0.805 0.0671 65.04 72.60 102 94   900000 1376000   260 9.85
0.807 0.0624 65.10 72.60 102 94   900000 1376000   260 9.85
0.809 0.0662 65.15 72.60 102 94   900000 1376000   260 9.85
0.811 0.0660 65.19 72.60 102 94   900000 1376000   260 9.85
0.813 0.0639 65.22 72.60 102 94   900000 1376000   260 9.85
0.815 0.0649 65.25 72.60 102 94   900000 1376000   260 9.85
0.817 0.0666 65.26 72.60 102 94   900000 1376000   260 9.85
0.819 0.0644 65.28 72.60 102 94   900000 1376000   260 9.85
0.821 0.0669 65.30 72.60 102 94   900000 1376000   260 9.85
0.824 0.0634 65.33 72.60 102 94   900000 1376000   260 9.85
0.826 0.0663 65.36 72.60 102 94   900000 1376000   260 9.85
0.828 0.0643 65.40 72.60 102 94   900000 1376000   260 9.85
0.830 0.0663 65.43 72.60 102 94   900000 1376000   260 9.85
0.832 0.0652 65.47 72.60 102 94   900000 1376000   260 9.85
0.834 0.0640 65.52 72.60 102 94   900000 1376000   260 9.85
0.836 0.0656 65.57 72.60 102 94   900000 1376000   260 9.85
0.838 0.0685 65.62 72.60 102 94   900000 1376000   260 9.85
0.840 0.0632 65.67 72.60 102 94   900000 1376000   260 9.85
0.842 0.0658 65.71 72.60 102 94   900000 1376000   260 9.85
0.845 0.0657 65.75 72.60 102 94   900000 1376000   260 9.85
0.847 0.0664 65.79 72.60 102 94   900000 1376000   260 9.85
0.849 0.0636 65.82 72.60 102 94   900000 1376000   260 9.85
0.851 0.0683 65.84 72.60 102 94   900000 1376000   260 9.85
0.853 0.0649 65.85 72.60 102 94   900000 1376000   260 9.85
0.855 0.0688 65.86 72.60 102 94   900000 1376000   260 9.85
0.857 0.0653 65.85 72.60 102 94   900000 1376000   260 9.85
0.859 0.0648 65.85 72.60 102 94   900000 1376000   260 9.85
0.861 0.0684 65.83 72.60 102 94   900000 1376000   260 9.85
0.863 0.0630 65.81 72.60 102 94   900000 1376000   260 9.85
0.866 0.0643 65.79 72.60 102 94   900000 1376000   260 9.85
0.868 0.0671 65.77 72.60 102 94   900000 1376000   260 9.85
0.870 0.0663 65.76 72.60 102 94   900000 1376000   260 9.85
0.872 0.0679 65.75 72.60 102 94   900000 1376000   260 9.85
0.874 0.0627 65.73 72.60 102 94   900000 1376000   260 9.85
0.876 0.0650 65.71 72.60 102 94   900000 1376000   260 9.85
0.878 0.0656 65.70 72.60 102 94   900000 1376000   260 9.85
0.880 0.0668 65.70 72.60 102 94   900000 1376000   260 9.85
0.882 0.0661 65.70 72.60 102 94   900000 1376000   260 9.85
0.884 0.0641 65.70 72.60 102 94   900000 1376000   260 9.85
0.887 0.0664 65.70 72.60 102 94   900000 1376000   260 9.85
0.889 0.0669 65.70 72.60 102 94   900000 1376000   260 9.85
0.891 0.0620 65.70 72.60 102 94   900000 1376000   260 9.85
0.893 0.0688 65.69 72.60 102 94   900000 1376000   260 9.85
0.895 0.0642 65.67 72.60 102 94   900000 1376000   260 9.85
0.897 0.0660 65.65 72.60 102 94   900000 1376000   260 9.85
0.899 0.0687 65.62 72.60 102 94   900000 1376000   260 9.85
0.901 0.0645 65.58 72.60 102 94   900000 1376000   260 9.85
0.903 0.0655 65.53 72.60 102 94   900000 1376000   260 9.85
0.905 0.0671 65.48 72.60 102 94   900000 1376000   260 9.85
0.908 0.0651 65.43 72.60 102 94   900000 1376000   260 9.85
0.910 0.0621 65.37 72.60 102 94   900000 1376000   260 9.85
0.912 0.0667 65.31 72.60 102 94   900000 1376000   260 9.85
0.914 0.0641 65.25 72.60 102 94   900000 1376000   260 9.85
0.916 0.0676 65.17 72.60 102 94   900000 1376000   260 9.85
0.918 0.0677 65.10 72.60 102 94   900000 1376000   260 9.85
0.920 0.0618 65.04 72.60 102 94   900000 1376000   260 9.85
0.922 0.0646 64.99 72.60 102 94   900000 1376000   260 9.85
0.924 0.0625 64.95 72.60 102 94   900000 1376000   260 9.85
0.926 0.0658 64.94 72.60 102 94   900000 1376000   260 9.85
0.929 0.0666 64.95 72.60 102 94   900000 1376000   260 9.85
0.931 0.0647 64.98 72.60 102 94   900000 1376000   260 9.85
0.933 0.0650 65.04 72.60 102 94   900000 1376000   260 9.85
0.935 0.0655 65.12 72.60 102 94   900000 1376000   260 9.85
0.937 0.0653 65.23 72.60 102 94   900000 1376000   260 9.85
0.939 0.0647 65.35 72.60 102 94   900000 1376000   260 9.85
0.941 0.0657 65.50 72.60 102 94   900000 1376000   260 9.85
0.943 0.0655 65.65 72.60 102 94   900000 1376000   260 9.85
0.945 0.0655 65.81 72.60 102 94   900000 1376000   260 9.85
0.947 0.0650 65.98 72.60 102 94   900000 1376000   260 9.85
0.950 0.0662 66.16 72.60 102 94   900000 1376000   260 9.85
0.952 0.0663 66.36 72.60 102 94   900000 1376000   260 9.85
0.954 0.0668 66.58 72.60 102 94   900000 1376000   260 9.85
0.956 0.0662 66.83 72.60 102 94   900000 1376000   260 9.85
0.958 0.0694 67.08 72.60 102 94   900000 1376000   260 9.85
0.960 0.0687 67.35 72.60 102 94   900000 1376000   260 9.85
0.962 0.0691 67.63 72.60 102 94   900000 1376000   260 9.85
0.964 0.0647 67.91 72.60 102 94   900000 1376000   260 9.85
0.966 0.0685 68.20 72.60 102 94   900000 1376000   260 9.85
0.968 0.0682 68.52 72.60 102 94   900000 1376000   260 9.85
0.971 0.0688 68.84 72.60 102 94   900000 1376000   260 9.85
0.973 0.0706 69.18 72.60 102 94   900000 1376000   260 9.85
0.975 0.0674 69.53 72.60 102 94   900000 1376000   260 9.85
0.977 0.0693 69.90 72.60 102 94   900000 1376000   260 9.85
0.979 0.0713 70.28 72.60 102 94   900000 1376000   260 9.85
0.981 0.0695 70.69 72.60 102 94   900000 1376000   260 9.85
0.983 0.0719 71.13 72.60 102 94   900000 1376000   260 9.85
0.985 0.0705 71.60 72.60 102 94   900000 1376000   260 9.85
0.987 0.0742 72.09 72.60 102 94   900000 1376000   260 9.85
0.989 0.0737 72.61 72.60 102 94   900000 1376000   260 9.85
0.992 0.0731 73.16 72.60 102 94   900000 1376000   260 9.85
0.994 0.0710 73.71 72.60 102 94   900000 1376000   260 9.85
0.996 0.0750 74.26 72.60 102 94   900000 1376000   260 9.85
0.998 0.0702 74.82 72.60 102 94   900000 1376000   260 9.85
1.000 0.0767 75.36 72.60 102 94   900000 1376000   260 9.85
1.002 0.0758 75.87 72.60 102 94   900000 1376000   260 9.85
1.004 0.0774 76.36 72.60 102 94   900000 1376000   260 9.85
1.006 0.0763 76.81 72.60 102 94   900000 1376000   260 9.85
1.008 0.0810 77.22 72.60 102 94   900000 1376000   260 9.85
1.011 0.0743 77.61 72.60 102 94   900000 1376000   260 9.85
1.013 0.0774 77.95 72.60 102 94   900000 1376000   260 9.85
1.015 0.0803 78.26 72.60 102 94   900000 1376000   260 9.85
1.017 0.0808 78.52 72.60 102 94   900000 1376000   260 9.85
1.019 0.0806 78.74 72.60 102 94   900000 1376000   260 9.85
1.021 0.0792 78.90 72.60 102 94   900000 1376000   260 9.85
1.023 0.0770 79.01 72.60 102 94   900000 1376000   260 9.85
1.025 0.0782 79.06 72.60 102 94   900000 1376000   260 9.85
1.027 0.0801 79.03 72.60 102 94   900000 1376000   260 9.85
1.029 0.0771 78.94 72.60 102 94   900000 1376000   260 9.85
1.032 0.0794 78.79 72.60 102 94   900000 1376000   260 9.85
1.034 0.0790 78.57 72.60 102 94   900000 1376000   260 9.85
1.036 0.0771 78.30 72.60 102 94   900000 1376000   260 9.85
1.038 0.0798 77.97 72.60 102 94   900000 1376000   260 9.85
1.040 0.0772 77.62 72.60 102 94   900000 1376000   260 9.85
1.042 0.0755 77.23 72.60 102 94   900000 1376000   260 9.85
1.044 0.0783 76.81 72.60 102 94   900000 1376000   260 9.85
1.046 0.0772 76.38 72.60 102 94   900000 1376000   260 9.85
1.048 0.0777 75.93 72.60 102 94   900000 1376000   260 9.85
1.050 0.0764 75.47 72.60 102 94   900000 1376000   260 9.85
1.053 0.0721 74.99 72.60 102 94   900000 1376000   260 9.85
1.055 0.0759 74.51 72.60 102 94   900000 1376000   260 9.85
1.057 0.0730 74.02 72.60 102 94   900000 1376000   260 9.85
1.059 0.0717 73.53 72.60 102 94   900000 1376000   260 9.85
1.061 0.0744 73.04 72.60 102 94   900000 1376000   260 9.85
1.063 0.0727 72.55 72.60 102 94   900000 1376000   260 9.85
1.065 0.0693 72.06 72.60 102 94   900000 1376000   260 9.85
1.067 0.0714 71.57 72.60 102 94   900000 1376000   260 9.85
1.069 0.0745 71.10 72.60 102 94   900000 1376000   260 9.85
1.071 0.0693 70.64 72.60 102 94   900000 1376000   260 9.85
1.074 0.0696 70.21 72.60 102 94   900000 1376000   260 9.85
1.076 0.0682 69.78 72.60 102 94   900000 1376000   260 9.85
1.078 0.0700 69.36 72.60 102 94   900000 1376000   260 9.85
1.080 0.0714 68.95 72.60 102 94   900000 1376000   260 9.85
1.082 0.0661 68.56 72.60 102 94   900000 1376000   260 9.85
1.084 0.0678 68.17 72.60 102 94   900000 1376000   260 9.85
1.086 0.0713 67.79 72.60 102 94   900000 1376000   260 9.85
1.088 0.0652 67.41 72.60 102 94   900000 1376000   260 9.85
1.090 0.0675 67.03 72.60 102 94   900000 1376000   260 9.85
1.092 0.0659 66.66 72.60 102 94   900000 1376000   260 9.85
1.095 0.0671 66.29 72.60 102 94   900000 1376000   260 9.85
1.097 0.0677 65.93 72.60 102 94   900000 1376000   260 9.85
1.099 0.0654 65.58 72.60 102 94   900000 1376000   260 9.85
1.101 0.0634 65.26 72.60 102 94   900000 1376000   260 9.85
1.103 0.0655 64.96 72.60 102 94   900000 1376000   260 9.85
1.105 0.0659 64.68 72.60 102 94   900000 1376000   260 9.85
1.107 0.0638 64.43 72.60 102 94   900000 1376000   260 9.85
1.109 0.0629 64.20 72.60 102 94   900000 1376000   260 9.85
1.111 0.0655 63.99 72.60 102 94   900000 1376000   260 9.85
1.113 0.0616 63.81 72.60 102 94   900000 1376000   260 9.85
1.116 0.0618 63.65 72.60 102 94   900000 1376000   260 9.85
1.118 0.0652 63.51 72.60 102 94   900000 1376000   260 9.85
1.120 0.0636 63.40 72.60 102 94   900000 1376000   260 9.85
1.122 0.0645 63.31 72.60 102 94   900000 1376000   260 9.85
1.124 0.0624 63.24 72.60 102 94   900000 1376000   260 9.85
1.126 0.0607 63.19 72.60 102 94   900000 1376000   260 9.85
1.128 0.0631 63.16 72.60 102 94   900000 1376000   260 9.85
1.130 0.0667 63.14 72.60 102 94   900000 1376000   260 9.85
1.132 0.0625 63.15 72.60 102 94   900000 1376000   260 9.85
1.134 0.0639 63.17 72.60 102 94   900000 1376000   260 9.85
1.137 0.0625 63.21 72.60 102 94   900000 1376000   260 9.85
1.139 0.0615 63.26 72.60 102 94   900000 1376000   260 9.85
1.141 0.0664 63.32 72.60 102 94   900000 1376000   260 9.85
1.143 0.0648 63.37 72.60 102 94   900000 1376000   260 9.85
1.145 0.0597 63.42 72.60 102 94   900000 1376000   260 9.85
1.147 0.0642 63.48 72.60 102 94   900000 1376000   260 9.85
1.149 0.0628 63.54 72.60 102 94   900000 1376000   260 9.85
1.151 0.0631 63.59 72.60 102 94   900000 1376000   260 9.85
1.153 0.0649 63.63 72.60 102 94   900000 1376000   260 9.85
1.155 0.0651 63.67 72.60 102 94   900000 1376000   260 9.85
1.158 0.0603 63.71 72.60 102 94   900000 1376000   260 9.85
1.160 0.0642 63.75 72.60 102 94   900000 1376000   260 9.85
1.162 0.0656 63.78 72.60 102 94   900000 1376000   260 9.85
1.164 0.0641 63.82 72.60 102 94   900000 1376000   260 9.85
1.166 0.0614 63.84 72.60 102 94   900000 1376000   260 9.85
1.168 0.0662 63.86 72.60 102 94   900000 1376000   260 9.85
1.170 0.0672 63.89 72.60 102 94   900000 1376000   260 9.85
1.172 0.0621 63.92 72.60 102 94   900000 1376000   260 9.85
1.174 0.0627 63.95 72.60 102 94   900000 1376000   260 9.85
1.176 0.0642 63.98 72.60 102 94   900000 1376000   260 9.85
1.179 0.0635 64.01 72.60 102 94   900000 1376000   260 9.85
1.181 0.0615 64.03 72.60 102 94   900000 1376000   260 9.85
1.183 0.0667 64.05 72.60 102 94   900000 1376000   260 9.85
1.185 0.0654 64.07 72.60 102 94   900000 1376000   260 9.85
1.187 0.0660 64.09 72.60 102 94   900000 1376000   260 9.85
1.189 0.0588 64.12 72.60 102 94   900000 1376000   260 9.85
1.191 0.0643 64.15 72.60 102 94   900000 1376000   260 9.85
1.193 0.0636 64.19 72.60 102 94   900000 1376000   260 9.85
1.195 0.0672 64.25 72.60 102 94   900000 1376000   260 9.85
1.197 0.0629 64.31 72.60 102 94   900000 1376000   260 9.85
1.200 0.0663 64.40 72.60 102 94   900000 1376000   260 9.85
1.202 0.0628 64.49 72.60 102 94   900000 1376000   260 9.85
1.204 0.0626 64.59 72.60 102 94   900000 1376000   260 9.85
1.206 0.0662 64.69 72.60 102 94   900000 1376000   260 9.85
1.208 0.0651 64.80 72.60 102 94   900000 1376000   260 9.85
1.210 0.0697 64.89 72.60 102 94   900000 1376000   260 9.85
1.212 0.0590 64.97 72.60 102 94   900000 1376000   260 9.85
1.214 0.0652 65.04 72.60 102 94   900000 1376000   260 9.85
1.216 0.0666 65.09 72.60 102 94   900000 1376000   260 9.85
1.218 0.0633 65.12 72.60 102 94   900000 1376000   260 9.85
1.221 0.0672 65.15 72.60 102 94   900000 1376000   260 9.85
1.223 0.0634 65.17 72.60 102 94   900000 1376000   260 9.85
1.225 0.0680 65.18 72.60 102 94   900000 1376000   260 9.85
1.227 0.0660 65.19 72.60 102 94   900000 1376000   260 9.85
1.229 0.0649 65.21 72.60 102 94   900000 1376000   260 9.85
1.231 0.0629 65.24 72.60 102 94   900000 1376000   260 9.85
1.233 0.0669 65.28 72.60 102 94   900000 1376000   260 9.85
1.235 0.0698 65.34 72.60 102 94   900000 1376000   260 9.85
1.237 0.0651 65.43 72.60 102 94   900000 1376000   260 9.85
1.239 0.0581 65.54 72.60 102 94   900000 1376000   260 9.85
1.242 0.0679 65.65 72.60 102 94   900000 1376000   260 9.85
1.244 0.0667 65.77 72.60 102 94   900000 1376000   260 9.85
1.246 0.0632 65.88 72.60 102 94   900000 1376000   260 9.85
1.248 0.0654 66.00 72.60 102 94   900000 1376000   260 9.85
1.250 0.0656 66.11 72.60 102 94   900000 1376000   260 9.85
1.252 0.0665 66.23 72.60 102 94   900000 1376000   260 9.85
1.254 0.0655 66.33 72.60 102 94   900000 1376000   260 9.85
1.256 0.0691 66.43 72.60 102 94   900000 1376000   260 9.85
1.258 0.0644 66.53 72.60 102 94   900000 1376000   260 9.85
1.261 0.0677 66.62 72.60 102 94   900000 1376000   260 9.85
1.263 0.0675 66.72 72.60 102 94   900000 1376000   260 9.85
1.265 0.0681 66.80 72.60 102 94   900000 1376000   260 9.85
1.267 0.0715 66.89 72.60 102 94   900000 1376000   260 9.85
1.269 0.0656 66.98 72.60 102 94   900000 1376000   260 9.85
1.271 0.0659 67.05 72.60 102 94   900000 1376000   260 9.85
1.273 0.0670 67.11 72.60 102 94   900000 1376000   260 9.85
1.275 0.0681 67.15 72.60 102 94   900000 1376000   260 9.85
1.277 0.0661 67.15 72.60 102 94   900000 1376000   260 9.85
1.279 0.0646 67.12 72.60 102 94   900000 1376000   260 9.85
1.282 0.0640 67.04 72.60 102 94   900000 1376000   260 9.85
1.284 0.0687 66.94 72.60 102 94   900000 1376000   260 9.85
1.286 0.0677 66.82 72.60 102 94   900000 1376000   260 9.85
1.288 0.0689 66.70 72.60 102 94   900000 1376000   260 9.85
1.290 0.0676 66.58 72.60 102 94   900000 1376000   260 9.85
1.292 0.0624 66.46 72.60 102 94   900000 1376000   260 9.85
1.294 0.0639 66.36 72.60 102 94   900000 1376000   260 9.85
1.296 0.0747 66.30 72.60 102 94   900000 1376000   260 9.85
1.298 0.0631 66.26 72.60 102 94   900000 1376000   260 9.85
1.300 0.0673 66.26 72.60 102 94   900000 1376000   260 9.85
1.303 0.0688 66.29 72.60 102 94   900000 1376000   260 9.85
1.305 0.0648 66.36 72.60 102 94   900000 1376000   260 9.85
1.307 0.0694 66.44 72.60 102 94   900000 1376000   260 9.85
1.309 0.0616 66.52 72.60 102 94   900000 1376000   260 9.85
1.311 0.0651 66.59 72.60 102 94   900000 1376000   260 9.85
1.313 0.0638 66.64 72.60 102 94   900000 1376000   260 9.85
1.315 0.0641 66.67 72.60 102 94   900000 1376000   260 9.85
1.317 0.0680 66.68 72.60 102 94   900000 1376000   260 9.85
1.319 0.0662 66.69 72.60 102 94   900000 1376000   260 9.85
1.321 0.0669 66.70 72.60 102 94   900000 1376000   260 9.85
1.324 0.0700 66.71 72.60 102 94   900000 1376000   260 9.85
1.326 0.0691 66.72 72.60 102 94   900000 1376000   260 9.85
1.328 0.0639 66.73 72.60 102 94   900000 1376000   260 9.85
1.330 0.0704 66.75 72.60 102 94   900000 1376000   260 9.85
1.332 0.0678 66.76 72.60 102 94   900000 1376000   260 9.85
1.334 0.0669 66.77 72.60 102 94   900000 1376000   260 9.85
1.336 0.0699 66.78 72.60 102 94   900000 1376000   260 9.85
1.338 0.0677 66.79 72.60 102 94   900000 1376000   260 9.85
1.340 0.0631 66.80 72.60 102 94   900000 1376000   260 9.85
1.342 0.0658 66.78 72.60 102 94   900000 1376000   260 9.85
1.345 0.0684 66.74 72.60 102 94   900000 1376000   260 9.85
1.347 0.0594 66.68 72.60 102 94   900000 1376000   260 9.85
1.349 0.0651 66.60 72.60 102 94   900000 1376000   260 9.85
1.351 0.0680 66.51 72.60 102 94   900000 1376000   260 9.85
1.353 0.0683 66.44 72.60 102 94   900000 1376000   260 9.85
1.355 0.0668 66.38 72.60 102 94   900000 1376000   260 9.85
1.357 0.0699 66.35 72.60 102 94   900000 1376000   260 9.85
1.359 0.0642 66.36 72.60 102 94   900000 1376000   260 9.85
1.361 0.0659 66.40 72.60 102 94   900000 1376000   260 9.85
1.363 0.0671 66.47 72.60 102 94   900000 1376000   260 9.85
1.366 0.0635 66.56 72.60 102 94   900000 1376000   260 9.85
1.368 0.0707 66.68 72.60 102 94   900000 1376000   260 9.85
1.370 0.0692 66.82 72.60 102 94   900000 1376000   260 9.85
1.372 0.0630 66.98 72.60 102 94   900000 1376000   260 9.85
1.374 0.0689 67.16 72.60 102 94   900000 1376000   260 9.85
1.376 0.0672 67.34 72.60 102 94   900000 1376000   260 9.85
1.378 0.0657 67.50 72.60 102 94   900000 1376000   260 9.85
1.380 0.0668 67.63 72.60 102 94   900000 1376000   260 9.85
1.382 0.0644 67.73 72.60 102 94   900000 1376000   260 9.85
1.384 0.0680 67.80 72.60 102 94   900000 1376000   260 9.85
1.387 0.0707 67.84 72.60 102 94   900000 1376000   260 9.85
1.389 0.0669 67.86 72.60 102 94   900000 1376000   260 9.85
1.391 0.0705 67.85 72.60 102 94   900000 1376000   260 9.85
1.393 0.0666 67.81 72.60 102 94   900000 1376000   260 9.85
1.395 0.0666 67.76 72.60 102 94   900000 1376000   260 9.85
1.397 0.0709 67.68 72.60 102 94   900000 1376000   260 9.85
1.399 0.0671 67.58 72.60 102 94   900000 1376000   260 9.85
1.401 0.0666 67.47 72.60 102 94   900000 1376000   260 9.85
1.403 0.0722 67.36 72.60 102 94   900000 1376000   260 9.85
1.405 0.0689 67.23 72.60 102 94   900000 1376000   260 9.85
1.408 0.0675 67.11 72.60 102 94   900000 1376000   260 9.85
1.410 0.0684 66.98 72.60 102 94   900000 1376000   260 9.85
1.412 0.0642 66.85 72.60 102 94   900000 1376000   260 9.85
1.414 0.0661 66.72 72.60 102 94   900000 1376000   260 9.85
1.416 0.0574 66.59 72.60 102 94   900000 1376000   260 9.85
1.418 0.0676 66.48 72.60 102 94   900000 1376000   260 9.85
1.420 0.0681 66.38 72.60 102 94   900000 1376000   260 9.85
1.422 0.0682 66.31 72.60 102 94   900000 1376000   260 9.85
1.424 0.0632 66.29 72.60 102 94   900000 1376000   260 9.85
1.426 0.0673 66.30 72.60 102 94   900000 1376000   260 9.85
1.429 0.0669 66.35 72.60 102 94   900000 1376000   260 9.85
1.431 0.0640 66.43 72.60 102 94   900000 1376000   260 9.85
1.433 0.0674 66.54 72.60 102 94   900000 1376000   260 9.85
1.435 0.0696 66.66 72.60 102 94   900000 1376000   260 9.85
1.437 0.0702 66.81 72.60 102 94   900000 1376000   260 9.85
1.439 0.0660 66.97 72.60 102 94   900000 1376000   260 9.85
1.441 0.0635 67.13 72.60 102 94   900000 1376000   260 9.85
1.443 0.0671 67.29 72.60 102 94   900000 1376000   260 9.85
1.445 0.0668 67.44 72.60 102 94   900000 1376000   260 9.85
1.447 0.0705 67.55 72.60 102 94   900000 1376000   260 9.85
1.450 0.0642 67.64 72.60 102 94   900000 1376000   260 9.85
1.452 0.0703 67.69 72.60 102 94   900000 1376000   260 9.85
1.454 0.0686 67.70 72.60 102 94   900000 1376000   260 9.85
1.456 0.0666 67.70 72.60 102 94   900000 1376000   260 9.85
1.458 0.0692 67.68 72.60 102 94   900000 1376000   260 9.85
1.460 0.0690 67.66 72.60 102 94   900000 1376000   260 9.85
1.462 0.0643 67.63 72.60 102 94   900000 1376000   260 9.85
1.464 0.0711 67.61 72.60 102 94   900000 1376000   260 9.85
1.466 0.0651 67.58 72.60 102 94   900000 1376000   260 9.85
1.468 0.0665 67.54 72.60 102 94   900000 1376000   260 9.85
1.471 0.0685 67.50 72.60 102 94   900000 1376000   260 9.85
1.473 0.0670 67.47 72.60 102 94   900000 1376000   260 9.85
1.475 0.0662 67.45 72.60 102 94   900000 1376000   260 9.85
1.477 0.0735 67.43 72.60 102 94   900000 1376000   260 9.85
1.480 0.0657 67.41 72.60 102 94   900000 1376000   260 9.85
1.482 0.0636 67.39 72.60 102 94   900000 1376000   260 9.85
1.485 0.0664 67.37 72.60 102 94   900000 1376000   260 9.85
1.487 0.0673 67.36 72.60 102 94   900000 1376000   260 9.85
1.490 0.0697 67.35 72.60 102 94   900000 1376000   260 9.85
1.493 0.0651 67.36 72.60 102 94   900000 1376000   260 9.85
1.496 0.0678 67.36 72.60 102 94   900000 1376000   260 9.85
1.499 0.0669 67.37 72.60 102 94   900000 1376000   260 9.85
1.503 0.0700 67.38 72.60 102 94   900000 1376000   260 9.85
1.506 0.0663 67.38 72.60 102 94   900000 1376000   260 9.85
1.510 0.0665 67.38 72.60 102 94   900000 1376000   260 9.85
1.513 0.0684 67.37 72.60 102 94   900000 1376000   260 9.85
1.517 0.0674 67.36 72.60 102 94   900000 1376000   260 9.85
1.521 0.0692 67.34 72.60 102 94   900000 1376000   260 9.85
1.526 0.0657 67.32 72.60 102 94   900000 1376000   260 9.85
1.530 0.0678 67.30 72.60 102 94   900000 1376000   260 9.85
1.535 0.0683 67.26 72.60 102 94   900000 1376000   260 9.85
1.539 0.0651 67.23 72.60 102 94   900000 1376000   260 9.85
1.544 0.0682 67.19 72.60 102 94   900000 1376000   260 9.85
1.550 0.0664 67.13 72.60 102 94   900000 1376000   260 9.85
1.555 0.0676 67.07 72.60 102 94   900000 1376000   260 9.85
1.561 0.0662 67.00 72.60 102 94   900000 1376000   260 9.85
1.567 0.0658 66.92 72.60 102 94   900000 1376000   260 9.85
1.573 0.0684 66.85 72.60 102 94   900000 1376000   260 9.85
1.579 0.0669 66.77 72.60 102 94   900000 1376000   260 9.85
1.586 0.0664 66.69 72.60 102 94   900000 1376000   260 9.85
1.593 0.0669 66.61 72.60 102 94   900000 1376000   260 9.85
1.600 0.0667 66.52 72.60 102 94   900000 1376000   260 9.85
1.608 0.0656 66.42 72.60 102 94   900000 1376000   260 9.85
1.615 0.0671 66.31 72.60 102 94   900000 1376000   260 9.85
1.624 0.0663 66.18 72.60 102 94   900000 1376000   260 9.85
1.632 0.0667 66.03 72.60 102 94   900000 1376000   260 9.85
1.641 0.0656 65.88 72.60 102 94   900000 1376000   260 9.85
1.650 0.0667 65.71 72.60 102 94   900000 1376000   260 9.85
1.660 0.0663 65.53 72.60 102 94   900000 1376000   260 9.85
1.670 0.0656 65.36 72.60 102 94   900000 1376000   260 9.85
1.681 0.0661 65.19 72.60 102 94   900000 1376000   260 9.85
1.691 0.0649 65.05 72.60 102 94   900000 1376000   260 9.85
1.702 0.0665 64.95 72.60 102 94   900000 1376000   260 9.85
1.712 0.0652 64.89 72.60 102 94   900000 1376000   260 9.85
1.723 0.0647 64.91 72.60 102 94   900000 1376000   260 9.85
1.733 0.0657 65.02 72.60 102 94   900000 1376000   260 9.85
1.744 0.0670 65.24 72.60 102 94   900000 1376000   260 9.85
1.754 0.0646 65.61 72.60 102 94   900000 1376000   260 9.85
1.765 0.0657 66.16 72.60 102 94   900000 1376000   260 9.85
1.775 0.0659 66.90 72.60 102 94   900000 1376000   260 9.85
1.786 0.0665 67.86 72.60 102 94   900000 1376000   260 9.85
1.796 0.0681 69.07 72.60 102 94   900000 1376000   260 9.85
1.807 0.0684 70.52 72.60 102 94   900000 1376000   260 9.85
1.817 0.0699 72.22 72.60 102 94   900000 1376000   260 9.85
1.828 0.0725 74.16 72.60 102 94   900000 1376000   260 9.85
1.838 0.0739 76.34 72.60 102 94   900000 1376000   260 9.85
1.849 0.0768 78.72 72.60 102 94   900000 1376000   260 9.85
1.859 0.0784 81.28 72.60 102 94   900000 1376000   260 9.85
1.870 0.0805 83.99 72.60 102 94   900000 1376000   260 9.85
1.880 0.0850 86.80 72.60 102 94   900000 1376000   260 9.85
1.891 0.0886 89.67 72.60 102 94   900000 1376000   260 9.85
1.901 0.0906 92.54 72.60 102 94   900000 1376000   260 9.85
1.912 0.0953 95.37 72.60 102 94   900000 1376000   260 9.85
1.922 0.1000 98.10 72.60 102 94   900000 1376000   260 9.85
1.933 0.1029 100.67 72.60 102 94   900000 1376000   260 9.85
1.943 0.1067 103.03 72.60 102 94   900000 1376000   260 9.85
1.954 0.1097 105.13 72.60 102 94   900000 1376000   260 9.85
1.964 0.1124 106.93 72.60 102 94   900000 1376000   260 9.85
1.975 0.1135 108.39 72.60 102 94   900000 1376000   260 9.85
1.985 0.1116 109.50 72.60 102 94   900000 1376000   260 9.85
1.996 0.1146 110.25 72.60 102 94   900000 1376000   260 9.85
2.006 0.1149 110.67 72.60 102 94   900000 1376000   260 9.85
2.017 0.1146 110.78 72.60 102 94   900000 1376000   260 9.85
2.027 0.1160 110.61 72.60 102 94   900000 1376000   260 9.85
2.038 0.1148 110.19 72.60 102 94   900000 1376000   260 9.85
2.048 0.1142 109.55 72.60 102 94   900000 1376000   260 9.85
2.059 0.1134 108.78 72.60 102 94   900000 1376000   260 9.85
2.069 0.1123 108.06 72.60 102 94   900000 1376000   260 9.85
2.080 0.1099 108.60 72.60 102 94   900000 1376000   260 9.85
2.090 0.1108 112.21 72.60 102 94   900000 1376000   260 9.85
2.101 0.1104 117.41 72.60 102 94   900000 1376000   260 9.85
2.111 0.1108 123.17 72.60 102 94   900000 1376000   260 9.85
2.122 0.1106 129.04 72.60 102 94   900000 1376000   260 9.85
2.132 0.1140 134.83 72.60 102 94   900000 1376000   260 9.85
2.143 0.1166 140.49 72.60 102 94   900000 1376000   260 9.85
2.153 0.1204 146.01 72.60 102 94   900000 1376000   260 9.85
2.164 0.1290 151.43 72.60 102 94   900000 1376000   260 9.85
2.174 0.1360 156.78 72.60 102 94   900000 1376000   260 9.85
2.185 0.1460 162.09 72.60 102 94   900000 1376000   260 9.85
2.195 0.1560 167.39 72.60 102 94   900000 1376000   260 9.85
2.206 0.1693 172.73 72.60 102 94   900000 1376000   260 9.85
2.216 0.1811 178.11 72.60 102 94   900000 1376000   260 9.85
2.227 0.1956 183.57 72.60 102 94   900000 1376000   260 9.85
2.237 0.2219 189.12 72.60 102 94   900000 1376000   260 9.85
2.248 0.2529 194.76 72.60 102 94   900000 1376000   260 9.85
2.258 0.2807 200.50 72.60 102 94   900000 1376000   260 9.85
2.269 0.3264 206.32 72.60 102 94   900000 1376000   260 9.85
2.279 0.3696 212.21 72.60 102 94   900000 1376000   260 9.85
2.290 0.3982 218.16 72.60 102 94   900000 1376000   260 9.85
2.300 0.0000 224.11 72.60 102 94   900000 1376000   260 9.85
2.311 0.0000 230.03 72.60 102 94   900000 1376000   260 9.85
