     x     qy smooth tpara  cd  zL     xTr    xCpl frame tma
-1.375 0.1817 142.64 88.00  98 94   755000 1304000   270 10.07
-1.366 0.1306 134.26 88.00  98 94   755000 1304000   270 10.07
-1.357 0.1566 126.27 88.00  98 94   755000 1304000   270 10.07
-1.348 0.0994 118.68 88.00  98 94   755000 1304000   270 10.07
-1.339 0.1024 111.47 88.00  98 94   755000 1304000   270 10.07
-1.330 0.0903 104.64 88.00  98 94   755000 1304000   270 10.07
-1.321 0.0870 98.18 88.00  98 94   755000 1304000   270 10.07
-1.311 0.0801 92.08 88.00  98 94   755000 1304000   270 10.07
-1.302 0.0746 86.33 88.00  98 94   755000 1304000   270 10.07
-1.293 0.0711 80.93 88.00  98 94   755000 1304000   270 10.07
-1.284 0.0664 75.87 88.00  98 94   755000 1304000   270 10.07
-1.275 0.0622 71.17 88.00  98 94   755000 1304000   270 10.07
-1.266 0.0613 66.80 88.00  98 94   755000 1304000   270 10.07
-1.257 0.0585 62.78 88.00  98 94   755000 1304000   270 10.07
-1.248 0.0566 59.11 88.00  98 94   755000 1304000   270 10.07
-1.239 0.0542 55.80 88.00  98 94   755000 1304000   270 10.07
-1.230 0.0530 52.85 88.00  98 94   755000 1304000   270 10.07
-1.220 0.0506 50.28 88.00  98 94   755000 1304000   270 10.07
-1.211 0.0496 48.11 88.00  98 94   755000 1304000   270 10.07
-1.202 0.0496 46.35 88.00  98 94   755000 1304000   270 10.07
-1.193 0.0465 45.04 88.00  98 94   755000 1304000   270 10.07
-1.184 0.0456 44.17 88.00  98 94   755000 1304000   270 10.07
-1.175 0.0452 43.66 88.00  98 94   755000 1304000   270 10.07
-1.166 0.0437 43.19 88.00  98 94   755000 1304000   270 10.07
-1.157 0.0432 42.42 88.00  98 94   755000 1304000   270 10.07
-1.148 0.0421 41.64 88.00  98 94   755000 1304000   270 10.07
-1.138 0.0416 40.90 88.00  98 94   755000 1304000   270 10.07
-1.129 0.0405 40.19 88.00  98 94   755000 1304000   270 10.07
-1.120 0.0397 39.51 88.00  98 94   755000 1304000   270 10.07
-1.111 0.0394 38.87 88.00  98 94   755000 1304000   270 10.07
-1.102 0.0389 38.27 88.00  98 94   755000 1304000   270 10.07
-1.093 0.0376 37.72 88.00  98 94   755000 1304000   270 10.07
-1.084 0.0381 37.21 88.00  98 94   755000 1304000   270 10.07
-1.075 0.0374 36.75 88.00  98 94   755000 1304000   270 10.07
-1.066 0.0357 36.34 88.00  98 94   755000 1304000   270 10.07
-1.056 0.0352 35.98 88.00  98 94   755000 1304000   270 10.07
-1.047 0.0356 35.66 88.00  98 94   755000 1304000   270 10.07
-1.038 0.0340 35.38 88.00  98 94   755000 1304000   270 10.07
-1.029 0.0343 35.14 88.00  98 94   755000 1304000   270 10.07
-1.020 0.0346 34.95 88.00  98 94   755000 1304000   270 10.07
-1.011 0.0350 34.79 88.00  98 94   755000 1304000   270 10.07
-1.002 0.0347 34.68 88.00  98 94   755000 1304000   270 10.07
-0.993 0.0343 34.60 88.00  98 94   755000 1304000   270 10.07
-0.984 0.0356 34.56 88.00  98 94   755000 1304000   270 10.07
-0.974 0.0348 34.56 88.00  98 94   755000 1304000   270 10.07
-0.965 0.0350 34.58 88.00  98 94   755000 1304000   270 10.07
-0.956 0.0349 34.63 88.00  98 94   755000 1304000   270 10.07
-0.947 0.0348 34.69 88.00  98 94   755000 1304000   270 10.07
-0.938 0.0349 34.77 88.00  98 94   755000 1304000   270 10.07
-0.929 0.0348 34.86 88.00  98 94   755000 1304000   270 10.07
-0.920 0.0349 34.96 88.00  98 94   755000 1304000   270 10.07
-0.911 0.0349 35.05 88.00  98 94   755000 1304000   270 10.07
-0.902 0.0350 35.15 88.00  98 94   755000 1304000   270 10.07
-0.893 0.0356 35.25 88.00  98 94   755000 1304000   270 10.07
-0.883 0.0348 35.35 88.00  98 94   755000 1304000   270 10.07
-0.874 0.0355 35.45 88.00  98 94   755000 1304000   270 10.07
-0.865 0.0359 35.55 88.00  98 94   755000 1304000   270 10.07
-0.856 0.0360 35.66 88.00  98 94   755000 1304000   270 10.07
-0.847 0.0361 35.77 88.00  98 94   755000 1304000   270 10.07
-0.838 0.0358 35.90 88.00  98 94   755000 1304000   270 10.07
-0.829 0.0359 36.03 88.00  98 94   755000 1304000   270 10.07
-0.820 0.0360 36.17 88.00  98 94   755000 1304000   270 10.07
-0.811 0.0357 36.31 88.00  98 94   755000 1304000   270 10.07
-0.801 0.0366 36.44 88.00  98 94   755000 1304000   270 10.07
-0.792 0.0358 36.58 88.00  98 94   755000 1304000   270 10.07
-0.783 0.0368 36.71 88.00  98 94   755000 1304000   270 10.07
-0.774 0.0366 36.82 88.00  98 94   755000 1304000   270 10.07
-0.765 0.0373 36.93 88.00  98 94   755000 1304000   270 10.07
-0.756 0.0375 37.03 88.00  98 94   755000 1304000   270 10.07
-0.747 0.0374 37.11 88.00  98 94   755000 1304000   270 10.07
-0.738 0.0371 37.18 88.00  98 94   755000 1304000   270 10.07
-0.729 0.0377 37.23 88.00  98 94   755000 1304000   270 10.07
-0.719 0.0369 37.27 88.00  98 94   755000 1304000   270 10.07
-0.710 0.0383 37.30 88.00  98 94   755000 1304000   270 10.07
-0.701 0.0371 37.31 88.00  98 94   755000 1304000   270 10.07
-0.692 0.0375 37.32 88.00  98 94   755000 1304000   270 10.07
-0.683 0.0372 37.32 88.00  98 94   755000 1304000   270 10.07
-0.674 0.0377 37.31 88.00  98 94   755000 1304000   270 10.07
-0.665 0.0374 37.28 88.00  98 94   755000 1304000   270 10.07
-0.656 0.0365 37.24 88.00  98 94   755000 1304000   270 10.07
-0.647 0.0372 37.19 88.00  98 94   755000 1304000   270 10.07
-0.638 0.0375 37.11 88.00  98 94   755000 1304000   270 10.07
-0.628 0.0365 37.01 88.00  98 94   755000 1304000   270 10.07
-0.619 0.0370 36.90 88.00  98 94   755000 1304000   270 10.07
-0.610 0.0364 36.78 88.00  98 94   755000 1304000   270 10.07
-0.601 0.0364 36.65 88.00  98 94   755000 1304000   270 10.07
-0.592 0.0370 36.53 88.00  98 94   755000 1304000   270 10.07
-0.583 0.0361 36.42 88.00  98 94   755000 1304000   270 10.07
-0.574 0.0361 36.32 88.00  98 94   755000 1304000   270 10.07
-0.565 0.0368 36.24 88.00  98 94   755000 1304000   270 10.07
-0.556 0.0375 36.18 88.00  98 94   755000 1304000   270 10.07
-0.546 0.0365 36.13 88.00  98 94   755000 1304000   270 10.07
-0.537 0.0365 36.10 88.00  98 94   755000 1304000   270 10.07
-0.528 0.0368 36.09 88.00  98 94   755000 1304000   270 10.07
-0.519 0.0350 36.09 88.00  98 94   755000 1304000   270 10.07
-0.510 0.0352 36.10 88.00  98 94   755000 1304000   270 10.07
-0.501 0.0351 36.12 88.00  98 94   755000 1304000   270 10.07
-0.492 0.0342 36.14 88.00  98 94   755000 1304000   270 10.07
-0.483 0.0350 36.17 88.00  98 94   755000 1304000   270 10.07
-0.474 0.0352 36.20 88.00  98 94   755000 1304000   270 10.07
-0.464 0.0369 36.24 88.00  98 94   755000 1304000   270 10.07
-0.455 0.0376 36.28 88.00  98 94   755000 1304000   270 10.07
-0.446 0.0368 36.32 88.00  98 94   755000 1304000   270 10.07
-0.437 0.0383 36.37 88.00  98 94   755000 1304000   270 10.07
-0.428 0.0378 36.43 88.00  98 94   755000 1304000   270 10.07
-0.419 0.0362 36.49 88.00  98 94   755000 1304000   270 10.07
-0.410 0.0367 36.56 88.00  98 94   755000 1304000   270 10.07
-0.401 0.0361 36.64 88.00  98 94   755000 1304000   270 10.07
-0.392 0.0370 36.71 88.00  98 94   755000 1304000   270 10.07
-0.383 0.0364 36.78 88.00  98 94   755000 1304000   270 10.07
-0.373 0.0371 36.84 88.00  98 94   755000 1304000   270 10.07
-0.364 0.0359 36.89 88.00  98 94   755000 1304000   270 10.07
-0.355 0.0370 36.92 88.00  98 94   755000 1304000   270 10.07
-0.346 0.0364 36.94 88.00  98 94   755000 1304000   270 10.07
-0.337 0.0361 36.94 88.00  98 94   755000 1304000   270 10.07
-0.328 0.0373 36.94 88.00  98 94   755000 1304000   270 10.07
-0.319 0.0372 36.95 88.00  98 94   755000 1304000   270 10.07
-0.310 0.0373 36.95 88.00  98 94   755000 1304000   270 10.07
-0.301 0.0371 36.97 88.00  98 94   755000 1304000   270 10.07
-0.291 0.0370 37.01 88.00  98 94   755000 1304000   270 10.07
-0.282 0.0367 37.05 88.00  98 94   755000 1304000   270 10.07
-0.273 0.0376 37.11 88.00  98 94   755000 1304000   270 10.07
-0.264 0.0378 37.17 88.00  98 94   755000 1304000   270 10.07
-0.255 0.0374 37.23 88.00  98 94   755000 1304000   270 10.07
-0.246 0.0376 37.29 88.00  98 94   755000 1304000   270 10.07
-0.237 0.0367 37.35 88.00  98 94   755000 1304000   270 10.07
-0.228 0.0376 37.42 88.00  98 94   755000 1304000   270 10.07
-0.219 0.0367 37.48 88.00  98 94   755000 1304000   270 10.07
-0.209 0.0370 37.56 88.00  98 94   755000 1304000   270 10.07
-0.200 0.0376 37.64 88.00  98 94   755000 1304000   270 10.07
-0.191 0.0378 37.74 88.00  98 94   755000 1304000   270 10.07
-0.182 0.0370 37.84 88.00  98 94   755000 1304000   270 10.07
-0.173 0.0384 37.95 88.00  98 94   755000 1304000   270 10.07
-0.164 0.0380 38.07 88.00  98 94   755000 1304000   270 10.07
-0.155 0.0386 38.19 88.00  98 94   755000 1304000   270 10.07
-0.146 0.0378 38.30 88.00  98 94   755000 1304000   270 10.07
-0.137 0.0371 38.39 88.00  98 94   755000 1304000   270 10.07
-0.128 0.0387 38.46 88.00  98 94   755000 1304000   270 10.07
-0.118 0.0381 38.49 88.00  98 94   755000 1304000   270 10.07
-0.109 0.0383 38.48 88.00  98 94   755000 1304000   270 10.07
-0.100 0.0390 38.42 88.00  98 94   755000 1304000   270 10.07
-0.091 0.0381 38.30 88.00  98 94   755000 1304000   270 10.07
-0.082 0.0392 38.13 88.00  98 94   755000 1304000   270 10.07
-0.073 0.0381 37.89 88.00  98 94   755000 1304000   270 10.07
-0.064 0.0386 37.59 88.00  98 94   755000 1304000   270 10.07
-0.055 0.0385 37.23 88.00  98 94   755000 1304000   270 10.07
-0.046 0.0366 36.81 88.00  98 94   755000 1304000   270 10.07
-0.036 0.0385 36.33 88.00  98 94   755000 1304000   270 10.07
-0.027 0.0364 35.80 88.00  98 94   755000 1304000   270 10.07
-0.018 0.0361 35.22 88.00  98 94   755000 1304000   270 10.07
-0.009 0.0345 34.61 88.00  98 94   755000 1304000   270 10.07
0.000 0.0342 33.97 88.00  98 94   755000 1304000   270 10.07
0.009 0.0327 33.31 88.00  98 94   755000 1304000   270 10.07
0.018 0.0322 32.64 88.00  98 94   755000 1304000   270 10.07
0.027 0.0299 31.98 88.00  98 94   755000 1304000   270 10.07
0.036 0.0319 31.32 88.00  98 94   755000 1304000   270 10.07
0.046 0.0300 30.70 88.00  98 94   755000 1304000   270 10.07
0.055 0.0303 30.11 88.00  98 94   755000 1304000   270 10.07
0.064 0.0300 29.58 88.00  98 94   755000 1304000   270 10.07
0.073 0.0279 29.11 88.00  98 94   755000 1304000   270 10.07
0.082 0.0281 28.70 88.00  98 94   755000 1304000   270 10.07
0.091 0.0281 28.36 88.00  98 94   755000 1304000   270 10.07
0.100 0.0276 28.10 88.00  98 94   755000 1304000   270 10.07
0.109 0.0277 27.92 88.00  98 94   755000 1304000   270 10.07
0.118 0.0272 27.80 88.00  98 94   755000 1304000   270 10.07
0.128 0.0270 27.75 88.00  98 94   755000 1304000   270 10.07
0.137 0.0277 27.77 88.00  98 94   755000 1304000   270 10.07
0.146 0.0284 27.83 88.00  98 94   755000 1304000   270 10.07
0.155 0.0279 27.94 88.00  98 94   755000 1304000   270 10.07
0.164 0.0270 28.08 88.00  98 94   755000 1304000   270 10.07
0.173 0.0285 28.25 88.00  98 94   755000 1304000   270 10.07
0.182 0.0286 28.44 88.00  98 94   755000 1304000   270 10.07
0.191 0.0297 28.65 88.00  98 94   755000 1304000   270 10.07
0.200 0.0281 28.88 88.00  98 94   755000 1304000   270 10.07
0.209 0.0295 29.11 88.00  98 94   755000 1304000   270 10.07
0.219 0.0294 29.34 88.00  98 94   755000 1304000   270 10.07
0.228 0.0302 29.57 88.00  98 94   755000 1304000   270 10.07
0.237 0.0300 29.80 88.00  98 94   755000 1304000   270 10.07
0.246 0.0313 30.02 88.00  98 94   755000 1304000   270 10.07
0.255 0.0299 30.23 88.00  98 94   755000 1304000   270 10.07
0.264 0.0318 30.43 88.00  98 94   755000 1304000   270 10.07
0.273 0.0298 30.61 88.00  98 94   755000 1304000   270 10.07
0.282 0.0307 30.79 88.00  98 94   755000 1304000   270 10.07
0.290 0.0310 30.95 88.00  98 94   755000 1304000   270 10.07
0.298 0.0309 31.11 88.00  98 94   755000 1304000   270 10.07
0.306 0.0309 31.26 88.00  98 94   755000 1304000   270 10.07
0.314 0.0314 31.39 88.00  98 94   755000 1304000   270 10.07
0.321 0.0315 31.53 88.00  98 94   755000 1304000   270 10.07
0.328 0.0307 31.65 88.00  98 94   755000 1304000   270 10.07
0.334 0.0333 31.78 88.00  98 94   755000 1304000   270 10.07
0.340 0.0315 31.90 88.00  98 94   755000 1304000   270 10.07
0.346 0.0326 32.02 88.00  98 94   755000 1304000   270 10.07
0.352 0.0317 32.15 88.00  98 94   755000 1304000   270 10.07
0.358 0.0312 32.29 88.00  98 94   755000 1304000   270 10.07
0.363 0.0327 32.43 88.00  98 94   755000 1304000   270 10.07
0.368 0.0343 32.59 88.00  98 94   755000 1304000   270 10.07
0.373 0.0326 32.77 88.00  98 94   755000 1304000   270 10.07
0.378 0.0329 32.96 88.00  98 94   755000 1304000   270 10.07
0.382 0.0324 33.16 88.00  98 94   755000 1304000   270 10.07
0.387 0.0332 33.38 88.00  98 94   755000 1304000   270 10.07
0.391 0.0351 33.61 88.00  98 94   755000 1304000   270 10.07
0.395 0.0317 33.85 88.00  98 94   755000 1304000   270 10.07
0.399 0.0339 34.09 88.00  98 94   755000 1304000   270 10.07
0.402 0.0345 34.32 88.00  98 94   755000 1304000   270 10.07
0.406 0.0340 34.54 88.00  98 94   755000 1304000   270 10.07
0.409 0.0343 34.77 88.00  98 94   755000 1304000   270 10.07
0.412 0.0352 35.00 88.00  98 94   755000 1304000   270 10.07
0.416 0.0347 35.23 88.00  98 94   755000 1304000   270 10.07
0.419 0.0356 35.45 88.00  98 94   755000 1304000   270 10.07
0.421 0.0362 35.67 88.00  98 94   755000 1304000   270 10.07
0.424 0.0361 35.88 88.00  98 94   755000 1304000   270 10.07
0.427 0.0366 36.08 88.00  98 94   755000 1304000   270 10.07
0.429 0.0383 36.26 88.00  98 94   755000 1304000   270 10.07
0.432 0.0350 36.42 88.00  98 94   755000 1304000   270 10.07
0.434 0.0385 36.56 88.00  98 94   755000 1304000   270 10.07
0.436 0.0368 36.69 88.00  98 94   755000 1304000   270 10.07
0.439 0.0361 36.80 88.00  98 94   755000 1304000   270 10.07
0.441 0.0375 36.91 88.00  98 94   755000 1304000   270 10.07
0.443 0.0333 37.00 88.00  98 94   755000 1304000   270 10.07
0.444 0.0405 37.09 88.00  98 94   755000 1304000   270 10.07
0.446 0.0336 37.16 88.00  98 94   755000 1304000   270 10.07
0.448 0.0367 37.23 88.00  98 94   755000 1304000   270 10.07
0.450 0.0389 37.27 88.00  98 94   755000 1304000   270 10.07
0.452 0.0390 37.30 88.00  98 94   755000 1304000   270 10.07
0.454 0.0393 37.31 88.00  98 94   755000 1304000   270 10.07
0.455 0.0362 37.31 88.00  98 94   755000 1304000   270 10.07
0.457 0.0346 37.28 88.00  98 94   755000 1304000   270 10.07
0.459 0.0376 37.25 88.00  98 94   755000 1304000   270 10.07
0.461 0.0349 37.20 88.00  98 94   755000 1304000   270 10.07
0.463 0.0374 37.15 88.00  98 94   755000 1304000   270 10.07
0.464 0.0410 37.08 88.00  98 94   755000 1304000   270 10.07
0.466 0.0362 37.00 88.00  98 94   755000 1304000   270 10.07
0.468 0.0370 36.92 88.00  98 94   755000 1304000   270 10.07
0.470 0.0375 36.84 88.00  98 94   755000 1304000   270 10.07
0.472 0.0396 36.77 88.00  98 94   755000 1304000   270 10.07
0.474 0.0380 36.70 88.00  98 94   755000 1304000   270 10.07
0.475 0.0361 36.65 88.00  98 94   755000 1304000   270 10.07
0.477 0.0342 36.62 88.00  98 94   755000 1304000   270 10.07
0.479 0.0352 36.60 88.00  98 94   755000 1304000   270 10.07
0.481 0.0345 36.60 88.00  98 94   755000 1304000   270 10.07
0.483 0.0360 36.61 88.00  98 94   755000 1304000   270 10.07
0.485 0.0370 36.63 88.00  98 94   755000 1304000   270 10.07
0.486 0.0355 36.68 88.00  98 94   755000 1304000   270 10.07
0.488 0.0376 36.73 88.00  98 94   755000 1304000   270 10.07
0.490 0.0357 36.79 88.00  98 94   755000 1304000   270 10.07
0.492 0.0392 36.86 88.00  98 94   755000 1304000   270 10.07
0.494 0.0365 36.93 88.00  98 94   755000 1304000   270 10.07
0.495 0.0355 37.01 88.00  98 94   755000 1304000   270 10.07
0.497 0.0378 37.10 88.00  98 94   755000 1304000   270 10.07
0.499 0.0361 37.20 88.00  98 94   755000 1304000   270 10.07
0.501 0.0402 37.30 88.00  98 94   755000 1304000   270 10.07
0.503 0.0396 37.40 88.00  98 94   755000 1304000   270 10.07
0.505 0.0380 37.51 88.00  98 94   755000 1304000   270 10.07
0.506 0.0373 37.61 88.00  98 94   755000 1304000   270 10.07
0.508 0.0358 37.71 88.00  98 94   755000 1304000   270 10.07
0.510 0.0411 37.80 88.00  98 94   755000 1304000   270 10.07
0.512 0.0344 37.89 88.00  98 94   755000 1304000   270 10.07
0.514 0.0372 37.98 88.00  98 94   755000 1304000   270 10.07
0.515 0.0376 38.06 88.00  98 94   755000 1304000   270 10.07
0.517 0.0405 38.15 88.00  98 94   755000 1304000   270 10.07
0.519 0.0379 38.24 88.00  98 94   755000 1304000   270 10.07
0.521 0.0383 38.36 88.00  98 94   755000 1304000   270 10.07
0.523 0.0344 38.48 88.00  98 94   755000 1304000   270 10.07
0.525 0.0405 38.61 88.00  98 94   755000 1304000   270 10.07
0.526 0.0376 38.75 88.00  98 94   755000 1304000   270 10.07
0.528 0.0394 38.91 88.00  98 94   755000 1304000   270 10.07
0.530 0.0388 39.08 88.00  98 94   755000 1304000   270 10.07
0.532 0.0406 39.27 88.00  98 94   755000 1304000   270 10.07
0.534 0.0382 39.45 88.00  98 94   755000 1304000   270 10.07
0.536 0.0412 39.64 88.00  98 94   755000 1304000   270 10.07
0.537 0.0417 39.83 88.00  98 94   755000 1304000   270 10.07
0.539 0.0415 40.00 88.00  98 94   755000 1304000   270 10.07
0.541 0.0393 40.16 88.00  98 94   755000 1304000   270 10.07
0.543 0.0380 40.31 88.00  98 94   755000 1304000   270 10.07
0.545 0.0402 40.46 88.00  98 94   755000 1304000   270 10.07
0.546 0.0416 40.62 88.00  98 94   755000 1304000   270 10.07
0.548 0.0397 40.78 88.00  98 94   755000 1304000   270 10.07
0.550 0.0407 40.96 88.00  98 94   755000 1304000   270 10.07
0.552 0.0428 41.15 88.00  98 94   755000 1304000   270 10.07
0.554 0.0421 41.34 88.00  98 94   755000 1304000   270 10.07
0.556 0.0426 41.53 88.00  98 94   755000 1304000   270 10.07
0.557 0.0392 41.73 88.00  98 94   755000 1304000   270 10.07
0.559 0.0399 41.92 88.00  98 94   755000 1304000   270 10.07
0.561 0.0443 42.13 88.00  98 94   755000 1304000   270 10.07
0.563 0.0438 42.35 88.00  98 94   755000 1304000   270 10.07
0.565 0.0416 42.60 88.00  98 94   755000 1304000   270 10.07
0.566 0.0381 42.87 88.00  98 94   755000 1304000   270 10.07
0.568 0.0431 43.16 88.00  98 94   755000 1304000   270 10.07
0.570 0.0433 43.47 88.00  98 94   755000 1304000   270 10.07
0.572 0.0458 43.79 88.00  98 94   755000 1304000   270 10.07
0.574 0.0457 44.12 88.00  98 94   755000 1304000   270 10.07
0.576 0.0472 44.44 88.00  98 94   755000 1304000   270 10.07
0.577 0.0439 44.75 88.00  98 94   755000 1304000   270 10.07
0.579 0.0447 45.04 88.00  98 94   755000 1304000   270 10.07
0.581 0.0449 45.30 88.00  98 94   755000 1304000   270 10.07
0.583 0.0460 45.55 88.00  98 94   755000 1304000   270 10.07
0.585 0.0431 45.78 88.00  98 94   755000 1304000   270 10.07
0.587 0.0433 45.98 88.00  98 94   755000 1304000   270 10.07
0.588 0.0470 46.16 88.00  98 94   755000 1304000   270 10.07
0.590 0.0465 46.32 88.00  98 94   755000 1304000   270 10.07
0.592 0.0498 46.45 88.00  98 94   755000 1304000   270 10.07
0.594 0.0465 46.56 88.00  98 94   755000 1304000   270 10.07
0.596 0.0497 46.67 88.00  98 94   755000 1304000   270 10.07
0.597 0.0483 46.77 88.00  98 94   755000 1304000   270 10.07
0.599 0.0478 46.87 88.00  98 94   755000 1304000   270 10.07
0.601 0.0459 46.96 88.00  98 94   755000 1304000   270 10.07
0.603 0.0439 47.05 88.00  98 94   755000 1304000   270 10.07
0.605 0.0471 47.15 88.00  98 94   755000 1304000   270 10.07
0.607 0.0449 47.26 88.00  98 94   755000 1304000   270 10.07
0.608 0.0471 47.38 88.00  98 94   755000 1304000   270 10.07
0.610 0.0479 47.51 88.00  98 94   755000 1304000   270 10.07
0.612 0.0464 47.64 88.00  98 94   755000 1304000   270 10.07
0.614 0.0459 47.76 88.00  98 94   755000 1304000   270 10.07
0.616 0.0523 47.88 88.00  98 94   755000 1304000   270 10.07
0.617 0.0487 47.99 88.00  98 94   755000 1304000   270 10.07
0.619 0.0455 48.11 88.00  98 94   755000 1304000   270 10.07
0.621 0.0483 48.24 88.00  98 94   755000 1304000   270 10.07
0.623 0.0498 48.38 88.00  98 94   755000 1304000   270 10.07
0.625 0.0487 48.55 88.00  98 94   755000 1304000   270 10.07
0.627 0.0475 48.74 88.00  98 94   755000 1304000   270 10.07
0.628 0.0544 48.96 88.00  98 94   755000 1304000   270 10.07
0.630 0.0452 49.19 88.00  98 94   755000 1304000   270 10.07
0.632 0.0476 49.44 88.00  98 94   755000 1304000   270 10.07
0.634 0.0514 49.69 88.00  98 94   755000 1304000   270 10.07
0.636 0.0487 49.94 88.00  98 94   755000 1304000   270 10.07
0.638 0.0523 50.19 88.00  98 94   755000 1304000   270 10.07
0.639 0.0528 50.42 88.00  98 94   755000 1304000   270 10.07
0.641 0.0473 50.63 88.00  98 94   755000 1304000   270 10.07
0.643 0.0512 50.85 88.00  98 94   755000 1304000   270 10.07
0.645 0.0498 51.05 88.00  98 94   755000 1304000   270 10.07
0.647 0.0467 51.25 88.00  98 94   755000 1304000   270 10.07
0.648 0.0514 51.44 88.00  98 94   755000 1304000   270 10.07
0.650 0.0529 51.63 88.00  98 94   755000 1304000   270 10.07
0.652 0.0508 51.82 88.00  98 94   755000 1304000   270 10.07
0.654 0.0571 52.01 88.00  98 94   755000 1304000   270 10.07
0.656 0.0538 52.18 88.00  98 94   755000 1304000   270 10.07
0.658 0.0531 52.35 88.00  98 94   755000 1304000   270 10.07
0.659 0.0519 52.52 88.00  98 94   755000 1304000   270 10.07
0.661 0.0551 52.69 88.00  98 94   755000 1304000   270 10.07
0.663 0.0535 52.88 88.00  98 94   755000 1304000   270 10.07
0.665 0.0525 53.07 88.00  98 94   755000 1304000   270 10.07
0.667 0.0548 53.27 88.00  98 94   755000 1304000   270 10.07
0.668 0.0439 53.49 88.00  98 94   755000 1304000   270 10.07
0.670 0.0555 53.70 88.00  98 94   755000 1304000   270 10.07
0.672 0.0512 53.91 88.00  98 94   755000 1304000   270 10.07
0.674 0.0567 54.12 88.00  98 94   755000 1304000   270 10.07
0.676 0.0525 54.33 88.00  98 94   755000 1304000   270 10.07
0.678 0.0593 54.54 88.00  98 94   755000 1304000   270 10.07
0.679 0.0527 54.74 88.00  98 94   755000 1304000   270 10.07
0.681 0.0539 54.94 88.00  98 94   755000 1304000   270 10.07
0.683 0.0564 55.14 88.00  98 94   755000 1304000   270 10.07
0.685 0.0553 55.35 88.00  98 94   755000 1304000   270 10.07
0.687 0.0545 55.56 88.00  98 94   755000 1304000   270 10.07
0.689 0.0538 55.77 88.00  98 94   755000 1304000   270 10.07
0.690 0.0558 55.98 88.00  98 94   755000 1304000   270 10.07
0.692 0.0608 56.17 88.00  98 94   755000 1304000   270 10.07
0.694 0.0608 56.35 88.00  98 94   755000 1304000   270 10.07
0.696 0.0547 56.49 88.00  98 94   755000 1304000   270 10.07
0.698 0.0588 56.61 88.00  98 94   755000 1304000   270 10.07
0.699 0.0528 56.70 88.00  98 94   755000 1304000   270 10.07
0.701 0.0578 56.77 88.00  98 94   755000 1304000   270 10.07
0.703 0.0544 56.81 88.00  98 94   755000 1304000   270 10.07
0.705 0.0560 56.82 88.00  98 94   755000 1304000   270 10.07
0.707 0.0576 56.84 88.00  98 94   755000 1304000   270 10.07
0.709 0.0567 56.86 88.00  98 94   755000 1304000   270 10.07
0.710 0.0607 56.90 88.00  98 94   755000 1304000   270 10.07
0.712 0.0518 56.95 88.00  98 94   755000 1304000   270 10.07
0.714 0.0548 57.02 88.00  98 94   755000 1304000   270 10.07
0.716 0.0604 57.10 88.00  98 94   755000 1304000   270 10.07
0.718 0.0595 57.19 88.00  98 94   755000 1304000   270 10.07
0.719 0.0534 57.31 88.00  98 94   755000 1304000   270 10.07
0.721 0.0618 57.45 88.00  98 94   755000 1304000   270 10.07
0.723 0.0593 57.63 88.00  98 94   755000 1304000   270 10.07
0.725 0.0555 57.85 88.00  98 94   755000 1304000   270 10.07
0.727 0.0565 58.09 88.00  98 94   755000 1304000   270 10.07
0.729 0.0556 58.35 88.00  98 94   755000 1304000   270 10.07
0.730 0.0574 58.61 88.00  98 94   755000 1304000   270 10.07
0.732 0.0629 58.87 88.00  98 94   755000 1304000   270 10.07
0.734 0.0586 59.12 88.00  98 94   755000 1304000   270 10.07
0.736 0.0557 59.36 88.00  98 94   755000 1304000   270 10.07
0.738 0.0608 59.59 88.00  98 94   755000 1304000   270 10.07
0.740 0.0585 59.82 88.00  98 94   755000 1304000   270 10.07
0.741 0.0661 60.06 88.00  98 94   755000 1304000   270 10.07
0.743 0.0627 60.31 88.00  98 94   755000 1304000   270 10.07
0.745 0.0586 60.57 88.00  98 94   755000 1304000   270 10.07
0.747 0.0550 60.83 88.00  98 94   755000 1304000   270 10.07
0.749 0.0634 61.09 88.00  98 94   755000 1304000   270 10.07
0.750 0.0617 61.34 88.00  98 94   755000 1304000   270 10.07
0.752 0.0614 61.58 88.00  98 94   755000 1304000   270 10.07
0.754 0.0640 61.81 88.00  98 94   755000 1304000   270 10.07
0.756 0.0644 62.01 88.00  98 94   755000 1304000   270 10.07
0.758 0.0613 62.19 88.00  98 94   755000 1304000   270 10.07
0.760 0.0597 62.33 88.00  98 94   755000 1304000   270 10.07
0.761 0.0572 62.44 88.00  98 94   755000 1304000   270 10.07
0.763 0.0679 62.52 88.00  98 94   755000 1304000   270 10.07
0.765 0.0600 62.58 88.00  98 94   755000 1304000   270 10.07
0.767 0.0631 62.63 88.00  98 94   755000 1304000   270 10.07
0.769 0.0631 62.67 88.00  98 94   755000 1304000   270 10.07
0.770 0.0605 62.70 88.00  98 94   755000 1304000   270 10.07
0.772 0.0677 62.75 88.00  98 94   755000 1304000   270 10.07
0.774 0.0675 62.79 88.00  98 94   755000 1304000   270 10.07
0.776 0.0602 62.82 88.00  98 94   755000 1304000   270 10.07
0.778 0.0644 62.85 88.00  98 94   755000 1304000   270 10.07
0.780 0.0605 62.87 88.00  98 94   755000 1304000   270 10.07
0.781 0.0584 62.88 88.00  98 94   755000 1304000   270 10.07
0.783 0.0661 62.89 88.00  98 94   755000 1304000   270 10.07
0.785 0.0625 62.91 88.00  98 94   755000 1304000   270 10.07
0.787 0.0609 62.94 88.00  98 94   755000 1304000   270 10.07
0.789 0.0644 62.99 88.00  98 94   755000 1304000   270 10.07
0.791 0.0638 63.04 88.00  98 94   755000 1304000   270 10.07
0.792 0.0587 63.09 88.00  98 94   755000 1304000   270 10.07
0.794 0.0645 63.15 88.00  98 94   755000 1304000   270 10.07
0.796 0.0624 63.21 88.00  98 94   755000 1304000   270 10.07
0.798 0.0652 63.28 88.00  98 94   755000 1304000   270 10.07
0.800 0.0644 63.37 88.00  98 94   755000 1304000   270 10.07
0.801 0.0651 63.47 88.00  98 94   755000 1304000   270 10.07
0.803 0.0611 63.59 88.00  98 94   755000 1304000   270 10.07
0.805 0.0665 63.71 88.00  98 94   755000 1304000   270 10.07
0.807 0.0618 63.84 88.00  98 94   755000 1304000   270 10.07
0.809 0.0613 63.95 88.00  98 94   755000 1304000   270 10.07
0.811 0.0620 64.05 88.00  98 94   755000 1304000   270 10.07
0.812 0.0667 64.15 88.00  98 94   755000 1304000   270 10.07
0.814 0.0694 64.23 88.00  98 94   755000 1304000   270 10.07
0.816 0.0641 64.30 88.00  98 94   755000 1304000   270 10.07
0.818 0.0637 64.37 88.00  98 94   755000 1304000   270 10.07
0.820 0.0635 64.43 88.00  98 94   755000 1304000   270 10.07
0.821 0.0606 64.49 88.00  98 94   755000 1304000   270 10.07
0.823 0.0677 64.53 88.00  98 94   755000 1304000   270 10.07
0.825 0.0635 64.55 88.00  98 94   755000 1304000   270 10.07
0.827 0.0624 64.54 88.00  98 94   755000 1304000   270 10.07
0.829 0.0670 64.51 88.00  98 94   755000 1304000   270 10.07
0.831 0.0643 64.47 88.00  98 94   755000 1304000   270 10.07
0.832 0.0639 64.43 88.00  98 94   755000 1304000   270 10.07
0.834 0.0655 64.42 88.00  98 94   755000 1304000   270 10.07
0.836 0.0639 64.43 88.00  98 94   755000 1304000   270 10.07
0.838 0.0678 64.46 88.00  98 94   755000 1304000   270 10.07
0.840 0.0612 64.49 88.00  98 94   755000 1304000   270 10.07
0.842 0.0648 64.53 88.00  98 94   755000 1304000   270 10.07
0.843 0.0651 64.58 88.00  98 94   755000 1304000   270 10.07
0.845 0.0647 64.61 88.00  98 94   755000 1304000   270 10.07
0.847 0.0692 64.63 88.00  98 94   755000 1304000   270 10.07
0.849 0.0602 64.64 88.00  98 94   755000 1304000   270 10.07
0.851 0.0590 64.63 88.00  98 94   755000 1304000   270 10.07
0.852 0.0675 64.59 88.00  98 94   755000 1304000   270 10.07
0.854 0.0661 64.54 88.00  98 94   755000 1304000   270 10.07
0.856 0.0604 64.48 88.00  98 94   755000 1304000   270 10.07
0.858 0.0650 64.42 88.00  98 94   755000 1304000   270 10.07
0.860 0.0621 64.37 88.00  98 94   755000 1304000   270 10.07
0.862 0.0651 64.34 88.00  98 94   755000 1304000   270 10.07
0.863 0.0739 64.31 88.00  98 94   755000 1304000   270 10.07
0.865 0.0669 64.29 88.00  98 94   755000 1304000   270 10.07
0.867 0.0662 64.26 88.00  98 94   755000 1304000   270 10.07
0.869 0.0664 64.23 88.00  98 94   755000 1304000   270 10.07
0.871 0.0547 64.19 88.00  98 94   755000 1304000   270 10.07
0.872 0.0585 64.14 88.00  98 94   755000 1304000   270 10.07
0.874 0.0655 64.07 88.00  98 94   755000 1304000   270 10.07
0.876 0.0667 63.99 88.00  98 94   755000 1304000   270 10.07
0.878 0.0615 63.89 88.00  98 94   755000 1304000   270 10.07
0.880 0.0594 63.80 88.00  98 94   755000 1304000   270 10.07
0.882 0.0683 63.70 88.00  98 94   755000 1304000   270 10.07
0.883 0.0676 63.61 88.00  98 94   755000 1304000   270 10.07
0.885 0.0620 63.52 88.00  98 94   755000 1304000   270 10.07
0.887 0.0649 63.43 88.00  98 94   755000 1304000   270 10.07
0.889 0.0657 63.36 88.00  98 94   755000 1304000   270 10.07
0.891 0.0637 63.32 88.00  98 94   755000 1304000   270 10.07
0.893 0.0595 63.30 88.00  98 94   755000 1304000   270 10.07
0.894 0.0646 63.30 88.00  98 94   755000 1304000   270 10.07
0.896 0.0623 63.33 88.00  98 94   755000 1304000   270 10.07
0.898 0.0618 63.40 88.00  98 94   755000 1304000   270 10.07
0.900 0.0651 63.48 88.00  98 94   755000 1304000   270 10.07
0.902 0.0620 63.58 88.00  98 94   755000 1304000   270 10.07
0.903 0.0659 63.69 88.00  98 94   755000 1304000   270 10.07
0.905 0.0625 63.81 88.00  98 94   755000 1304000   270 10.07
0.907 0.0661 63.96 88.00  98 94   755000 1304000   270 10.07
0.909 0.0607 64.14 88.00  98 94   755000 1304000   270 10.07
0.911 0.0663 64.36 88.00  98 94   755000 1304000   270 10.07
0.913 0.0648 64.63 88.00  98 94   755000 1304000   270 10.07
0.914 0.0641 64.93 88.00  98 94   755000 1304000   270 10.07
0.916 0.0644 65.26 88.00  98 94   755000 1304000   270 10.07
0.918 0.0612 65.61 88.00  98 94   755000 1304000   270 10.07
0.920 0.0690 65.97 88.00  98 94   755000 1304000   270 10.07
0.922 0.0653 66.35 88.00  98 94   755000 1304000   270 10.07
0.923 0.0664 66.73 88.00  98 94   755000 1304000   270 10.07
0.925 0.0739 67.13 88.00  98 94   755000 1304000   270 10.07
0.927 0.0643 67.56 88.00  98 94   755000 1304000   270 10.07
0.929 0.0725 68.02 88.00  98 94   755000 1304000   270 10.07
0.931 0.0657 68.51 88.00  98 94   755000 1304000   270 10.07
0.933 0.0706 69.03 88.00  98 94   755000 1304000   270 10.07
0.934 0.0704 69.59 88.00  98 94   755000 1304000   270 10.07
0.936 0.0690 70.18 88.00  98 94   755000 1304000   270 10.07
0.938 0.0691 70.81 88.00  98 94   755000 1304000   270 10.07
0.940 0.0709 71.46 88.00  98 94   755000 1304000   270 10.07
0.942 0.0714 72.15 88.00  98 94   755000 1304000   270 10.07
0.944 0.0702 72.86 88.00  98 94   755000 1304000   270 10.07
0.945 0.0749 73.59 88.00  98 94   755000 1304000   270 10.07
0.947 0.0746 74.35 88.00  98 94   755000 1304000   270 10.07
0.949 0.0735 75.12 88.00  98 94   755000 1304000   270 10.07
0.951 0.0769 75.92 88.00  98 94   755000 1304000   270 10.07
0.953 0.0730 76.73 88.00  98 94   755000 1304000   270 10.07
0.954 0.0809 77.57 88.00  98 94   755000 1304000   270 10.07
0.956 0.0786 78.43 88.00  98 94   755000 1304000   270 10.07
0.958 0.0833 79.32 88.00  98 94   755000 1304000   270 10.07
0.960 0.0818 80.22 88.00  98 94   755000 1304000   270 10.07
0.962 0.0784 81.15 88.00  98 94   755000 1304000   270 10.07
0.964 0.0789 82.10 88.00  98 94   755000 1304000   270 10.07
0.965 0.0859 83.04 88.00  98 94   755000 1304000   270 10.07
0.967 0.0850 83.96 88.00  98 94   755000 1304000   270 10.07
0.969 0.0840 84.86 88.00  98 94   755000 1304000   270 10.07
0.971 0.0869 85.75 88.00  98 94   755000 1304000   270 10.07
0.973 0.0865 86.61 88.00  98 94   755000 1304000   270 10.07
0.974 0.0881 87.46 88.00  98 94   755000 1304000   270 10.07
0.976 0.0834 88.29 88.00  98 94   755000 1304000   270 10.07
0.978 0.0915 89.11 88.00  98 94   755000 1304000   270 10.07
0.980 0.0877 89.92 88.00  98 94   755000 1304000   270 10.07
0.982 0.0888 90.72 88.00  98 94   755000 1304000   270 10.07
0.984 0.0954 91.51 88.00  98 94   755000 1304000   270 10.07
0.985 0.0922 92.31 88.00  98 94   755000 1304000   270 10.07
0.987 0.0915 93.10 88.00  98 94   755000 1304000   270 10.07
0.989 0.0954 93.89 88.00  98 94   755000 1304000   270 10.07
0.991 0.0973 94.68 88.00  98 94   755000 1304000   270 10.07
0.993 0.0936 95.45 88.00  98 94   755000 1304000   270 10.07
0.995 0.1022 96.19 88.00  98 94   755000 1304000   270 10.07
0.996 0.0931 96.91 88.00  98 94   755000 1304000   270 10.07
0.998 0.0975 97.58 88.00  98 94   755000 1304000   270 10.07
1.000 0.0899 98.20 88.00  98 94   755000 1304000   270 10.07
1.002 0.0960 98.77 88.00  98 94   755000 1304000   270 10.07
1.004 0.1073 99.28 88.00  98 94   755000 1304000   270 10.07
1.005 0.1014 99.74 88.00  98 94   755000 1304000   270 10.07
1.007 0.1012 100.14 88.00  98 94   755000 1304000   270 10.07
1.009 0.0998 100.50 88.00  98 94   755000 1304000   270 10.07
1.011 0.0957 100.81 88.00  98 94   755000 1304000   270 10.07
1.013 0.1076 101.08 88.00  98 94   755000 1304000   270 10.07
1.015 0.0977 101.33 88.00  98 94   755000 1304000   270 10.07
1.016 0.1047 101.56 88.00  98 94   755000 1304000   270 10.07
1.018 0.1064 101.78 88.00  98 94   755000 1304000   270 10.07
1.020 0.0957 101.97 88.00  98 94   755000 1304000   270 10.07
1.022 0.1048 102.14 88.00  98 94   755000 1304000   270 10.07
1.024 0.1026 102.27 88.00  98 94   755000 1304000   270 10.07
1.026 0.0986 102.36 88.00  98 94   755000 1304000   270 10.07
1.027 0.1020 102.42 88.00  98 94   755000 1304000   270 10.07
1.029 0.1036 102.43 88.00  98 94   755000 1304000   270 10.07
1.031 0.1020 102.42 88.00  98 94   755000 1304000   270 10.07
1.033 0.0960 102.37 88.00  98 94   755000 1304000   270 10.07
1.035 0.1044 102.29 88.00  98 94   755000 1304000   270 10.07
1.036 0.1029 102.18 88.00  98 94   755000 1304000   270 10.07
1.038 0.1024 102.04 88.00  98 94   755000 1304000   270 10.07
1.040 0.1015 101.86 88.00  98 94   755000 1304000   270 10.07
1.042 0.1054 101.63 88.00  98 94   755000 1304000   270 10.07
1.044 0.1012 101.34 88.00  98 94   755000 1304000   270 10.07
1.046 0.1011 100.97 88.00  98 94   755000 1304000   270 10.07
1.047 0.0999 100.53 88.00  98 94   755000 1304000   270 10.07
1.049 0.1024 100.01 88.00  98 94   755000 1304000   270 10.07
1.051 0.0961 99.41 88.00  98 94   755000 1304000   270 10.07
1.053 0.1029 98.72 88.00  98 94   755000 1304000   270 10.07
1.055 0.0963 97.93 88.00  98 94   755000 1304000   270 10.07
1.056 0.0933 97.04 88.00  98 94   755000 1304000   270 10.07
1.058 0.0968 96.06 88.00  98 94   755000 1304000   270 10.07
1.060 0.1016 95.00 88.00  98 94   755000 1304000   270 10.07
1.062 0.0961 93.86 88.00  98 94   755000 1304000   270 10.07
1.064 0.0907 92.67 88.00  98 94   755000 1304000   270 10.07
1.066 0.0888 91.42 88.00  98 94   755000 1304000   270 10.07
1.067 0.0940 90.13 88.00  98 94   755000 1304000   270 10.07
1.069 0.0857 88.82 88.00  98 94   755000 1304000   270 10.07
1.071 0.0866 87.49 88.00  98 94   755000 1304000   270 10.07
1.073 0.0841 86.14 88.00  98 94   755000 1304000   270 10.07
1.075 0.0873 84.81 88.00  98 94   755000 1304000   270 10.07
1.077 0.0834 83.47 88.00  98 94   755000 1304000   270 10.07
1.078 0.0826 82.15 88.00  98 94   755000 1304000   270 10.07
1.080 0.0825 80.85 88.00  98 94   755000 1304000   270 10.07
1.082 0.0772 79.58 88.00  98 94   755000 1304000   270 10.07
1.084 0.0775 78.36 88.00  98 94   755000 1304000   270 10.07
1.086 0.0742 77.19 88.00  98 94   755000 1304000   270 10.07
1.087 0.0800 76.09 88.00  98 94   755000 1304000   270 10.07
1.089 0.0723 75.04 88.00  98 94   755000 1304000   270 10.07
1.091 0.0747 74.07 88.00  98 94   755000 1304000   270 10.07
1.093 0.0745 73.16 88.00  98 94   755000 1304000   270 10.07
1.095 0.0706 72.32 88.00  98 94   755000 1304000   270 10.07
1.097 0.0727 71.54 88.00  98 94   755000 1304000   270 10.07
1.098 0.0687 70.80 88.00  98 94   755000 1304000   270 10.07
1.100 0.0713 70.09 88.00  98 94   755000 1304000   270 10.07
1.102 0.0670 69.43 88.00  98 94   755000 1304000   270 10.07
1.104 0.0692 68.81 88.00  98 94   755000 1304000   270 10.07
1.106 0.0688 68.23 88.00  98 94   755000 1304000   270 10.07
1.107 0.0675 67.70 88.00  98 94   755000 1304000   270 10.07
1.109 0.0692 67.21 88.00  98 94   755000 1304000   270 10.07
1.111 0.0648 66.77 88.00  98 94   755000 1304000   270 10.07
1.113 0.0662 66.37 88.00  98 94   755000 1304000   270 10.07
1.115 0.0685 66.01 88.00  98 94   755000 1304000   270 10.07
1.117 0.0668 65.67 88.00  98 94   755000 1304000   270 10.07
1.118 0.0666 65.36 88.00  98 94   755000 1304000   270 10.07
1.120 0.0623 65.08 88.00  98 94   755000 1304000   270 10.07
1.122 0.0654 64.83 88.00  98 94   755000 1304000   270 10.07
1.124 0.0630 64.62 88.00  98 94   755000 1304000   270 10.07
1.126 0.0659 64.43 88.00  98 94   755000 1304000   270 10.07
1.128 0.0640 64.26 88.00  98 94   755000 1304000   270 10.07
1.129 0.0608 64.11 88.00  98 94   755000 1304000   270 10.07
1.131 0.0639 63.99 88.00  98 94   755000 1304000   270 10.07
1.133 0.0657 63.90 88.00  98 94   755000 1304000   270 10.07
1.135 0.0628 63.82 88.00  98 94   755000 1304000   270 10.07
1.137 0.0666 63.77 88.00  98 94   755000 1304000   270 10.07
1.138 0.0615 63.73 88.00  98 94   755000 1304000   270 10.07
1.140 0.0651 63.71 88.00  98 94   755000 1304000   270 10.07
1.142 0.0636 63.71 88.00  98 94   755000 1304000   270 10.07
1.144 0.0633 63.71 88.00  98 94   755000 1304000   270 10.07
1.146 0.0642 63.71 88.00  98 94   755000 1304000   270 10.07
1.148 0.0635 63.71 88.00  98 94   755000 1304000   270 10.07
1.149 0.0638 63.71 88.00  98 94   755000 1304000   270 10.07
1.151 0.0618 63.68 88.00  98 94   755000 1304000   270 10.07
1.153 0.0648 63.65 88.00  98 94   755000 1304000   270 10.07
1.155 0.0644 63.61 88.00  98 94   755000 1304000   270 10.07
1.157 0.0661 63.55 88.00  98 94   755000 1304000   270 10.07
1.158 0.0627 63.49 88.00  98 94   755000 1304000   270 10.07
1.160 0.0625 63.42 88.00  98 94   755000 1304000   270 10.07
1.162 0.0634 63.36 88.00  98 94   755000 1304000   270 10.07
1.164 0.0633 63.31 88.00  98 94   755000 1304000   270 10.07
1.166 0.0658 63.26 88.00  98 94   755000 1304000   270 10.07
1.168 0.0617 63.21 88.00  98 94   755000 1304000   270 10.07
1.169 0.0607 63.17 88.00  98 94   755000 1304000   270 10.07
1.171 0.0630 63.14 88.00  98 94   755000 1304000   270 10.07
1.173 0.0635 63.10 88.00  98 94   755000 1304000   270 10.07
1.175 0.0655 63.06 88.00  98 94   755000 1304000   270 10.07
1.177 0.0604 63.02 88.00  98 94   755000 1304000   270 10.07
1.179 0.0622 62.98 88.00  98 94   755000 1304000   270 10.07
1.180 0.0619 62.94 88.00  98 94   755000 1304000   270 10.07
1.182 0.0657 62.92 88.00  98 94   755000 1304000   270 10.07
1.184 0.0609 62.91 88.00  98 94   755000 1304000   270 10.07
1.186 0.0639 62.90 88.00  98 94   755000 1304000   270 10.07
1.188 0.0646 62.91 88.00  98 94   755000 1304000   270 10.07
1.189 0.0636 62.92 88.00  98 94   755000 1304000   270 10.07
1.191 0.0629 62.94 88.00  98 94   755000 1304000   270 10.07
1.193 0.0617 62.96 88.00  98 94   755000 1304000   270 10.07
1.195 0.0635 62.98 88.00  98 94   755000 1304000   270 10.07
1.197 0.0625 63.00 88.00  98 94   755000 1304000   270 10.07
1.199 0.0654 63.02 88.00  98 94   755000 1304000   270 10.07
1.200 0.0589 63.05 88.00  98 94   755000 1304000   270 10.07
1.202 0.0644 63.08 88.00  98 94   755000 1304000   270 10.07
1.204 0.0627 63.12 88.00  98 94   755000 1304000   270 10.07
1.206 0.0625 63.15 88.00  98 94   755000 1304000   270 10.07
1.208 0.0636 63.20 88.00  98 94   755000 1304000   270 10.07
1.209 0.0650 63.25 88.00  98 94   755000 1304000   270 10.07
1.211 0.0607 63.32 88.00  98 94   755000 1304000   270 10.07
1.213 0.0656 63.39 88.00  98 94   755000 1304000   270 10.07
1.215 0.0643 63.46 88.00  98 94   755000 1304000   270 10.07
1.217 0.0638 63.54 88.00  98 94   755000 1304000   270 10.07
1.219 0.0608 63.64 88.00  98 94   755000 1304000   270 10.07
1.220 0.0631 63.75 88.00  98 94   755000 1304000   270 10.07
1.222 0.0651 63.87 88.00  98 94   755000 1304000   270 10.07
1.224 0.0647 63.99 88.00  98 94   755000 1304000   270 10.07
1.226 0.0629 64.11 88.00  98 94   755000 1304000   270 10.07
1.228 0.0654 64.23 88.00  98 94   755000 1304000   270 10.07
1.230 0.0646 64.35 88.00  98 94   755000 1304000   270 10.07
1.231 0.0663 64.46 88.00  98 94   755000 1304000   270 10.07
1.233 0.0632 64.57 88.00  98 94   755000 1304000   270 10.07
1.235 0.0644 64.67 88.00  98 94   755000 1304000   270 10.07
1.237 0.0614 64.77 88.00  98 94   755000 1304000   270 10.07
1.239 0.0651 64.86 88.00  98 94   755000 1304000   270 10.07
1.240 0.0709 64.95 88.00  98 94   755000 1304000   270 10.07
1.242 0.0611 65.03 88.00  98 94   755000 1304000   270 10.07
1.244 0.0646 65.10 88.00  98 94   755000 1304000   270 10.07
1.246 0.0646 65.16 88.00  98 94   755000 1304000   270 10.07
1.248 0.0672 65.20 88.00  98 94   755000 1304000   270 10.07
1.250 0.0642 65.24 88.00  98 94   755000 1304000   270 10.07
1.251 0.0644 65.26 88.00  98 94   755000 1304000   270 10.07
1.253 0.0721 65.28 88.00  98 94   755000 1304000   270 10.07
1.255 0.0636 65.29 88.00  98 94   755000 1304000   270 10.07
1.257 0.0620 65.30 88.00  98 94   755000 1304000   270 10.07
1.259 0.0631 65.30 88.00  98 94   755000 1304000   270 10.07
1.260 0.0667 65.31 88.00  98 94   755000 1304000   270 10.07
1.262 0.0660 65.32 88.00  98 94   755000 1304000   270 10.07
1.264 0.0671 65.33 88.00  98 94   755000 1304000   270 10.07
1.266 0.0655 65.35 88.00  98 94   755000 1304000   270 10.07
1.268 0.0623 65.37 88.00  98 94   755000 1304000   270 10.07
1.270 0.0681 65.40 88.00  98 94   755000 1304000   270 10.07
1.271 0.0641 65.43 88.00  98 94   755000 1304000   270 10.07
1.273 0.0664 65.47 88.00  98 94   755000 1304000   270 10.07
1.275 0.0621 65.52 88.00  98 94   755000 1304000   270 10.07
1.277 0.0667 65.58 88.00  98 94   755000 1304000   270 10.07
1.279 0.0644 65.64 88.00  98 94   755000 1304000   270 10.07
1.281 0.0692 65.71 88.00  98 94   755000 1304000   270 10.07
1.282 0.0636 65.78 88.00  98 94   755000 1304000   270 10.07
1.284 0.0672 65.86 88.00  98 94   755000 1304000   270 10.07
1.286 0.0636 65.94 88.00  98 94   755000 1304000   270 10.07
1.288 0.0674 66.01 88.00  98 94   755000 1304000   270 10.07
1.290 0.0665 66.08 88.00  98 94   755000 1304000   270 10.07
1.291 0.0674 66.14 88.00  98 94   755000 1304000   270 10.07
1.293 0.0633 66.19 88.00  98 94   755000 1304000   270 10.07
1.295 0.0669 66.22 88.00  98 94   755000 1304000   270 10.07
1.297 0.0715 66.26 88.00  98 94   755000 1304000   270 10.07
1.299 0.0654 66.28 88.00  98 94   755000 1304000   270 10.07
1.301 0.0598 66.30 88.00  98 94   755000 1304000   270 10.07
1.302 0.0707 66.30 88.00  98 94   755000 1304000   270 10.07
1.304 0.0656 66.28 88.00  98 94   755000 1304000   270 10.07
1.306 0.0657 66.27 88.00  98 94   755000 1304000   270 10.07
1.308 0.0662 66.26 88.00  98 94   755000 1304000   270 10.07
1.310 0.0673 66.27 88.00  98 94   755000 1304000   270 10.07
1.311 0.0678 66.29 88.00  98 94   755000 1304000   270 10.07
1.313 0.0626 66.32 88.00  98 94   755000 1304000   270 10.07
1.315 0.0680 66.36 88.00  98 94   755000 1304000   270 10.07
1.317 0.0672 66.40 88.00  98 94   755000 1304000   270 10.07
1.319 0.0646 66.44 88.00  98 94   755000 1304000   270 10.07
1.321 0.0677 66.48 88.00  98 94   755000 1304000   270 10.07
1.322 0.0655 66.50 88.00  98 94   755000 1304000   270 10.07
1.324 0.0645 66.53 88.00  98 94   755000 1304000   270 10.07
1.326 0.0653 66.54 88.00  98 94   755000 1304000   270 10.07
1.328 0.0703 66.54 88.00  98 94   755000 1304000   270 10.07
1.330 0.0661 66.53 88.00  98 94   755000 1304000   270 10.07
1.332 0.0660 66.50 88.00  98 94   755000 1304000   270 10.07
1.333 0.0664 66.47 88.00  98 94   755000 1304000   270 10.07
1.335 0.0633 66.43 88.00  98 94   755000 1304000   270 10.07
1.337 0.0735 66.41 88.00  98 94   755000 1304000   270 10.07
1.339 0.0688 66.39 88.00  98 94   755000 1304000   270 10.07
1.341 0.0648 66.40 88.00  98 94   755000 1304000   270 10.07
1.342 0.0646 66.42 88.00  98 94   755000 1304000   270 10.07
1.344 0.0683 66.45 88.00  98 94   755000 1304000   270 10.07
1.346 0.0663 66.48 88.00  98 94   755000 1304000   270 10.07
1.348 0.0615 66.51 88.00  98 94   755000 1304000   270 10.07
1.350 0.0654 66.53 88.00  98 94   755000 1304000   270 10.07
1.352 0.0675 66.55 88.00  98 94   755000 1304000   270 10.07
1.353 0.0673 66.56 88.00  98 94   755000 1304000   270 10.07
1.355 0.0655 66.55 88.00  98 94   755000 1304000   270 10.07
1.357 0.0644 66.52 88.00  98 94   755000 1304000   270 10.07
1.359 0.0676 66.49 88.00  98 94   755000 1304000   270 10.07
1.361 0.0675 66.46 88.00  98 94   755000 1304000   270 10.07
1.362 0.0656 66.43 88.00  98 94   755000 1304000   270 10.07
1.364 0.0681 66.42 88.00  98 94   755000 1304000   270 10.07
1.366 0.0670 66.42 88.00  98 94   755000 1304000   270 10.07
1.368 0.0669 66.44 88.00  98 94   755000 1304000   270 10.07
1.370 0.0732 66.45 88.00  98 94   755000 1304000   270 10.07
1.372 0.0646 66.47 88.00  98 94   755000 1304000   270 10.07
1.373 0.0664 66.48 88.00  98 94   755000 1304000   270 10.07
1.375 0.0621 66.47 88.00  98 94   755000 1304000   270 10.07
1.377 0.0659 66.43 88.00  98 94   755000 1304000   270 10.07
1.379 0.0667 66.37 88.00  98 94   755000 1304000   270 10.07
1.381 0.0671 66.28 88.00  98 94   755000 1304000   270 10.07
1.383 0.0624 66.17 88.00  98 94   755000 1304000   270 10.07
1.384 0.0667 66.07 88.00  98 94   755000 1304000   270 10.07
1.386 0.0673 65.97 88.00  98 94   755000 1304000   270 10.07
1.388 0.0625 65.89 88.00  98 94   755000 1304000   270 10.07
1.390 0.0679 65.84 88.00  98 94   755000 1304000   270 10.07
1.392 0.0649 65.82 88.00  98 94   755000 1304000   270 10.07
1.393 0.0711 65.83 88.00  98 94   755000 1304000   270 10.07
1.395 0.0676 65.88 88.00  98 94   755000 1304000   270 10.07
1.397 0.0657 65.95 88.00  98 94   755000 1304000   270 10.07
1.399 0.0647 66.03 88.00  98 94   755000 1304000   270 10.07
1.401 0.0656 66.12 88.00  98 94   755000 1304000   270 10.07
1.403 0.0622 66.20 88.00  98 94   755000 1304000   270 10.07
1.404 0.0672 66.26 88.00  98 94   755000 1304000   270 10.07
1.406 0.0640 66.31 88.00  98 94   755000 1304000   270 10.07
1.408 0.0677 66.33 88.00  98 94   755000 1304000   270 10.07
1.410 0.0646 66.33 88.00  98 94   755000 1304000   270 10.07
1.412 0.0699 66.32 88.00  98 94   755000 1304000   270 10.07
1.413 0.0621 66.32 88.00  98 94   755000 1304000   270 10.07
1.415 0.0665 66.32 88.00  98 94   755000 1304000   270 10.07
1.417 0.0728 66.33 88.00  98 94   755000 1304000   270 10.07
1.419 0.0681 66.34 88.00  98 94   755000 1304000   270 10.07
1.421 0.0651 66.34 88.00  98 94   755000 1304000   270 10.07
1.423 0.0645 66.33 88.00  98 94   755000 1304000   270 10.07
1.424 0.0658 66.32 88.00  98 94   755000 1304000   270 10.07
1.426 0.0698 66.30 88.00  98 94   755000 1304000   270 10.07
1.428 0.0637 66.27 88.00  98 94   755000 1304000   270 10.07
1.430 0.0667 66.23 88.00  98 94   755000 1304000   270 10.07
1.432 0.0616 66.16 88.00  98 94   755000 1304000   270 10.07
1.434 0.0649 66.08 88.00  98 94   755000 1304000   270 10.07
1.435 0.0688 65.98 88.00  98 94   755000 1304000   270 10.07
1.437 0.0665 65.88 88.00  98 94   755000 1304000   270 10.07
1.439 0.0672 65.80 88.00  98 94   755000 1304000   270 10.07
1.441 0.0667 65.75 88.00  98 94   755000 1304000   270 10.07
1.443 0.0656 65.75 88.00  98 94   755000 1304000   270 10.07
1.444 0.0646 65.78 88.00  98 94   755000 1304000   270 10.07
1.446 0.0680 65.86 88.00  98 94   755000 1304000   270 10.07
1.448 0.0662 65.97 88.00  98 94   755000 1304000   270 10.07
1.450 0.0654 66.11 88.00  98 94   755000 1304000   270 10.07
1.452 0.0603 66.26 88.00  98 94   755000 1304000   270 10.07
1.454 0.0658 66.43 88.00  98 94   755000 1304000   270 10.07
1.455 0.0682 66.62 88.00  98 94   755000 1304000   270 10.07
1.457 0.0682 66.82 88.00  98 94   755000 1304000   270 10.07
1.459 0.0690 67.03 88.00  98 94   755000 1304000   270 10.07
1.461 0.0659 67.25 88.00  98 94   755000 1304000   270 10.07
1.463 0.0642 67.47 88.00  98 94   755000 1304000   270 10.07
1.464 0.0691 67.68 88.00  98 94   755000 1304000   270 10.07
1.466 0.0665 67.88 88.00  98 94   755000 1304000   270 10.07
1.468 0.0672 68.06 88.00  98 94   755000 1304000   270 10.07
1.470 0.0732 68.23 88.00  98 94   755000 1304000   270 10.07
1.472 0.0677 68.39 88.00  98 94   755000 1304000   270 10.07
1.474 0.0725 68.54 88.00  98 94   755000 1304000   270 10.07
1.475 0.0691 68.67 88.00  98 94   755000 1304000   270 10.07
1.477 0.0665 68.78 88.00  98 94   755000 1304000   270 10.07
1.479 0.0663 68.87 88.00  98 94   755000 1304000   270 10.07
1.481 0.0700 68.94 88.00  98 94   755000 1304000   270 10.07
1.483 0.0691 68.98 88.00  98 94   755000 1304000   270 10.07
1.485 0.0655 68.99 88.00  98 94   755000 1304000   270 10.07
1.486 0.0745 68.97 88.00  98 94   755000 1304000   270 10.07
1.488 0.0729 68.93 88.00  98 94   755000 1304000   270 10.07
1.490 0.0654 68.87 88.00  98 94   755000 1304000   270 10.07
1.492 0.0697 68.79 88.00  98 94   755000 1304000   270 10.07
1.494 0.0635 68.69 88.00  98 94   755000 1304000   270 10.07
1.495 0.0638 68.57 88.00  98 94   755000 1304000   270 10.07
1.497 0.0720 68.44 88.00  98 94   755000 1304000   270 10.07
1.499 0.0693 68.32 88.00  98 94   755000 1304000   270 10.07
1.501 0.0704 68.22 88.00  98 94   755000 1304000   270 10.07
1.503 0.0679 68.15 88.00  98 94   755000 1304000   270 10.07
1.505 0.0683 68.10 88.00  98 94   755000 1304000   270 10.07
1.506 0.0709 68.06 88.00  98 94   755000 1304000   270 10.07
1.508 0.0688 68.04 88.00  98 94   755000 1304000   270 10.07
1.510 0.0685 68.03 88.00  98 94   755000 1304000   270 10.07
1.512 0.0669 68.03 88.00  98 94   755000 1304000   270 10.07
1.514 0.0647 68.04 88.00  98 94   755000 1304000   270 10.07
1.515 0.0670 68.07 88.00  98 94   755000 1304000   270 10.07
1.517 0.0645 68.10 88.00  98 94   755000 1304000   270 10.07
1.519 0.0696 68.14 88.00  98 94   755000 1304000   270 10.07
1.521 0.0709 68.17 88.00  98 94   755000 1304000   270 10.07
1.523 0.0674 68.19 88.00  98 94   755000 1304000   270 10.07
1.525 0.0634 68.20 88.00  98 94   755000 1304000   270 10.07
1.526 0.0701 68.20 88.00  98 94   755000 1304000   270 10.07
1.528 0.0719 68.19 88.00  98 94   755000 1304000   270 10.07
1.530 0.0701 68.19 88.00  98 94   755000 1304000   270 10.07
1.532 0.0675 68.22 88.00  98 94   755000 1304000   270 10.07
1.534 0.0718 68.27 88.00  98 94   755000 1304000   270 10.07
1.536 0.0686 68.35 88.00  98 94   755000 1304000   270 10.07
1.537 0.0667 68.44 88.00  98 94   755000 1304000   270 10.07
1.539 0.0607 68.54 88.00  98 94   755000 1304000   270 10.07
1.541 0.0734 68.63 88.00  98 94   755000 1304000   270 10.07
1.543 0.0710 68.73 88.00  98 94   755000 1304000   270 10.07
1.545 0.0730 68.82 88.00  98 94   755000 1304000   270 10.07
1.547 0.0677 68.91 88.00  98 94   755000 1304000   270 10.07
1.549 0.0606 69.00 88.00  98 94   755000 1304000   270 10.07
1.551 0.0698 69.08 88.00  98 94   755000 1304000   270 10.07
1.554 0.0670 69.17 88.00  98 94   755000 1304000   270 10.07
1.556 0.0707 69.27 88.00  98 94   755000 1304000   270 10.07
1.559 0.0696 69.38 88.00  98 94   755000 1304000   270 10.07
1.561 0.0709 69.48 88.00  98 94   755000 1304000   270 10.07
1.564 0.0716 69.59 88.00  98 94   755000 1304000   270 10.07
1.567 0.0662 69.69 88.00  98 94   755000 1304000   270 10.07
1.570 0.0729 69.80 88.00  98 94   755000 1304000   270 10.07
1.573 0.0722 69.91 88.00  98 94   755000 1304000   270 10.07
1.576 0.0721 70.02 88.00  98 94   755000 1304000   270 10.07
1.580 0.0694 70.14 88.00  98 94   755000 1304000   270 10.07
1.583 0.0698 70.28 88.00  98 94   755000 1304000   270 10.07
1.587 0.0698 70.44 88.00  98 94   755000 1304000   270 10.07
1.591 0.0710 70.64 88.00  98 94   755000 1304000   270 10.07
1.595 0.0699 70.88 88.00  98 94   755000 1304000   270 10.07
1.599 0.0732 71.18 88.00  98 94   755000 1304000   270 10.07
1.603 0.0699 71.53 88.00  98 94   755000 1304000   270 10.07
1.608 0.0725 71.93 88.00  98 94   755000 1304000   270 10.07
1.612 0.0691 72.35 88.00  98 94   755000 1304000   270 10.07
1.617 0.0691 72.80 88.00  98 94   755000 1304000   270 10.07
1.622 0.0753 73.26 88.00  98 94   755000 1304000   270 10.07
1.628 0.0699 73.72 88.00  98 94   755000 1304000   270 10.07
1.633 0.0731 74.16 88.00  98 94   755000 1304000   270 10.07
1.639 0.0744 74.57 88.00  98 94   755000 1304000   270 10.07
1.645 0.0773 74.94 88.00  98 94   755000 1304000   270 10.07
1.651 0.0747 75.25 88.00  98 94   755000 1304000   270 10.07
1.658 0.0791 75.53 88.00  98 94   755000 1304000   270 10.07
1.665 0.0752 75.77 88.00  98 94   755000 1304000   270 10.07
1.672 0.0817 76.01 88.00  98 94   755000 1304000   270 10.07
1.679 0.0801 76.28 88.00  98 94   755000 1304000   270 10.07
1.687 0.0790 76.59 88.00  98 94   755000 1304000   270 10.07
1.695 0.0799 76.99 88.00  98 94   755000 1304000   270 10.07
1.703 0.0796 77.50 88.00  98 94   755000 1304000   270 10.07
1.712 0.0780 78.14 88.00  98 94   755000 1304000   270 10.07
1.721 0.0772 78.91 88.00  98 94   755000 1304000   270 10.07
1.730 0.0773 79.81 88.00  98 94   755000 1304000   270 10.07
1.740 0.0763 80.81 88.00  98 94   755000 1304000   270 10.07
1.749 0.0772 81.89 88.00  98 94   755000 1304000   270 10.07
1.758 0.0769 83.01 88.00  98 94   755000 1304000   270 10.07
1.767 0.0773 84.16 88.00  98 94   755000 1304000   270 10.07
1.776 0.0812 85.31 88.00  98 94   755000 1304000   270 10.07
1.785 0.0856 86.46 88.00  98 94   755000 1304000   270 10.07
1.794 0.0864 87.63 88.00  98 94   755000 1304000   270 10.07
1.803 0.0900 88.84 88.00  98 94   755000 1304000   270 10.07
1.812 0.0945 90.12 88.00  98 94   755000 1304000   270 10.07
1.821 0.0984 91.52 88.00  98 94   755000 1304000   270 10.07
1.831 0.1017 93.07 88.00  98 94   755000 1304000   270 10.07
1.840 0.1001 94.79 88.00  98 94   755000 1304000   270 10.07
1.849 0.1047 96.68 88.00  98 94   755000 1304000   270 10.07
1.858 0.1032 98.73 88.00  98 94   755000 1304000   270 10.07
1.867 0.1041 100.94 88.00  98 94   755000 1304000   270 10.07
1.876 0.1010 103.26 88.00  98 94   755000 1304000   270 10.07
1.885 0.1005 105.66 88.00  98 94   755000 1304000   270 10.07
1.894 0.0989 108.10 88.00  98 94   755000 1304000   270 10.07
1.903 0.1001 110.55 88.00  98 94   755000 1304000   270 10.07
1.913 0.1013 112.97 88.00  98 94   755000 1304000   270 10.07
1.922 0.1037 115.33 88.00  98 94   755000 1304000   270 10.07
1.931 0.1105 117.63 88.00  98 94   755000 1304000   270 10.07
1.940 0.1166 119.83 88.00  98 94   755000 1304000   270 10.07
1.949 0.1222 121.94 88.00  98 94   755000 1304000   270 10.07
1.958 0.1317 123.95 88.00  98 94   755000 1304000   270 10.07
1.967 0.1375 125.84 88.00  98 94   755000 1304000   270 10.07
1.976 0.1386 127.59 88.00  98 94   755000 1304000   270 10.07
1.985 0.1387 129.17 88.00  98 94   755000 1304000   270 10.07
1.995 0.1378 130.53 88.00  98 94   755000 1304000   270 10.07
2.004 0.1402 131.61 88.00  98 94   755000 1304000   270 10.07
2.013 0.1366 132.36 88.00  98 94   755000 1304000   270 10.07
2.022 0.1371 132.73 88.00  98 94   755000 1304000   270 10.07
2.031 0.1360 132.69 88.00  98 94   755000 1304000   270 10.07
2.040 0.1344 132.23 88.00  98 94   755000 1304000   270 10.07
2.049 0.1341 131.40 88.00  98 94   755000 1304000   270 10.07
2.058 0.1326 130.41 88.00  98 94   755000 1304000   270 10.07
2.067 0.1325 130.30 88.00  98 94   755000 1304000   270 10.07
2.077 0.1326 133.32 88.00  98 94   755000 1304000   270 10.07
2.086 0.1306 138.01 88.00  98 94   755000 1304000   270 10.07
2.095 0.1332 143.29 88.00  98 94   755000 1304000   270 10.07
2.104 0.1350 148.68 88.00  98 94   755000 1304000   270 10.07
2.113 0.1357 153.97 88.00  98 94   755000 1304000   270 10.07
2.122 0.1386 159.10 88.00  98 94   755000 1304000   270 10.07
2.131 0.1393 164.06 88.00  98 94   755000 1304000   270 10.07
2.140 0.1455 168.87 88.00  98 94   755000 1304000   270 10.07
2.149 0.1484 173.56 88.00  98 94   755000 1304000   270 10.07
2.158 0.1522 178.17 88.00  98 94   755000 1304000   270 10.07
2.168 0.1613 182.74 88.00  98 94   755000 1304000   270 10.07
2.177 0.1747 187.29 88.00  98 94   755000 1304000   270 10.07
2.186 0.1905 191.86 88.00  98 94   755000 1304000   270 10.07
2.195 0.2110 196.47 88.00  98 94   755000 1304000   270 10.07
2.204 0.2394 201.12 88.00  98 94   755000 1304000   270 10.07
2.213 0.2626 205.84 88.00  98 94   755000 1304000   270 10.07
2.222 0.2976 210.62 88.00  98 94   755000 1304000   270 10.07
2.231 0.3415 215.47 88.00  98 94   755000 1304000   270 10.07
2.240 0.3753 220.35 88.00  98 94   755000 1304000   270 10.07
2.250 0.4189 225.26 88.00  98 94   755000 1304000   270 10.07
2.259 0.0000 230.16 88.00  98 94   755000 1304000   270 10.07
2.268 0.0000 234.99 88.00  98 94   755000 1304000   270 10.07
