     x     qy smooth tpara  cd  zL     xTr    xCpl frame tma
-0.933 0.2069 157.12 110.00 108 94   600000 1243000   290 9.94
-0.925 0.1839 147.00 110.00 108 94   600000 1243000   290 9.94
-0.918 0.1526 137.40 110.00 108 94   600000 1243000   290 9.94
-0.910 0.0885 128.30 110.00 108 94   600000 1243000   290 9.94
-0.902 0.1068 119.69 110.00 108 94   600000 1243000   290 9.94
-0.894 0.0927 111.56 110.00 108 94   600000 1243000   290 9.94
-0.886 0.0815 103.89 110.00 108 94   600000 1243000   290 9.94
-0.879 0.0791 96.67 110.00 108 94   600000 1243000   290 9.94
-0.871 0.0742 89.90 110.00 108 94   600000 1243000   290 9.94
-0.863 0.0688 83.57 110.00 108 94   600000 1243000   290 9.94
-0.855 0.0661 77.68 110.00 108 94   600000 1243000   290 9.94
-0.848 0.0627 72.22 110.00 108 94   600000 1243000   290 9.94
-0.840 0.0603 67.20 110.00 108 94   600000 1243000   290 9.94
-0.832 0.0580 62.62 110.00 108 94   600000 1243000   290 9.94
-0.824 0.0563 58.49 110.00 108 94   600000 1243000   290 9.94
-0.816 0.0541 54.81 110.00 108 94   600000 1243000   290 9.94
-0.809 0.0517 51.60 110.00 108 94   600000 1243000   290 9.94
-0.801 0.0516 48.89 110.00 108 94   600000 1243000   290 9.94
-0.793 0.0499 46.69 110.00 108 94   600000 1243000   290 9.94
-0.785 0.0489 45.03 110.00 108 94   600000 1243000   290 9.94
-0.778 0.0470 43.94 110.00 108 94   600000 1243000   290 9.94
-0.770 0.0448 43.39 110.00 108 94   600000 1243000   290 9.94
-0.762 0.0449 43.23 110.00 108 94   600000 1243000   290 9.94
-0.754 0.0440 42.93 110.00 108 94   600000 1243000   290 9.94
-0.747 0.0424 42.14 110.00 108 94   600000 1243000   290 9.94
-0.739 0.0412 41.35 110.00 108 94   600000 1243000   290 9.94
-0.731 0.0410 40.58 110.00 108 94   600000 1243000   290 9.94
-0.723 0.0404 39.84 110.00 108 94   600000 1243000   290 9.94
-0.715 0.0389 39.13 110.00 108 94   600000 1243000   290 9.94
-0.708 0.0390 38.46 110.00 108 94   600000 1243000   290 9.94
-0.700 0.0386 37.84 110.00 108 94   600000 1243000   290 9.94
-0.692 0.0381 37.28 110.00 108 94   600000 1243000   290 9.94
-0.684 0.0373 36.76 110.00 108 94   600000 1243000   290 9.94
-0.677 0.0367 36.31 110.00 108 94   600000 1243000   290 9.94
-0.669 0.0353 35.92 110.00 108 94   600000 1243000   290 9.94
-0.661 0.0348 35.58 110.00 108 94   600000 1243000   290 9.94
-0.653 0.0344 35.30 110.00 108 94   600000 1243000   290 9.94
-0.645 0.0346 35.07 110.00 108 94   600000 1243000   290 9.94
-0.638 0.0346 34.89 110.00 108 94   600000 1243000   290 9.94
-0.630 0.0342 34.77 110.00 108 94   600000 1243000   290 9.94
-0.622 0.0343 34.68 110.00 108 94   600000 1243000   290 9.94
-0.614 0.0343 34.64 110.00 108 94   600000 1243000   290 9.94
-0.607 0.0343 34.64 110.00 108 94   600000 1243000   290 9.94
-0.599 0.0347 34.67 110.00 108 94   600000 1243000   290 9.94
-0.591 0.0354 34.73 110.00 108 94   600000 1243000   290 9.94
-0.583 0.0349 34.83 110.00 108 94   600000 1243000   290 9.94
-0.575 0.0357 34.94 110.00 108 94   600000 1243000   290 9.94
-0.568 0.0358 35.08 110.00 108 94   600000 1243000   290 9.94
-0.560 0.0356 35.23 110.00 108 94   600000 1243000   290 9.94
-0.552 0.0355 35.39 110.00 108 94   600000 1243000   290 9.94
-0.544 0.0352 35.55 110.00 108 94   600000 1243000   290 9.94
-0.537 0.0359 35.71 110.00 108 94   600000 1243000   290 9.94
-0.529 0.0366 35.86 110.00 108 94   600000 1243000   290 9.94
-0.521 0.0356 36.01 110.00 108 94   600000 1243000   290 9.94
-0.513 0.0361 36.14 110.00 108 94   600000 1243000   290 9.94
-0.505 0.0360 36.26 110.00 108 94   600000 1243000   290 9.94
-0.498 0.0367 36.36 110.00 108 94   600000 1243000   290 9.94
-0.490 0.0363 36.46 110.00 108 94   600000 1243000   290 9.94
-0.482 0.0361 36.55 110.00 108 94   600000 1243000   290 9.94
-0.474 0.0374 36.63 110.00 108 94   600000 1243000   290 9.94
-0.467 0.0365 36.71 110.00 108 94   600000 1243000   290 9.94
-0.459 0.0364 36.79 110.00 108 94   600000 1243000   290 9.94
-0.451 0.0367 36.86 110.00 108 94   600000 1243000   290 9.94
-0.443 0.0371 36.94 110.00 108 94   600000 1243000   290 9.94
-0.435 0.0372 37.01 110.00 108 94   600000 1243000   290 9.94
-0.428 0.0366 37.09 110.00 108 94   600000 1243000   290 9.94
-0.420 0.0384 37.17 110.00 108 94   600000 1243000   290 9.94
-0.412 0.0375 37.23 110.00 108 94   600000 1243000   290 9.94
-0.404 0.0372 37.30 110.00 108 94   600000 1243000   290 9.94
-0.397 0.0369 37.35 110.00 108 94   600000 1243000   290 9.94
-0.389 0.0372 37.39 110.00 108 94   600000 1243000   290 9.94
-0.381 0.0369 37.42 110.00 108 94   600000 1243000   290 9.94
-0.373 0.0367 37.44 110.00 108 94   600000 1243000   290 9.94
-0.365 0.0377 37.45 110.00 108 94   600000 1243000   290 9.94
-0.358 0.0370 37.44 110.00 108 94   600000 1243000   290 9.94
-0.350 0.0386 37.41 110.00 108 94   600000 1243000   290 9.94
-0.342 0.0378 37.37 110.00 108 94   600000 1243000   290 9.94
-0.334 0.0369 37.31 110.00 108 94   600000 1243000   290 9.94
-0.327 0.0376 37.24 110.00 108 94   600000 1243000   290 9.94
-0.319 0.0381 37.14 110.00 108 94   600000 1243000   290 9.94
-0.311 0.0366 37.02 110.00 108 94   600000 1243000   290 9.94
-0.303 0.0369 36.87 110.00 108 94   600000 1243000   290 9.94
-0.295 0.0373 36.71 110.00 108 94   600000 1243000   290 9.94
-0.288 0.0369 36.53 110.00 108 94   600000 1243000   290 9.94
-0.280 0.0364 36.35 110.00 108 94   600000 1243000   290 9.94
-0.272 0.0359 36.17 110.00 108 94   600000 1243000   290 9.94
-0.264 0.0359 36.01 110.00 108 94   600000 1243000   290 9.94
-0.257 0.0362 35.86 110.00 108 94   600000 1243000   290 9.94
-0.249 0.0361 35.74 110.00 108 94   600000 1243000   290 9.94
-0.241 0.0354 35.65 110.00 108 94   600000 1243000   290 9.94
-0.233 0.0357 35.59 110.00 108 94   600000 1243000   290 9.94
-0.226 0.0352 35.57 110.00 108 94   600000 1243000   290 9.94
-0.218 0.0349 35.58 110.00 108 94   600000 1243000   290 9.94
-0.210 0.0352 35.62 110.00 108 94   600000 1243000   290 9.94
-0.202 0.0344 35.69 110.00 108 94   600000 1243000   290 9.94
-0.194 0.0345 35.78 110.00 108 94   600000 1243000   290 9.94
-0.187 0.0348 35.88 110.00 108 94   600000 1243000   290 9.94
-0.179 0.0348 35.99 110.00 108 94   600000 1243000   290 9.94
-0.171 0.0360 36.10 110.00 108 94   600000 1243000   290 9.94
-0.163 0.0359 36.22 110.00 108 94   600000 1243000   290 9.94
-0.156 0.0366 36.35 110.00 108 94   600000 1243000   290 9.94
-0.148 0.0379 36.47 110.00 108 94   600000 1243000   290 9.94
-0.140 0.0398 36.60 110.00 108 94   600000 1243000   290 9.94
-0.132 0.0376 36.73 110.00 108 94   600000 1243000   290 9.94
-0.124 0.0377 36.87 110.00 108 94   600000 1243000   290 9.94
-0.117 0.0374 36.99 110.00 108 94   600000 1243000   290 9.94
-0.109 0.0368 37.10 110.00 108 94   600000 1243000   290 9.94
-0.101 0.0369 37.19 110.00 108 94   600000 1243000   290 9.94
-0.093 0.0363 37.24 110.00 108 94   600000 1243000   290 9.94
-0.086 0.0360 37.24 110.00 108 94   600000 1243000   290 9.94
-0.078 0.0365 37.19 110.00 108 94   600000 1243000   290 9.94
-0.070 0.0364 37.08 110.00 108 94   600000 1243000   290 9.94
-0.062 0.0371 36.92 110.00 108 94   600000 1243000   290 9.94
-0.054 0.0357 36.70 110.00 108 94   600000 1243000   290 9.94
-0.047 0.0362 36.42 110.00 108 94   600000 1243000   290 9.94
-0.039 0.0367 36.11 110.00 108 94   600000 1243000   290 9.94
-0.031 0.0361 35.76 110.00 108 94   600000 1243000   290 9.94
-0.023 0.0369 35.38 110.00 108 94   600000 1243000   290 9.94
-0.016 0.0358 34.97 110.00 108 94   600000 1243000   290 9.94
-0.008 0.0364 34.54 110.00 108 94   600000 1243000   290 9.94
0.000 0.0362 34.09 110.00 108 94   600000 1243000   290 9.94
0.008 0.0342 33.61 110.00 108 94   600000 1243000   290 9.94
0.016 0.0326 33.10 110.00 108 94   600000 1243000   290 9.94
0.023 0.0323 32.55 110.00 108 94   600000 1243000   290 9.94
0.031 0.0310 31.97 110.00 108 94   600000 1243000   290 9.94
0.039 0.0303 31.37 110.00 108 94   600000 1243000   290 9.94
0.047 0.0298 30.73 110.00 108 94   600000 1243000   290 9.94
0.054 0.0295 30.09 110.00 108 94   600000 1243000   290 9.94
0.062 0.0293 29.44 110.00 108 94   600000 1243000   290 9.94
0.070 0.0279 28.81 110.00 108 94   600000 1243000   290 9.94
0.078 0.0283 28.20 110.00 108 94   600000 1243000   290 9.94
0.086 0.0294 27.62 110.00 108 94   600000 1243000   290 9.94
0.093 0.0272 27.08 110.00 108 94   600000 1243000   290 9.94
0.101 0.0274 26.59 110.00 108 94   600000 1243000   290 9.94
0.109 0.0265 26.16 110.00 108 94   600000 1243000   290 9.94
0.117 0.0252 25.78 110.00 108 94   600000 1243000   290 9.94
0.124 0.0252 25.46 110.00 108 94   600000 1243000   290 9.94
0.132 0.0250 25.20 110.00 108 94   600000 1243000   290 9.94
0.140 0.0249 24.99 110.00 108 94   600000 1243000   290 9.94
0.148 0.0238 24.85 110.00 108 94   600000 1243000   290 9.94
0.156 0.0248 24.77 110.00 108 94   600000 1243000   290 9.94
0.163 0.0249 24.75 110.00 108 94   600000 1243000   290 9.94
0.171 0.0238 24.80 110.00 108 94   600000 1243000   290 9.94
0.179 0.0247 24.92 110.00 108 94   600000 1243000   290 9.94
0.187 0.0249 25.13 110.00 108 94   600000 1243000   290 9.94
0.194 0.0255 25.43 110.00 108 94   600000 1243000   290 9.94
0.202 0.0260 25.82 110.00 108 94   600000 1243000   290 9.94
0.210 0.0258 26.29 110.00 108 94   600000 1243000   290 9.94
0.218 0.0266 26.84 110.00 108 94   600000 1243000   290 9.94
0.226 0.0263 27.45 110.00 108 94   600000 1243000   290 9.94
0.233 0.0275 28.11 110.00 108 94   600000 1243000   290 9.94
0.241 0.0278 28.80 110.00 108 94   600000 1243000   290 9.94
0.249 0.0283 29.50 110.00 108 94   600000 1243000   290 9.94
0.257 0.0301 30.20 110.00 108 94   600000 1243000   290 9.94
0.264 0.0311 30.87 110.00 108 94   600000 1243000   290 9.94
0.272 0.0316 31.51 110.00 108 94   600000 1243000   290 9.94
0.280 0.0326 32.10 110.00 108 94   600000 1243000   290 9.94
0.288 0.0338 32.64 110.00 108 94   600000 1243000   290 9.94
0.295 0.0335 33.13 110.00 108 94   600000 1243000   290 9.94
0.303 0.0352 33.55 110.00 108 94   600000 1243000   290 9.94
0.311 0.0360 33.90 110.00 108 94   600000 1243000   290 9.94
0.319 0.0365 34.19 110.00 108 94   600000 1243000   290 9.94
0.327 0.0364 34.43 110.00 108 94   600000 1243000   290 9.94
0.334 0.0358 34.61 110.00 108 94   600000 1243000   290 9.94
0.342 0.0355 34.76 110.00 108 94   600000 1243000   290 9.94
0.350 0.0355 34.88 110.00 108 94   600000 1243000   290 9.94
0.358 0.0333 34.99 110.00 108 94   600000 1243000   290 9.94
0.365 0.0350 35.11 110.00 108 94   600000 1243000   290 9.94
0.373 0.0341 35.25 110.00 108 94   600000 1243000   290 9.94
0.381 0.0350 35.43 110.00 108 94   600000 1243000   290 9.94
0.389 0.0346 35.67 110.00 108 94   600000 1243000   290 9.94
0.397 0.0341 35.98 110.00 108 94   600000 1243000   290 9.94
0.404 0.0358 36.36 110.00 108 94   600000 1243000   290 9.94
0.412 0.0355 36.83 110.00 108 94   600000 1243000   290 9.94
0.420 0.0356 37.37 110.00 108 94   600000 1243000   290 9.94
0.428 0.0365 37.98 110.00 108 94   600000 1243000   290 9.94
0.435 0.0365 38.66 110.00 108 94   600000 1243000   290 9.94
0.443 0.0387 39.40 110.00 108 94   600000 1243000   290 9.94
0.451 0.0412 40.18 110.00 108 94   600000 1243000   290 9.94
0.459 0.0406 41.00 110.00 108 94   600000 1243000   290 9.94
0.467 0.0422 41.84 110.00 108 94   600000 1243000   290 9.94
0.474 0.0435 42.67 110.00 108 94   600000 1243000   290 9.94
0.482 0.0451 43.50 110.00 108 94   600000 1243000   290 9.94
0.489 0.0457 44.32 110.00 108 94   600000 1243000   290 9.94
0.496 0.0468 45.11 110.00 108 94   600000 1243000   290 9.94
0.502 0.0478 45.86 110.00 108 94   600000 1243000   290 9.94
0.509 0.0478 46.57 110.00 108 94   600000 1243000   290 9.94
0.515 0.0470 47.24 110.00 108 94   600000 1243000   290 9.94
0.521 0.0483 47.85 110.00 108 94   600000 1243000   290 9.94
0.526 0.0497 48.41 110.00 108 94   600000 1243000   290 9.94
0.532 0.0485 48.91 110.00 108 94   600000 1243000   290 9.94
0.537 0.0443 49.36 110.00 108 94   600000 1243000   290 9.94
0.542 0.0506 49.77 110.00 108 94   600000 1243000   290 9.94
0.546 0.0501 50.13 110.00 108 94   600000 1243000   290 9.94
0.551 0.0514 50.46 110.00 108 94   600000 1243000   290 9.94
0.555 0.0505 50.78 110.00 108 94   600000 1243000   290 9.94
0.560 0.0503 51.08 110.00 108 94   600000 1243000   290 9.94
0.564 0.0489 51.37 110.00 108 94   600000 1243000   290 9.94
0.567 0.0524 51.65 110.00 108 94   600000 1243000   290 9.94
0.571 0.0544 51.93 110.00 108 94   600000 1243000   290 9.94
0.575 0.0528 52.20 110.00 108 94   600000 1243000   290 9.94
0.578 0.0531 52.46 110.00 108 94   600000 1243000   290 9.94
0.581 0.0515 52.71 110.00 108 94   600000 1243000   290 9.94
0.585 0.0559 52.94 110.00 108 94   600000 1243000   290 9.94
0.588 0.0488 53.14 110.00 108 94   600000 1243000   290 9.94
0.590 0.0531 53.31 110.00 108 94   600000 1243000   290 9.94
0.593 0.0547 53.47 110.00 108 94   600000 1243000   290 9.94
0.596 0.0564 53.62 110.00 108 94   600000 1243000   290 9.94
0.598 0.0505 53.78 110.00 108 94   600000 1243000   290 9.94
0.601 0.0565 53.93 110.00 108 94   600000 1243000   290 9.94
0.603 0.0535 54.09 110.00 108 94   600000 1243000   290 9.94
0.605 0.0553 54.24 110.00 108 94   600000 1243000   290 9.94
0.608 0.0538 54.42 110.00 108 94   600000 1243000   290 9.94
0.610 0.0565 54.61 110.00 108 94   600000 1243000   290 9.94
0.612 0.0523 54.81 110.00 108 94   600000 1243000   290 9.94
0.614 0.0523 55.03 110.00 108 94   600000 1243000   290 9.94
0.615 0.0551 55.25 110.00 108 94   600000 1243000   290 9.94
0.617 0.0554 55.46 110.00 108 94   600000 1243000   290 9.94
0.619 0.0560 55.67 110.00 108 94   600000 1243000   290 9.94
0.621 0.0541 55.88 110.00 108 94   600000 1243000   290 9.94
0.622 0.0573 56.08 110.00 108 94   600000 1243000   290 9.94
0.624 0.0557 56.28 110.00 108 94   600000 1243000   290 9.94
0.625 0.0539 56.49 110.00 108 94   600000 1243000   290 9.94
0.627 0.0606 56.70 110.00 108 94   600000 1243000   290 9.94
0.628 0.0572 56.92 110.00 108 94   600000 1243000   290 9.94
0.630 0.0624 57.14 110.00 108 94   600000 1243000   290 9.94
0.631 0.0625 57.38 110.00 108 94   600000 1243000   290 9.94
0.633 0.0496 57.62 110.00 108 94   600000 1243000   290 9.94
0.635 0.0538 57.85 110.00 108 94   600000 1243000   290 9.94
0.636 0.0575 58.08 110.00 108 94   600000 1243000   290 9.94
0.638 0.0655 58.30 110.00 108 94   600000 1243000   290 9.94
0.639 0.0589 58.50 110.00 108 94   600000 1243000   290 9.94
0.641 0.0558 58.69 110.00 108 94   600000 1243000   290 9.94
0.642 0.0551 58.89 110.00 108 94   600000 1243000   290 9.94
0.644 0.0600 59.09 110.00 108 94   600000 1243000   290 9.94
0.645 0.0559 59.30 110.00 108 94   600000 1243000   290 9.94
0.647 0.0608 59.53 110.00 108 94   600000 1243000   290 9.94
0.649 0.0608 59.76 110.00 108 94   600000 1243000   290 9.94
0.650 0.0600 60.01 110.00 108 94   600000 1243000   290 9.94
0.652 0.0658 60.26 110.00 108 94   600000 1243000   290 9.94
0.653 0.0597 60.51 110.00 108 94   600000 1243000   290 9.94
0.655 0.0568 60.75 110.00 108 94   600000 1243000   290 9.94
0.656 0.0616 60.99 110.00 108 94   600000 1243000   290 9.94
0.658 0.0606 61.20 110.00 108 94   600000 1243000   290 9.94
0.659 0.0612 61.38 110.00 108 94   600000 1243000   290 9.94
0.661 0.0626 61.54 110.00 108 94   600000 1243000   290 9.94
0.663 0.0615 61.65 110.00 108 94   600000 1243000   290 9.94
0.664 0.0620 61.72 110.00 108 94   600000 1243000   290 9.94
0.666 0.0614 61.76 110.00 108 94   600000 1243000   290 9.94
0.667 0.0627 61.78 110.00 108 94   600000 1243000   290 9.94
0.669 0.0638 61.80 110.00 108 94   600000 1243000   290 9.94
0.670 0.0623 61.81 110.00 108 94   600000 1243000   290 9.94
0.672 0.0661 61.81 110.00 108 94   600000 1243000   290 9.94
0.673 0.0620 61.81 110.00 108 94   600000 1243000   290 9.94
0.675 0.0535 61.82 110.00 108 94   600000 1243000   290 9.94
0.677 0.0642 61.86 110.00 108 94   600000 1243000   290 9.94
0.678 0.0605 61.92 110.00 108 94   600000 1243000   290 9.94
0.680 0.0630 62.01 110.00 108 94   600000 1243000   290 9.94
0.681 0.0623 62.10 110.00 108 94   600000 1243000   290 9.94
0.683 0.0601 62.19 110.00 108 94   600000 1243000   290 9.94
0.684 0.0618 62.27 110.00 108 94   600000 1243000   290 9.94
0.686 0.0624 62.34 110.00 108 94   600000 1243000   290 9.94
0.687 0.0615 62.41 110.00 108 94   600000 1243000   290 9.94
0.689 0.0621 62.49 110.00 108 94   600000 1243000   290 9.94
0.691 0.0648 62.60 110.00 108 94   600000 1243000   290 9.94
0.692 0.0591 62.72 110.00 108 94   600000 1243000   290 9.94
0.694 0.0666 62.87 110.00 108 94   600000 1243000   290 9.94
0.695 0.0616 63.03 110.00 108 94   600000 1243000   290 9.94
0.697 0.0660 63.20 110.00 108 94   600000 1243000   290 9.94
0.698 0.0680 63.38 110.00 108 94   600000 1243000   290 9.94
0.700 0.0628 63.55 110.00 108 94   600000 1243000   290 9.94
0.701 0.0554 63.71 110.00 108 94   600000 1243000   290 9.94
0.703 0.0713 63.86 110.00 108 94   600000 1243000   290 9.94
0.705 0.0635 64.00 110.00 108 94   600000 1243000   290 9.94
0.706 0.0638 64.13 110.00 108 94   600000 1243000   290 9.94
0.708 0.0645 64.25 110.00 108 94   600000 1243000   290 9.94
0.709 0.0581 64.37 110.00 108 94   600000 1243000   290 9.94
0.711 0.0613 64.48 110.00 108 94   600000 1243000   290 9.94
0.712 0.0682 64.59 110.00 108 94   600000 1243000   290 9.94
0.714 0.0627 64.69 110.00 108 94   600000 1243000   290 9.94
0.715 0.0662 64.79 110.00 108 94   600000 1243000   290 9.94
0.717 0.0676 64.90 110.00 108 94   600000 1243000   290 9.94
0.719 0.0724 65.01 110.00 108 94   600000 1243000   290 9.94
0.720 0.0621 65.14 110.00 108 94   600000 1243000   290 9.94
0.722 0.0599 65.27 110.00 108 94   600000 1243000   290 9.94
0.723 0.0681 65.40 110.00 108 94   600000 1243000   290 9.94
0.725 0.0608 65.54 110.00 108 94   600000 1243000   290 9.94
0.726 0.0685 65.68 110.00 108 94   600000 1243000   290 9.94
0.728 0.0692 65.83 110.00 108 94   600000 1243000   290 9.94
0.729 0.0629 65.97 110.00 108 94   600000 1243000   290 9.94
0.731 0.0682 66.09 110.00 108 94   600000 1243000   290 9.94
0.733 0.0661 66.21 110.00 108 94   600000 1243000   290 9.94
0.734 0.0654 66.31 110.00 108 94   600000 1243000   290 9.94
0.736 0.0631 66.39 110.00 108 94   600000 1243000   290 9.94
0.737 0.0699 66.46 110.00 108 94   600000 1243000   290 9.94
0.739 0.0645 66.52 110.00 108 94   600000 1243000   290 9.94
0.740 0.0654 66.56 110.00 108 94   600000 1243000   290 9.94
0.742 0.0695 66.59 110.00 108 94   600000 1243000   290 9.94
0.743 0.0649 66.61 110.00 108 94   600000 1243000   290 9.94
0.745 0.0663 66.64 110.00 108 94   600000 1243000   290 9.94
0.747 0.0702 66.68 110.00 108 94   600000 1243000   290 9.94
0.748 0.0640 66.74 110.00 108 94   600000 1243000   290 9.94
0.750 0.0714 66.83 110.00 108 94   600000 1243000   290 9.94
0.751 0.0655 66.92 110.00 108 94   600000 1243000   290 9.94
0.753 0.0645 67.02 110.00 108 94   600000 1243000   290 9.94
0.754 0.0694 67.14 110.00 108 94   600000 1243000   290 9.94
0.756 0.0697 67.27 110.00 108 94   600000 1243000   290 9.94
0.757 0.0678 67.41 110.00 108 94   600000 1243000   290 9.94
0.759 0.0617 67.55 110.00 108 94   600000 1243000   290 9.94
0.760 0.0668 67.68 110.00 108 94   600000 1243000   290 9.94
0.762 0.0698 67.81 110.00 108 94   600000 1243000   290 9.94
0.764 0.0620 67.94 110.00 108 94   600000 1243000   290 9.94
0.765 0.0717 68.08 110.00 108 94   600000 1243000   290 9.94
0.767 0.0699 68.23 110.00 108 94   600000 1243000   290 9.94
0.768 0.0647 68.40 110.00 108 94   600000 1243000   290 9.94
0.770 0.0658 68.60 110.00 108 94   600000 1243000   290 9.94
0.771 0.0735 68.81 110.00 108 94   600000 1243000   290 9.94
0.773 0.0725 69.06 110.00 108 94   600000 1243000   290 9.94
0.774 0.0761 69.34 110.00 108 94   600000 1243000   290 9.94
0.776 0.0710 69.65 110.00 108 94   600000 1243000   290 9.94
0.778 0.0689 69.99 110.00 108 94   600000 1243000   290 9.94
0.779 0.0637 70.33 110.00 108 94   600000 1243000   290 9.94
0.781 0.0619 70.68 110.00 108 94   600000 1243000   290 9.94
0.782 0.0729 71.02 110.00 108 94   600000 1243000   290 9.94
0.784 0.0775 71.37 110.00 108 94   600000 1243000   290 9.94
0.785 0.0713 71.71 110.00 108 94   600000 1243000   290 9.94
0.787 0.0672 72.04 110.00 108 94   600000 1243000   290 9.94
0.788 0.0755 72.35 110.00 108 94   600000 1243000   290 9.94
0.790 0.0677 72.64 110.00 108 94   600000 1243000   290 9.94
0.792 0.0796 72.90 110.00 108 94   600000 1243000   290 9.94
0.793 0.0724 73.16 110.00 108 94   600000 1243000   290 9.94
0.795 0.0746 73.46 110.00 108 94   600000 1243000   290 9.94
0.796 0.0704 73.79 110.00 108 94   600000 1243000   290 9.94
0.798 0.0790 74.14 110.00 108 94   600000 1243000   290 9.94
0.799 0.0733 74.51 110.00 108 94   600000 1243000   290 9.94
0.801 0.0762 74.90 110.00 108 94   600000 1243000   290 9.94
0.802 0.0758 75.29 110.00 108 94   600000 1243000   290 9.94
0.804 0.0791 75.67 110.00 108 94   600000 1243000   290 9.94
0.806 0.0734 76.04 110.00 108 94   600000 1243000   290 9.94
0.807 0.0717 76.39 110.00 108 94   600000 1243000   290 9.94
0.809 0.0756 76.73 110.00 108 94   600000 1243000   290 9.94
0.810 0.0805 77.07 110.00 108 94   600000 1243000   290 9.94
0.812 0.0768 77.42 110.00 108 94   600000 1243000   290 9.94
0.813 0.0765 77.81 110.00 108 94   600000 1243000   290 9.94
0.815 0.0783 78.21 110.00 108 94   600000 1243000   290 9.94
0.816 0.0723 78.64 110.00 108 94   600000 1243000   290 9.94
0.818 0.0761 79.07 110.00 108 94   600000 1243000   290 9.94
0.820 0.0854 79.51 110.00 108 94   600000 1243000   290 9.94
0.821 0.0805 79.96 110.00 108 94   600000 1243000   290 9.94
0.823 0.0925 80.44 110.00 108 94   600000 1243000   290 9.94
0.824 0.0842 80.91 110.00 108 94   600000 1243000   290 9.94
0.826 0.0680 81.38 110.00 108 94   600000 1243000   290 9.94
0.827 0.0775 81.83 110.00 108 94   600000 1243000   290 9.94
0.829 0.0842 82.27 110.00 108 94   600000 1243000   290 9.94
0.830 0.0859 82.70 110.00 108 94   600000 1243000   290 9.94
0.832 0.0833 83.11 110.00 108 94   600000 1243000   290 9.94
0.834 0.0803 83.47 110.00 108 94   600000 1243000   290 9.94
0.835 0.0886 83.77 110.00 108 94   600000 1243000   290 9.94
0.837 0.0842 84.02 110.00 108 94   600000 1243000   290 9.94
0.838 0.0838 84.20 110.00 108 94   600000 1243000   290 9.94
0.840 0.0812 84.33 110.00 108 94   600000 1243000   290 9.94
0.841 0.0876 84.41 110.00 108 94   600000 1243000   290 9.94
0.843 0.0844 84.46 110.00 108 94   600000 1243000   290 9.94
0.844 0.0783 84.46 110.00 108 94   600000 1243000   290 9.94
0.846 0.0933 84.43 110.00 108 94   600000 1243000   290 9.94
0.848 0.0837 84.39 110.00 108 94   600000 1243000   290 9.94
0.849 0.0812 84.34 110.00 108 94   600000 1243000   290 9.94
0.851 0.0879 84.28 110.00 108 94   600000 1243000   290 9.94
0.852 0.0871 84.22 110.00 108 94   600000 1243000   290 9.94
0.854 0.0775 84.15 110.00 108 94   600000 1243000   290 9.94
0.855 0.0871 84.06 110.00 108 94   600000 1243000   290 9.94
0.857 0.0893 83.97 110.00 108 94   600000 1243000   290 9.94
0.858 0.0793 83.89 110.00 108 94   600000 1243000   290 9.94
0.860 0.0838 83.82 110.00 108 94   600000 1243000   290 9.94
0.862 0.0794 83.78 110.00 108 94   600000 1243000   290 9.94
0.863 0.0781 83.73 110.00 108 94   600000 1243000   290 9.94
0.865 0.0843 83.68 110.00 108 94   600000 1243000   290 9.94
0.866 0.0867 83.62 110.00 108 94   600000 1243000   290 9.94
0.868 0.0798 83.54 110.00 108 94   600000 1243000   290 9.94
0.869 0.0885 83.42 110.00 108 94   600000 1243000   290 9.94
0.871 0.0871 83.28 110.00 108 94   600000 1243000   290 9.94
0.872 0.0779 83.13 110.00 108 94   600000 1243000   290 9.94
0.874 0.0859 82.97 110.00 108 94   600000 1243000   290 9.94
0.876 0.0817 82.83 110.00 108 94   600000 1243000   290 9.94
0.877 0.0855 82.70 110.00 108 94   600000 1243000   290 9.94
0.879 0.0898 82.59 110.00 108 94   600000 1243000   290 9.94
0.880 0.0728 82.49 110.00 108 94   600000 1243000   290 9.94
0.882 0.0868 82.39 110.00 108 94   600000 1243000   290 9.94
0.883 0.0883 82.27 110.00 108 94   600000 1243000   290 9.94
0.885 0.0783 82.14 110.00 108 94   600000 1243000   290 9.94
0.886 0.0779 81.99 110.00 108 94   600000 1243000   290 9.94
0.888 0.0820 81.82 110.00 108 94   600000 1243000   290 9.94
0.890 0.0770 81.66 110.00 108 94   600000 1243000   290 9.94
0.891 0.0833 81.50 110.00 108 94   600000 1243000   290 9.94
0.893 0.0825 81.36 110.00 108 94   600000 1243000   290 9.94
0.894 0.0774 81.26 110.00 108 94   600000 1243000   290 9.94
0.896 0.0802 81.20 110.00 108 94   600000 1243000   290 9.94
0.897 0.0764 81.17 110.00 108 94   600000 1243000   290 9.94
0.899 0.0842 81.18 110.00 108 94   600000 1243000   290 9.94
0.900 0.0867 81.21 110.00 108 94   600000 1243000   290 9.94
0.902 0.0847 81.25 110.00 108 94   600000 1243000   290 9.94
0.904 0.0853 81.29 110.00 108 94   600000 1243000   290 9.94
0.905 0.0797 81.32 110.00 108 94   600000 1243000   290 9.94
0.907 0.0773 81.33 110.00 108 94   600000 1243000   290 9.94
0.908 0.0803 81.31 110.00 108 94   600000 1243000   290 9.94
0.910 0.0774 81.23 110.00 108 94   600000 1243000   290 9.94
0.911 0.0805 81.08 110.00 108 94   600000 1243000   290 9.94
0.913 0.0811 80.86 110.00 108 94   600000 1243000   290 9.94
0.914 0.0795 80.56 110.00 108 94   600000 1243000   290 9.94
0.916 0.0854 80.21 110.00 108 94   600000 1243000   290 9.94
0.918 0.0841 79.82 110.00 108 94   600000 1243000   290 9.94
0.919 0.0825 79.40 110.00 108 94   600000 1243000   290 9.94
0.921 0.0760 78.96 110.00 108 94   600000 1243000   290 9.94
0.922 0.0751 78.50 110.00 108 94   600000 1243000   290 9.94
0.924 0.0788 78.02 110.00 108 94   600000 1243000   290 9.94
0.925 0.0821 77.50 110.00 108 94   600000 1243000   290 9.94
0.927 0.0738 76.96 110.00 108 94   600000 1243000   290 9.94
0.928 0.0749 76.41 110.00 108 94   600000 1243000   290 9.94
0.930 0.0775 75.85 110.00 108 94   600000 1243000   290 9.94
0.932 0.0745 75.30 110.00 108 94   600000 1243000   290 9.94
0.933 0.0741 74.74 110.00 108 94   600000 1243000   290 9.94
0.935 0.0701 74.17 110.00 108 94   600000 1243000   290 9.94
0.936 0.0771 73.60 110.00 108 94   600000 1243000   290 9.94
0.938 0.0693 73.03 110.00 108 94   600000 1243000   290 9.94
0.939 0.0707 72.47 110.00 108 94   600000 1243000   290 9.94
0.941 0.0751 71.93 110.00 108 94   600000 1243000   290 9.94
0.942 0.0719 71.42 110.00 108 94   600000 1243000   290 9.94
0.944 0.0751 70.94 110.00 108 94   600000 1243000   290 9.94
0.946 0.0751 70.49 110.00 108 94   600000 1243000   290 9.94
0.947 0.0670 70.07 110.00 108 94   600000 1243000   290 9.94
0.949 0.0678 69.66 110.00 108 94   600000 1243000   290 9.94
0.950 0.0617 69.26 110.00 108 94   600000 1243000   290 9.94
0.952 0.0700 68.86 110.00 108 94   600000 1243000   290 9.94
0.953 0.0684 68.48 110.00 108 94   600000 1243000   290 9.94
0.955 0.0703 68.11 110.00 108 94   600000 1243000   290 9.94
0.956 0.0712 67.78 110.00 108 94   600000 1243000   290 9.94
0.958 0.0711 67.49 110.00 108 94   600000 1243000   290 9.94
0.960 0.0708 67.26 110.00 108 94   600000 1243000   290 9.94
0.961 0.0594 67.08 110.00 108 94   600000 1243000   290 9.94
0.963 0.0669 66.96 110.00 108 94   600000 1243000   290 9.94
0.964 0.0629 66.90 110.00 108 94   600000 1243000   290 9.94
0.966 0.0664 66.87 110.00 108 94   600000 1243000   290 9.94
0.967 0.0673 66.88 110.00 108 94   600000 1243000   290 9.94
0.969 0.0651 66.91 110.00 108 94   600000 1243000   290 9.94
0.970 0.0663 66.95 110.00 108 94   600000 1243000   290 9.94
0.972 0.0694 66.99 110.00 108 94   600000 1243000   290 9.94
0.974 0.0680 67.00 110.00 108 94   600000 1243000   290 9.94
0.975 0.0657 66.99 110.00 108 94   600000 1243000   290 9.94
0.977 0.0696 66.94 110.00 108 94   600000 1243000   290 9.94
0.978 0.0615 66.86 110.00 108 94   600000 1243000   290 9.94
0.980 0.0678 66.78 110.00 108 94   600000 1243000   290 9.94
0.981 0.0706 66.70 110.00 108 94   600000 1243000   290 9.94
0.983 0.0678 66.65 110.00 108 94   600000 1243000   290 9.94
0.984 0.0658 66.62 110.00 108 94   600000 1243000   290 9.94
0.986 0.0755 66.60 110.00 108 94   600000 1243000   290 9.94
0.988 0.0682 66.57 110.00 108 94   600000 1243000   290 9.94
0.989 0.0671 66.51 110.00 108 94   600000 1243000   290 9.94
0.991 0.0609 66.41 110.00 108 94   600000 1243000   290 9.94
0.992 0.0627 66.28 110.00 108 94   600000 1243000   290 9.94
0.994 0.0622 66.13 110.00 108 94   600000 1243000   290 9.94
0.995 0.0679 65.97 110.00 108 94   600000 1243000   290 9.94
0.997 0.0630 65.81 110.00 108 94   600000 1243000   290 9.94
0.998 0.0647 65.65 110.00 108 94   600000 1243000   290 9.94
1.000 0.0628 65.49 110.00 108 94   600000 1243000   290 9.94
1.002 0.0665 65.34 110.00 108 94   600000 1243000   290 9.94
1.003 0.0668 65.20 110.00 108 94   600000 1243000   290 9.94
1.005 0.0701 65.08 110.00 108 94   600000 1243000   290 9.94
1.006 0.0620 65.00 110.00 108 94   600000 1243000   290 9.94
1.008 0.0724 64.95 110.00 108 94   600000 1243000   290 9.94
1.009 0.0674 64.93 110.00 108 94   600000 1243000   290 9.94
1.011 0.0631 64.95 110.00 108 94   600000 1243000   290 9.94
1.012 0.0619 65.01 110.00 108 94   600000 1243000   290 9.94
1.014 0.0662 65.09 110.00 108 94   600000 1243000   290 9.94
1.016 0.0586 65.17 110.00 108 94   600000 1243000   290 9.94
1.017 0.0669 65.24 110.00 108 94   600000 1243000   290 9.94
1.019 0.0640 65.29 110.00 108 94   600000 1243000   290 9.94
1.020 0.0677 65.31 110.00 108 94   600000 1243000   290 9.94
1.022 0.0621 65.31 110.00 108 94   600000 1243000   290 9.94
1.023 0.0689 65.29 110.00 108 94   600000 1243000   290 9.94
1.025 0.0622 65.28 110.00 108 94   600000 1243000   290 9.94
1.026 0.0653 65.29 110.00 108 94   600000 1243000   290 9.94
1.028 0.0632 65.31 110.00 108 94   600000 1243000   290 9.94
1.030 0.0678 65.37 110.00 108 94   600000 1243000   290 9.94
1.031 0.0672 65.44 110.00 108 94   600000 1243000   290 9.94
1.033 0.0666 65.53 110.00 108 94   600000 1243000   290 9.94
1.034 0.0662 65.63 110.00 108 94   600000 1243000   290 9.94
1.036 0.0682 65.73 110.00 108 94   600000 1243000   290 9.94
1.037 0.0656 65.82 110.00 108 94   600000 1243000   290 9.94
1.039 0.0641 65.91 110.00 108 94   600000 1243000   290 9.94
1.040 0.0655 66.00 110.00 108 94   600000 1243000   290 9.94
1.042 0.0689 66.08 110.00 108 94   600000 1243000   290 9.94
1.044 0.0649 66.16 110.00 108 94   600000 1243000   290 9.94
1.045 0.0626 66.22 110.00 108 94   600000 1243000   290 9.94
1.047 0.0624 66.28 110.00 108 94   600000 1243000   290 9.94
1.048 0.0699 66.32 110.00 108 94   600000 1243000   290 9.94
1.050 0.0657 66.35 110.00 108 94   600000 1243000   290 9.94
1.051 0.0611 66.36 110.00 108 94   600000 1243000   290 9.94
1.053 0.0723 66.35 110.00 108 94   600000 1243000   290 9.94
1.054 0.0681 66.32 110.00 108 94   600000 1243000   290 9.94
1.056 0.0697 66.28 110.00 108 94   600000 1243000   290 9.94
1.058 0.0607 66.25 110.00 108 94   600000 1243000   290 9.94
1.059 0.0666 66.22 110.00 108 94   600000 1243000   290 9.94
1.061 0.0694 66.20 110.00 108 94   600000 1243000   290 9.94
1.062 0.0622 66.20 110.00 108 94   600000 1243000   290 9.94
1.064 0.0669 66.20 110.00 108 94   600000 1243000   290 9.94
1.065 0.0740 66.19 110.00 108 94   600000 1243000   290 9.94
1.067 0.0678 66.18 110.00 108 94   600000 1243000   290 9.94
1.068 0.0661 66.16 110.00 108 94   600000 1243000   290 9.94
1.070 0.0609 66.14 110.00 108 94   600000 1243000   290 9.94
1.072 0.0642 66.11 110.00 108 94   600000 1243000   290 9.94
1.073 0.0645 66.10 110.00 108 94   600000 1243000   290 9.94
1.075 0.0620 66.11 110.00 108 94   600000 1243000   290 9.94
1.076 0.0679 66.14 110.00 108 94   600000 1243000   290 9.94
1.078 0.0659 66.20 110.00 108 94   600000 1243000   290 9.94
1.079 0.0675 66.29 110.00 108 94   600000 1243000   290 9.94
1.081 0.0673 66.41 110.00 108 94   600000 1243000   290 9.94
1.082 0.0645 66.54 110.00 108 94   600000 1243000   290 9.94
1.084 0.0676 66.66 110.00 108 94   600000 1243000   290 9.94
1.086 0.0680 66.78 110.00 108 94   600000 1243000   290 9.94
1.087 0.0708 66.89 110.00 108 94   600000 1243000   290 9.94
1.089 0.0672 66.99 110.00 108 94   600000 1243000   290 9.94
1.090 0.0614 67.08 110.00 108 94   600000 1243000   290 9.94
1.092 0.0712 67.15 110.00 108 94   600000 1243000   290 9.94
1.093 0.0621 67.22 110.00 108 94   600000 1243000   290 9.94
1.095 0.0708 67.28 110.00 108 94   600000 1243000   290 9.94
1.096 0.0657 67.32 110.00 108 94   600000 1243000   290 9.94
1.098 0.0711 67.35 110.00 108 94   600000 1243000   290 9.94
1.100 0.0680 67.36 110.00 108 94   600000 1243000   290 9.94
1.101 0.0704 67.35 110.00 108 94   600000 1243000   290 9.94
1.103 0.0652 67.32 110.00 108 94   600000 1243000   290 9.94
1.104 0.0681 67.28 110.00 108 94   600000 1243000   290 9.94
1.106 0.0659 67.24 110.00 108 94   600000 1243000   290 9.94
1.107 0.0631 67.20 110.00 108 94   600000 1243000   290 9.94
1.109 0.0671 67.15 110.00 108 94   600000 1243000   290 9.94
1.110 0.0647 67.09 110.00 108 94   600000 1243000   290 9.94
1.112 0.0649 67.01 110.00 108 94   600000 1243000   290 9.94
1.114 0.0683 66.92 110.00 108 94   600000 1243000   290 9.94
1.115 0.0718 66.84 110.00 108 94   600000 1243000   290 9.94
1.117 0.0676 66.76 110.00 108 94   600000 1243000   290 9.94
1.118 0.0644 66.68 110.00 108 94   600000 1243000   290 9.94
1.120 0.0693 66.60 110.00 108 94   600000 1243000   290 9.94
1.121 0.0653 66.53 110.00 108 94   600000 1243000   290 9.94
1.123 0.0726 66.48 110.00 108 94   600000 1243000   290 9.94
1.124 0.0625 66.46 110.00 108 94   600000 1243000   290 9.94
1.126 0.0681 66.46 110.00 108 94   600000 1243000   290 9.94
1.128 0.0672 66.48 110.00 108 94   600000 1243000   290 9.94
1.129 0.0589 66.52 110.00 108 94   600000 1243000   290 9.94
1.131 0.0670 66.55 110.00 108 94   600000 1243000   290 9.94
1.132 0.0673 66.59 110.00 108 94   600000 1243000   290 9.94
1.134 0.0657 66.61 110.00 108 94   600000 1243000   290 9.94
1.135 0.0668 66.63 110.00 108 94   600000 1243000   290 9.94
1.137 0.0690 66.63 110.00 108 94   600000 1243000   290 9.94
1.138 0.0658 66.62 110.00 108 94   600000 1243000   290 9.94
1.140 0.0607 66.61 110.00 108 94   600000 1243000   290 9.94
1.142 0.0682 66.60 110.00 108 94   600000 1243000   290 9.94
1.143 0.0742 66.59 110.00 108 94   600000 1243000   290 9.94
1.145 0.0656 66.57 110.00 108 94   600000 1243000   290 9.94
1.146 0.0610 66.56 110.00 108 94   600000 1243000   290 9.94
1.148 0.0695 66.55 110.00 108 94   600000 1243000   290 9.94
1.149 0.0689 66.53 110.00 108 94   600000 1243000   290 9.94
1.151 0.0690 66.51 110.00 108 94   600000 1243000   290 9.94
1.152 0.0671 66.49 110.00 108 94   600000 1243000   290 9.94
1.154 0.0677 66.46 110.00 108 94   600000 1243000   290 9.94
1.156 0.0615 66.43 110.00 108 94   600000 1243000   290 9.94
1.157 0.0718 66.38 110.00 108 94   600000 1243000   290 9.94
1.159 0.0627 66.34 110.00 108 94   600000 1243000   290 9.94
1.160 0.0625 66.30 110.00 108 94   600000 1243000   290 9.94
1.162 0.0681 66.27 110.00 108 94   600000 1243000   290 9.94
1.163 0.0656 66.24 110.00 108 94   600000 1243000   290 9.94
1.165 0.0621 66.22 110.00 108 94   600000 1243000   290 9.94
1.166 0.0650 66.21 110.00 108 94   600000 1243000   290 9.94
1.168 0.0660 66.21 110.00 108 94   600000 1243000   290 9.94
1.170 0.0726 66.22 110.00 108 94   600000 1243000   290 9.94
1.171 0.0653 66.24 110.00 108 94   600000 1243000   290 9.94
1.173 0.0643 66.28 110.00 108 94   600000 1243000   290 9.94
1.174 0.0666 66.35 110.00 108 94   600000 1243000   290 9.94
1.176 0.0731 66.42 110.00 108 94   600000 1243000   290 9.94
1.177 0.0620 66.49 110.00 108 94   600000 1243000   290 9.94
1.179 0.0693 66.57 110.00 108 94   600000 1243000   290 9.94
1.180 0.0667 66.65 110.00 108 94   600000 1243000   290 9.94
1.182 0.0627 66.71 110.00 108 94   600000 1243000   290 9.94
1.184 0.0690 66.76 110.00 108 94   600000 1243000   290 9.94
1.185 0.0640 66.78 110.00 108 94   600000 1243000   290 9.94
1.187 0.0701 66.79 110.00 108 94   600000 1243000   290 9.94
1.188 0.0658 66.78 110.00 108 94   600000 1243000   290 9.94
1.190 0.0654 66.76 110.00 108 94   600000 1243000   290 9.94
1.191 0.0650 66.73 110.00 108 94   600000 1243000   290 9.94
1.193 0.0681 66.72 110.00 108 94   600000 1243000   290 9.94
1.194 0.0679 66.72 110.00 108 94   600000 1243000   290 9.94
1.196 0.0649 66.74 110.00 108 94   600000 1243000   290 9.94
1.198 0.0695 66.78 110.00 108 94   600000 1243000   290 9.94
1.199 0.0675 66.82 110.00 108 94   600000 1243000   290 9.94
1.201 0.0623 66.87 110.00 108 94   600000 1243000   290 9.94
1.202 0.0691 66.92 110.00 108 94   600000 1243000   290 9.94
1.204 0.0698 66.95 110.00 108 94   600000 1243000   290 9.94
1.205 0.0633 66.98 110.00 108 94   600000 1243000   290 9.94
1.207 0.0666 67.00 110.00 108 94   600000 1243000   290 9.94
1.208 0.0705 67.00 110.00 108 94   600000 1243000   290 9.94
1.210 0.0649 67.00 110.00 108 94   600000 1243000   290 9.94
1.212 0.0654 66.98 110.00 108 94   600000 1243000   290 9.94
1.213 0.0697 66.95 110.00 108 94   600000 1243000   290 9.94
1.215 0.0658 66.92 110.00 108 94   600000 1243000   290 9.94
1.216 0.0676 66.90 110.00 108 94   600000 1243000   290 9.94
1.218 0.0691 66.88 110.00 108 94   600000 1243000   290 9.94
1.219 0.0652 66.89 110.00 108 94   600000 1243000   290 9.94
1.221 0.0689 66.91 110.00 108 94   600000 1243000   290 9.94
1.222 0.0663 66.94 110.00 108 94   600000 1243000   290 9.94
1.224 0.0692 67.00 110.00 108 94   600000 1243000   290 9.94
1.226 0.0620 67.07 110.00 108 94   600000 1243000   290 9.94
1.227 0.0646 67.15 110.00 108 94   600000 1243000   290 9.94
1.229 0.0683 67.23 110.00 108 94   600000 1243000   290 9.94
1.230 0.0697 67.32 110.00 108 94   600000 1243000   290 9.94
1.232 0.0662 67.40 110.00 108 94   600000 1243000   290 9.94
1.233 0.0662 67.48 110.00 108 94   600000 1243000   290 9.94
1.235 0.0670 67.55 110.00 108 94   600000 1243000   290 9.94
1.236 0.0697 67.63 110.00 108 94   600000 1243000   290 9.94
1.238 0.0677 67.70 110.00 108 94   600000 1243000   290 9.94
1.240 0.0628 67.76 110.00 108 94   600000 1243000   290 9.94
1.241 0.0726 67.82 110.00 108 94   600000 1243000   290 9.94
1.243 0.0698 67.87 110.00 108 94   600000 1243000   290 9.94
1.244 0.0651 67.92 110.00 108 94   600000 1243000   290 9.94
1.246 0.0759 67.96 110.00 108 94   600000 1243000   290 9.94
1.247 0.0655 68.00 110.00 108 94   600000 1243000   290 9.94
1.249 0.0645 68.03 110.00 108 94   600000 1243000   290 9.94
1.250 0.0710 68.05 110.00 108 94   600000 1243000   290 9.94
1.252 0.0675 68.06 110.00 108 94   600000 1243000   290 9.94
1.253 0.0661 68.05 110.00 108 94   600000 1243000   290 9.94
1.255 0.0663 68.04 110.00 108 94   600000 1243000   290 9.94
1.257 0.0697 68.02 110.00 108 94   600000 1243000   290 9.94
1.258 0.0695 68.01 110.00 108 94   600000 1243000   290 9.94
1.260 0.0652 68.00 110.00 108 94   600000 1243000   290 9.94
1.261 0.0649 68.01 110.00 108 94   600000 1243000   290 9.94
1.263 0.0684 68.02 110.00 108 94   600000 1243000   290 9.94
1.264 0.0733 68.04 110.00 108 94   600000 1243000   290 9.94
1.266 0.0666 68.07 110.00 108 94   600000 1243000   290 9.94
1.267 0.0686 68.12 110.00 108 94   600000 1243000   290 9.94
1.269 0.0647 68.17 110.00 108 94   600000 1243000   290 9.94
1.271 0.0688 68.24 110.00 108 94   600000 1243000   290 9.94
1.272 0.0716 68.31 110.00 108 94   600000 1243000   290 9.94
1.274 0.0669 68.39 110.00 108 94   600000 1243000   290 9.94
1.275 0.0712 68.47 110.00 108 94   600000 1243000   290 9.94
1.277 0.0675 68.53 110.00 108 94   600000 1243000   290 9.94
1.278 0.0676 68.59 110.00 108 94   600000 1243000   290 9.94
1.280 0.0665 68.63 110.00 108 94   600000 1243000   290 9.94
1.281 0.0684 68.67 110.00 108 94   600000 1243000   290 9.94
1.283 0.0720 68.70 110.00 108 94   600000 1243000   290 9.94
1.285 0.0700 68.74 110.00 108 94   600000 1243000   290 9.94
1.286 0.0662 68.77 110.00 108 94   600000 1243000   290 9.94
1.288 0.0690 68.80 110.00 108 94   600000 1243000   290 9.94
1.289 0.0680 68.84 110.00 108 94   600000 1243000   290 9.94
1.291 0.0702 68.88 110.00 108 94   600000 1243000   290 9.94
1.292 0.0680 68.92 110.00 108 94   600000 1243000   290 9.94
1.294 0.0682 68.97 110.00 108 94   600000 1243000   290 9.94
1.295 0.0703 69.02 110.00 108 94   600000 1243000   290 9.94
1.297 0.0665 69.07 110.00 108 94   600000 1243000   290 9.94
1.299 0.0738 69.12 110.00 108 94   600000 1243000   290 9.94
1.300 0.0678 69.17 110.00 108 94   600000 1243000   290 9.94
1.302 0.0661 69.22 110.00 108 94   600000 1243000   290 9.94
1.303 0.0721 69.27 110.00 108 94   600000 1243000   290 9.94
1.305 0.0678 69.32 110.00 108 94   600000 1243000   290 9.94
1.306 0.0694 69.37 110.00 108 94   600000 1243000   290 9.94
1.308 0.0701 69.42 110.00 108 94   600000 1243000   290 9.94
1.309 0.0718 69.48 110.00 108 94   600000 1243000   290 9.94
1.311 0.0657 69.54 110.00 108 94   600000 1243000   290 9.94
1.313 0.0731 69.62 110.00 108 94   600000 1243000   290 9.94
1.314 0.0689 69.70 110.00 108 94   600000 1243000   290 9.94
1.316 0.0692 69.77 110.00 108 94   600000 1243000   290 9.94
1.317 0.0688 69.84 110.00 108 94   600000 1243000   290 9.94
1.319 0.0699 69.90 110.00 108 94   600000 1243000   290 9.94
1.320 0.0695 69.96 110.00 108 94   600000 1243000   290 9.94
1.322 0.0718 70.02 110.00 108 94   600000 1243000   290 9.94
1.323 0.0686 70.07 110.00 108 94   600000 1243000   290 9.94
1.325 0.0690 70.11 110.00 108 94   600000 1243000   290 9.94
1.327 0.0717 70.16 110.00 108 94   600000 1243000   290 9.94
1.328 0.0728 70.21 110.00 108 94   600000 1243000   290 9.94
1.330 0.0660 70.26 110.00 108 94   600000 1243000   290 9.94
1.331 0.0699 70.30 110.00 108 94   600000 1243000   290 9.94
1.333 0.0718 70.36 110.00 108 94   600000 1243000   290 9.94
1.334 0.0722 70.42 110.00 108 94   600000 1243000   290 9.94
1.336 0.0728 70.49 110.00 108 94   600000 1243000   290 9.94
1.337 0.0697 70.57 110.00 108 94   600000 1243000   290 9.94
1.339 0.0690 70.65 110.00 108 94   600000 1243000   290 9.94
1.341 0.0716 70.72 110.00 108 94   600000 1243000   290 9.94
1.342 0.0689 70.77 110.00 108 94   600000 1243000   290 9.94
1.344 0.0663 70.82 110.00 108 94   600000 1243000   290 9.94
1.345 0.0721 70.85 110.00 108 94   600000 1243000   290 9.94
1.347 0.0784 70.86 110.00 108 94   600000 1243000   290 9.94
1.348 0.0663 70.86 110.00 108 94   600000 1243000   290 9.94
1.350 0.0698 70.86 110.00 108 94   600000 1243000   290 9.94
1.351 0.0699 70.86 110.00 108 94   600000 1243000   290 9.94
1.353 0.0718 70.86 110.00 108 94   600000 1243000   290 9.94
1.355 0.0746 70.87 110.00 108 94   600000 1243000   290 9.94
1.356 0.0711 70.89 110.00 108 94   600000 1243000   290 9.94
1.358 0.0684 70.91 110.00 108 94   600000 1243000   290 9.94
1.359 0.0727 70.95 110.00 108 94   600000 1243000   290 9.94
1.361 0.0712 70.99 110.00 108 94   600000 1243000   290 9.94
1.362 0.0722 71.04 110.00 108 94   600000 1243000   290 9.94
1.364 0.0729 71.09 110.00 108 94   600000 1243000   290 9.94
1.365 0.0649 71.14 110.00 108 94   600000 1243000   290 9.94
1.367 0.0719 71.19 110.00 108 94   600000 1243000   290 9.94
1.369 0.0703 71.22 110.00 108 94   600000 1243000   290 9.94
1.370 0.0687 71.26 110.00 108 94   600000 1243000   290 9.94
1.372 0.0748 71.29 110.00 108 94   600000 1243000   290 9.94
1.373 0.0719 71.34 110.00 108 94   600000 1243000   290 9.94
1.375 0.0697 71.40 110.00 108 94   600000 1243000   290 9.94
1.376 0.0710 71.46 110.00 108 94   600000 1243000   290 9.94
1.378 0.0736 71.54 110.00 108 94   600000 1243000   290 9.94
1.379 0.0721 71.62 110.00 108 94   600000 1243000   290 9.94
1.381 0.0751 71.70 110.00 108 94   600000 1243000   290 9.94
1.383 0.0688 71.78 110.00 108 94   600000 1243000   290 9.94
1.384 0.0725 71.86 110.00 108 94   600000 1243000   290 9.94
1.386 0.0700 71.94 110.00 108 94   600000 1243000   290 9.94
1.387 0.0738 72.01 110.00 108 94   600000 1243000   290 9.94
1.389 0.0713 72.07 110.00 108 94   600000 1243000   290 9.94
1.390 0.0736 72.12 110.00 108 94   600000 1243000   290 9.94
1.392 0.0691 72.17 110.00 108 94   600000 1243000   290 9.94
1.393 0.0730 72.21 110.00 108 94   600000 1243000   290 9.94
1.395 0.0725 72.23 110.00 108 94   600000 1243000   290 9.94
1.397 0.0734 72.26 110.00 108 94   600000 1243000   290 9.94
1.398 0.0722 72.28 110.00 108 94   600000 1243000   290 9.94
1.400 0.0723 72.32 110.00 108 94   600000 1243000   290 9.94
1.401 0.0728 72.38 110.00 108 94   600000 1243000   290 9.94
1.403 0.0708 72.45 110.00 108 94   600000 1243000   290 9.94
1.404 0.0756 72.54 110.00 108 94   600000 1243000   290 9.94
1.406 0.0679 72.63 110.00 108 94   600000 1243000   290 9.94
1.407 0.0742 72.73 110.00 108 94   600000 1243000   290 9.94
1.409 0.0758 72.83 110.00 108 94   600000 1243000   290 9.94
1.411 0.0695 72.95 110.00 108 94   600000 1243000   290 9.94
1.412 0.0734 73.07 110.00 108 94   600000 1243000   290 9.94
1.414 0.0746 73.19 110.00 108 94   600000 1243000   290 9.94
1.415 0.0735 73.32 110.00 108 94   600000 1243000   290 9.94
1.417 0.0725 73.46 110.00 108 94   600000 1243000   290 9.94
1.418 0.0742 73.61 110.00 108 94   600000 1243000   290 9.94
1.420 0.0731 73.76 110.00 108 94   600000 1243000   290 9.94
1.421 0.0752 73.91 110.00 108 94   600000 1243000   290 9.94
1.423 0.0711 74.06 110.00 108 94   600000 1243000   290 9.94
1.425 0.0740 74.21 110.00 108 94   600000 1243000   290 9.94
1.426 0.0770 74.35 110.00 108 94   600000 1243000   290 9.94
1.428 0.0764 74.50 110.00 108 94   600000 1243000   290 9.94
1.429 0.0747 74.66 110.00 108 94   600000 1243000   290 9.94
1.431 0.0743 74.83 110.00 108 94   600000 1243000   290 9.94
1.432 0.0720 75.01 110.00 108 94   600000 1243000   290 9.94
1.434 0.0761 75.20 110.00 108 94   600000 1243000   290 9.94
1.435 0.0763 75.40 110.00 108 94   600000 1243000   290 9.94
1.437 0.0764 75.60 110.00 108 94   600000 1243000   290 9.94
1.439 0.0757 75.81 110.00 108 94   600000 1243000   290 9.94
1.440 0.0770 76.02 110.00 108 94   600000 1243000   290 9.94
1.442 0.0760 76.25 110.00 108 94   600000 1243000   290 9.94
1.443 0.0752 76.49 110.00 108 94   600000 1243000   290 9.94
1.445 0.0780 76.75 110.00 108 94   600000 1243000   290 9.94
1.446 0.0737 77.04 110.00 108 94   600000 1243000   290 9.94
1.448 0.0795 77.36 110.00 108 94   600000 1243000   290 9.94
1.449 0.0773 77.70 110.00 108 94   600000 1243000   290 9.94
1.451 0.0767 78.06 110.00 108 94   600000 1243000   290 9.94
1.453 0.0793 78.46 110.00 108 94   600000 1243000   290 9.94
1.454 0.0783 78.90 110.00 108 94   600000 1243000   290 9.94
1.456 0.0846 79.38 110.00 108 94   600000 1243000   290 9.94
1.457 0.0802 79.91 110.00 108 94   600000 1243000   290 9.94
1.459 0.0805 80.49 110.00 108 94   600000 1243000   290 9.94
1.460 0.0782 81.12 110.00 108 94   600000 1243000   290 9.94
1.462 0.0809 81.79 110.00 108 94   600000 1243000   290 9.94
1.463 0.0817 82.53 110.00 108 94   600000 1243000   290 9.94
1.465 0.0806 83.33 110.00 108 94   600000 1243000   290 9.94
1.467 0.0862 84.19 110.00 108 94   600000 1243000   290 9.94
1.468 0.0884 85.12 110.00 108 94   600000 1243000   290 9.94
1.470 0.0844 86.10 110.00 108 94   600000 1243000   290 9.94
1.471 0.0895 87.16 110.00 108 94   600000 1243000   290 9.94
1.473 0.0875 88.30 110.00 108 94   600000 1243000   290 9.94
1.474 0.0871 89.54 110.00 108 94   600000 1243000   290 9.94
1.476 0.0947 90.87 110.00 108 94   600000 1243000   290 9.94
1.477 0.0882 92.30 110.00 108 94   600000 1243000   290 9.94
1.479 0.0899 93.81 110.00 108 94   600000 1243000   290 9.94
1.481 0.0979 95.41 110.00 108 94   600000 1243000   290 9.94
1.482 0.1040 97.09 110.00 108 94   600000 1243000   290 9.94
1.484 0.0944 98.86 110.00 108 94   600000 1243000   290 9.94
1.485 0.1018 100.71 110.00 108 94   600000 1243000   290 9.94
1.487 0.1012 102.62 110.00 108 94   600000 1243000   290 9.94
1.488 0.1014 104.63 110.00 108 94   600000 1243000   290 9.94
1.490 0.1112 106.72 110.00 108 94   600000 1243000   290 9.94
1.491 0.1094 108.91 110.00 108 94   600000 1243000   290 9.94
1.493 0.1110 111.20 110.00 108 94   600000 1243000   290 9.94
1.495 0.1129 113.62 110.00 108 94   600000 1243000   290 9.94
1.496 0.1125 116.18 110.00 108 94   600000 1243000   290 9.94
1.498 0.1216 118.87 110.00 108 94   600000 1243000   290 9.94
1.499 0.1255 121.68 110.00 108 94   600000 1243000   290 9.94
1.501 0.1262 124.62 110.00 108 94   600000 1243000   290 9.94
1.502 0.1289 127.70 110.00 108 94   600000 1243000   290 9.94
1.504 0.1272 130.89 110.00 108 94   600000 1243000   290 9.94
1.505 0.1300 134.23 110.00 108 94   600000 1243000   290 9.94
1.507 0.1384 137.69 110.00 108 94   600000 1243000   290 9.94
1.509 0.1344 141.28 110.00 108 94   600000 1243000   290 9.94
1.510 0.1455 145.00 110.00 108 94   600000 1243000   290 9.94
1.512 0.1568 148.85 110.00 108 94   600000 1243000   290 9.94
1.513 0.1519 152.82 110.00 108 94   600000 1243000   290 9.94
1.515 0.1447 156.90 110.00 108 94   600000 1243000   290 9.94
1.516 0.1670 161.05 110.00 108 94   600000 1243000   290 9.94
1.518 0.1779 165.30 110.00 108 94   600000 1243000   290 9.94
1.519 0.1635 169.65 110.00 108 94   600000 1243000   290 9.94
1.521 0.1661 174.11 110.00 108 94   600000 1243000   290 9.94
1.523 0.1856 178.69 110.00 108 94   600000 1243000   290 9.94
1.524 0.1886 183.39 110.00 108 94   600000 1243000   290 9.94
1.526 0.1848 188.19 110.00 108 94   600000 1243000   290 9.94
1.527 0.1896 193.10 110.00 108 94   600000 1243000   290 9.94
1.529 0.1954 198.09 110.00 108 94   600000 1243000   290 9.94
1.530 0.2099 203.15 110.00 108 94   600000 1243000   290 9.94
1.532 0.2102 208.25 110.00 108 94   600000 1243000   290 9.94
1.533 0.2065 213.38 110.00 108 94   600000 1243000   290 9.94
1.535 0.2163 218.52 110.00 108 94   600000 1243000   290 9.94
1.537 0.2272 223.66 110.00 108 94   600000 1243000   290 9.94
1.538 0.2234 228.79 110.00 108 94   600000 1243000   290 9.94
1.540 0.2333 233.91 110.00 108 94   600000 1243000   290 9.94
1.541 0.2473 239.00 110.00 108 94   600000 1243000   290 9.94
1.543 0.2295 244.04 110.00 108 94   600000 1243000   290 9.94
1.544 0.2500 249.02 110.00 108 94   600000 1243000   290 9.94
1.546 0.2632 253.92 110.00 108 94   600000 1243000   290 9.94
1.547 0.2563 258.75 110.00 108 94   600000 1243000   290 9.94
1.549 0.2815 263.54 110.00 108 94   600000 1243000   290 9.94
1.551 0.2733 268.30 110.00 108 94   600000 1243000   290 9.94
1.552 0.2597 273.04 110.00 108 94   600000 1243000   290 9.94
1.554 0.2875 277.78 110.00 108 94   600000 1243000   290 9.94
1.555 0.2820 282.58 110.00 108 94   600000 1243000   290 9.94
1.557 0.2852 287.47 110.00 108 94   600000 1243000   290 9.94
1.558 0.2944 292.48 110.00 108 94   600000 1243000   290 9.94
1.560 0.2860 297.67 110.00 108 94   600000 1243000   290 9.94
1.562 0.3104 303.05 110.00 108 94   600000 1243000   290 9.94
1.564 0.3134 308.64 110.00 108 94   600000 1243000   290 9.94
1.566 0.2966 314.42 110.00 108 94   600000 1243000   290 9.94
1.568 0.3154 320.39 110.00 108 94   600000 1243000   290 9.94
1.570 0.3287 326.53 110.00 108 94   600000 1243000   290 9.94
1.572 0.3099 332.81 110.00 108 94   600000 1243000   290 9.94
1.574 0.3586 339.20 110.00 108 94   600000 1243000   290 9.94
1.576 0.3216 345.65 110.00 108 94   600000 1243000   290 9.94
1.579 0.3408 352.11 110.00 108 94   600000 1243000   290 9.94
1.581 0.3644 358.52 110.00 108 94   600000 1243000   290 9.94
1.584 0.3655 364.77 110.00 108 94   600000 1243000   290 9.94
1.587 0.3694 370.76 110.00 108 94   600000 1243000   290 9.94
1.590 0.3738 376.34 110.00 108 94   600000 1243000   290 9.94
1.593 0.3795 381.33 110.00 108 94   600000 1243000   290 9.94
1.596 0.3923 385.57 110.00 108 94   600000 1243000   290 9.94
1.599 0.3894 388.84 110.00 108 94   600000 1243000   290 9.94
1.603 0.3970 390.94 110.00 108 94   600000 1243000   290 9.94
1.606 0.4011 391.67 110.00 108 94   600000 1243000   290 9.94
1.610 0.3908 390.84 110.00 108 94   600000 1243000   290 9.94
1.614 0.3874 388.31 110.00 108 94   600000 1243000   290 9.94
1.618 0.3865 383.96 110.00 108 94   600000 1243000   290 9.94
1.622 0.3846 377.74 110.00 108 94   600000 1243000   290 9.94
1.626 0.3810 369.68 110.00 108 94   600000 1243000   290 9.94
1.631 0.3775 359.82 110.00 108 94   600000 1243000   290 9.94
1.636 0.3647 348.29 110.00 108 94   600000 1243000   290 9.94
1.640 0.3561 335.25 110.00 108 94   600000 1243000   290 9.94
1.646 0.3427 320.88 110.00 108 94   600000 1243000   290 9.94
1.651 0.3215 305.39 110.00 108 94   600000 1243000   290 9.94
1.657 0.3058 289.01 110.00 108 94   600000 1243000   290 9.94
1.662 0.2816 272.00 110.00 108 94   600000 1243000   290 9.94
1.669 0.2557 254.63 110.00 108 94   600000 1243000   290 9.94
1.675 0.2359 237.17 110.00 108 94   600000 1243000   290 9.94
1.681 0.2092 219.89 110.00 108 94   600000 1243000   290 9.94
1.688 0.1816 203.07 110.00 108 94   600000 1243000   290 9.94
1.695 0.1676 187.00 110.00 108 94   600000 1243000   290 9.94
1.703 0.1500 171.92 110.00 108 94   600000 1243000   290 9.94
1.711 0.1384 158.08 110.00 108 94   600000 1243000   290 9.94
1.719 0.1336 145.69 110.00 108 94   600000 1243000   290 9.94
1.726 0.1227 134.91 110.00 108 94   600000 1243000   290 9.94
1.734 0.1151 125.89 110.00 108 94   600000 1243000   290 9.94
1.742 0.1092 118.69 110.00 108 94   600000 1243000   290 9.94
1.750 0.1084 113.34 110.00 108 94   600000 1243000   290 9.94
1.757 0.1033 109.78 110.00 108 94   600000 1243000   290 9.94
1.765 0.0999 107.90 110.00 108 94   600000 1243000   290 9.94
1.773 0.1010 107.54 110.00 108 94   600000 1243000   290 9.94
1.781 0.1019 108.52 110.00 108 94   600000 1243000   290 9.94
1.788 0.1070 110.62 110.00 108 94   600000 1243000   290 9.94
1.796 0.1149 113.63 110.00 108 94   600000 1243000   290 9.94
1.804 0.1202 117.34 110.00 108 94   600000 1243000   290 9.94
1.812 0.1258 121.54 110.00 108 94   600000 1243000   290 9.94
1.820 0.1348 126.07 110.00 108 94   600000 1243000   290 9.94
1.827 0.1378 130.77 110.00 108 94   600000 1243000   290 9.94
1.835 0.1428 135.54 110.00 108 94   600000 1243000   290 9.94
1.843 0.1509 140.28 110.00 108 94   600000 1243000   290 9.94
1.851 0.1547 144.93 110.00 108 94   600000 1243000   290 9.94
1.858 0.1524 149.44 110.00 108 94   600000 1243000   290 9.94
1.866 0.1606 153.74 110.00 108 94   600000 1243000   290 9.94
1.874 0.1608 157.79 110.00 108 94   600000 1243000   290 9.94
1.882 0.1616 161.53 110.00 108 94   600000 1243000   290 9.94
1.890 0.1613 164.91 110.00 108 94   600000 1243000   290 9.94
1.897 0.1676 167.90 110.00 108 94   600000 1243000   290 9.94
1.905 0.1680 170.48 110.00 108 94   600000 1243000   290 9.94
1.913 0.1731 172.63 110.00 108 94   600000 1243000   290 9.94
1.921 0.1745 174.36 110.00 108 94   600000 1243000   290 9.94
1.928 0.1749 175.69 110.00 108 94   600000 1243000   290 9.94
1.936 0.1780 176.67 110.00 108 94   600000 1243000   290 9.94
1.944 0.1783 177.34 110.00 108 94   600000 1243000   290 9.94
1.952 0.1830 177.73 110.00 108 94   600000 1243000   290 9.94
1.960 0.1798 177.88 110.00 108 94   600000 1243000   290 9.94
1.967 0.1845 177.81 110.00 108 94   600000 1243000   290 9.94
1.975 0.1881 177.55 110.00 108 94   600000 1243000   290 9.94
1.983 0.1839 177.13 110.00 108 94   600000 1243000   290 9.94
1.991 0.1882 176.62 110.00 108 94   600000 1243000   290 9.94
1.998 0.1844 176.30 110.00 108 94   600000 1243000   290 9.94
2.006 0.1829 177.69 110.00 108 94   600000 1243000   290 9.94
2.014 0.1826 183.15 110.00 108 94   600000 1243000   290 9.94
2.022 0.1824 190.55 110.00 108 94   600000 1243000   290 9.94
2.030 0.1820 198.47 110.00 108 94   600000 1243000   290 9.94
2.037 0.1811 206.32 110.00 108 94   600000 1243000   290 9.94
2.045 0.1847 213.87 110.00 108 94   600000 1243000   290 9.94
2.053 0.1891 221.08 110.00 108 94   600000 1243000   290 9.94
2.061 0.1959 227.93 110.00 108 94   600000 1243000   290 9.94
2.068 0.2083 234.48 110.00 108 94   600000 1243000   290 9.94
2.076 0.2124 240.78 110.00 108 94   600000 1243000   290 9.94
2.084 0.2254 246.87 110.00 108 94   600000 1243000   290 9.94
2.092 0.2367 252.80 110.00 108 94   600000 1243000   290 9.94
2.100 0.2537 258.63 110.00 108 94   600000 1243000   290 9.94
2.107 0.2728 264.37 110.00 108 94   600000 1243000   290 9.94
2.115 0.2983 270.06 110.00 108 94   600000 1243000   290 9.94
2.123 0.3262 275.71 110.00 108 94   600000 1243000   290 9.94
2.131 0.3721 281.34 110.00 108 94   600000 1243000   290 9.94
2.138 0.4064 286.93 110.00 108 94   600000 1243000   290 9.94
2.146 0.4583 292.47 110.00 108 94   600000 1243000   290 9.94
2.154 0.5008 297.95 110.00 108 94   600000 1243000   290 9.94
2.162 0.5317 303.33 110.00 108 94   600000 1243000   290 9.94
2.170 0.0000 308.54 110.00 108 94   600000 1243000   290 9.94
2.177 0.0000 313.53 110.00 108 94   600000 1243000   290 9.94
