     x     qy smooth tpara  cd  zL     xTr    xCpl frame tma
-3.295 0.5617 505.70 13.00  87 78  1084000 1413000   250 10.10
-3.280 0.3492 478.47 13.00  87 78  1084000 1413000   250 10.10
-3.264 0.5979 452.17 13.00  87 78  1084000 1413000   250 10.10
-3.249 0.4121 426.81 13.00  87 78  1084000 1413000   250 10.10
-3.234 0.3487 402.39 13.00  87 78  1084000 1413000   250 10.10
-3.219 0.3774 378.88 13.00  87 78  1084000 1413000   250 10.10
-3.204 0.3443 356.30 13.00  87 78  1084000 1413000   250 10.10
-3.188 0.3412 334.64 13.00  87 78  1084000 1413000   250 10.10
-3.173 0.3120 313.89 13.00  87 78  1084000 1413000   250 10.10
-3.158 0.2936 294.07 13.00  87 78  1084000 1413000   250 10.10
-3.143 0.2723 275.15 13.00  87 78  1084000 1413000   250 10.10
-3.128 0.2522 257.15 13.00  87 78  1084000 1413000   250 10.10
-3.112 0.2329 240.06 13.00  87 78  1084000 1413000   250 10.10
-3.097 0.2187 223.88 13.00  87 78  1084000 1413000   250 10.10
-3.082 0.2039 208.62 13.00  87 78  1084000 1413000   250 10.10
-3.067 0.1956 194.28 13.00  87 78  1084000 1413000   250 10.10
-3.052 0.1841 180.86 13.00  87 78  1084000 1413000   250 10.10
-3.036 0.1716 168.37 13.00  87 78  1084000 1413000   250 10.10
-3.021 0.1565 156.82 13.00  87 78  1084000 1413000   250 10.10
-3.006 0.1471 146.22 13.00  87 78  1084000 1413000   250 10.10
-2.991 0.1396 136.58 13.00  87 78  1084000 1413000   250 10.10
-2.976 0.1299 127.90 13.00  87 78  1084000 1413000   250 10.10
-2.960 0.1208 120.16 13.00  87 78  1084000 1413000   250 10.10
-2.945 0.1115 113.23 13.00  87 78  1084000 1413000   250 10.10
-2.930 0.1031 107.20 13.00  87 78  1084000 1413000   250 10.10
-2.915 0.0968 101.94 13.00  87 78  1084000 1413000   250 10.10
-2.900 0.0933 97.52 13.00  87 78  1084000 1413000   250 10.10
-2.884 0.0889 93.94 13.00  87 78  1084000 1413000   250 10.10
-2.869 0.0876 91.14 13.00  87 78  1084000 1413000   250 10.10
-2.854 0.0877 89.06 13.00  87 78  1084000 1413000   250 10.10
-2.839 0.0869 87.65 13.00  87 78  1084000 1413000   250 10.10
-2.824 0.0839 86.88 13.00  87 78  1084000 1413000   250 10.10
-2.809 0.0872 86.70 13.00  87 78  1084000 1413000   250 10.10
-2.793 0.0879 87.05 13.00  87 78  1084000 1413000   250 10.10
-2.778 0.0874 87.87 13.00  87 78  1084000 1413000   250 10.10
-2.763 0.0906 89.08 13.00  87 78  1084000 1413000   250 10.10
-2.748 0.0910 90.59 13.00  87 78  1084000 1413000   250 10.10
-2.733 0.0922 92.31 13.00  87 78  1084000 1413000   250 10.10
-2.717 0.0954 94.15 13.00  87 78  1084000 1413000   250 10.10
-2.702 0.0975 96.05 13.00  87 78  1084000 1413000   250 10.10
-2.687 0.1003 97.94 13.00  87 78  1084000 1413000   250 10.10
-2.672 0.1027 99.75 13.00  87 78  1084000 1413000   250 10.10
-2.657 0.1039 101.46 13.00  87 78  1084000 1413000   250 10.10
-2.641 0.1074 103.00 13.00  87 78  1084000 1413000   250 10.10
-2.626 0.1070 104.38 13.00  87 78  1084000 1413000   250 10.10
-2.611 0.1102 105.56 13.00  87 78  1084000 1413000   250 10.10
-2.596 0.1083 106.56 13.00  87 78  1084000 1413000   250 10.10
-2.581 0.1106 107.37 13.00  87 78  1084000 1413000   250 10.10
-2.565 0.1104 107.99 13.00  87 78  1084000 1413000   250 10.10
-2.550 0.1074 108.43 13.00  87 78  1084000 1413000   250 10.10
-2.535 0.1101 108.71 13.00  87 78  1084000 1413000   250 10.10
-2.520 0.1042 108.82 13.00  87 78  1084000 1413000   250 10.10
-2.505 0.1085 108.77 13.00  87 78  1084000 1413000   250 10.10
-2.489 0.1069 108.59 13.00  87 78  1084000 1413000   250 10.10
-2.474 0.1083 108.28 13.00  87 78  1084000 1413000   250 10.10
-2.459 0.1073 107.88 13.00  87 78  1084000 1413000   250 10.10
-2.444 0.1078 107.41 13.00  87 78  1084000 1413000   250 10.10
-2.429 0.1070 106.88 13.00  87 78  1084000 1413000   250 10.10
-2.413 0.1050 106.31 13.00  87 78  1084000 1413000   250 10.10
-2.398 0.1058 105.72 13.00  87 78  1084000 1413000   250 10.10
-2.383 0.1063 105.12 13.00  87 78  1084000 1413000   250 10.10
-2.368 0.1025 104.52 13.00  87 78  1084000 1413000   250 10.10
-2.353 0.1066 103.93 13.00  87 78  1084000 1413000   250 10.10
-2.337 0.1020 103.35 13.00  87 78  1084000 1413000   250 10.10
-2.322 0.1027 102.77 13.00  87 78  1084000 1413000   250 10.10
-2.307 0.1041 102.21 13.00  87 78  1084000 1413000   250 10.10
-2.292 0.1020 101.65 13.00  87 78  1084000 1413000   250 10.10
-2.277 0.0999 101.09 13.00  87 78  1084000 1413000   250 10.10
-2.261 0.1010 100.52 13.00  87 78  1084000 1413000   250 10.10
-2.246 0.0994 99.94 13.00  87 78  1084000 1413000   250 10.10
-2.231 0.0967 99.36 13.00  87 78  1084000 1413000   250 10.10
-2.216 0.0975 98.78 13.00  87 78  1084000 1413000   250 10.10
-2.201 0.0981 98.22 13.00  87 78  1084000 1413000   250 10.10
-2.185 0.0996 97.66 13.00  87 78  1084000 1413000   250 10.10
-2.170 0.0975 97.13 13.00  87 78  1084000 1413000   250 10.10
-2.155 0.0947 96.61 13.00  87 78  1084000 1413000   250 10.10
-2.140 0.0955 96.10 13.00  87 78  1084000 1413000   250 10.10
-2.125 0.0964 95.62 13.00  87 78  1084000 1413000   250 10.10
-2.109 0.0958 95.14 13.00  87 78  1084000 1413000   250 10.10
-2.094 0.0958 94.67 13.00  87 78  1084000 1413000   250 10.10
-2.079 0.0950 94.21 13.00  87 78  1084000 1413000   250 10.10
-2.064 0.0947 93.76 13.00  87 78  1084000 1413000   250 10.10
-2.049 0.0924 93.29 13.00  87 78  1084000 1413000   250 10.10
-2.033 0.0922 92.82 13.00  87 78  1084000 1413000   250 10.10
-2.018 0.0918 92.33 13.00  87 78  1084000 1413000   250 10.10
-2.003 0.0918 91.83 13.00  87 78  1084000 1413000   250 10.10
-1.988 0.0892 91.32 13.00  87 78  1084000 1413000   250 10.10
-1.973 0.0919 90.80 13.00  87 78  1084000 1413000   250 10.10
-1.957 0.0909 90.27 13.00  87 78  1084000 1413000   250 10.10
-1.942 0.0904 89.75 13.00  87 78  1084000 1413000   250 10.10
-1.927 0.0902 89.23 13.00  87 78  1084000 1413000   250 10.10
-1.912 0.0886 88.72 13.00  87 78  1084000 1413000   250 10.10
-1.897 0.0885 88.22 13.00  87 78  1084000 1413000   250 10.10
-1.881 0.0880 87.73 13.00  87 78  1084000 1413000   250 10.10
-1.866 0.0880 87.26 13.00  87 78  1084000 1413000   250 10.10
-1.851 0.0862 86.79 13.00  87 78  1084000 1413000   250 10.10
-1.836 0.0847 86.33 13.00  87 78  1084000 1413000   250 10.10
-1.821 0.0856 85.89 13.00  87 78  1084000 1413000   250 10.10
-1.805 0.0841 85.46 13.00  87 78  1084000 1413000   250 10.10
-1.790 0.0860 85.05 13.00  87 78  1084000 1413000   250 10.10
-1.775 0.0832 84.65 13.00  87 78  1084000 1413000   250 10.10
-1.760 0.0853 84.26 13.00  87 78  1084000 1413000   250 10.10
-1.745 0.0827 83.88 13.00  87 78  1084000 1413000   250 10.10
-1.729 0.0850 83.51 13.00  87 78  1084000 1413000   250 10.10
-1.714 0.0848 83.15 13.00  87 78  1084000 1413000   250 10.10
-1.699 0.0822 82.81 13.00  87 78  1084000 1413000   250 10.10
-1.684 0.0820 82.48 13.00  87 78  1084000 1413000   250 10.10
-1.669 0.0817 82.17 13.00  87 78  1084000 1413000   250 10.10
-1.653 0.0818 81.86 13.00  87 78  1084000 1413000   250 10.10
-1.638 0.0812 81.56 13.00  87 78  1084000 1413000   250 10.10
-1.623 0.0812 81.27 13.00  87 78  1084000 1413000   250 10.10
-1.608 0.0809 80.98 13.00  87 78  1084000 1413000   250 10.10
-1.593 0.0820 80.69 13.00  87 78  1084000 1413000   250 10.10
-1.578 0.0799 80.41 13.00  87 78  1084000 1413000   250 10.10
-1.562 0.0808 80.12 13.00  87 78  1084000 1413000   250 10.10
-1.547 0.0801 79.83 13.00  87 78  1084000 1413000   250 10.10
-1.532 0.0785 79.54 13.00  87 78  1084000 1413000   250 10.10
-1.517 0.0800 79.26 13.00  87 78  1084000 1413000   250 10.10
-1.502 0.0794 78.98 13.00  87 78  1084000 1413000   250 10.10
-1.486 0.0779 78.71 13.00  87 78  1084000 1413000   250 10.10
-1.471 0.0767 78.45 13.00  87 78  1084000 1413000   250 10.10
-1.456 0.0785 78.20 13.00  87 78  1084000 1413000   250 10.10
-1.441 0.0783 77.96 13.00  87 78  1084000 1413000   250 10.10
-1.426 0.0784 77.73 13.00  87 78  1084000 1413000   250 10.10
-1.410 0.0769 77.50 13.00  87 78  1084000 1413000   250 10.10
-1.395 0.0772 77.27 13.00  87 78  1084000 1413000   250 10.10
-1.380 0.0782 77.04 13.00  87 78  1084000 1413000   250 10.10
-1.365 0.0767 76.81 13.00  87 78  1084000 1413000   250 10.10
-1.350 0.0767 76.59 13.00  87 78  1084000 1413000   250 10.10
-1.334 0.0761 76.38 13.00  87 78  1084000 1413000   250 10.10
-1.319 0.0759 76.17 13.00  87 78  1084000 1413000   250 10.10
-1.304 0.0755 75.96 13.00  87 78  1084000 1413000   250 10.10
-1.289 0.0754 75.76 13.00  87 78  1084000 1413000   250 10.10
-1.274 0.0753 75.55 13.00  87 78  1084000 1413000   250 10.10
-1.258 0.0763 75.34 13.00  87 78  1084000 1413000   250 10.10
-1.243 0.0751 75.13 13.00  87 78  1084000 1413000   250 10.10
-1.228 0.0755 74.92 13.00  87 78  1084000 1413000   250 10.10
-1.213 0.0745 74.70 13.00  87 78  1084000 1413000   250 10.10
-1.198 0.0747 74.49 13.00  87 78  1084000 1413000   250 10.10
-1.182 0.0753 74.28 13.00  87 78  1084000 1413000   250 10.10
-1.167 0.0734 74.08 13.00  87 78  1084000 1413000   250 10.10
-1.152 0.0731 73.87 13.00  87 78  1084000 1413000   250 10.10
-1.137 0.0733 73.66 13.00  87 78  1084000 1413000   250 10.10
-1.122 0.0736 73.46 13.00  87 78  1084000 1413000   250 10.10
-1.106 0.0725 73.26 13.00  87 78  1084000 1413000   250 10.10
-1.091 0.0735 73.06 13.00  87 78  1084000 1413000   250 10.10
-1.076 0.0742 72.88 13.00  87 78  1084000 1413000   250 10.10
-1.061 0.0732 72.71 13.00  87 78  1084000 1413000   250 10.10
-1.046 0.0718 72.55 13.00  87 78  1084000 1413000   250 10.10
-1.030 0.0714 72.40 13.00  87 78  1084000 1413000   250 10.10
-1.015 0.0730 72.27 13.00  87 78  1084000 1413000   250 10.10
-1.000 0.0722 72.14 13.00  87 78  1084000 1413000   250 10.10
-0.985 0.0705 72.01 13.00  87 78  1084000 1413000   250 10.10
-0.970 0.0715 71.89 13.00  87 78  1084000 1413000   250 10.10
-0.954 0.0730 71.76 13.00  87 78  1084000 1413000   250 10.10
-0.939 0.0720 71.63 13.00  87 78  1084000 1413000   250 10.10
-0.924 0.0712 71.49 13.00  87 78  1084000 1413000   250 10.10
-0.909 0.0707 71.34 13.00  87 78  1084000 1413000   250 10.10
-0.894 0.0702 71.18 13.00  87 78  1084000 1413000   250 10.10
-0.878 0.0707 71.02 13.00  87 78  1084000 1413000   250 10.10
-0.863 0.0720 70.85 13.00  87 78  1084000 1413000   250 10.10
-0.848 0.0714 70.68 13.00  87 78  1084000 1413000   250 10.10
-0.833 0.0728 70.52 13.00  87 78  1084000 1413000   250 10.10
-0.818 0.0706 70.35 13.00  87 78  1084000 1413000   250 10.10
-0.802 0.0702 70.19 13.00  87 78  1084000 1413000   250 10.10
-0.787 0.0698 70.03 13.00  87 78  1084000 1413000   250 10.10
-0.772 0.0690 69.86 13.00  87 78  1084000 1413000   250 10.10
-0.757 0.0698 69.68 13.00  87 78  1084000 1413000   250 10.10
-0.742 0.0689 69.50 13.00  87 78  1084000 1413000   250 10.10
-0.726 0.0682 69.31 13.00  87 78  1084000 1413000   250 10.10
-0.711 0.0684 69.11 13.00  87 78  1084000 1413000   250 10.10
-0.696 0.0678 68.92 13.00  87 78  1084000 1413000   250 10.10
-0.681 0.0703 68.72 13.00  87 78  1084000 1413000   250 10.10
-0.666 0.0683 68.53 13.00  87 78  1084000 1413000   250 10.10
-0.650 0.0688 68.33 13.00  87 78  1084000 1413000   250 10.10
-0.635 0.0680 68.14 13.00  87 78  1084000 1413000   250 10.10
-0.620 0.0685 67.94 13.00  87 78  1084000 1413000   250 10.10
-0.605 0.0685 67.75 13.00  87 78  1084000 1413000   250 10.10
-0.590 0.0680 67.56 13.00  87 78  1084000 1413000   250 10.10
-0.574 0.0675 67.38 13.00  87 78  1084000 1413000   250 10.10
-0.559 0.0671 67.21 13.00  87 78  1084000 1413000   250 10.10
-0.544 0.0672 67.03 13.00  87 78  1084000 1413000   250 10.10
-0.529 0.0666 66.86 13.00  87 78  1084000 1413000   250 10.10
-0.515 0.0662 66.69 13.00  87 78  1084000 1413000   250 10.10
-0.502 0.0664 66.52 13.00  87 78  1084000 1413000   250 10.10
-0.489 0.0666 66.35 13.00  87 78  1084000 1413000   250 10.10
-0.477 0.0663 66.19 13.00  87 78  1084000 1413000   250 10.10
-0.465 0.0659 66.05 13.00  87 78  1084000 1413000   250 10.10
-0.453 0.0669 65.92 13.00  87 78  1084000 1413000   250 10.10
-0.443 0.0650 65.81 13.00  87 78  1084000 1413000   250 10.10
-0.432 0.0650 65.72 13.00  87 78  1084000 1413000   250 10.10
-0.422 0.0652 65.64 13.00  87 78  1084000 1413000   250 10.10
-0.412 0.0649 65.58 13.00  87 78  1084000 1413000   250 10.10
-0.403 0.0648 65.52 13.00  87 78  1084000 1413000   250 10.10
-0.394 0.0658 65.46 13.00  87 78  1084000 1413000   250 10.10
-0.386 0.0662 65.41 13.00  87 78  1084000 1413000   250 10.10
-0.377 0.0657 65.37 13.00  87 78  1084000 1413000   250 10.10
-0.370 0.0653 65.35 13.00  87 78  1084000 1413000   250 10.10
-0.362 0.0647 65.33 13.00  87 78  1084000 1413000   250 10.10
-0.355 0.0657 65.32 13.00  87 78  1084000 1413000   250 10.10
-0.348 0.0660 65.32 13.00  87 78  1084000 1413000   250 10.10
-0.341 0.0681 65.33 13.00  87 78  1084000 1413000   250 10.10
-0.335 0.0624 65.33 13.00  87 78  1084000 1413000   250 10.10
-0.329 0.0670 65.33 13.00  87 78  1084000 1413000   250 10.10
-0.323 0.0653 65.35 13.00  87 78  1084000 1413000   250 10.10
-0.317 0.0637 65.37 13.00  87 78  1084000 1413000   250 10.10
-0.312 0.0668 65.41 13.00  87 78  1084000 1413000   250 10.10
-0.307 0.0645 65.46 13.00  87 78  1084000 1413000   250 10.10
-0.302 0.0650 65.52 13.00  87 78  1084000 1413000   250 10.10
-0.297 0.0661 65.58 13.00  87 78  1084000 1413000   250 10.10
-0.292 0.0622 65.65 13.00  87 78  1084000 1413000   250 10.10
-0.288 0.0649 65.72 13.00  87 78  1084000 1413000   250 10.10
-0.284 0.0673 65.81 13.00  87 78  1084000 1413000   250 10.10
-0.279 0.0681 65.90 13.00  87 78  1084000 1413000   250 10.10
-0.276 0.0690 65.99 13.00  87 78  1084000 1413000   250 10.10
-0.272 0.0640 66.08 13.00  87 78  1084000 1413000   250 10.10
-0.268 0.0646 66.16 13.00  87 78  1084000 1413000   250 10.10
-0.265 0.0649 66.23 13.00  87 78  1084000 1413000   250 10.10
-0.262 0.0658 66.27 13.00  87 78  1084000 1413000   250 10.10
-0.258 0.0669 66.30 13.00  87 78  1084000 1413000   250 10.10
-0.255 0.0671 66.31 13.00  87 78  1084000 1413000   250 10.10
-0.252 0.0649 66.30 13.00  87 78  1084000 1413000   250 10.10
-0.249 0.0715 66.26 13.00  87 78  1084000 1413000   250 10.10
-0.246 0.0695 66.22 13.00  87 78  1084000 1413000   250 10.10
-0.243 0.0638 66.18 13.00  87 78  1084000 1413000   250 10.10
-0.240 0.0630 66.14 13.00  87 78  1084000 1413000   250 10.10
-0.237 0.0673 66.09 13.00  87 78  1084000 1413000   250 10.10
-0.234 0.0662 66.06 13.00  87 78  1084000 1413000   250 10.10
-0.231 0.0644 66.03 13.00  87 78  1084000 1413000   250 10.10
-0.228 0.0675 66.00 13.00  87 78  1084000 1413000   250 10.10
-0.225 0.0673 65.98 13.00  87 78  1084000 1413000   250 10.10
-0.222 0.0638 65.97 13.00  87 78  1084000 1413000   250 10.10
-0.219 0.0631 65.97 13.00  87 78  1084000 1413000   250 10.10
-0.216 0.0654 65.98 13.00  87 78  1084000 1413000   250 10.10
-0.213 0.0675 65.99 13.00  87 78  1084000 1413000   250 10.10
-0.210 0.0664 66.02 13.00  87 78  1084000 1413000   250 10.10
-0.207 0.0667 66.05 13.00  87 78  1084000 1413000   250 10.10
-0.204 0.0604 66.09 13.00  87 78  1084000 1413000   250 10.10
-0.201 0.0707 66.16 13.00  87 78  1084000 1413000   250 10.10
-0.198 0.0677 66.25 13.00  87 78  1084000 1413000   250 10.10
-0.195 0.0638 66.36 13.00  87 78  1084000 1413000   250 10.10
-0.191 0.0715 66.47 13.00  87 78  1084000 1413000   250 10.10
-0.188 0.0698 66.60 13.00  87 78  1084000 1413000   250 10.10
-0.185 0.0606 66.72 13.00  87 78  1084000 1413000   250 10.10
-0.182 0.0665 66.85 13.00  87 78  1084000 1413000   250 10.10
-0.179 0.0671 66.96 13.00  87 78  1084000 1413000   250 10.10
-0.176 0.0678 67.08 13.00  87 78  1084000 1413000   250 10.10
-0.173 0.0675 67.18 13.00  87 78  1084000 1413000   250 10.10
-0.170 0.0633 67.27 13.00  87 78  1084000 1413000   250 10.10
-0.167 0.0679 67.35 13.00  87 78  1084000 1413000   250 10.10
-0.164 0.0711 67.41 13.00  87 78  1084000 1413000   250 10.10
-0.161 0.0663 67.45 13.00  87 78  1084000 1413000   250 10.10
-0.158 0.0659 67.48 13.00  87 78  1084000 1413000   250 10.10
-0.155 0.0666 67.48 13.00  87 78  1084000 1413000   250 10.10
-0.152 0.0696 67.47 13.00  87 78  1084000 1413000   250 10.10
-0.149 0.0661 67.45 13.00  87 78  1084000 1413000   250 10.10
-0.146 0.0681 67.41 13.00  87 78  1084000 1413000   250 10.10
-0.143 0.0694 67.35 13.00  87 78  1084000 1413000   250 10.10
-0.140 0.0683 67.26 13.00  87 78  1084000 1413000   250 10.10
-0.137 0.0649 67.16 13.00  87 78  1084000 1413000   250 10.10
-0.134 0.0669 67.03 13.00  87 78  1084000 1413000   250 10.10
-0.131 0.0695 66.85 13.00  87 78  1084000 1413000   250 10.10
-0.128 0.0705 66.63 13.00  87 78  1084000 1413000   250 10.10
-0.125 0.0599 66.38 13.00  87 78  1084000 1413000   250 10.10
-0.122 0.0668 66.10 13.00  87 78  1084000 1413000   250 10.10
-0.119 0.0664 65.81 13.00  87 78  1084000 1413000   250 10.10
-0.116 0.0650 65.52 13.00  87 78  1084000 1413000   250 10.10
-0.112 0.0656 65.23 13.00  87 78  1084000 1413000   250 10.10
-0.109 0.0684 64.95 13.00  87 78  1084000 1413000   250 10.10
-0.106 0.0626 64.67 13.00  87 78  1084000 1413000   250 10.10
-0.103 0.0616 64.42 13.00  87 78  1084000 1413000   250 10.10
-0.100 0.0622 64.17 13.00  87 78  1084000 1413000   250 10.10
-0.097 0.0704 63.94 13.00  87 78  1084000 1413000   250 10.10
-0.094 0.0617 63.72 13.00  87 78  1084000 1413000   250 10.10
-0.091 0.0635 63.52 13.00  87 78  1084000 1413000   250 10.10
-0.088 0.0618 63.33 13.00  87 78  1084000 1413000   250 10.10
-0.085 0.0616 63.15 13.00  87 78  1084000 1413000   250 10.10
-0.082 0.0613 63.00 13.00  87 78  1084000 1413000   250 10.10
-0.079 0.0658 62.85 13.00  87 78  1084000 1413000   250 10.10
-0.076 0.0589 62.72 13.00  87 78  1084000 1413000   250 10.10
-0.073 0.0609 62.61 13.00  87 78  1084000 1413000   250 10.10
-0.070 0.0675 62.51 13.00  87 78  1084000 1413000   250 10.10
-0.067 0.0633 62.41 13.00  87 78  1084000 1413000   250 10.10
-0.064 0.0637 62.30 13.00  87 78  1084000 1413000   250 10.10
-0.061 0.0586 62.16 13.00  87 78  1084000 1413000   250 10.10
-0.058 0.0643 61.97 13.00  87 78  1084000 1413000   250 10.10
-0.055 0.0627 61.74 13.00  87 78  1084000 1413000   250 10.10
-0.052 0.0590 61.45 13.00  87 78  1084000 1413000   250 10.10
-0.049 0.0610 61.09 13.00  87 78  1084000 1413000   250 10.10
-0.046 0.0597 60.68 13.00  87 78  1084000 1413000   250 10.10
-0.043 0.0621 60.24 13.00  87 78  1084000 1413000   250 10.10
-0.040 0.0593 59.79 13.00  87 78  1084000 1413000   250 10.10
-0.036 0.0606 59.37 13.00  87 78  1084000 1413000   250 10.10
-0.033 0.0619 58.98 13.00  87 78  1084000 1413000   250 10.10
-0.030 0.0590 58.62 13.00  87 78  1084000 1413000   250 10.10
-0.027 0.0616 58.29 13.00  87 78  1084000 1413000   250 10.10
-0.024 0.0565 57.97 13.00  87 78  1084000 1413000   250 10.10
-0.021 0.0572 57.67 13.00  87 78  1084000 1413000   250 10.10
-0.018 0.0558 57.36 13.00  87 78  1084000 1413000   250 10.10
-0.015 0.0575 57.05 13.00  87 78  1084000 1413000   250 10.10
-0.012 0.0525 56.74 13.00  87 78  1084000 1413000   250 10.10
-0.009 0.0524 56.41 13.00  87 78  1084000 1413000   250 10.10
-0.006 0.0494 56.07 13.00  87 78  1084000 1413000   250 10.10
-0.003 0.0515 55.70 13.00  87 78  1084000 1413000   250 10.10
0.000 0.0613 55.30 13.00  87 78  1084000 1413000   250 10.10
0.003 0.0554 54.86 13.00  87 78  1084000 1413000   250 10.10
0.006 0.0583 54.41 13.00  87 78  1084000 1413000   250 10.10
0.009 0.0504 53.94 13.00  87 78  1084000 1413000   250 10.10
0.012 0.0650 53.46 13.00  87 78  1084000 1413000   250 10.10
0.015 0.0649 52.97 13.00  87 78  1084000 1413000   250 10.10
0.018 0.0503 52.46 13.00  87 78  1084000 1413000   250 10.10
0.021 0.0492 51.92 13.00  87 78  1084000 1413000   250 10.10
0.024 0.0482 51.34 13.00  87 78  1084000 1413000   250 10.10
0.027 0.0460 50.72 13.00  87 78  1084000 1413000   250 10.10
0.030 0.0480 50.07 13.00  87 78  1084000 1413000   250 10.10
0.033 0.0466 49.38 13.00  87 78  1084000 1413000   250 10.10
0.036 0.0487 48.66 13.00  87 78  1084000 1413000   250 10.10
0.040 0.0527 47.93 13.00  87 78  1084000 1413000   250 10.10
0.043 0.0489 47.20 13.00  87 78  1084000 1413000   250 10.10
0.046 0.0462 46.50 13.00  87 78  1084000 1413000   250 10.10
0.049 0.0448 45.84 13.00  87 78  1084000 1413000   250 10.10
0.052 0.0423 45.24 13.00  87 78  1084000 1413000   250 10.10
0.055 0.0404 44.73 13.00  87 78  1084000 1413000   250 10.10
0.058 0.0468 44.31 13.00  87 78  1084000 1413000   250 10.10
0.061 0.0426 43.98 13.00  87 78  1084000 1413000   250 10.10
0.064 0.0501 43.74 13.00  87 78  1084000 1413000   250 10.10
0.067 0.0435 43.54 13.00  87 78  1084000 1413000   250 10.10
0.070 0.0378 43.39 13.00  87 78  1084000 1413000   250 10.10
0.073 0.0434 43.26 13.00  87 78  1084000 1413000   250 10.10
0.076 0.0403 43.14 13.00  87 78  1084000 1413000   250 10.10
0.079 0.0440 43.03 13.00  87 78  1084000 1413000   250 10.10
0.082 0.0466 42.91 13.00  87 78  1084000 1413000   250 10.10
0.085 0.0444 42.81 13.00  87 78  1084000 1413000   250 10.10
0.088 0.0431 42.72 13.00  87 78  1084000 1413000   250 10.10
0.091 0.0407 42.67 13.00  87 78  1084000 1413000   250 10.10
0.094 0.0420 42.64 13.00  87 78  1084000 1413000   250 10.10
0.097 0.0429 42.61 13.00  87 78  1084000 1413000   250 10.10
0.100 0.0440 42.58 13.00  87 78  1084000 1413000   250 10.10
0.103 0.0423 42.54 13.00  87 78  1084000 1413000   250 10.10
0.106 0.0423 42.48 13.00  87 78  1084000 1413000   250 10.10
0.109 0.0435 42.41 13.00  87 78  1084000 1413000   250 10.10
0.112 0.0433 42.32 13.00  87 78  1084000 1413000   250 10.10
0.116 0.0411 42.24 13.00  87 78  1084000 1413000   250 10.10
0.119 0.0375 42.15 13.00  87 78  1084000 1413000   250 10.10
0.122 0.0444 42.06 13.00  87 78  1084000 1413000   250 10.10
0.125 0.0437 41.97 13.00  87 78  1084000 1413000   250 10.10
0.128 0.0420 41.86 13.00  87 78  1084000 1413000   250 10.10
0.131 0.0444 41.75 13.00  87 78  1084000 1413000   250 10.10
0.134 0.0377 41.63 13.00  87 78  1084000 1413000   250 10.10
0.137 0.0432 41.53 13.00  87 78  1084000 1413000   250 10.10
0.140 0.0421 41.43 13.00  87 78  1084000 1413000   250 10.10
0.143 0.0393 41.34 13.00  87 78  1084000 1413000   250 10.10
0.146 0.0431 41.24 13.00  87 78  1084000 1413000   250 10.10
0.149 0.0387 41.15 13.00  87 78  1084000 1413000   250 10.10
0.152 0.0433 41.05 13.00  87 78  1084000 1413000   250 10.10
0.155 0.0381 40.95 13.00  87 78  1084000 1413000   250 10.10
0.158 0.0427 40.86 13.00  87 78  1084000 1413000   250 10.10
0.161 0.0411 40.78 13.00  87 78  1084000 1413000   250 10.10
0.164 0.0410 40.71 13.00  87 78  1084000 1413000   250 10.10
0.167 0.0417 40.65 13.00  87 78  1084000 1413000   250 10.10
0.170 0.0408 40.60 13.00  87 78  1084000 1413000   250 10.10
0.173 0.0381 40.55 13.00  87 78  1084000 1413000   250 10.10
0.176 0.0417 40.51 13.00  87 78  1084000 1413000   250 10.10
0.179 0.0387 40.49 13.00  87 78  1084000 1413000   250 10.10
0.182 0.0415 40.47 13.00  87 78  1084000 1413000   250 10.10
0.185 0.0411 40.47 13.00  87 78  1084000 1413000   250 10.10
0.188 0.0393 40.50 13.00  87 78  1084000 1413000   250 10.10
0.191 0.0417 40.53 13.00  87 78  1084000 1413000   250 10.10
0.195 0.0413 40.58 13.00  87 78  1084000 1413000   250 10.10
0.198 0.0399 40.63 13.00  87 78  1084000 1413000   250 10.10
0.201 0.0404 40.70 13.00  87 78  1084000 1413000   250 10.10
0.204 0.0411 40.78 13.00  87 78  1084000 1413000   250 10.10
0.207 0.0389 40.88 13.00  87 78  1084000 1413000   250 10.10
0.210 0.0417 40.99 13.00  87 78  1084000 1413000   250 10.10
0.213 0.0408 41.12 13.00  87 78  1084000 1413000   250 10.10
0.216 0.0437 41.25 13.00  87 78  1084000 1413000   250 10.10
0.219 0.0420 41.39 13.00  87 78  1084000 1413000   250 10.10
0.222 0.0381 41.54 13.00  87 78  1084000 1413000   250 10.10
0.225 0.0422 41.68 13.00  87 78  1084000 1413000   250 10.10
0.228 0.0403 41.82 13.00  87 78  1084000 1413000   250 10.10
0.231 0.0437 41.94 13.00  87 78  1084000 1413000   250 10.10
0.234 0.0415 42.06 13.00  87 78  1084000 1413000   250 10.10
0.237 0.0445 42.18 13.00  87 78  1084000 1413000   250 10.10
0.240 0.0405 42.29 13.00  87 78  1084000 1413000   250 10.10
0.243 0.0451 42.40 13.00  87 78  1084000 1413000   250 10.10
0.246 0.0427 42.50 13.00  87 78  1084000 1413000   250 10.10
0.249 0.0411 42.61 13.00  87 78  1084000 1413000   250 10.10
0.252 0.0392 42.71 13.00  87 78  1084000 1413000   250 10.10
0.255 0.0451 42.81 13.00  87 78  1084000 1413000   250 10.10
0.258 0.0448 42.90 13.00  87 78  1084000 1413000   250 10.10
0.261 0.0449 43.00 13.00  87 78  1084000 1413000   250 10.10
0.264 0.0413 43.09 13.00  87 78  1084000 1413000   250 10.10
0.267 0.0423 43.19 13.00  87 78  1084000 1413000   250 10.10
0.271 0.0429 43.27 13.00  87 78  1084000 1413000   250 10.10
0.274 0.0416 43.35 13.00  87 78  1084000 1413000   250 10.10
0.277 0.0453 43.41 13.00  87 78  1084000 1413000   250 10.10
0.280 0.0416 43.47 13.00  87 78  1084000 1413000   250 10.10
0.283 0.0435 43.52 13.00  87 78  1084000 1413000   250 10.10
0.286 0.0461 43.56 13.00  87 78  1084000 1413000   250 10.10
0.289 0.0415 43.61 13.00  87 78  1084000 1413000   250 10.10
0.292 0.0407 43.64 13.00  87 78  1084000 1413000   250 10.10
0.295 0.0493 43.68 13.00  87 78  1084000 1413000   250 10.10
0.298 0.0433 43.71 13.00  87 78  1084000 1413000   250 10.10
0.301 0.0448 43.75 13.00  87 78  1084000 1413000   250 10.10
0.304 0.0422 43.78 13.00  87 78  1084000 1413000   250 10.10
0.307 0.0445 43.81 13.00  87 78  1084000 1413000   250 10.10
0.310 0.0433 43.83 13.00  87 78  1084000 1413000   250 10.10
0.313 0.0444 43.84 13.00  87 78  1084000 1413000   250 10.10
0.316 0.0436 43.83 13.00  87 78  1084000 1413000   250 10.10
0.319 0.0458 43.81 13.00  87 78  1084000 1413000   250 10.10
0.322 0.0396 43.78 13.00  87 78  1084000 1413000   250 10.10
0.325 0.0433 43.72 13.00  87 78  1084000 1413000   250 10.10
0.328 0.0428 43.66 13.00  87 78  1084000 1413000   250 10.10
0.331 0.0439 43.61 13.00  87 78  1084000 1413000   250 10.10
0.334 0.0489 43.57 13.00  87 78  1084000 1413000   250 10.10
0.337 0.0414 43.55 13.00  87 78  1084000 1413000   250 10.10
0.340 0.0436 43.54 13.00  87 78  1084000 1413000   250 10.10
0.343 0.0411 43.55 13.00  87 78  1084000 1413000   250 10.10
0.347 0.0464 43.58 13.00  87 78  1084000 1413000   250 10.10
0.350 0.0413 43.63 13.00  87 78  1084000 1413000   250 10.10
0.353 0.0471 43.69 13.00  87 78  1084000 1413000   250 10.10
0.356 0.0447 43.77 13.00  87 78  1084000 1413000   250 10.10
0.359 0.0433 43.87 13.00  87 78  1084000 1413000   250 10.10
0.362 0.0392 43.99 13.00  87 78  1084000 1413000   250 10.10
0.365 0.0435 44.11 13.00  87 78  1084000 1413000   250 10.10
0.368 0.0423 44.25 13.00  87 78  1084000 1413000   250 10.10
0.371 0.0476 44.39 13.00  87 78  1084000 1413000   250 10.10
0.374 0.0413 44.54 13.00  87 78  1084000 1413000   250 10.10
0.377 0.0491 44.70 13.00  87 78  1084000 1413000   250 10.10
0.380 0.0450 44.86 13.00  87 78  1084000 1413000   250 10.10
0.383 0.0426 45.03 13.00  87 78  1084000 1413000   250 10.10
0.386 0.0477 45.20 13.00  87 78  1084000 1413000   250 10.10
0.389 0.0479 45.37 13.00  87 78  1084000 1413000   250 10.10
0.392 0.0435 45.56 13.00  87 78  1084000 1413000   250 10.10
0.395 0.0418 45.75 13.00  87 78  1084000 1413000   250 10.10
0.398 0.0491 45.92 13.00  87 78  1084000 1413000   250 10.10
0.401 0.0448 46.07 13.00  87 78  1084000 1413000   250 10.10
0.404 0.0486 46.20 13.00  87 78  1084000 1413000   250 10.10
0.407 0.0472 46.31 13.00  87 78  1084000 1413000   250 10.10
0.410 0.0443 46.41 13.00  87 78  1084000 1413000   250 10.10
0.413 0.0457 46.49 13.00  87 78  1084000 1413000   250 10.10
0.416 0.0497 46.55 13.00  87 78  1084000 1413000   250 10.10
0.419 0.0475 46.59 13.00  87 78  1084000 1413000   250 10.10
0.422 0.0432 46.63 13.00  87 78  1084000 1413000   250 10.10
0.426 0.0477 46.65 13.00  87 78  1084000 1413000   250 10.10
0.429 0.0448 46.68 13.00  87 78  1084000 1413000   250 10.10
0.432 0.0460 46.72 13.00  87 78  1084000 1413000   250 10.10
0.435 0.0514 46.76 13.00  87 78  1084000 1413000   250 10.10
0.438 0.0443 46.81 13.00  87 78  1084000 1413000   250 10.10
0.441 0.0485 46.87 13.00  87 78  1084000 1413000   250 10.10
0.444 0.0456 46.92 13.00  87 78  1084000 1413000   250 10.10
0.447 0.0491 46.98 13.00  87 78  1084000 1413000   250 10.10
0.450 0.0481 47.05 13.00  87 78  1084000 1413000   250 10.10
0.453 0.0410 47.12 13.00  87 78  1084000 1413000   250 10.10
0.456 0.0462 47.19 13.00  87 78  1084000 1413000   250 10.10
0.459 0.0501 47.27 13.00  87 78  1084000 1413000   250 10.10
0.462 0.0489 47.36 13.00  87 78  1084000 1413000   250 10.10
0.465 0.0478 47.46 13.00  87 78  1084000 1413000   250 10.10
0.468 0.0471 47.56 13.00  87 78  1084000 1413000   250 10.10
0.471 0.0436 47.66 13.00  87 78  1084000 1413000   250 10.10
0.474 0.0526 47.76 13.00  87 78  1084000 1413000   250 10.10
0.477 0.0446 47.87 13.00  87 78  1084000 1413000   250 10.10
0.480 0.0500 47.99 13.00  87 78  1084000 1413000   250 10.10
0.483 0.0478 48.11 13.00  87 78  1084000 1413000   250 10.10
0.486 0.0481 48.23 13.00  87 78  1084000 1413000   250 10.10
0.489 0.0512 48.36 13.00  87 78  1084000 1413000   250 10.10
0.492 0.0465 48.50 13.00  87 78  1084000 1413000   250 10.10
0.495 0.0495 48.65 13.00  87 78  1084000 1413000   250 10.10
0.498 0.0488 48.80 13.00  87 78  1084000 1413000   250 10.10
0.502 0.0457 48.95 13.00  87 78  1084000 1413000   250 10.10
0.505 0.0510 49.11 13.00  87 78  1084000 1413000   250 10.10
0.508 0.0498 49.27 13.00  87 78  1084000 1413000   250 10.10
0.511 0.0480 49.46 13.00  87 78  1084000 1413000   250 10.10
0.514 0.0499 49.65 13.00  87 78  1084000 1413000   250 10.10
0.517 0.0493 49.85 13.00  87 78  1084000 1413000   250 10.10
0.520 0.0523 50.06 13.00  87 78  1084000 1413000   250 10.10
0.523 0.0492 50.28 13.00  87 78  1084000 1413000   250 10.10
0.526 0.0494 50.50 13.00  87 78  1084000 1413000   250 10.10
0.529 0.0518 50.73 13.00  87 78  1084000 1413000   250 10.10
0.532 0.0507 50.96 13.00  87 78  1084000 1413000   250 10.10
0.535 0.0507 51.21 13.00  87 78  1084000 1413000   250 10.10
0.538 0.0517 51.46 13.00  87 78  1084000 1413000   250 10.10
0.541 0.0522 51.71 13.00  87 78  1084000 1413000   250 10.10
0.544 0.0503 51.97 13.00  87 78  1084000 1413000   250 10.10
0.547 0.0526 52.22 13.00  87 78  1084000 1413000   250 10.10
0.550 0.0552 52.47 13.00  87 78  1084000 1413000   250 10.10
0.553 0.0521 52.73 13.00  87 78  1084000 1413000   250 10.10
0.556 0.0525 52.99 13.00  87 78  1084000 1413000   250 10.10
0.559 0.0538 53.25 13.00  87 78  1084000 1413000   250 10.10
0.562 0.0539 53.52 13.00  87 78  1084000 1413000   250 10.10
0.565 0.0566 53.79 13.00  87 78  1084000 1413000   250 10.10
0.568 0.0498 54.08 13.00  87 78  1084000 1413000   250 10.10
0.571 0.0515 54.37 13.00  87 78  1084000 1413000   250 10.10
0.574 0.0547 54.67 13.00  87 78  1084000 1413000   250 10.10
0.578 0.0569 54.96 13.00  87 78  1084000 1413000   250 10.10
0.581 0.0570 55.26 13.00  87 78  1084000 1413000   250 10.10
0.584 0.0548 55.56 13.00  87 78  1084000 1413000   250 10.10
0.587 0.0570 55.85 13.00  87 78  1084000 1413000   250 10.10
0.590 0.0540 56.14 13.00  87 78  1084000 1413000   250 10.10
0.593 0.0565 56.43 13.00  87 78  1084000 1413000   250 10.10
0.596 0.0561 56.73 13.00  87 78  1084000 1413000   250 10.10
0.599 0.0562 57.02 13.00  87 78  1084000 1413000   250 10.10
0.602 0.0590 57.31 13.00  87 78  1084000 1413000   250 10.10
0.605 0.0593 57.60 13.00  87 78  1084000 1413000   250 10.10
0.608 0.0558 57.88 13.00  87 78  1084000 1413000   250 10.10
0.611 0.0605 58.16 13.00  87 78  1084000 1413000   250 10.10
0.614 0.0587 58.42 13.00  87 78  1084000 1413000   250 10.10
0.617 0.0568 58.67 13.00  87 78  1084000 1413000   250 10.10
0.620 0.0601 58.90 13.00  87 78  1084000 1413000   250 10.10
0.623 0.0595 59.12 13.00  87 78  1084000 1413000   250 10.10
0.626 0.0587 59.32 13.00  87 78  1084000 1413000   250 10.10
0.629 0.0581 59.51 13.00  87 78  1084000 1413000   250 10.10
0.632 0.0583 59.70 13.00  87 78  1084000 1413000   250 10.10
0.635 0.0627 59.87 13.00  87 78  1084000 1413000   250 10.10
0.638 0.0593 60.05 13.00  87 78  1084000 1413000   250 10.10
0.641 0.0591 60.22 13.00  87 78  1084000 1413000   250 10.10
0.644 0.0612 60.38 13.00  87 78  1084000 1413000   250 10.10
0.647 0.0619 60.54 13.00  87 78  1084000 1413000   250 10.10
0.650 0.0618 60.68 13.00  87 78  1084000 1413000   250 10.10
0.653 0.0580 60.83 13.00  87 78  1084000 1413000   250 10.10
0.657 0.0616 60.96 13.00  87 78  1084000 1413000   250 10.10
0.660 0.0608 61.10 13.00  87 78  1084000 1413000   250 10.10
0.663 0.0616 61.22 13.00  87 78  1084000 1413000   250 10.10
0.666 0.0619 61.34 13.00  87 78  1084000 1413000   250 10.10
0.669 0.0603 61.45 13.00  87 78  1084000 1413000   250 10.10
0.672 0.0627 61.55 13.00  87 78  1084000 1413000   250 10.10
0.675 0.0595 61.65 13.00  87 78  1084000 1413000   250 10.10
0.678 0.0628 61.74 13.00  87 78  1084000 1413000   250 10.10
0.681 0.0648 61.83 13.00  87 78  1084000 1413000   250 10.10
0.684 0.0598 61.93 13.00  87 78  1084000 1413000   250 10.10
0.687 0.0611 62.02 13.00  87 78  1084000 1413000   250 10.10
0.690 0.0627 62.12 13.00  87 78  1084000 1413000   250 10.10
0.693 0.0636 62.22 13.00  87 78  1084000 1413000   250 10.10
0.696 0.0616 62.32 13.00  87 78  1084000 1413000   250 10.10
0.699 0.0624 62.42 13.00  87 78  1084000 1413000   250 10.10
0.702 0.0614 62.51 13.00  87 78  1084000 1413000   250 10.10
0.705 0.0622 62.59 13.00  87 78  1084000 1413000   250 10.10
0.708 0.0630 62.66 13.00  87 78  1084000 1413000   250 10.10
0.711 0.0611 62.72 13.00  87 78  1084000 1413000   250 10.10
0.714 0.0637 62.76 13.00  87 78  1084000 1413000   250 10.10
0.717 0.0633 62.80 13.00  87 78  1084000 1413000   250 10.10
0.720 0.0631 62.83 13.00  87 78  1084000 1413000   250 10.10
0.723 0.0634 62.85 13.00  87 78  1084000 1413000   250 10.10
0.726 0.0616 62.87 13.00  87 78  1084000 1413000   250 10.10
0.729 0.0655 62.89 13.00  87 78  1084000 1413000   250 10.10
0.733 0.0628 62.90 13.00  87 78  1084000 1413000   250 10.10
0.736 0.0619 62.90 13.00  87 78  1084000 1413000   250 10.10
0.739 0.0643 62.91 13.00  87 78  1084000 1413000   250 10.10
0.742 0.0628 62.90 13.00  87 78  1084000 1413000   250 10.10
0.745 0.0604 62.88 13.00  87 78  1084000 1413000   250 10.10
0.748 0.0638 62.85 13.00  87 78  1084000 1413000   250 10.10
0.751 0.0640 62.81 13.00  87 78  1084000 1413000   250 10.10
0.754 0.0612 62.76 13.00  87 78  1084000 1413000   250 10.10
0.757 0.0613 62.69 13.00  87 78  1084000 1413000   250 10.10
0.760 0.0639 62.61 13.00  87 78  1084000 1413000   250 10.10
0.763 0.0612 62.53 13.00  87 78  1084000 1413000   250 10.10
0.766 0.0646 62.46 13.00  87 78  1084000 1413000   250 10.10
0.769 0.0621 62.40 13.00  87 78  1084000 1413000   250 10.10
0.772 0.0621 62.34 13.00  87 78  1084000 1413000   250 10.10
0.775 0.0612 62.30 13.00  87 78  1084000 1413000   250 10.10
0.778 0.0655 62.26 13.00  87 78  1084000 1413000   250 10.10
0.781 0.0611 62.22 13.00  87 78  1084000 1413000   250 10.10
0.784 0.0622 62.17 13.00  87 78  1084000 1413000   250 10.10
0.787 0.0616 62.11 13.00  87 78  1084000 1413000   250 10.10
0.790 0.0633 62.05 13.00  87 78  1084000 1413000   250 10.10
0.793 0.0600 61.98 13.00  87 78  1084000 1413000   250 10.10
0.796 0.0611 61.91 13.00  87 78  1084000 1413000   250 10.10
0.799 0.0626 61.85 13.00  87 78  1084000 1413000   250 10.10
0.802 0.0620 61.79 13.00  87 78  1084000 1413000   250 10.10
0.805 0.0605 61.74 13.00  87 78  1084000 1413000   250 10.10
0.809 0.0639 61.70 13.00  87 78  1084000 1413000   250 10.10
0.812 0.0590 61.67 13.00  87 78  1084000 1413000   250 10.10
0.815 0.0634 61.66 13.00  87 78  1084000 1413000   250 10.10
0.818 0.0642 61.66 13.00  87 78  1084000 1413000   250 10.10
0.821 0.0611 61.67 13.00  87 78  1084000 1413000   250 10.10
0.824 0.0622 61.70 13.00  87 78  1084000 1413000   250 10.10
0.827 0.0600 61.73 13.00  87 78  1084000 1413000   250 10.10
0.830 0.0607 61.77 13.00  87 78  1084000 1413000   250 10.10
0.833 0.0589 61.80 13.00  87 78  1084000 1413000   250 10.10
0.836 0.0631 61.84 13.00  87 78  1084000 1413000   250 10.10
0.839 0.0608 61.88 13.00  87 78  1084000 1413000   250 10.10
0.842 0.0637 61.91 13.00  87 78  1084000 1413000   250 10.10
0.845 0.0607 61.94 13.00  87 78  1084000 1413000   250 10.10
0.848 0.0661 61.97 13.00  87 78  1084000 1413000   250 10.10
0.851 0.0620 62.00 13.00  87 78  1084000 1413000   250 10.10
0.854 0.0607 62.02 13.00  87 78  1084000 1413000   250 10.10
0.857 0.0625 62.04 13.00  87 78  1084000 1413000   250 10.10
0.860 0.0617 62.07 13.00  87 78  1084000 1413000   250 10.10
0.863 0.0606 62.10 13.00  87 78  1084000 1413000   250 10.10
0.866 0.0635 62.12 13.00  87 78  1084000 1413000   250 10.10
0.869 0.0636 62.14 13.00  87 78  1084000 1413000   250 10.10
0.872 0.0625 62.16 13.00  87 78  1084000 1413000   250 10.10
0.875 0.0606 62.16 13.00  87 78  1084000 1413000   250 10.10
0.878 0.0602 62.15 13.00  87 78  1084000 1413000   250 10.10
0.881 0.0631 62.14 13.00  87 78  1084000 1413000   250 10.10
0.884 0.0627 62.12 13.00  87 78  1084000 1413000   250 10.10
0.888 0.0620 62.10 13.00  87 78  1084000 1413000   250 10.10
0.891 0.0618 62.08 13.00  87 78  1084000 1413000   250 10.10
0.894 0.0629 62.08 13.00  87 78  1084000 1413000   250 10.10
0.897 0.0619 62.07 13.00  87 78  1084000 1413000   250 10.10
0.900 0.0611 62.07 13.00  87 78  1084000 1413000   250 10.10
0.903 0.0608 62.08 13.00  87 78  1084000 1413000   250 10.10
0.906 0.0642 62.08 13.00  87 78  1084000 1413000   250 10.10
0.909 0.0626 62.07 13.00  87 78  1084000 1413000   250 10.10
0.912 0.0595 62.06 13.00  87 78  1084000 1413000   250 10.10
0.915 0.0648 62.05 13.00  87 78  1084000 1413000   250 10.10
0.918 0.0637 62.03 13.00  87 78  1084000 1413000   250 10.10
0.921 0.0586 62.02 13.00  87 78  1084000 1413000   250 10.10
0.924 0.0614 62.01 13.00  87 78  1084000 1413000   250 10.10
0.927 0.0624 62.00 13.00  87 78  1084000 1413000   250 10.10
0.930 0.0633 61.98 13.00  87 78  1084000 1413000   250 10.10
0.933 0.0622 61.97 13.00  87 78  1084000 1413000   250 10.10
0.936 0.0623 61.94 13.00  87 78  1084000 1413000   250 10.10
0.939 0.0645 61.92 13.00  87 78  1084000 1413000   250 10.10
0.942 0.0589 61.90 13.00  87 78  1084000 1413000   250 10.10
0.945 0.0620 61.89 13.00  87 78  1084000 1413000   250 10.10
0.948 0.0601 61.88 13.00  87 78  1084000 1413000   250 10.10
0.951 0.0604 61.86 13.00  87 78  1084000 1413000   250 10.10
0.954 0.0643 61.85 13.00  87 78  1084000 1413000   250 10.10
0.957 0.0612 61.85 13.00  87 78  1084000 1413000   250 10.10
0.960 0.0626 61.85 13.00  87 78  1084000 1413000   250 10.10
0.964 0.0627 61.86 13.00  87 78  1084000 1413000   250 10.10
0.967 0.0619 61.88 13.00  87 78  1084000 1413000   250 10.10
0.970 0.0602 61.91 13.00  87 78  1084000 1413000   250 10.10
0.973 0.0630 61.94 13.00  87 78  1084000 1413000   250 10.10
0.976 0.0638 61.98 13.00  87 78  1084000 1413000   250 10.10
0.979 0.0588 62.01 13.00  87 78  1084000 1413000   250 10.10
0.982 0.0625 62.05 13.00  87 78  1084000 1413000   250 10.10
0.985 0.0615 62.08 13.00  87 78  1084000 1413000   250 10.10
0.988 0.0621 62.12 13.00  87 78  1084000 1413000   250 10.10
0.991 0.0633 62.16 13.00  87 78  1084000 1413000   250 10.10
0.994 0.0621 62.19 13.00  87 78  1084000 1413000   250 10.10
0.997 0.0619 62.21 13.00  87 78  1084000 1413000   250 10.10
1.000 0.0631 62.21 13.00  87 78  1084000 1413000   250 10.10
1.003 0.0622 62.21 13.00  87 78  1084000 1413000   250 10.10
1.006 0.0603 62.20 13.00  87 78  1084000 1413000   250 10.10
1.009 0.0621 62.19 13.00  87 78  1084000 1413000   250 10.10
1.012 0.0648 62.18 13.00  87 78  1084000 1413000   250 10.10
1.015 0.0629 62.19 13.00  87 78  1084000 1413000   250 10.10
1.018 0.0621 62.20 13.00  87 78  1084000 1413000   250 10.10
1.021 0.0605 62.22 13.00  87 78  1084000 1413000   250 10.10
1.024 0.0634 62.23 13.00  87 78  1084000 1413000   250 10.10
1.027 0.0612 62.25 13.00  87 78  1084000 1413000   250 10.10
1.030 0.0608 62.26 13.00  87 78  1084000 1413000   250 10.10
1.033 0.0618 62.26 13.00  87 78  1084000 1413000   250 10.10
1.036 0.0656 62.26 13.00  87 78  1084000 1413000   250 10.10
1.040 0.0639 62.27 13.00  87 78  1084000 1413000   250 10.10
1.043 0.0560 62.27 13.00  87 78  1084000 1413000   250 10.10
1.046 0.0640 62.29 13.00  87 78  1084000 1413000   250 10.10
1.049 0.0621 62.31 13.00  87 78  1084000 1413000   250 10.10
1.052 0.0622 62.33 13.00  87 78  1084000 1413000   250 10.10
1.055 0.0616 62.36 13.00  87 78  1084000 1413000   250 10.10
1.058 0.0651 62.39 13.00  87 78  1084000 1413000   250 10.10
1.061 0.0618 62.42 13.00  87 78  1084000 1413000   250 10.10
1.064 0.0615 62.46 13.00  87 78  1084000 1413000   250 10.10
1.067 0.0656 62.50 13.00  87 78  1084000 1413000   250 10.10
1.070 0.0639 62.53 13.00  87 78  1084000 1413000   250 10.10
1.073 0.0589 62.56 13.00  87 78  1084000 1413000   250 10.10
1.076 0.0621 62.57 13.00  87 78  1084000 1413000   250 10.10
1.079 0.0626 62.57 13.00  87 78  1084000 1413000   250 10.10
1.082 0.0633 62.54 13.00  87 78  1084000 1413000   250 10.10
1.085 0.0601 62.50 13.00  87 78  1084000 1413000   250 10.10
1.088 0.0647 62.47 13.00  87 78  1084000 1413000   250 10.10
1.091 0.0603 62.43 13.00  87 78  1084000 1413000   250 10.10
1.094 0.0654 62.40 13.00  87 78  1084000 1413000   250 10.10
1.097 0.0634 62.38 13.00  87 78  1084000 1413000   250 10.10
1.100 0.0630 62.36 13.00  87 78  1084000 1413000   250 10.10
1.103 0.0588 62.33 13.00  87 78  1084000 1413000   250 10.10
1.106 0.0651 62.30 13.00  87 78  1084000 1413000   250 10.10
1.109 0.0615 62.28 13.00  87 78  1084000 1413000   250 10.10
1.112 0.0606 62.25 13.00  87 78  1084000 1413000   250 10.10
1.116 0.0631 62.23 13.00  87 78  1084000 1413000   250 10.10
1.119 0.0615 62.20 13.00  87 78  1084000 1413000   250 10.10
1.122 0.0650 62.17 13.00  87 78  1084000 1413000   250 10.10
1.125 0.0588 62.14 13.00  87 78  1084000 1413000   250 10.10
1.128 0.0611 62.09 13.00  87 78  1084000 1413000   250 10.10
1.131 0.0605 62.04 13.00  87 78  1084000 1413000   250 10.10
1.134 0.0629 61.98 13.00  87 78  1084000 1413000   250 10.10
1.137 0.0636 61.91 13.00  87 78  1084000 1413000   250 10.10
1.140 0.0650 61.84 13.00  87 78  1084000 1413000   250 10.10
1.143 0.0635 61.78 13.00  87 78  1084000 1413000   250 10.10
1.146 0.0584 61.71 13.00  87 78  1084000 1413000   250 10.10
1.149 0.0644 61.64 13.00  87 78  1084000 1413000   250 10.10
1.152 0.0603 61.57 13.00  87 78  1084000 1413000   250 10.10
1.155 0.0582 61.50 13.00  87 78  1084000 1413000   250 10.10
1.158 0.0617 61.43 13.00  87 78  1084000 1413000   250 10.10
1.161 0.0613 61.36 13.00  87 78  1084000 1413000   250 10.10
1.164 0.0610 61.29 13.00  87 78  1084000 1413000   250 10.10
1.167 0.0655 61.24 13.00  87 78  1084000 1413000   250 10.10
1.170 0.0603 61.20 13.00  87 78  1084000 1413000   250 10.10
1.173 0.0596 61.17 13.00  87 78  1084000 1413000   250 10.10
1.176 0.0616 61.15 13.00  87 78  1084000 1413000   250 10.10
1.179 0.0605 61.14 13.00  87 78  1084000 1413000   250 10.10
1.182 0.0587 61.14 13.00  87 78  1084000 1413000   250 10.10
1.185 0.0632 61.15 13.00  87 78  1084000 1413000   250 10.10
1.188 0.0586 61.15 13.00  87 78  1084000 1413000   250 10.10
1.191 0.0629 61.15 13.00  87 78  1084000 1413000   250 10.10
1.195 0.0603 61.15 13.00  87 78  1084000 1413000   250 10.10
1.198 0.0613 61.15 13.00  87 78  1084000 1413000   250 10.10
1.201 0.0620 61.15 13.00  87 78  1084000 1413000   250 10.10
1.204 0.0608 61.15 13.00  87 78  1084000 1413000   250 10.10
1.207 0.0625 61.14 13.00  87 78  1084000 1413000   250 10.10
1.210 0.0606 61.12 13.00  87 78  1084000 1413000   250 10.10
1.213 0.0629 61.10 13.00  87 78  1084000 1413000   250 10.10
1.216 0.0619 61.09 13.00  87 78  1084000 1413000   250 10.10
1.219 0.0610 61.08 13.00  87 78  1084000 1413000   250 10.10
1.222 0.0616 61.07 13.00  87 78  1084000 1413000   250 10.10
1.225 0.0594 61.06 13.00  87 78  1084000 1413000   250 10.10
1.228 0.0610 61.04 13.00  87 78  1084000 1413000   250 10.10
1.231 0.0593 61.00 13.00  87 78  1084000 1413000   250 10.10
1.234 0.0617 60.96 13.00  87 78  1084000 1413000   250 10.10
1.237 0.0609 60.90 13.00  87 78  1084000 1413000   250 10.10
1.240 0.0579 60.84 13.00  87 78  1084000 1413000   250 10.10
1.243 0.0613 60.78 13.00  87 78  1084000 1413000   250 10.10
1.246 0.0597 60.73 13.00  87 78  1084000 1413000   250 10.10
1.249 0.0613 60.67 13.00  87 78  1084000 1413000   250 10.10
1.252 0.0652 60.63 13.00  87 78  1084000 1413000   250 10.10
1.255 0.0625 60.58 13.00  87 78  1084000 1413000   250 10.10
1.258 0.0579 60.54 13.00  87 78  1084000 1413000   250 10.10
1.261 0.0594 60.50 13.00  87 78  1084000 1413000   250 10.10
1.264 0.0625 60.46 13.00  87 78  1084000 1413000   250 10.10
1.267 0.0567 60.42 13.00  87 78  1084000 1413000   250 10.10
1.271 0.0629 60.36 13.00  87 78  1084000 1413000   250 10.10
1.274 0.0609 60.30 13.00  87 78  1084000 1413000   250 10.10
1.277 0.0603 60.23 13.00  87 78  1084000 1413000   250 10.10
1.280 0.0584 60.17 13.00  87 78  1084000 1413000   250 10.10
1.283 0.0623 60.11 13.00  87 78  1084000 1413000   250 10.10
1.286 0.0577 60.07 13.00  87 78  1084000 1413000   250 10.10
1.289 0.0592 60.07 13.00  87 78  1084000 1413000   250 10.10
1.292 0.0642 60.09 13.00  87 78  1084000 1413000   250 10.10
1.295 0.0601 60.14 13.00  87 78  1084000 1413000   250 10.10
1.298 0.0579 60.22 13.00  87 78  1084000 1413000   250 10.10
1.301 0.0579 60.33 13.00  87 78  1084000 1413000   250 10.10
1.304 0.0608 60.46 13.00  87 78  1084000 1413000   250 10.10
1.307 0.0619 60.60 13.00  87 78  1084000 1413000   250 10.10
1.310 0.0593 60.75 13.00  87 78  1084000 1413000   250 10.10
1.313 0.0607 60.89 13.00  87 78  1084000 1413000   250 10.10
1.316 0.0598 61.02 13.00  87 78  1084000 1413000   250 10.10
1.319 0.0617 61.13 13.00  87 78  1084000 1413000   250 10.10
1.322 0.0600 61.22 13.00  87 78  1084000 1413000   250 10.10
1.325 0.0595 61.29 13.00  87 78  1084000 1413000   250 10.10
1.328 0.0649 61.34 13.00  87 78  1084000 1413000   250 10.10
1.331 0.0634 61.38 13.00  87 78  1084000 1413000   250 10.10
1.334 0.0637 61.40 13.00  87 78  1084000 1413000   250 10.10
1.337 0.0618 61.42 13.00  87 78  1084000 1413000   250 10.10
1.340 0.0630 61.42 13.00  87 78  1084000 1413000   250 10.10
1.343 0.0642 61.42 13.00  87 78  1084000 1413000   250 10.10
1.347 0.0565 61.41 13.00  87 78  1084000 1413000   250 10.10
1.350 0.0609 61.40 13.00  87 78  1084000 1413000   250 10.10
1.353 0.0609 61.39 13.00  87 78  1084000 1413000   250 10.10
1.356 0.0639 61.38 13.00  87 78  1084000 1413000   250 10.10
1.359 0.0597 61.36 13.00  87 78  1084000 1413000   250 10.10
1.362 0.0573 61.35 13.00  87 78  1084000 1413000   250 10.10
1.365 0.0629 61.35 13.00  87 78  1084000 1413000   250 10.10
1.368 0.0618 61.38 13.00  87 78  1084000 1413000   250 10.10
1.371 0.0583 61.42 13.00  87 78  1084000 1413000   250 10.10
1.374 0.0641 61.48 13.00  87 78  1084000 1413000   250 10.10
1.377 0.0573 61.56 13.00  87 78  1084000 1413000   250 10.10
1.380 0.0632 61.66 13.00  87 78  1084000 1413000   250 10.10
1.383 0.0626 61.77 13.00  87 78  1084000 1413000   250 10.10
1.386 0.0606 61.88 13.00  87 78  1084000 1413000   250 10.10
1.389 0.0652 62.00 13.00  87 78  1084000 1413000   250 10.10
1.392 0.0651 62.10 13.00  87 78  1084000 1413000   250 10.10
1.395 0.0600 62.20 13.00  87 78  1084000 1413000   250 10.10
1.398 0.0606 62.27 13.00  87 78  1084000 1413000   250 10.10
1.401 0.0640 62.31 13.00  87 78  1084000 1413000   250 10.10
1.404 0.0644 62.33 13.00  87 78  1084000 1413000   250 10.10
1.407 0.0613 62.33 13.00  87 78  1084000 1413000   250 10.10
1.410 0.0607 62.32 13.00  87 78  1084000 1413000   250 10.10
1.413 0.0611 62.30 13.00  87 78  1084000 1413000   250 10.10
1.416 0.0682 62.28 13.00  87 78  1084000 1413000   250 10.10
1.419 0.0608 62.25 13.00  87 78  1084000 1413000   250 10.10
1.422 0.0618 62.21 13.00  87 78  1084000 1413000   250 10.10
1.426 0.0609 62.15 13.00  87 78  1084000 1413000   250 10.10
1.429 0.0596 62.10 13.00  87 78  1084000 1413000   250 10.10
1.432 0.0621 62.03 13.00  87 78  1084000 1413000   250 10.10
1.435 0.0613 61.95 13.00  87 78  1084000 1413000   250 10.10
1.438 0.0630 61.87 13.00  87 78  1084000 1413000   250 10.10
1.441 0.0592 61.80 13.00  87 78  1084000 1413000   250 10.10
1.444 0.0625 61.73 13.00  87 78  1084000 1413000   250 10.10
1.447 0.0634 61.68 13.00  87 78  1084000 1413000   250 10.10
1.450 0.0630 61.63 13.00  87 78  1084000 1413000   250 10.10
1.453 0.0604 61.60 13.00  87 78  1084000 1413000   250 10.10
1.456 0.0622 61.57 13.00  87 78  1084000 1413000   250 10.10
1.459 0.0618 61.54 13.00  87 78  1084000 1413000   250 10.10
1.462 0.0629 61.51 13.00  87 78  1084000 1413000   250 10.10
1.465 0.0652 61.49 13.00  87 78  1084000 1413000   250 10.10
1.468 0.0569 61.48 13.00  87 78  1084000 1413000   250 10.10
1.471 0.0626 61.46 13.00  87 78  1084000 1413000   250 10.10
1.474 0.0595 61.43 13.00  87 78  1084000 1413000   250 10.10
1.477 0.0600 61.40 13.00  87 78  1084000 1413000   250 10.10
1.480 0.0604 61.36 13.00  87 78  1084000 1413000   250 10.10
1.483 0.0620 61.31 13.00  87 78  1084000 1413000   250 10.10
1.486 0.0609 61.26 13.00  87 78  1084000 1413000   250 10.10
1.489 0.0607 61.22 13.00  87 78  1084000 1413000   250 10.10
1.492 0.0630 61.19 13.00  87 78  1084000 1413000   250 10.10
1.495 0.0623 61.19 13.00  87 78  1084000 1413000   250 10.10
1.498 0.0625 61.20 13.00  87 78  1084000 1413000   250 10.10
1.502 0.0625 61.23 13.00  87 78  1084000 1413000   250 10.10
1.505 0.0585 61.29 13.00  87 78  1084000 1413000   250 10.10
1.508 0.0609 61.36 13.00  87 78  1084000 1413000   250 10.10
1.511 0.0609 61.44 13.00  87 78  1084000 1413000   250 10.10
1.514 0.0625 61.52 13.00  87 78  1084000 1413000   250 10.10
1.517 0.0588 61.59 13.00  87 78  1084000 1413000   250 10.10
1.520 0.0636 61.65 13.00  87 78  1084000 1413000   250 10.10
1.523 0.0633 61.70 13.00  87 78  1084000 1413000   250 10.10
1.526 0.0596 61.72 13.00  87 78  1084000 1413000   250 10.10
1.529 0.0590 61.73 13.00  87 78  1084000 1413000   250 10.10
1.532 0.0644 61.72 13.00  87 78  1084000 1413000   250 10.10
1.535 0.0624 61.69 13.00  87 78  1084000 1413000   250 10.10
1.538 0.0610 61.65 13.00  87 78  1084000 1413000   250 10.10
1.541 0.0608 61.61 13.00  87 78  1084000 1413000   250 10.10
1.544 0.0680 61.57 13.00  87 78  1084000 1413000   250 10.10
1.547 0.0572 61.54 13.00  87 78  1084000 1413000   250 10.10
1.550 0.0622 61.50 13.00  87 78  1084000 1413000   250 10.10
1.553 0.0632 61.47 13.00  87 78  1084000 1413000   250 10.10
1.556 0.0603 61.44 13.00  87 78  1084000 1413000   250 10.10
1.559 0.0634 61.40 13.00  87 78  1084000 1413000   250 10.10
1.562 0.0614 61.36 13.00  87 78  1084000 1413000   250 10.10
1.565 0.0582 61.32 13.00  87 78  1084000 1413000   250 10.10
1.568 0.0600 61.28 13.00  87 78  1084000 1413000   250 10.10
1.571 0.0616 61.24 13.00  87 78  1084000 1413000   250 10.10
1.575 0.0611 61.20 13.00  87 78  1084000 1413000   250 10.10
1.578 0.0608 61.16 13.00  87 78  1084000 1413000   250 10.10
1.581 0.0611 61.13 13.00  87 78  1084000 1413000   250 10.10
1.585 0.0604 61.11 13.00  87 78  1084000 1413000   250 10.10
1.589 0.0607 61.09 13.00  87 78  1084000 1413000   250 10.10
1.593 0.0608 61.08 13.00  87 78  1084000 1413000   250 10.10
1.597 0.0631 61.07 13.00  87 78  1084000 1413000   250 10.10
1.601 0.0603 61.07 13.00  87 78  1084000 1413000   250 10.10
1.605 0.0639 61.08 13.00  87 78  1084000 1413000   250 10.10
1.610 0.0612 61.10 13.00  87 78  1084000 1413000   250 10.10
1.615 0.0619 61.12 13.00  87 78  1084000 1413000   250 10.10
1.620 0.0598 61.14 13.00  87 78  1084000 1413000   250 10.10
1.625 0.0623 61.16 13.00  87 78  1084000 1413000   250 10.10
1.630 0.0604 61.18 13.00  87 78  1084000 1413000   250 10.10
1.636 0.0591 61.21 13.00  87 78  1084000 1413000   250 10.10
1.642 0.0625 61.23 13.00  87 78  1084000 1413000   250 10.10
1.648 0.0615 61.24 13.00  87 78  1084000 1413000   250 10.10
1.654 0.0593 61.26 13.00  87 78  1084000 1413000   250 10.10
1.661 0.0616 61.28 13.00  87 78  1084000 1413000   250 10.10
1.668 0.0618 61.31 13.00  87 78  1084000 1413000   250 10.10
1.675 0.0613 61.36 13.00  87 78  1084000 1413000   250 10.10
1.683 0.0606 61.42 13.00  87 78  1084000 1413000   250 10.10
1.691 0.0624 61.49 13.00  87 78  1084000 1413000   250 10.10
1.699 0.0601 61.57 13.00  87 78  1084000 1413000   250 10.10
1.707 0.0620 61.66 13.00  87 78  1084000 1413000   250 10.10
1.716 0.0621 61.76 13.00  87 78  1084000 1413000   250 10.10
1.725 0.0620 61.86 13.00  87 78  1084000 1413000   250 10.10
1.735 0.0633 61.96 13.00  87 78  1084000 1413000   250 10.10
1.745 0.0621 62.06 13.00  87 78  1084000 1413000   250 10.10
1.756 0.0620 62.15 13.00  87 78  1084000 1413000   250 10.10
1.767 0.0623 62.21 13.00  87 78  1084000 1413000   250 10.10
1.778 0.0615 62.27 13.00  87 78  1084000 1413000   250 10.10
1.790 0.0615 62.30 13.00  87 78  1084000 1413000   250 10.10
1.802 0.0626 62.32 13.00  87 78  1084000 1413000   250 10.10
1.815 0.0623 62.33 13.00  87 78  1084000 1413000   250 10.10
1.829 0.0637 62.33 13.00  87 78  1084000 1413000   250 10.10
1.843 0.0624 62.32 13.00  87 78  1084000 1413000   250 10.10
1.857 0.0621 62.30 13.00  87 78  1084000 1413000   250 10.10
1.872 0.0628 62.28 13.00  87 78  1084000 1413000   250 10.10
1.888 0.0620 62.25 13.00  87 78  1084000 1413000   250 10.10
1.903 0.0629 62.22 13.00  87 78  1084000 1413000   250 10.10
1.918 0.0611 62.19 13.00  87 78  1084000 1413000   250 10.10
1.933 0.0620 62.16 13.00  87 78  1084000 1413000   250 10.10
1.948 0.0633 62.13 13.00  87 78  1084000 1413000   250 10.10
1.964 0.0615 62.10 13.00  87 78  1084000 1413000   250 10.10
1.979 0.0614 62.07 13.00  87 78  1084000 1413000   250 10.10
1.994 0.0617 62.03 13.00  87 78  1084000 1413000   250 10.10
2.009 0.0622 61.99 13.00  87 78  1084000 1413000   250 10.10
2.024 0.0624 61.93 13.00  87 78  1084000 1413000   250 10.10
2.040 0.0616 61.86 13.00  87 78  1084000 1413000   250 10.10
2.055 0.0618 61.78 13.00  87 78  1084000 1413000   250 10.10
2.070 0.0626 61.68 13.00  87 78  1084000 1413000   250 10.10
2.085 0.0619 61.58 13.00  87 78  1084000 1413000   250 10.10
2.100 0.0633 61.47 13.00  87 78  1084000 1413000   250 10.10
2.116 0.0617 61.36 13.00  87 78  1084000 1413000   250 10.10
2.131 0.0623 61.28 13.00  87 78  1084000 1413000   250 10.10
2.146 0.0627 61.22 13.00  87 78  1084000 1413000   250 10.10
2.161 0.0622 61.22 13.00  87 78  1084000 1413000   250 10.10
2.176 0.0623 61.29 13.00  87 78  1084000 1413000   250 10.10
2.191 0.0627 61.47 13.00  87 78  1084000 1413000   250 10.10
2.207 0.0621 61.78 13.00  87 78  1084000 1413000   250 10.10
2.222 0.0631 62.26 13.00  87 78  1084000 1413000   250 10.10
2.237 0.0629 62.95 13.00  87 78  1084000 1413000   250 10.10
2.252 0.0643 63.87 13.00  87 78  1084000 1413000   250 10.10
2.267 0.0646 65.06 13.00  87 78  1084000 1413000   250 10.10
2.283 0.0643 66.53 13.00  87 78  1084000 1413000   250 10.10
2.298 0.0663 68.29 13.00  87 78  1084000 1413000   250 10.10
2.313 0.0681 70.35 13.00  87 78  1084000 1413000   250 10.10
2.328 0.0694 72.70 13.00  87 78  1084000 1413000   250 10.10
2.343 0.0736 75.32 13.00  87 78  1084000 1413000   250 10.10
2.359 0.0762 78.19 13.00  87 78  1084000 1413000   250 10.10
2.374 0.0807 81.29 13.00  87 78  1084000 1413000   250 10.10
2.389 0.0842 84.60 13.00  87 78  1084000 1413000   250 10.10
2.404 0.0880 88.12 13.00  87 78  1084000 1413000   250 10.10
2.419 0.0948 91.87 13.00  87 78  1084000 1413000   250 10.10
2.435 0.0988 95.96 13.00  87 78  1084000 1413000   250 10.10
2.450 0.1054 101.52 13.00  87 78  1084000 1413000   250 10.10
2.465 0.1094 109.39 13.00  87 78  1084000 1413000   250 10.10
2.480 0.1164 117.99 13.00  87 78  1084000 1413000   250 10.10
2.495 0.1220 126.46 13.00  87 78  1084000 1413000   250 10.10
2.511 0.1292 134.49 13.00  87 78  1084000 1413000   250 10.10
2.526 0.1325 142.01 13.00  87 78  1084000 1413000   250 10.10
2.541 0.1397 149.00 13.00  87 78  1084000 1413000   250 10.10
2.556 0.1438 155.51 13.00  87 78  1084000 1413000   250 10.10
2.571 0.1498 161.57 13.00  87 78  1084000 1413000   250 10.10
2.587 0.1580 167.22 13.00  87 78  1084000 1413000   250 10.10
2.602 0.1646 172.48 13.00  87 78  1084000 1413000   250 10.10
2.617 0.1758 177.40 13.00  87 78  1084000 1413000   250 10.10
2.632 0.1909 181.99 13.00  87 78  1084000 1413000   250 10.10
2.647 0.2023 186.28 13.00  87 78  1084000 1413000   250 10.10
2.663 0.2204 190.27 13.00  87 78  1084000 1413000   250 10.10
2.678 0.2438 193.96 13.00  87 78  1084000 1413000   250 10.10
2.693 0.2569 197.36 13.00  87 78  1084000 1413000   250 10.10
2.708 0.2858 200.45 13.00  87 78  1084000 1413000   250 10.10
2.723 0.3082 203.21 13.00  87 78  1084000 1413000   250 10.10
2.739 0.3263 205.63 13.00  87 78  1084000 1413000   250 10.10
2.754 0.3375 207.67 13.00  87 78  1084000 1413000   250 10.10
2.769 0.0000 209.28 13.00  87 78  1084000 1413000   250 10.10
2.784 0.0000 210.42 13.00  87 78  1084000 1413000   250 10.10
