     x     qy smooth tpara  cd  zL     xTr    xCpl frame tma
-2.232 0.3971 378.92 21.50  94 78   942000 1364000   240 9.89
-2.220 0.4996 353.83 21.50  94 78   942000 1364000   240 9.89
-2.209 0.4026 330.02 21.50  94 78   942000 1364000   240 9.89
-2.197 0.2796 307.46 21.50  94 78   942000 1364000   240 9.89
-2.185 0.2334 286.12 21.50  94 78   942000 1364000   240 9.89
-2.173 0.2058 265.96 21.50  94 78   942000 1364000   240 9.89
-2.161 0.1934 246.95 21.50  94 78   942000 1364000   240 9.89
-2.149 0.1845 229.07 21.50  94 78   942000 1364000   240 9.89
-2.137 0.1689 212.30 21.50  94 78   942000 1364000   240 9.89
-2.126 0.1617 196.61 21.50  94 78   942000 1364000   240 9.89
-2.114 0.1479 182.00 21.50  94 78   942000 1364000   240 9.89
-2.102 0.1434 168.45 21.50  94 78   942000 1364000   240 9.89
-2.090 0.1357 155.98 21.50  94 78   942000 1364000   240 9.89
-2.078 0.1320 144.57 21.50  94 78   942000 1364000   240 9.89
-2.066 0.1241 134.25 21.50  94 78   942000 1364000   240 9.89
-2.055 0.1205 125.04 21.50  94 78   942000 1364000   240 9.89
-2.043 0.1177 116.97 21.50  94 78   942000 1364000   240 9.89
-2.031 0.1134 110.11 21.50  94 78   942000 1364000   240 9.89
-2.019 0.1113 104.51 21.50  94 78   942000 1364000   240 9.89
-2.007 0.1099 100.28 21.50  94 78   942000 1364000   240 9.89
-1.995 0.1056 97.52 21.50  94 78   942000 1364000   240 9.89
-1.983 0.1043 96.29 21.50  94 78   942000 1364000   240 9.89
-1.972 0.1013 96.31 21.50  94 78   942000 1364000   240 9.89
-1.960 0.0971 96.37 21.50  94 78   942000 1364000   240 9.89
-1.948 0.0961 94.92 21.50  94 78   942000 1364000   240 9.89
-1.936 0.0957 93.31 21.50  94 78   942000 1364000   240 9.89
-1.924 0.0930 91.70 21.50  94 78   942000 1364000   240 9.89
-1.912 0.0906 90.14 21.50  94 78   942000 1364000   240 9.89
-1.900 0.0900 88.64 21.50  94 78   942000 1364000   240 9.89
-1.889 0.0882 87.20 21.50  94 78   942000 1364000   240 9.89
-1.877 0.0860 85.84 21.50  94 78   942000 1364000   240 9.89
-1.865 0.0844 84.54 21.50  94 78   942000 1364000   240 9.89
-1.853 0.0846 83.33 21.50  94 78   942000 1364000   240 9.89
-1.841 0.0829 82.21 21.50  94 78   942000 1364000   240 9.89
-1.829 0.0816 81.19 21.50  94 78   942000 1364000   240 9.89
-1.818 0.0798 80.26 21.50  94 78   942000 1364000   240 9.89
-1.806 0.0783 79.42 21.50  94 78   942000 1364000   240 9.89
-1.794 0.0780 78.67 21.50  94 78   942000 1364000   240 9.89
-1.782 0.0758 78.01 21.50  94 78   942000 1364000   240 9.89
-1.770 0.0759 77.42 21.50  94 78   942000 1364000   240 9.89
-1.758 0.0763 76.91 21.50  94 78   942000 1364000   240 9.89
-1.746 0.0756 76.45 21.50  94 78   942000 1364000   240 9.89
-1.735 0.0767 76.05 21.50  94 78   942000 1364000   240 9.89
-1.723 0.0765 75.70 21.50  94 78   942000 1364000   240 9.89
-1.711 0.0757 75.39 21.50  94 78   942000 1364000   240 9.89
-1.699 0.0778 75.14 21.50  94 78   942000 1364000   240 9.89
-1.687 0.0755 74.93 21.50  94 78   942000 1364000   240 9.89
-1.675 0.0760 74.75 21.50  94 78   942000 1364000   240 9.89
-1.664 0.0742 74.61 21.50  94 78   942000 1364000   240 9.89
-1.652 0.0747 74.49 21.50  94 78   942000 1364000   240 9.89
-1.640 0.0754 74.39 21.50  94 78   942000 1364000   240 9.89
-1.628 0.0748 74.29 21.50  94 78   942000 1364000   240 9.89
-1.616 0.0731 74.20 21.50  94 78   942000 1364000   240 9.89
-1.604 0.0735 74.12 21.50  94 78   942000 1364000   240 9.89
-1.592 0.0750 74.03 21.50  94 78   942000 1364000   240 9.89
-1.581 0.0721 73.94 21.50  94 78   942000 1364000   240 9.89
-1.569 0.0731 73.85 21.50  94 78   942000 1364000   240 9.89
-1.557 0.0743 73.77 21.50  94 78   942000 1364000   240 9.89
-1.545 0.0731 73.71 21.50  94 78   942000 1364000   240 9.89
-1.533 0.0714 73.67 21.50  94 78   942000 1364000   240 9.89
-1.521 0.0737 73.64 21.50  94 78   942000 1364000   240 9.89
-1.509 0.0747 73.61 21.50  94 78   942000 1364000   240 9.89
-1.498 0.0744 73.58 21.50  94 78   942000 1364000   240 9.89
-1.486 0.0734 73.52 21.50  94 78   942000 1364000   240 9.89
-1.474 0.0728 73.42 21.50  94 78   942000 1364000   240 9.89
-1.462 0.0737 73.24 21.50  94 78   942000 1364000   240 9.89
-1.450 0.0725 72.97 21.50  94 78   942000 1364000   240 9.89
-1.438 0.0731 72.60 21.50  94 78   942000 1364000   240 9.89
-1.427 0.0724 72.13 21.50  94 78   942000 1364000   240 9.89
-1.415 0.0715 71.55 21.50  94 78   942000 1364000   240 9.89
-1.403 0.0727 70.88 21.50  94 78   942000 1364000   240 9.89
-1.391 0.0726 70.14 21.50  94 78   942000 1364000   240 9.89
-1.379 0.0719 69.35 21.50  94 78   942000 1364000   240 9.89
-1.367 0.0697 68.55 21.50  94 78   942000 1364000   240 9.89
-1.355 0.0706 67.75 21.50  94 78   942000 1364000   240 9.89
-1.344 0.0694 66.99 21.50  94 78   942000 1364000   240 9.89
-1.332 0.0676 66.29 21.50  94 78   942000 1364000   240 9.89
-1.320 0.0652 65.66 21.50  94 78   942000 1364000   240 9.89
-1.308 0.0635 65.12 21.50  94 78   942000 1364000   240 9.89
-1.296 0.0635 64.68 21.50  94 78   942000 1364000   240 9.89
-1.284 0.0607 64.34 21.50  94 78   942000 1364000   240 9.89
-1.273 0.0593 64.10 21.50  94 78   942000 1364000   240 9.89
-1.261 0.0595 63.98 21.50  94 78   942000 1364000   240 9.89
-1.249 0.0598 63.97 21.50  94 78   942000 1364000   240 9.89
-1.237 0.0608 64.07 21.50  94 78   942000 1364000   240 9.89
-1.225 0.0631 64.29 21.50  94 78   942000 1364000   240 9.89
-1.213 0.0643 64.61 21.50  94 78   942000 1364000   240 9.89
-1.201 0.0658 65.03 21.50  94 78   942000 1364000   240 9.89
-1.190 0.0679 65.54 21.50  94 78   942000 1364000   240 9.89
-1.178 0.0691 66.12 21.50  94 78   942000 1364000   240 9.89
-1.166 0.0689 66.75 21.50  94 78   942000 1364000   240 9.89
-1.154 0.0700 67.40 21.50  94 78   942000 1364000   240 9.89
-1.142 0.0708 68.06 21.50  94 78   942000 1364000   240 9.89
-1.130 0.0681 68.68 21.50  94 78   942000 1364000   240 9.89
-1.118 0.0710 69.25 21.50  94 78   942000 1364000   240 9.89
-1.107 0.0685 69.74 21.50  94 78   942000 1364000   240 9.89
-1.095 0.0699 70.14 21.50  94 78   942000 1364000   240 9.89
-1.083 0.0702 70.43 21.50  94 78   942000 1364000   240 9.89
-1.071 0.0699 70.63 21.50  94 78   942000 1364000   240 9.89
-1.059 0.0720 70.74 21.50  94 78   942000 1364000   240 9.89
-1.047 0.0724 70.76 21.50  94 78   942000 1364000   240 9.89
-1.036 0.0707 70.73 21.50  94 78   942000 1364000   240 9.89
-1.024 0.0700 70.65 21.50  94 78   942000 1364000   240 9.89
-1.012 0.0699 70.54 21.50  94 78   942000 1364000   240 9.89
-1.000 0.0705 70.42 21.50  94 78   942000 1364000   240 9.89
-0.988 0.0706 70.30 21.50  94 78   942000 1364000   240 9.89
-0.976 0.0692 70.19 21.50  94 78   942000 1364000   240 9.89
-0.964 0.0697 70.08 21.50  94 78   942000 1364000   240 9.89
-0.953 0.0701 69.97 21.50  94 78   942000 1364000   240 9.89
-0.941 0.0702 69.86 21.50  94 78   942000 1364000   240 9.89
-0.929 0.0690 69.76 21.50  94 78   942000 1364000   240 9.89
-0.917 0.0683 69.65 21.50  94 78   942000 1364000   240 9.89
-0.905 0.0694 69.54 21.50  94 78   942000 1364000   240 9.89
-0.893 0.0703 69.42 21.50  94 78   942000 1364000   240 9.89
-0.882 0.0693 69.30 21.50  94 78   942000 1364000   240 9.89
-0.870 0.0685 69.19 21.50  94 78   942000 1364000   240 9.89
-0.858 0.0699 69.09 21.50  94 78   942000 1364000   240 9.89
-0.846 0.0692 68.99 21.50  94 78   942000 1364000   240 9.89
-0.834 0.0682 68.89 21.50  94 78   942000 1364000   240 9.89
-0.822 0.0697 68.79 21.50  94 78   942000 1364000   240 9.89
-0.810 0.0692 68.68 21.50  94 78   942000 1364000   240 9.89
-0.799 0.0684 68.55 21.50  94 78   942000 1364000   240 9.89
-0.787 0.0680 68.41 21.50  94 78   942000 1364000   240 9.89
-0.775 0.0680 68.26 21.50  94 78   942000 1364000   240 9.89
-0.763 0.0688 68.10 21.50  94 78   942000 1364000   240 9.89
-0.751 0.0680 67.94 21.50  94 78   942000 1364000   240 9.89
-0.739 0.0675 67.77 21.50  94 78   942000 1364000   240 9.89
-0.727 0.0684 67.61 21.50  94 78   942000 1364000   240 9.89
-0.716 0.0667 67.44 21.50  94 78   942000 1364000   240 9.89
-0.704 0.0672 67.28 21.50  94 78   942000 1364000   240 9.89
-0.692 0.0678 67.12 21.50  94 78   942000 1364000   240 9.89
-0.680 0.0664 66.96 21.50  94 78   942000 1364000   240 9.89
-0.668 0.0665 66.81 21.50  94 78   942000 1364000   240 9.89
-0.656 0.0670 66.67 21.50  94 78   942000 1364000   240 9.89
-0.645 0.0665 66.53 21.50  94 78   942000 1364000   240 9.89
-0.633 0.0668 66.39 21.50  94 78   942000 1364000   240 9.89
-0.621 0.0651 66.26 21.50  94 78   942000 1364000   240 9.89
-0.609 0.0643 66.13 21.50  94 78   942000 1364000   240 9.89
-0.597 0.0662 66.00 21.50  94 78   942000 1364000   240 9.89
-0.585 0.0665 65.87 21.50  94 78   942000 1364000   240 9.89
-0.573 0.0664 65.74 21.50  94 78   942000 1364000   240 9.89
-0.562 0.0665 65.62 21.50  94 78   942000 1364000   240 9.89
-0.550 0.0650 65.49 21.50  94 78   942000 1364000   240 9.89
-0.538 0.0665 65.37 21.50  94 78   942000 1364000   240 9.89
-0.526 0.0666 65.25 21.50  94 78   942000 1364000   240 9.89
-0.514 0.0643 65.13 21.50  94 78   942000 1364000   240 9.89
-0.502 0.0639 65.01 21.50  94 78   942000 1364000   240 9.89
-0.491 0.0643 64.90 21.50  94 78   942000 1364000   240 9.89
-0.479 0.0648 64.78 21.50  94 78   942000 1364000   240 9.89
-0.467 0.0663 64.67 21.50  94 78   942000 1364000   240 9.89
-0.455 0.0638 64.57 21.50  94 78   942000 1364000   240 9.89
-0.443 0.0654 64.47 21.50  94 78   942000 1364000   240 9.89
-0.431 0.0640 64.39 21.50  94 78   942000 1364000   240 9.89
-0.419 0.0633 64.33 21.50  94 78   942000 1364000   240 9.89
-0.408 0.0639 64.28 21.50  94 78   942000 1364000   240 9.89
-0.396 0.0654 64.25 21.50  94 78   942000 1364000   240 9.89
-0.384 0.0632 64.25 21.50  94 78   942000 1364000   240 9.89
-0.372 0.0640 64.28 21.50  94 78   942000 1364000   240 9.89
-0.360 0.0646 64.33 21.50  94 78   942000 1364000   240 9.89
-0.348 0.0646 64.42 21.50  94 78   942000 1364000   240 9.89
-0.336 0.0642 64.54 21.50  94 78   942000 1364000   240 9.89
-0.325 0.0643 64.68 21.50  94 78   942000 1364000   240 9.89
-0.313 0.0645 64.84 21.50  94 78   942000 1364000   240 9.89
-0.301 0.0644 65.01 21.50  94 78   942000 1364000   240 9.89
-0.289 0.0648 65.20 21.50  94 78   942000 1364000   240 9.89
-0.277 0.0654 65.40 21.50  94 78   942000 1364000   240 9.89
-0.265 0.0653 65.60 21.50  94 78   942000 1364000   240 9.89
-0.254 0.0670 65.80 21.50  94 78   942000 1364000   240 9.89
-0.242 0.0655 66.01 21.50  94 78   942000 1364000   240 9.89
-0.230 0.0660 66.20 21.50  94 78   942000 1364000   240 9.89
-0.218 0.0658 66.38 21.50  94 78   942000 1364000   240 9.89
-0.206 0.0661 66.53 21.50  94 78   942000 1364000   240 9.89
-0.194 0.0671 66.64 21.50  94 78   942000 1364000   240 9.89
-0.182 0.0674 66.72 21.50  94 78   942000 1364000   240 9.89
-0.171 0.0659 66.76 21.50  94 78   942000 1364000   240 9.89
-0.159 0.0666 66.73 21.50  94 78   942000 1364000   240 9.89
-0.147 0.0685 66.63 21.50  94 78   942000 1364000   240 9.89
-0.135 0.0654 66.45 21.50  94 78   942000 1364000   240 9.89
-0.123 0.0661 66.17 21.50  94 78   942000 1364000   240 9.89
-0.111 0.0653 65.78 21.50  94 78   942000 1364000   240 9.89
-0.100 0.0657 65.27 21.50  94 78   942000 1364000   240 9.89
-0.088 0.0663 64.63 21.50  94 78   942000 1364000   240 9.89
-0.076 0.0644 63.88 21.50  94 78   942000 1364000   240 9.89
-0.065 0.0632 63.01 21.50  94 78   942000 1364000   240 9.89
-0.055 0.0627 62.04 21.50  94 78   942000 1364000   240 9.89
-0.045 0.0634 60.97 21.50  94 78   942000 1364000   240 9.89
-0.035 0.0598 59.82 21.50  94 78   942000 1364000   240 9.89
-0.026 0.0609 58.61 21.50  94 78   942000 1364000   240 9.89
-0.017 0.0572 57.35 21.50  94 78   942000 1364000   240 9.89
-0.009 0.0574 56.05 21.50  94 78   942000 1364000   240 9.89
-0.000 0.0553 54.74 21.50  94 78   942000 1364000   240 9.89
0.007 0.0558 53.41 21.50  94 78   942000 1364000   240 9.89
0.015 0.0501 52.08 21.50  94 78   942000 1364000   240 9.89
0.022 0.0489 50.76 21.50  94 78   942000 1364000   240 9.89
0.029 0.0469 49.48 21.50  94 78   942000 1364000   240 9.89
0.036 0.0459 48.24 21.50  94 78   942000 1364000   240 9.89
0.042 0.0471 47.08 21.50  94 78   942000 1364000   240 9.89
0.048 0.0431 46.00 21.50  94 78   942000 1364000   240 9.89
0.054 0.0446 45.02 21.50  94 78   942000 1364000   240 9.89
0.060 0.0435 44.14 21.50  94 78   942000 1364000   240 9.89
0.065 0.0440 43.37 21.50  94 78   942000 1364000   240 9.89
0.070 0.0433 42.69 21.50  94 78   942000 1364000   240 9.89
0.075 0.0424 42.11 21.50  94 78   942000 1364000   240 9.89
0.080 0.0419 41.63 21.50  94 78   942000 1364000   240 9.89
0.085 0.0407 41.24 21.50  94 78   942000 1364000   240 9.89
0.089 0.0413 40.93 21.50  94 78   942000 1364000   240 9.89
0.093 0.0426 40.68 21.50  94 78   942000 1364000   240 9.89
0.098 0.0382 40.49 21.50  94 78   942000 1364000   240 9.89
0.101 0.0391 40.35 21.50  94 78   942000 1364000   240 9.89
0.105 0.0376 40.24 21.50  94 78   942000 1364000   240 9.89
0.109 0.0407 40.15 21.50  94 78   942000 1364000   240 9.89
0.112 0.0409 40.07 21.50  94 78   942000 1364000   240 9.89
0.115 0.0416 39.99 21.50  94 78   942000 1364000   240 9.89
0.119 0.0456 39.92 21.50  94 78   942000 1364000   240 9.89
0.122 0.0399 39.84 21.50  94 78   942000 1364000   240 9.89
0.125 0.0384 39.78 21.50  94 78   942000 1364000   240 9.89
0.127 0.0387 39.73 21.50  94 78   942000 1364000   240 9.89
0.130 0.0356 39.67 21.50  94 78   942000 1364000   240 9.89
0.133 0.0414 39.62 21.50  94 78   942000 1364000   240 9.89
0.135 0.0393 39.56 21.50  94 78   942000 1364000   240 9.89
0.137 0.0407 39.51 21.50  94 78   942000 1364000   240 9.89
0.140 0.0404 39.45 21.50  94 78   942000 1364000   240 9.89
0.142 0.0404 39.38 21.50  94 78   942000 1364000   240 9.89
0.145 0.0392 39.31 21.50  94 78   942000 1364000   240 9.89
0.147 0.0380 39.24 21.50  94 78   942000 1364000   240 9.89
0.149 0.0383 39.16 21.50  94 78   942000 1364000   240 9.89
0.152 0.0403 39.09 21.50  94 78   942000 1364000   240 9.89
0.154 0.0407 39.03 21.50  94 78   942000 1364000   240 9.89
0.156 0.0373 38.99 21.50  94 78   942000 1364000   240 9.89
0.159 0.0365 38.96 21.50  94 78   942000 1364000   240 9.89
0.161 0.0373 38.95 21.50  94 78   942000 1364000   240 9.89
0.164 0.0426 38.96 21.50  94 78   942000 1364000   240 9.89
0.166 0.0402 38.97 21.50  94 78   942000 1364000   240 9.89
0.168 0.0385 38.98 21.50  94 78   942000 1364000   240 9.89
0.171 0.0387 38.99 21.50  94 78   942000 1364000   240 9.89
0.173 0.0364 38.99 21.50  94 78   942000 1364000   240 9.89
0.175 0.0380 38.99 21.50  94 78   942000 1364000   240 9.89
0.178 0.0417 38.99 21.50  94 78   942000 1364000   240 9.89
0.180 0.0389 39.00 21.50  94 78   942000 1364000   240 9.89
0.182 0.0415 39.01 21.50  94 78   942000 1364000   240 9.89
0.185 0.0349 39.03 21.50  94 78   942000 1364000   240 9.89
0.187 0.0402 39.05 21.50  94 78   942000 1364000   240 9.89
0.190 0.0407 39.06 21.50  94 78   942000 1364000   240 9.89
0.192 0.0372 39.07 21.50  94 78   942000 1364000   240 9.89
0.194 0.0415 39.09 21.50  94 78   942000 1364000   240 9.89
0.197 0.0387 39.12 21.50  94 78   942000 1364000   240 9.89
0.199 0.0405 39.16 21.50  94 78   942000 1364000   240 9.89
0.201 0.0372 39.20 21.50  94 78   942000 1364000   240 9.89
0.204 0.0390 39.25 21.50  94 78   942000 1364000   240 9.89
0.206 0.0405 39.30 21.50  94 78   942000 1364000   240 9.89
0.209 0.0376 39.35 21.50  94 78   942000 1364000   240 9.89
0.211 0.0365 39.40 21.50  94 78   942000 1364000   240 9.89
0.213 0.0415 39.45 21.50  94 78   942000 1364000   240 9.89
0.216 0.0423 39.49 21.50  94 78   942000 1364000   240 9.89
0.218 0.0373 39.52 21.50  94 78   942000 1364000   240 9.89
0.220 0.0367 39.55 21.50  94 78   942000 1364000   240 9.89
0.223 0.0416 39.58 21.50  94 78   942000 1364000   240 9.89
0.225 0.0396 39.61 21.50  94 78   942000 1364000   240 9.89
0.227 0.0409 39.63 21.50  94 78   942000 1364000   240 9.89
0.230 0.0401 39.64 21.50  94 78   942000 1364000   240 9.89
0.232 0.0393 39.65 21.50  94 78   942000 1364000   240 9.89
0.235 0.0433 39.63 21.50  94 78   942000 1364000   240 9.89
0.237 0.0367 39.61 21.50  94 78   942000 1364000   240 9.89
0.239 0.0401 39.58 21.50  94 78   942000 1364000   240 9.89
0.242 0.0418 39.54 21.50  94 78   942000 1364000   240 9.89
0.244 0.0373 39.49 21.50  94 78   942000 1364000   240 9.89
0.246 0.0375 39.44 21.50  94 78   942000 1364000   240 9.89
0.249 0.0390 39.38 21.50  94 78   942000 1364000   240 9.89
0.251 0.0416 39.32 21.50  94 78   942000 1364000   240 9.89
0.254 0.0399 39.26 21.50  94 78   942000 1364000   240 9.89
0.256 0.0372 39.21 21.50  94 78   942000 1364000   240 9.89
0.258 0.0398 39.18 21.50  94 78   942000 1364000   240 9.89
0.261 0.0383 39.16 21.50  94 78   942000 1364000   240 9.89
0.263 0.0407 39.16 21.50  94 78   942000 1364000   240 9.89
0.265 0.0404 39.16 21.50  94 78   942000 1364000   240 9.89
0.268 0.0343 39.18 21.50  94 78   942000 1364000   240 9.89
0.270 0.0395 39.20 21.50  94 78   942000 1364000   240 9.89
0.273 0.0409 39.22 21.50  94 78   942000 1364000   240 9.89
0.275 0.0388 39.25 21.50  94 78   942000 1364000   240 9.89
0.277 0.0387 39.27 21.50  94 78   942000 1364000   240 9.89
0.280 0.0403 39.29 21.50  94 78   942000 1364000   240 9.89
0.282 0.0395 39.31 21.50  94 78   942000 1364000   240 9.89
0.284 0.0409 39.34 21.50  94 78   942000 1364000   240 9.89
0.287 0.0382 39.39 21.50  94 78   942000 1364000   240 9.89
0.289 0.0412 39.43 21.50  94 78   942000 1364000   240 9.89
0.291 0.0399 39.49 21.50  94 78   942000 1364000   240 9.89
0.294 0.0372 39.56 21.50  94 78   942000 1364000   240 9.89
0.296 0.0416 39.64 21.50  94 78   942000 1364000   240 9.89
0.299 0.0397 39.72 21.50  94 78   942000 1364000   240 9.89
0.301 0.0400 39.80 21.50  94 78   942000 1364000   240 9.89
0.303 0.0403 39.87 21.50  94 78   942000 1364000   240 9.89
0.306 0.0360 39.95 21.50  94 78   942000 1364000   240 9.89
0.308 0.0405 40.02 21.50  94 78   942000 1364000   240 9.89
0.310 0.0409 40.09 21.50  94 78   942000 1364000   240 9.89
0.313 0.0382 40.17 21.50  94 78   942000 1364000   240 9.89
0.315 0.0396 40.26 21.50  94 78   942000 1364000   240 9.89
0.318 0.0414 40.34 21.50  94 78   942000 1364000   240 9.89
0.320 0.0428 40.44 21.50  94 78   942000 1364000   240 9.89
0.322 0.0399 40.54 21.50  94 78   942000 1364000   240 9.89
0.325 0.0416 40.66 21.50  94 78   942000 1364000   240 9.89
0.327 0.0426 40.78 21.50  94 78   942000 1364000   240 9.89
0.329 0.0424 40.90 21.50  94 78   942000 1364000   240 9.89
0.332 0.0378 41.03 21.50  94 78   942000 1364000   240 9.89
0.334 0.0401 41.15 21.50  94 78   942000 1364000   240 9.89
0.336 0.0406 41.26 21.50  94 78   942000 1364000   240 9.89
0.339 0.0430 41.36 21.50  94 78   942000 1364000   240 9.89
0.341 0.0400 41.44 21.50  94 78   942000 1364000   240 9.89
0.344 0.0417 41.52 21.50  94 78   942000 1364000   240 9.89
0.346 0.0420 41.58 21.50  94 78   942000 1364000   240 9.89
0.348 0.0412 41.63 21.50  94 78   942000 1364000   240 9.89
0.351 0.0429 41.68 21.50  94 78   942000 1364000   240 9.89
0.353 0.0419 41.73 21.50  94 78   942000 1364000   240 9.89
0.355 0.0431 41.79 21.50  94 78   942000 1364000   240 9.89
0.358 0.0395 41.87 21.50  94 78   942000 1364000   240 9.89
0.360 0.0422 41.97 21.50  94 78   942000 1364000   240 9.89
0.363 0.0417 42.10 21.50  94 78   942000 1364000   240 9.89
0.365 0.0448 42.25 21.50  94 78   942000 1364000   240 9.89
0.367 0.0432 42.42 21.50  94 78   942000 1364000   240 9.89
0.370 0.0414 42.60 21.50  94 78   942000 1364000   240 9.89
0.372 0.0420 42.80 21.50  94 78   942000 1364000   240 9.89
0.374 0.0414 43.00 21.50  94 78   942000 1364000   240 9.89
0.377 0.0427 43.20 21.50  94 78   942000 1364000   240 9.89
0.379 0.0434 43.40 21.50  94 78   942000 1364000   240 9.89
0.382 0.0437 43.60 21.50  94 78   942000 1364000   240 9.89
0.384 0.0429 43.81 21.50  94 78   942000 1364000   240 9.89
0.386 0.0427 44.01 21.50  94 78   942000 1364000   240 9.89
0.389 0.0441 44.20 21.50  94 78   942000 1364000   240 9.89
0.391 0.0481 44.39 21.50  94 78   942000 1364000   240 9.89
0.393 0.0418 44.58 21.50  94 78   942000 1364000   240 9.89
0.396 0.0463 44.78 21.50  94 78   942000 1364000   240 9.89
0.398 0.0488 44.97 21.50  94 78   942000 1364000   240 9.89
0.400 0.0438 45.16 21.50  94 78   942000 1364000   240 9.89
0.403 0.0445 45.35 21.50  94 78   942000 1364000   240 9.89
0.405 0.0479 45.52 21.50  94 78   942000 1364000   240 9.89
0.408 0.0441 45.68 21.50  94 78   942000 1364000   240 9.89
0.410 0.0466 45.83 21.50  94 78   942000 1364000   240 9.89
0.412 0.0442 45.95 21.50  94 78   942000 1364000   240 9.89
0.415 0.0458 46.05 21.50  94 78   942000 1364000   240 9.89
0.417 0.0452 46.13 21.50  94 78   942000 1364000   240 9.89
0.419 0.0467 46.18 21.50  94 78   942000 1364000   240 9.89
0.422 0.0447 46.22 21.50  94 78   942000 1364000   240 9.89
0.424 0.0477 46.26 21.50  94 78   942000 1364000   240 9.89
0.427 0.0456 46.29 21.50  94 78   942000 1364000   240 9.89
0.429 0.0457 46.33 21.50  94 78   942000 1364000   240 9.89
0.431 0.0447 46.37 21.50  94 78   942000 1364000   240 9.89
0.434 0.0492 46.40 21.50  94 78   942000 1364000   240 9.89
0.436 0.0502 46.44 21.50  94 78   942000 1364000   240 9.89
0.438 0.0468 46.47 21.50  94 78   942000 1364000   240 9.89
0.441 0.0458 46.50 21.50  94 78   942000 1364000   240 9.89
0.443 0.0445 46.51 21.50  94 78   942000 1364000   240 9.89
0.445 0.0447 46.50 21.50  94 78   942000 1364000   240 9.89
0.448 0.0473 46.48 21.50  94 78   942000 1364000   240 9.89
0.450 0.0459 46.44 21.50  94 78   942000 1364000   240 9.89
0.453 0.0465 46.39 21.50  94 78   942000 1364000   240 9.89
0.455 0.0474 46.34 21.50  94 78   942000 1364000   240 9.89
0.457 0.0455 46.29 21.50  94 78   942000 1364000   240 9.89
0.460 0.0465 46.25 21.50  94 78   942000 1364000   240 9.89
0.462 0.0473 46.22 21.50  94 78   942000 1364000   240 9.89
0.464 0.0452 46.20 21.50  94 78   942000 1364000   240 9.89
0.467 0.0476 46.18 21.50  94 78   942000 1364000   240 9.89
0.469 0.0453 46.16 21.50  94 78   942000 1364000   240 9.89
0.472 0.0477 46.13 21.50  94 78   942000 1364000   240 9.89
0.474 0.0436 46.08 21.50  94 78   942000 1364000   240 9.89
0.476 0.0451 46.02 21.50  94 78   942000 1364000   240 9.89
0.479 0.0450 45.94 21.50  94 78   942000 1364000   240 9.89
0.481 0.0460 45.86 21.50  94 78   942000 1364000   240 9.89
0.483 0.0464 45.77 21.50  94 78   942000 1364000   240 9.89
0.486 0.0467 45.68 21.50  94 78   942000 1364000   240 9.89
0.488 0.0467 45.60 21.50  94 78   942000 1364000   240 9.89
0.491 0.0460 45.52 21.50  94 78   942000 1364000   240 9.89
0.493 0.0449 45.46 21.50  94 78   942000 1364000   240 9.89
0.495 0.0477 45.42 21.50  94 78   942000 1364000   240 9.89
0.498 0.0477 45.42 21.50  94 78   942000 1364000   240 9.89
0.500 0.0439 45.45 21.50  94 78   942000 1364000   240 9.89
0.502 0.0453 45.51 21.50  94 78   942000 1364000   240 9.89
0.505 0.0463 45.60 21.50  94 78   942000 1364000   240 9.89
0.507 0.0411 45.70 21.50  94 78   942000 1364000   240 9.89
0.509 0.0449 45.82 21.50  94 78   942000 1364000   240 9.89
0.512 0.0447 45.96 21.50  94 78   942000 1364000   240 9.89
0.514 0.0434 46.10 21.50  94 78   942000 1364000   240 9.89
0.517 0.0462 46.25 21.50  94 78   942000 1364000   240 9.89
0.519 0.0486 46.42 21.50  94 78   942000 1364000   240 9.89
0.521 0.0453 46.59 21.50  94 78   942000 1364000   240 9.89
0.524 0.0513 46.79 21.50  94 78   942000 1364000   240 9.89
0.526 0.0482 47.00 21.50  94 78   942000 1364000   240 9.89
0.528 0.0486 47.23 21.50  94 78   942000 1364000   240 9.89
0.531 0.0406 47.46 21.50  94 78   942000 1364000   240 9.89
0.533 0.0517 47.70 21.50  94 78   942000 1364000   240 9.89
0.536 0.0491 47.93 21.50  94 78   942000 1364000   240 9.89
0.538 0.0490 48.14 21.50  94 78   942000 1364000   240 9.89
0.540 0.0491 48.32 21.50  94 78   942000 1364000   240 9.89
0.543 0.0485 48.47 21.50  94 78   942000 1364000   240 9.89
0.545 0.0486 48.61 21.50  94 78   942000 1364000   240 9.89
0.547 0.0491 48.72 21.50  94 78   942000 1364000   240 9.89
0.550 0.0467 48.83 21.50  94 78   942000 1364000   240 9.89
0.552 0.0455 48.94 21.50  94 78   942000 1364000   240 9.89
0.555 0.0511 49.06 21.50  94 78   942000 1364000   240 9.89
0.557 0.0525 49.19 21.50  94 78   942000 1364000   240 9.89
0.559 0.0482 49.34 21.50  94 78   942000 1364000   240 9.89
0.562 0.0469 49.53 21.50  94 78   942000 1364000   240 9.89
0.564 0.0530 49.74 21.50  94 78   942000 1364000   240 9.89
0.566 0.0480 49.98 21.50  94 78   942000 1364000   240 9.89
0.569 0.0496 50.24 21.50  94 78   942000 1364000   240 9.89
0.571 0.0505 50.52 21.50  94 78   942000 1364000   240 9.89
0.573 0.0520 50.82 21.50  94 78   942000 1364000   240 9.89
0.576 0.0503 51.13 21.50  94 78   942000 1364000   240 9.89
0.578 0.0454 51.46 21.50  94 78   942000 1364000   240 9.89
0.581 0.0537 51.79 21.50  94 78   942000 1364000   240 9.89
0.583 0.0541 52.12 21.50  94 78   942000 1364000   240 9.89
0.585 0.0543 52.46 21.50  94 78   942000 1364000   240 9.89
0.588 0.0521 52.78 21.50  94 78   942000 1364000   240 9.89
0.590 0.0550 53.10 21.50  94 78   942000 1364000   240 9.89
0.592 0.0551 53.42 21.50  94 78   942000 1364000   240 9.89
0.595 0.0541 53.72 21.50  94 78   942000 1364000   240 9.89
0.597 0.0491 54.01 21.50  94 78   942000 1364000   240 9.89
0.600 0.0560 54.27 21.50  94 78   942000 1364000   240 9.89
0.602 0.0532 54.52 21.50  94 78   942000 1364000   240 9.89
0.604 0.0552 54.74 21.50  94 78   942000 1364000   240 9.89
0.607 0.0590 54.94 21.50  94 78   942000 1364000   240 9.89
0.609 0.0526 55.11 21.50  94 78   942000 1364000   240 9.89
0.611 0.0567 55.27 21.50  94 78   942000 1364000   240 9.89
0.614 0.0546 55.42 21.50  94 78   942000 1364000   240 9.89
0.616 0.0555 55.56 21.50  94 78   942000 1364000   240 9.89
0.618 0.0569 55.71 21.50  94 78   942000 1364000   240 9.89
0.621 0.0547 55.85 21.50  94 78   942000 1364000   240 9.89
0.623 0.0560 56.00 21.50  94 78   942000 1364000   240 9.89
0.626 0.0527 56.16 21.50  94 78   942000 1364000   240 9.89
0.628 0.0560 56.33 21.50  94 78   942000 1364000   240 9.89
0.630 0.0627 56.51 21.50  94 78   942000 1364000   240 9.89
0.633 0.0559 56.71 21.50  94 78   942000 1364000   240 9.89
0.635 0.0546 56.90 21.50  94 78   942000 1364000   240 9.89
0.637 0.0576 57.09 21.50  94 78   942000 1364000   240 9.89
0.640 0.0540 57.26 21.50  94 78   942000 1364000   240 9.89
0.642 0.0550 57.43 21.50  94 78   942000 1364000   240 9.89
0.645 0.0600 57.58 21.50  94 78   942000 1364000   240 9.89
0.647 0.0588 57.73 21.50  94 78   942000 1364000   240 9.89
0.649 0.0581 57.88 21.50  94 78   942000 1364000   240 9.89
0.652 0.0610 58.03 21.50  94 78   942000 1364000   240 9.89
0.654 0.0574 58.18 21.50  94 78   942000 1364000   240 9.89
0.656 0.0590 58.32 21.50  94 78   942000 1364000   240 9.89
0.659 0.0585 58.46 21.50  94 78   942000 1364000   240 9.89
0.661 0.0591 58.60 21.50  94 78   942000 1364000   240 9.89
0.664 0.0545 58.73 21.50  94 78   942000 1364000   240 9.89
0.666 0.0627 58.86 21.50  94 78   942000 1364000   240 9.89
0.668 0.0582 58.99 21.50  94 78   942000 1364000   240 9.89
0.671 0.0595 59.11 21.50  94 78   942000 1364000   240 9.89
0.673 0.0587 59.22 21.50  94 78   942000 1364000   240 9.89
0.675 0.0572 59.31 21.50  94 78   942000 1364000   240 9.89
0.678 0.0620 59.38 21.50  94 78   942000 1364000   240 9.89
0.680 0.0561 59.43 21.50  94 78   942000 1364000   240 9.89
0.682 0.0586 59.45 21.50  94 78   942000 1364000   240 9.89
0.685 0.0600 59.46 21.50  94 78   942000 1364000   240 9.89
0.687 0.0573 59.47 21.50  94 78   942000 1364000   240 9.89
0.690 0.0635 59.47 21.50  94 78   942000 1364000   240 9.89
0.692 0.0605 59.47 21.50  94 78   942000 1364000   240 9.89
0.694 0.0583 59.47 21.50  94 78   942000 1364000   240 9.89
0.697 0.0645 59.46 21.50  94 78   942000 1364000   240 9.89
0.699 0.0586 59.43 21.50  94 78   942000 1364000   240 9.89
0.701 0.0560 59.40 21.50  94 78   942000 1364000   240 9.89
0.704 0.0596 59.35 21.50  94 78   942000 1364000   240 9.89
0.706 0.0618 59.29 21.50  94 78   942000 1364000   240 9.89
0.709 0.0586 59.21 21.50  94 78   942000 1364000   240 9.89
0.711 0.0594 59.13 21.50  94 78   942000 1364000   240 9.89
0.713 0.0554 59.03 21.50  94 78   942000 1364000   240 9.89
0.716 0.0593 58.93 21.50  94 78   942000 1364000   240 9.89
0.718 0.0590 58.84 21.50  94 78   942000 1364000   240 9.89
0.720 0.0568 58.74 21.50  94 78   942000 1364000   240 9.89
0.723 0.0596 58.65 21.50  94 78   942000 1364000   240 9.89
0.725 0.0611 58.58 21.50  94 78   942000 1364000   240 9.89
0.727 0.0587 58.52 21.50  94 78   942000 1364000   240 9.89
0.730 0.0579 58.50 21.50  94 78   942000 1364000   240 9.89
0.732 0.0561 58.49 21.50  94 78   942000 1364000   240 9.89
0.735 0.0615 58.51 21.50  94 78   942000 1364000   240 9.89
0.737 0.0579 58.54 21.50  94 78   942000 1364000   240 9.89
0.739 0.0576 58.58 21.50  94 78   942000 1364000   240 9.89
0.742 0.0584 58.62 21.50  94 78   942000 1364000   240 9.89
0.744 0.0583 58.67 21.50  94 78   942000 1364000   240 9.89
0.746 0.0592 58.70 21.50  94 78   942000 1364000   240 9.89
0.749 0.0611 58.74 21.50  94 78   942000 1364000   240 9.89
0.751 0.0540 58.77 21.50  94 78   942000 1364000   240 9.89
0.754 0.0589 58.80 21.50  94 78   942000 1364000   240 9.89
0.756 0.0607 58.83 21.50  94 78   942000 1364000   240 9.89
0.758 0.0609 58.87 21.50  94 78   942000 1364000   240 9.89
0.761 0.0586 58.91 21.50  94 78   942000 1364000   240 9.89
0.763 0.0595 58.96 21.50  94 78   942000 1364000   240 9.89
0.765 0.0573 59.01 21.50  94 78   942000 1364000   240 9.89
0.768 0.0598 59.07 21.50  94 78   942000 1364000   240 9.89
0.770 0.0581 59.14 21.50  94 78   942000 1364000   240 9.89
0.773 0.0617 59.21 21.50  94 78   942000 1364000   240 9.89
0.775 0.0594 59.27 21.50  94 78   942000 1364000   240 9.89
0.777 0.0561 59.33 21.50  94 78   942000 1364000   240 9.89
0.780 0.0595 59.38 21.50  94 78   942000 1364000   240 9.89
0.782 0.0599 59.44 21.50  94 78   942000 1364000   240 9.89
0.784 0.0593 59.50 21.50  94 78   942000 1364000   240 9.89
0.787 0.0618 59.56 21.50  94 78   942000 1364000   240 9.89
0.789 0.0555 59.63 21.50  94 78   942000 1364000   240 9.89
0.791 0.0629 59.71 21.50  94 78   942000 1364000   240 9.89
0.794 0.0576 59.80 21.50  94 78   942000 1364000   240 9.89
0.796 0.0612 59.89 21.50  94 78   942000 1364000   240 9.89
0.799 0.0616 59.99 21.50  94 78   942000 1364000   240 9.89
0.801 0.0623 60.09 21.50  94 78   942000 1364000   240 9.89
0.803 0.0551 60.20 21.50  94 78   942000 1364000   240 9.89
0.806 0.0622 60.30 21.50  94 78   942000 1364000   240 9.89
0.808 0.0597 60.41 21.50  94 78   942000 1364000   240 9.89
0.810 0.0590 60.51 21.50  94 78   942000 1364000   240 9.89
0.813 0.0645 60.61 21.50  94 78   942000 1364000   240 9.89
0.815 0.0580 60.73 21.50  94 78   942000 1364000   240 9.89
0.818 0.0613 60.84 21.50  94 78   942000 1364000   240 9.89
0.820 0.0600 60.95 21.50  94 78   942000 1364000   240 9.89
0.822 0.0630 61.07 21.50  94 78   942000 1364000   240 9.89
0.825 0.0603 61.18 21.50  94 78   942000 1364000   240 9.89
0.827 0.0616 61.28 21.50  94 78   942000 1364000   240 9.89
0.829 0.0624 61.39 21.50  94 78   942000 1364000   240 9.89
0.832 0.0612 61.49 21.50  94 78   942000 1364000   240 9.89
0.834 0.0605 61.58 21.50  94 78   942000 1364000   240 9.89
0.836 0.0596 61.67 21.50  94 78   942000 1364000   240 9.89
0.839 0.0640 61.74 21.50  94 78   942000 1364000   240 9.89
0.841 0.0606 61.80 21.50  94 78   942000 1364000   240 9.89
0.844 0.0627 61.86 21.50  94 78   942000 1364000   240 9.89
0.846 0.0603 61.90 21.50  94 78   942000 1364000   240 9.89
0.848 0.0641 61.94 21.50  94 78   942000 1364000   240 9.89
0.851 0.0636 61.96 21.50  94 78   942000 1364000   240 9.89
0.853 0.0609 61.98 21.50  94 78   942000 1364000   240 9.89
0.855 0.0634 61.98 21.50  94 78   942000 1364000   240 9.89
0.858 0.0638 61.97 21.50  94 78   942000 1364000   240 9.89
0.860 0.0576 61.96 21.50  94 78   942000 1364000   240 9.89
0.863 0.0603 61.94 21.50  94 78   942000 1364000   240 9.89
0.865 0.0648 61.92 21.50  94 78   942000 1364000   240 9.89
0.867 0.0625 61.89 21.50  94 78   942000 1364000   240 9.89
0.870 0.0602 61.86 21.50  94 78   942000 1364000   240 9.89
0.872 0.0602 61.82 21.50  94 78   942000 1364000   240 9.89
0.874 0.0654 61.79 21.50  94 78   942000 1364000   240 9.89
0.877 0.0613 61.74 21.50  94 78   942000 1364000   240 9.89
0.879 0.0599 61.70 21.50  94 78   942000 1364000   240 9.89
0.882 0.0622 61.66 21.50  94 78   942000 1364000   240 9.89
0.884 0.0613 61.61 21.50  94 78   942000 1364000   240 9.89
0.886 0.0618 61.57 21.50  94 78   942000 1364000   240 9.89
0.889 0.0621 61.54 21.50  94 78   942000 1364000   240 9.89
0.891 0.0623 61.51 21.50  94 78   942000 1364000   240 9.89
0.893 0.0619 61.48 21.50  94 78   942000 1364000   240 9.89
0.896 0.0563 61.45 21.50  94 78   942000 1364000   240 9.89
0.898 0.0631 61.41 21.50  94 78   942000 1364000   240 9.89
0.900 0.0633 61.37 21.50  94 78   942000 1364000   240 9.89
0.903 0.0616 61.32 21.50  94 78   942000 1364000   240 9.89
0.905 0.0620 61.27 21.50  94 78   942000 1364000   240 9.89
0.908 0.0615 61.23 21.50  94 78   942000 1364000   240 9.89
0.910 0.0600 61.18 21.50  94 78   942000 1364000   240 9.89
0.912 0.0632 61.13 21.50  94 78   942000 1364000   240 9.89
0.915 0.0573 61.09 21.50  94 78   942000 1364000   240 9.89
0.917 0.0617 61.05 21.50  94 78   942000 1364000   240 9.89
0.919 0.0607 61.00 21.50  94 78   942000 1364000   240 9.89
0.922 0.0638 60.95 21.50  94 78   942000 1364000   240 9.89
0.924 0.0591 60.91 21.50  94 78   942000 1364000   240 9.89
0.927 0.0587 60.86 21.50  94 78   942000 1364000   240 9.89
0.929 0.0636 60.82 21.50  94 78   942000 1364000   240 9.89
0.931 0.0610 60.78 21.50  94 78   942000 1364000   240 9.89
0.934 0.0613 60.74 21.50  94 78   942000 1364000   240 9.89
0.936 0.0577 60.70 21.50  94 78   942000 1364000   240 9.89
0.938 0.0617 60.67 21.50  94 78   942000 1364000   240 9.89
0.941 0.0619 60.63 21.50  94 78   942000 1364000   240 9.89
0.943 0.0590 60.59 21.50  94 78   942000 1364000   240 9.89
0.945 0.0633 60.55 21.50  94 78   942000 1364000   240 9.89
0.948 0.0587 60.52 21.50  94 78   942000 1364000   240 9.89
0.950 0.0607 60.49 21.50  94 78   942000 1364000   240 9.89
0.953 0.0600 60.46 21.50  94 78   942000 1364000   240 9.89
0.955 0.0603 60.43 21.50  94 78   942000 1364000   240 9.89
0.957 0.0609 60.40 21.50  94 78   942000 1364000   240 9.89
0.960 0.0601 60.38 21.50  94 78   942000 1364000   240 9.89
0.962 0.0603 60.35 21.50  94 78   942000 1364000   240 9.89
0.964 0.0616 60.34 21.50  94 78   942000 1364000   240 9.89
0.967 0.0601 60.32 21.50  94 78   942000 1364000   240 9.89
0.969 0.0592 60.31 21.50  94 78   942000 1364000   240 9.89
0.972 0.0625 60.31 21.50  94 78   942000 1364000   240 9.89
0.974 0.0579 60.30 21.50  94 78   942000 1364000   240 9.89
0.976 0.0598 60.30 21.50  94 78   942000 1364000   240 9.89
0.979 0.0614 60.31 21.50  94 78   942000 1364000   240 9.89
0.981 0.0593 60.31 21.50  94 78   942000 1364000   240 9.89
0.983 0.0597 60.33 21.50  94 78   942000 1364000   240 9.89
0.986 0.0624 60.34 21.50  94 78   942000 1364000   240 9.89
0.988 0.0572 60.36 21.50  94 78   942000 1364000   240 9.89
0.991 0.0641 60.38 21.50  94 78   942000 1364000   240 9.89
0.993 0.0611 60.39 21.50  94 78   942000 1364000   240 9.89
0.995 0.0576 60.39 21.50  94 78   942000 1364000   240 9.89
0.998 0.0626 60.39 21.50  94 78   942000 1364000   240 9.89
1.000 0.0590 60.37 21.50  94 78   942000 1364000   240 9.89
1.002 0.0609 60.35 21.50  94 78   942000 1364000   240 9.89
1.005 0.0572 60.32 21.50  94 78   942000 1364000   240 9.89
1.007 0.0640 60.29 21.50  94 78   942000 1364000   240 9.89
1.009 0.0590 60.25 21.50  94 78   942000 1364000   240 9.89
1.012 0.0616 60.21 21.50  94 78   942000 1364000   240 9.89
1.014 0.0590 60.17 21.50  94 78   942000 1364000   240 9.89
1.017 0.0619 60.13 21.50  94 78   942000 1364000   240 9.89
1.019 0.0597 60.07 21.50  94 78   942000 1364000   240 9.89
1.021 0.0608 60.01 21.50  94 78   942000 1364000   240 9.89
1.024 0.0588 59.95 21.50  94 78   942000 1364000   240 9.89
1.026 0.0601 59.89 21.50  94 78   942000 1364000   240 9.89
1.028 0.0590 59.82 21.50  94 78   942000 1364000   240 9.89
1.031 0.0619 59.76 21.50  94 78   942000 1364000   240 9.89
1.033 0.0552 59.70 21.50  94 78   942000 1364000   240 9.89
1.036 0.0596 59.65 21.50  94 78   942000 1364000   240 9.89
1.038 0.0619 59.60 21.50  94 78   942000 1364000   240 9.89
1.040 0.0603 59.56 21.50  94 78   942000 1364000   240 9.89
1.043 0.0587 59.52 21.50  94 78   942000 1364000   240 9.89
1.045 0.0588 59.50 21.50  94 78   942000 1364000   240 9.89
1.047 0.0610 59.49 21.50  94 78   942000 1364000   240 9.89
1.050 0.0612 59.49 21.50  94 78   942000 1364000   240 9.89
1.052 0.0564 59.50 21.50  94 78   942000 1364000   240 9.89
1.055 0.0627 59.51 21.50  94 78   942000 1364000   240 9.89
1.057 0.0572 59.53 21.50  94 78   942000 1364000   240 9.89
1.059 0.0570 59.54 21.50  94 78   942000 1364000   240 9.89
1.062 0.0598 59.53 21.50  94 78   942000 1364000   240 9.89
1.064 0.0604 59.52 21.50  94 78   942000 1364000   240 9.89
1.066 0.0601 59.50 21.50  94 78   942000 1364000   240 9.89
1.069 0.0585 59.47 21.50  94 78   942000 1364000   240 9.89
1.071 0.0606 59.43 21.50  94 78   942000 1364000   240 9.89
1.073 0.0589 59.39 21.50  94 78   942000 1364000   240 9.89
1.076 0.0616 59.34 21.50  94 78   942000 1364000   240 9.89
1.078 0.0607 59.30 21.50  94 78   942000 1364000   240 9.89
1.081 0.0571 59.27 21.50  94 78   942000 1364000   240 9.89
1.083 0.0595 59.25 21.50  94 78   942000 1364000   240 9.89
1.085 0.0593 59.24 21.50  94 78   942000 1364000   240 9.89
1.088 0.0608 59.24 21.50  94 78   942000 1364000   240 9.89
1.090 0.0589 59.24 21.50  94 78   942000 1364000   240 9.89
1.092 0.0575 59.25 21.50  94 78   942000 1364000   240 9.89
1.095 0.0576 59.27 21.50  94 78   942000 1364000   240 9.89
1.097 0.0604 59.29 21.50  94 78   942000 1364000   240 9.89
1.100 0.0581 59.31 21.50  94 78   942000 1364000   240 9.89
1.102 0.0595 59.34 21.50  94 78   942000 1364000   240 9.89
1.104 0.0584 59.37 21.50  94 78   942000 1364000   240 9.89
1.107 0.0607 59.42 21.50  94 78   942000 1364000   240 9.89
1.109 0.0591 59.48 21.50  94 78   942000 1364000   240 9.89
1.111 0.0583 59.54 21.50  94 78   942000 1364000   240 9.89
1.114 0.0606 59.62 21.50  94 78   942000 1364000   240 9.89
1.116 0.0612 59.69 21.50  94 78   942000 1364000   240 9.89
1.118 0.0607 59.76 21.50  94 78   942000 1364000   240 9.89
1.121 0.0578 59.83 21.50  94 78   942000 1364000   240 9.89
1.123 0.0611 59.89 21.50  94 78   942000 1364000   240 9.89
1.126 0.0613 59.94 21.50  94 78   942000 1364000   240 9.89
1.128 0.0595 59.98 21.50  94 78   942000 1364000   240 9.89
1.130 0.0598 60.00 21.50  94 78   942000 1364000   240 9.89
1.133 0.0599 60.02 21.50  94 78   942000 1364000   240 9.89
1.135 0.0586 60.02 21.50  94 78   942000 1364000   240 9.89
1.137 0.0615 60.02 21.50  94 78   942000 1364000   240 9.89
1.140 0.0590 60.00 21.50  94 78   942000 1364000   240 9.89
1.142 0.0623 59.98 21.50  94 78   942000 1364000   240 9.89
1.145 0.0569 59.95 21.50  94 78   942000 1364000   240 9.89
1.147 0.0620 59.92 21.50  94 78   942000 1364000   240 9.89
1.149 0.0594 59.90 21.50  94 78   942000 1364000   240 9.89
1.152 0.0593 59.88 21.50  94 78   942000 1364000   240 9.89
1.154 0.0590 59.86 21.50  94 78   942000 1364000   240 9.89
1.156 0.0606 59.85 21.50  94 78   942000 1364000   240 9.89
1.159 0.0593 59.85 21.50  94 78   942000 1364000   240 9.89
1.161 0.0608 59.85 21.50  94 78   942000 1364000   240 9.89
1.164 0.0596 59.87 21.50  94 78   942000 1364000   240 9.89
1.166 0.0611 59.91 21.50  94 78   942000 1364000   240 9.89
1.168 0.0590 59.95 21.50  94 78   942000 1364000   240 9.89
1.171 0.0580 60.00 21.50  94 78   942000 1364000   240 9.89
1.173 0.0621 60.05 21.50  94 78   942000 1364000   240 9.89
1.175 0.0607 60.12 21.50  94 78   942000 1364000   240 9.89
1.178 0.0596 60.18 21.50  94 78   942000 1364000   240 9.89
1.180 0.0591 60.25 21.50  94 78   942000 1364000   240 9.89
1.182 0.0596 60.32 21.50  94 78   942000 1364000   240 9.89
1.185 0.0603 60.38 21.50  94 78   942000 1364000   240 9.89
1.187 0.0597 60.44 21.50  94 78   942000 1364000   240 9.89
1.190 0.0630 60.49 21.50  94 78   942000 1364000   240 9.89
1.192 0.0610 60.54 21.50  94 78   942000 1364000   240 9.89
1.194 0.0582 60.58 21.50  94 78   942000 1364000   240 9.89
1.197 0.0586 60.62 21.50  94 78   942000 1364000   240 9.89
1.199 0.0657 60.65 21.50  94 78   942000 1364000   240 9.89
1.201 0.0604 60.67 21.50  94 78   942000 1364000   240 9.89
1.204 0.0617 60.69 21.50  94 78   942000 1364000   240 9.89
1.206 0.0577 60.69 21.50  94 78   942000 1364000   240 9.89
1.209 0.0615 60.69 21.50  94 78   942000 1364000   240 9.89
1.211 0.0629 60.68 21.50  94 78   942000 1364000   240 9.89
1.213 0.0596 60.67 21.50  94 78   942000 1364000   240 9.89
1.216 0.0588 60.64 21.50  94 78   942000 1364000   240 9.89
1.218 0.0618 60.62 21.50  94 78   942000 1364000   240 9.89
1.220 0.0601 60.58 21.50  94 78   942000 1364000   240 9.89
1.223 0.0616 60.55 21.50  94 78   942000 1364000   240 9.89
1.225 0.0580 60.51 21.50  94 78   942000 1364000   240 9.89
1.227 0.0613 60.48 21.50  94 78   942000 1364000   240 9.89
1.230 0.0604 60.45 21.50  94 78   942000 1364000   240 9.89
1.232 0.0617 60.43 21.50  94 78   942000 1364000   240 9.89
1.235 0.0613 60.41 21.50  94 78   942000 1364000   240 9.89
1.237 0.0596 60.40 21.50  94 78   942000 1364000   240 9.89
1.239 0.0592 60.39 21.50  94 78   942000 1364000   240 9.89
1.242 0.0574 60.40 21.50  94 78   942000 1364000   240 9.89
1.244 0.0645 60.41 21.50  94 78   942000 1364000   240 9.89
1.246 0.0599 60.43 21.50  94 78   942000 1364000   240 9.89
1.249 0.0606 60.45 21.50  94 78   942000 1364000   240 9.89
1.251 0.0579 60.47 21.50  94 78   942000 1364000   240 9.89
1.254 0.0622 60.48 21.50  94 78   942000 1364000   240 9.89
1.256 0.0626 60.48 21.50  94 78   942000 1364000   240 9.89
1.258 0.0586 60.47 21.50  94 78   942000 1364000   240 9.89
1.261 0.0609 60.45 21.50  94 78   942000 1364000   240 9.89
1.263 0.0582 60.43 21.50  94 78   942000 1364000   240 9.89
1.265 0.0611 60.40 21.50  94 78   942000 1364000   240 9.89
1.268 0.0622 60.37 21.50  94 78   942000 1364000   240 9.89
1.270 0.0609 60.33 21.50  94 78   942000 1364000   240 9.89
1.273 0.0585 60.29 21.50  94 78   942000 1364000   240 9.89
1.275 0.0601 60.25 21.50  94 78   942000 1364000   240 9.89
1.277 0.0606 60.20 21.50  94 78   942000 1364000   240 9.89
1.280 0.0621 60.15 21.50  94 78   942000 1364000   240 9.89
1.282 0.0590 60.09 21.50  94 78   942000 1364000   240 9.89
1.284 0.0609 60.02 21.50  94 78   942000 1364000   240 9.89
1.287 0.0627 59.95 21.50  94 78   942000 1364000   240 9.89
1.289 0.0546 59.88 21.50  94 78   942000 1364000   240 9.89
1.291 0.0590 59.81 21.50  94 78   942000 1364000   240 9.89
1.294 0.0616 59.73 21.50  94 78   942000 1364000   240 9.89
1.296 0.0610 59.66 21.50  94 78   942000 1364000   240 9.89
1.299 0.0564 59.59 21.50  94 78   942000 1364000   240 9.89
1.301 0.0582 59.53 21.50  94 78   942000 1364000   240 9.89
1.303 0.0635 59.47 21.50  94 78   942000 1364000   240 9.89
1.306 0.0611 59.42 21.50  94 78   942000 1364000   240 9.89
1.308 0.0596 59.39 21.50  94 78   942000 1364000   240 9.89
1.310 0.0564 59.36 21.50  94 78   942000 1364000   240 9.89
1.313 0.0589 59.34 21.50  94 78   942000 1364000   240 9.89
1.315 0.0588 59.33 21.50  94 78   942000 1364000   240 9.89
1.318 0.0626 59.33 21.50  94 78   942000 1364000   240 9.89
1.320 0.0573 59.32 21.50  94 78   942000 1364000   240 9.89
1.322 0.0585 59.32 21.50  94 78   942000 1364000   240 9.89
1.325 0.0599 59.32 21.50  94 78   942000 1364000   240 9.89
1.327 0.0588 59.32 21.50  94 78   942000 1364000   240 9.89
1.329 0.0599 59.32 21.50  94 78   942000 1364000   240 9.89
1.332 0.0581 59.32 21.50  94 78   942000 1364000   240 9.89
1.334 0.0596 59.32 21.50  94 78   942000 1364000   240 9.89
1.336 0.0615 59.32 21.50  94 78   942000 1364000   240 9.89
1.339 0.0591 59.34 21.50  94 78   942000 1364000   240 9.89
1.341 0.0581 59.36 21.50  94 78   942000 1364000   240 9.89
1.344 0.0602 59.40 21.50  94 78   942000 1364000   240 9.89
1.346 0.0603 59.45 21.50  94 78   942000 1364000   240 9.89
1.348 0.0592 59.51 21.50  94 78   942000 1364000   240 9.89
1.351 0.0597 59.57 21.50  94 78   942000 1364000   240 9.89
1.353 0.0579 59.63 21.50  94 78   942000 1364000   240 9.89
1.355 0.0582 59.67 21.50  94 78   942000 1364000   240 9.89
1.358 0.0622 59.71 21.50  94 78   942000 1364000   240 9.89
1.360 0.0584 59.73 21.50  94 78   942000 1364000   240 9.89
1.363 0.0610 59.73 21.50  94 78   942000 1364000   240 9.89
1.365 0.0550 59.73 21.50  94 78   942000 1364000   240 9.89
1.367 0.0658 59.72 21.50  94 78   942000 1364000   240 9.89
1.370 0.0586 59.71 21.50  94 78   942000 1364000   240 9.89
1.372 0.0591 59.71 21.50  94 78   942000 1364000   240 9.89
1.374 0.0594 59.72 21.50  94 78   942000 1364000   240 9.89
1.377 0.0596 59.75 21.50  94 78   942000 1364000   240 9.89
1.379 0.0629 59.79 21.50  94 78   942000 1364000   240 9.89
1.382 0.0599 59.84 21.50  94 78   942000 1364000   240 9.89
1.384 0.0600 59.89 21.50  94 78   942000 1364000   240 9.89
1.386 0.0584 59.93 21.50  94 78   942000 1364000   240 9.89
1.389 0.0586 59.98 21.50  94 78   942000 1364000   240 9.89
1.391 0.0610 60.01 21.50  94 78   942000 1364000   240 9.89
1.393 0.0610 60.03 21.50  94 78   942000 1364000   240 9.89
1.396 0.0573 60.05 21.50  94 78   942000 1364000   240 9.89
1.398 0.0566 60.06 21.50  94 78   942000 1364000   240 9.89
1.400 0.0618 60.07 21.50  94 78   942000 1364000   240 9.89
1.403 0.0609 60.06 21.50  94 78   942000 1364000   240 9.89
1.405 0.0596 60.06 21.50  94 78   942000 1364000   240 9.89
1.408 0.0591 60.06 21.50  94 78   942000 1364000   240 9.89
1.410 0.0641 60.06 21.50  94 78   942000 1364000   240 9.89
1.412 0.0622 60.07 21.50  94 78   942000 1364000   240 9.89
1.415 0.0627 60.08 21.50  94 78   942000 1364000   240 9.89
1.417 0.0578 60.10 21.50  94 78   942000 1364000   240 9.89
1.419 0.0602 60.12 21.50  94 78   942000 1364000   240 9.89
1.422 0.0567 60.14 21.50  94 78   942000 1364000   240 9.89
1.424 0.0608 60.17 21.50  94 78   942000 1364000   240 9.89
1.427 0.0598 60.20 21.50  94 78   942000 1364000   240 9.89
1.429 0.0593 60.23 21.50  94 78   942000 1364000   240 9.89
1.431 0.0609 60.25 21.50  94 78   942000 1364000   240 9.89
1.434 0.0599 60.25 21.50  94 78   942000 1364000   240 9.89
1.436 0.0607 60.24 21.50  94 78   942000 1364000   240 9.89
1.438 0.0596 60.23 21.50  94 78   942000 1364000   240 9.89
1.441 0.0619 60.21 21.50  94 78   942000 1364000   240 9.89
1.443 0.0561 60.20 21.50  94 78   942000 1364000   240 9.89
1.445 0.0615 60.21 21.50  94 78   942000 1364000   240 9.89
1.448 0.0611 60.24 21.50  94 78   942000 1364000   240 9.89
1.450 0.0606 60.29 21.50  94 78   942000 1364000   240 9.89
1.453 0.0631 60.35 21.50  94 78   942000 1364000   240 9.89
1.455 0.0573 60.40 21.50  94 78   942000 1364000   240 9.89
1.457 0.0630 60.45 21.50  94 78   942000 1364000   240 9.89
1.460 0.0605 60.50 21.50  94 78   942000 1364000   240 9.89
1.462 0.0626 60.53 21.50  94 78   942000 1364000   240 9.89
1.464 0.0584 60.54 21.50  94 78   942000 1364000   240 9.89
1.467 0.0598 60.53 21.50  94 78   942000 1364000   240 9.89
1.469 0.0612 60.51 21.50  94 78   942000 1364000   240 9.89
1.472 0.0604 60.49 21.50  94 78   942000 1364000   240 9.89
1.474 0.0559 60.47 21.50  94 78   942000 1364000   240 9.89
1.476 0.0601 60.44 21.50  94 78   942000 1364000   240 9.89
1.479 0.0631 60.41 21.50  94 78   942000 1364000   240 9.89
1.481 0.0583 60.37 21.50  94 78   942000 1364000   240 9.89
1.483 0.0666 60.33 21.50  94 78   942000 1364000   240 9.89
1.486 0.0578 60.29 21.50  94 78   942000 1364000   240 9.89
1.488 0.0635 60.25 21.50  94 78   942000 1364000   240 9.89
1.491 0.0608 60.22 21.50  94 78   942000 1364000   240 9.89
1.493 0.0555 60.21 21.50  94 78   942000 1364000   240 9.89
1.495 0.0594 60.21 21.50  94 78   942000 1364000   240 9.89
1.498 0.0589 60.23 21.50  94 78   942000 1364000   240 9.89
1.500 0.0644 60.24 21.50  94 78   942000 1364000   240 9.89
1.502 0.0596 60.26 21.50  94 78   942000 1364000   240 9.89
1.505 0.0603 60.28 21.50  94 78   942000 1364000   240 9.89
1.507 0.0593 60.31 21.50  94 78   942000 1364000   240 9.89
1.509 0.0600 60.34 21.50  94 78   942000 1364000   240 9.89
1.512 0.0593 60.38 21.50  94 78   942000 1364000   240 9.89
1.514 0.0606 60.43 21.50  94 78   942000 1364000   240 9.89
1.517 0.0632 60.49 21.50  94 78   942000 1364000   240 9.89
1.519 0.0589 60.55 21.50  94 78   942000 1364000   240 9.89
1.521 0.0568 60.63 21.50  94 78   942000 1364000   240 9.89
1.524 0.0639 60.71 21.50  94 78   942000 1364000   240 9.89
1.526 0.0600 60.79 21.50  94 78   942000 1364000   240 9.89
1.528 0.0597 60.86 21.50  94 78   942000 1364000   240 9.89
1.531 0.0653 60.92 21.50  94 78   942000 1364000   240 9.89
1.533 0.0592 60.95 21.50  94 78   942000 1364000   240 9.89
1.536 0.0626 60.96 21.50  94 78   942000 1364000   240 9.89
1.538 0.0605 60.96 21.50  94 78   942000 1364000   240 9.89
1.540 0.0599 60.95 21.50  94 78   942000 1364000   240 9.89
1.543 0.0595 60.95 21.50  94 78   942000 1364000   240 9.89
1.545 0.0632 60.95 21.50  94 78   942000 1364000   240 9.89
1.547 0.0613 60.96 21.50  94 78   942000 1364000   240 9.89
1.550 0.0609 60.96 21.50  94 78   942000 1364000   240 9.89
1.552 0.0639 60.95 21.50  94 78   942000 1364000   240 9.89
1.555 0.0606 60.93 21.50  94 78   942000 1364000   240 9.89
1.557 0.0574 60.91 21.50  94 78   942000 1364000   240 9.89
1.559 0.0629 60.90 21.50  94 78   942000 1364000   240 9.89
1.562 0.0565 60.89 21.50  94 78   942000 1364000   240 9.89
1.564 0.0617 60.89 21.50  94 78   942000 1364000   240 9.89
1.567 0.0625 60.89 21.50  94 78   942000 1364000   240 9.89
1.569 0.0600 60.91 21.50  94 78   942000 1364000   240 9.89
1.572 0.0569 60.93 21.50  94 78   942000 1364000   240 9.89
1.575 0.0641 60.97 21.50  94 78   942000 1364000   240 9.89
1.578 0.0619 61.02 21.50  94 78   942000 1364000   240 9.89
1.581 0.0613 61.08 21.50  94 78   942000 1364000   240 9.89
1.585 0.0623 61.13 21.50  94 78   942000 1364000   240 9.89
1.588 0.0633 61.17 21.50  94 78   942000 1364000   240 9.89
1.592 0.0624 61.21 21.50  94 78   942000 1364000   240 9.89
1.595 0.0575 61.25 21.50  94 78   942000 1364000   240 9.89
1.599 0.0601 61.28 21.50  94 78   942000 1364000   240 9.89
1.603 0.0602 61.30 21.50  94 78   942000 1364000   240 9.89
1.607 0.0605 61.32 21.50  94 78   942000 1364000   240 9.89
1.612 0.0644 61.32 21.50  94 78   942000 1364000   240 9.89
1.616 0.0627 61.30 21.50  94 78   942000 1364000   240 9.89
1.621 0.0618 61.28 21.50  94 78   942000 1364000   240 9.89
1.626 0.0600 61.23 21.50  94 78   942000 1364000   240 9.89
1.631 0.0612 61.18 21.50  94 78   942000 1364000   240 9.89
1.637 0.0614 61.12 21.50  94 78   942000 1364000   240 9.89
1.642 0.0615 61.07 21.50  94 78   942000 1364000   240 9.89
1.648 0.0605 61.01 21.50  94 78   942000 1364000   240 9.89
1.654 0.0607 60.95 21.50  94 78   942000 1364000   240 9.89
1.661 0.0605 60.90 21.50  94 78   942000 1364000   240 9.89
1.667 0.0604 60.85 21.50  94 78   942000 1364000   240 9.89
1.674 0.0611 60.81 21.50  94 78   942000 1364000   240 9.89
1.682 0.0607 60.77 21.50  94 78   942000 1364000   240 9.89
1.689 0.0611 60.75 21.50  94 78   942000 1364000   240 9.89
1.697 0.0618 60.72 21.50  94 78   942000 1364000   240 9.89
1.705 0.0614 60.71 21.50  94 78   942000 1364000   240 9.89
1.714 0.0610 60.71 21.50  94 78   942000 1364000   240 9.89
1.723 0.0595 60.73 21.50  94 78   942000 1364000   240 9.89
1.732 0.0604 60.77 21.50  94 78   942000 1364000   240 9.89
1.742 0.0613 60.84 21.50  94 78   942000 1364000   240 9.89
1.752 0.0603 60.93 21.50  94 78   942000 1364000   240 9.89
1.762 0.0619 61.03 21.50  94 78   942000 1364000   240 9.89
1.773 0.0605 61.14 21.50  94 78   942000 1364000   240 9.89
1.784 0.0620 61.27 21.50  94 78   942000 1364000   240 9.89
1.796 0.0614 61.42 21.50  94 78   942000 1364000   240 9.89
1.808 0.0621 61.61 21.50  94 78   942000 1364000   240 9.89
1.820 0.0619 61.86 21.50  94 78   942000 1364000   240 9.89
1.832 0.0634 62.17 21.50  94 78   942000 1364000   240 9.89
1.844 0.0638 62.57 21.50  94 78   942000 1364000   240 9.89
1.855 0.0641 63.07 21.50  94 78   942000 1364000   240 9.89
1.867 0.0644 63.71 21.50  94 78   942000 1364000   240 9.89
1.879 0.0642 64.51 21.50  94 78   942000 1364000   240 9.89
1.891 0.0644 65.48 21.50  94 78   942000 1364000   240 9.89
1.903 0.0656 66.66 21.50  94 78   942000 1364000   240 9.89
1.915 0.0674 68.06 21.50  94 78   942000 1364000   240 9.89
1.927 0.0691 69.69 21.50  94 78   942000 1364000   240 9.89
1.938 0.0685 71.54 21.50  94 78   942000 1364000   240 9.89
1.950 0.0707 73.59 21.50  94 78   942000 1364000   240 9.89
1.962 0.0724 75.82 21.50  94 78   942000 1364000   240 9.89
1.974 0.0754 78.18 21.50  94 78   942000 1364000   240 9.89
1.986 0.0763 80.63 21.50  94 78   942000 1364000   240 9.89
1.998 0.0802 83.10 21.50  94 78   942000 1364000   240 9.89
2.009 0.0855 85.53 21.50  94 78   942000 1364000   240 9.89
2.021 0.0868 87.87 21.50  94 78   942000 1364000   240 9.89
2.033 0.0903 90.06 21.50  94 78   942000 1364000   240 9.89
2.045 0.0933 92.09 21.50  94 78   942000 1364000   240 9.89
2.057 0.0982 93.91 21.50  94 78   942000 1364000   240 9.89
2.069 0.1003 95.54 21.50  94 78   942000 1364000   240 9.89
2.081 0.1041 96.96 21.50  94 78   942000 1364000   240 9.89
2.092 0.1085 98.21 21.50  94 78   942000 1364000   240 9.89
2.104 0.1079 99.31 21.50  94 78   942000 1364000   240 9.89
2.116 0.1088 100.33 21.50  94 78   942000 1364000   240 9.89
2.128 0.1093 101.31 21.50  94 78   942000 1364000   240 9.89
2.140 0.1059 102.32 21.50  94 78   942000 1364000   240 9.89
2.152 0.1072 103.43 21.50  94 78   942000 1364000   240 9.89
2.164 0.1033 104.68 21.50  94 78   942000 1364000   240 9.89
2.175 0.1019 106.13 21.50  94 78   942000 1364000   240 9.89
2.187 0.1036 107.84 21.50  94 78   942000 1364000   240 9.89
2.199 0.1029 109.84 21.50  94 78   942000 1364000   240 9.89
2.211 0.1031 112.22 21.50  94 78   942000 1364000   240 9.89
2.223 0.1098 115.04 21.50  94 78   942000 1364000   240 9.89
2.235 0.1146 118.52 21.50  94 78   942000 1364000   240 9.89
2.246 0.1204 124.84 21.50  94 78   942000 1364000   240 9.89
2.258 0.1263 134.38 21.50  94 78   942000 1364000   240 9.89
2.270 0.1366 145.02 21.50  94 78   942000 1364000   240 9.89
2.282 0.1413 155.62 21.50  94 78   942000 1364000   240 9.89
2.294 0.1522 165.78 21.50  94 78   942000 1364000   240 9.89
2.306 0.1631 175.40 21.50  94 78   942000 1364000   240 9.89
2.318 0.1697 184.49 21.50  94 78   942000 1364000   240 9.89
2.329 0.1853 193.09 21.50  94 78   942000 1364000   240 9.89
2.341 0.1938 201.25 21.50  94 78   942000 1364000   240 9.89
2.353 0.2047 209.02 21.50  94 78   942000 1364000   240 9.89
2.365 0.2122 216.46 21.50  94 78   942000 1364000   240 9.89
2.377 0.2331 223.59 21.50  94 78   942000 1364000   240 9.89
2.389 0.2428 230.46 21.50  94 78   942000 1364000   240 9.89
2.400 0.2631 237.08 21.50  94 78   942000 1364000   240 9.89
2.412 0.2808 243.46 21.50  94 78   942000 1364000   240 9.89
2.424 0.3093 249.60 21.50  94 78   942000 1364000   240 9.89
2.436 0.3418 255.50 21.50  94 78   942000 1364000   240 9.89
2.448 0.3684 261.14 21.50  94 78   942000 1364000   240 9.89
2.460 0.3942 266.50 21.50  94 78   942000 1364000   240 9.89
2.472 0.4311 271.54 21.50  94 78   942000 1364000   240 9.89
2.483 0.4610 276.23 21.50  94 78   942000 1364000   240 9.89
2.495 0.0000 280.49 21.50  94 78   942000 1364000   240 9.89
2.507 0.0000 284.26 21.50  94 78   942000 1364000   240 9.89
