     x     qy smooth tpara  cd  zL     xTr    xCpl frame tma
-1.859 0.4394 350.40 26.10  97 78   870000 1338000   250 9.86
-1.848 0.3495 327.19 26.10  97 78   870000 1338000   250 9.86
-1.838 0.3840 305.17 26.10  97 78   870000 1338000   250 9.86
-1.827 0.2769 284.30 26.10  97 78   870000 1338000   250 9.86
-1.816 0.2268 264.56 26.10  97 78   870000 1338000   250 9.86
-1.806 0.1926 245.91 26.10  97 78   870000 1338000   250 9.86
-1.795 0.1775 228.33 26.10  97 78   870000 1338000   250 9.86
-1.784 0.1700 211.80 26.10  97 78   870000 1338000   250 9.86
-1.774 0.1549 196.29 26.10  97 78   870000 1338000   250 9.86
-1.763 0.1450 181.79 26.10  97 78   870000 1338000   250 9.86
-1.752 0.1400 168.29 26.10  97 78   870000 1338000   250 9.86
-1.741 0.1337 155.78 26.10  97 78   870000 1338000   250 9.86
-1.731 0.1258 144.27 26.10  97 78   870000 1338000   250 9.86
-1.720 0.1198 133.75 26.10  97 78   870000 1338000   250 9.86
-1.709 0.1164 124.24 26.10  97 78   870000 1338000   250 9.86
-1.699 0.1125 115.76 26.10  97 78   870000 1338000   250 9.86
-1.688 0.1096 108.35 26.10  97 78   870000 1338000   250 9.86
-1.677 0.1076 102.04 26.10  97 78   870000 1338000   250 9.86
-1.667 0.1021 96.91 26.10  97 78   870000 1338000   250 9.86
-1.656 0.1000 93.03 26.10  97 78   870000 1338000   250 9.86
-1.645 0.0982 90.48 26.10  97 78   870000 1338000   250 9.86
-1.635 0.0953 89.31 26.10  97 78   870000 1338000   250 9.86
-1.624 0.0931 89.24 26.10  97 78   870000 1338000   250 9.86
-1.613 0.0919 89.22 26.10  97 78   870000 1338000   250 9.86
-1.603 0.0911 87.96 26.10  97 78   870000 1338000   250 9.86
-1.592 0.0857 86.55 26.10  97 78   870000 1338000   250 9.86
-1.581 0.0867 85.11 26.10  97 78   870000 1338000   250 9.86
-1.571 0.0848 83.70 26.10  97 78   870000 1338000   250 9.86
-1.560 0.0823 82.36 26.10  97 78   870000 1338000   250 9.86
-1.549 0.0830 81.08 26.10  97 78   870000 1338000   250 9.86
-1.538 0.0800 79.88 26.10  97 78   870000 1338000   250 9.86
-1.528 0.0785 78.76 26.10  97 78   870000 1338000   250 9.86
-1.517 0.0792 77.70 26.10  97 78   870000 1338000   250 9.86
-1.506 0.0756 76.73 26.10  97 78   870000 1338000   250 9.86
-1.496 0.0763 75.83 26.10  97 78   870000 1338000   250 9.86
-1.485 0.0749 75.00 26.10  97 78   870000 1338000   250 9.86
-1.474 0.0731 74.25 26.10  97 78   870000 1338000   250 9.86
-1.464 0.0741 73.57 26.10  97 78   870000 1338000   250 9.86
-1.453 0.0705 72.96 26.10  97 78   870000 1338000   250 9.86
-1.442 0.0720 72.41 26.10  97 78   870000 1338000   250 9.86
-1.432 0.0712 71.92 26.10  97 78   870000 1338000   250 9.86
-1.421 0.0721 71.48 26.10  97 78   870000 1338000   250 9.86
-1.410 0.0729 71.10 26.10  97 78   870000 1338000   250 9.86
-1.400 0.0711 70.77 26.10  97 78   870000 1338000   250 9.86
-1.389 0.0703 70.48 26.10  97 78   870000 1338000   250 9.86
-1.378 0.0706 70.23 26.10  97 78   870000 1338000   250 9.86
-1.368 0.0710 70.02 26.10  97 78   870000 1338000   250 9.86
-1.357 0.0705 69.83 26.10  97 78   870000 1338000   250 9.86
-1.346 0.0686 69.67 26.10  97 78   870000 1338000   250 9.86
-1.335 0.0697 69.53 26.10  97 78   870000 1338000   250 9.86
-1.325 0.0690 69.40 26.10  97 78   870000 1338000   250 9.86
-1.314 0.0704 69.28 26.10  97 78   870000 1338000   250 9.86
-1.303 0.0684 69.16 26.10  97 78   870000 1338000   250 9.86
-1.293 0.0688 69.04 26.10  97 78   870000 1338000   250 9.86
-1.282 0.0704 68.92 26.10  97 78   870000 1338000   250 9.86
-1.271 0.0671 68.80 26.10  97 78   870000 1338000   250 9.86
-1.261 0.0690 68.69 26.10  97 78   870000 1338000   250 9.86
-1.250 0.0683 68.57 26.10  97 78   870000 1338000   250 9.86
-1.239 0.0682 68.46 26.10  97 78   870000 1338000   250 9.86
-1.229 0.0698 68.36 26.10  97 78   870000 1338000   250 9.86
-1.218 0.0679 68.26 26.10  97 78   870000 1338000   250 9.86
-1.207 0.0684 68.17 26.10  97 78   870000 1338000   250 9.86
-1.197 0.0683 68.09 26.10  97 78   870000 1338000   250 9.86
-1.186 0.0672 68.01 26.10  97 78   870000 1338000   250 9.86
-1.175 0.0689 67.94 26.10  97 78   870000 1338000   250 9.86
-1.165 0.0682 67.87 26.10  97 78   870000 1338000   250 9.86
-1.154 0.0676 67.80 26.10  97 78   870000 1338000   250 9.86
-1.143 0.0669 67.73 26.10  97 78   870000 1338000   250 9.86
-1.132 0.0672 67.67 26.10  97 78   870000 1338000   250 9.86
-1.122 0.0688 67.61 26.10  97 78   870000 1338000   250 9.86
-1.111 0.0672 67.55 26.10  97 78   870000 1338000   250 9.86
-1.100 0.0673 67.50 26.10  97 78   870000 1338000   250 9.86
-1.090 0.0667 67.45 26.10  97 78   870000 1338000   250 9.86
-1.079 0.0676 67.41 26.10  97 78   870000 1338000   250 9.86
-1.068 0.0682 67.37 26.10  97 78   870000 1338000   250 9.86
-1.058 0.0666 67.33 26.10  97 78   870000 1338000   250 9.86
-1.047 0.0668 67.30 26.10  97 78   870000 1338000   250 9.86
-1.036 0.0670 67.26 26.10  97 78   870000 1338000   250 9.86
-1.026 0.0671 67.21 26.10  97 78   870000 1338000   250 9.86
-1.015 0.0687 67.16 26.10  97 78   870000 1338000   250 9.86
-1.004 0.0674 67.10 26.10  97 78   870000 1338000   250 9.86
-0.994 0.0667 67.02 26.10  97 78   870000 1338000   250 9.86
-0.983 0.0668 66.92 26.10  97 78   870000 1338000   250 9.86
-0.972 0.0666 66.81 26.10  97 78   870000 1338000   250 9.86
-0.962 0.0665 66.68 26.10  97 78   870000 1338000   250 9.86
-0.951 0.0675 66.56 26.10  97 78   870000 1338000   250 9.86
-0.940 0.0671 66.43 26.10  97 78   870000 1338000   250 9.86
-0.929 0.0660 66.31 26.10  97 78   870000 1338000   250 9.86
-0.919 0.0674 66.20 26.10  97 78   870000 1338000   250 9.86
-0.908 0.0659 66.11 26.10  97 78   870000 1338000   250 9.86
-0.897 0.0653 66.04 26.10  97 78   870000 1338000   250 9.86
-0.887 0.0667 65.99 26.10  97 78   870000 1338000   250 9.86
-0.876 0.0660 65.97 26.10  97 78   870000 1338000   250 9.86
-0.865 0.0646 65.97 26.10  97 78   870000 1338000   250 9.86
-0.855 0.0663 65.98 26.10  97 78   870000 1338000   250 9.86
-0.844 0.0638 66.02 26.10  97 78   870000 1338000   250 9.86
-0.833 0.0647 66.07 26.10  97 78   870000 1338000   250 9.86
-0.823 0.0659 66.14 26.10  97 78   870000 1338000   250 9.86
-0.812 0.0666 66.21 26.10  97 78   870000 1338000   250 9.86
-0.801 0.0645 66.29 26.10  97 78   870000 1338000   250 9.86
-0.791 0.0667 66.37 26.10  97 78   870000 1338000   250 9.86
-0.780 0.0670 66.45 26.10  97 78   870000 1338000   250 9.86
-0.769 0.0682 66.54 26.10  97 78   870000 1338000   250 9.86
-0.759 0.0680 66.62 26.10  97 78   870000 1338000   250 9.86
-0.748 0.0670 66.70 26.10  97 78   870000 1338000   250 9.86
-0.737 0.0673 66.77 26.10  97 78   870000 1338000   250 9.86
-0.726 0.0674 66.82 26.10  97 78   870000 1338000   250 9.86
-0.716 0.0668 66.84 26.10  97 78   870000 1338000   250 9.86
-0.705 0.0669 66.84 26.10  97 78   870000 1338000   250 9.86
-0.694 0.0674 66.81 26.10  97 78   870000 1338000   250 9.86
-0.684 0.0662 66.75 26.10  97 78   870000 1338000   250 9.86
-0.673 0.0667 66.66 26.10  97 78   870000 1338000   250 9.86
-0.662 0.0658 66.54 26.10  97 78   870000 1338000   250 9.86
-0.652 0.0660 66.39 26.10  97 78   870000 1338000   250 9.86
-0.641 0.0657 66.23 26.10  97 78   870000 1338000   250 9.86
-0.630 0.0666 66.07 26.10  97 78   870000 1338000   250 9.86
-0.620 0.0653 65.89 26.10  97 78   870000 1338000   250 9.86
-0.609 0.0655 65.72 26.10  97 78   870000 1338000   250 9.86
-0.598 0.0669 65.56 26.10  97 78   870000 1338000   250 9.86
-0.588 0.0671 65.40 26.10  97 78   870000 1338000   250 9.86
-0.577 0.0649 65.26 26.10  97 78   870000 1338000   250 9.86
-0.566 0.0629 65.13 26.10  97 78   870000 1338000   250 9.86
-0.556 0.0656 65.01 26.10  97 78   870000 1338000   250 9.86
-0.545 0.0646 64.89 26.10  97 78   870000 1338000   250 9.86
-0.534 0.0642 64.78 26.10  97 78   870000 1338000   250 9.86
-0.524 0.0649 64.68 26.10  97 78   870000 1338000   250 9.86
-0.513 0.0646 64.58 26.10  97 78   870000 1338000   250 9.86
-0.502 0.0648 64.49 26.10  97 78   870000 1338000   250 9.86
-0.491 0.0641 64.40 26.10  97 78   870000 1338000   250 9.86
-0.481 0.0642 64.32 26.10  97 78   870000 1338000   250 9.86
-0.470 0.0644 64.25 26.10  97 78   870000 1338000   250 9.86
-0.459 0.0652 64.19 26.10  97 78   870000 1338000   250 9.86
-0.449 0.0650 64.14 26.10  97 78   870000 1338000   250 9.86
-0.438 0.0630 64.10 26.10  97 78   870000 1338000   250 9.86
-0.427 0.0634 64.09 26.10  97 78   870000 1338000   250 9.86
-0.417 0.0640 64.09 26.10  97 78   870000 1338000   250 9.86
-0.406 0.0647 64.12 26.10  97 78   870000 1338000   250 9.86
-0.395 0.0652 64.17 26.10  97 78   870000 1338000   250 9.86
-0.385 0.0636 64.25 26.10  97 78   870000 1338000   250 9.86
-0.374 0.0641 64.34 26.10  97 78   870000 1338000   250 9.86
-0.363 0.0635 64.46 26.10  97 78   870000 1338000   250 9.86
-0.353 0.0660 64.60 26.10  97 78   870000 1338000   250 9.86
-0.342 0.0630 64.77 26.10  97 78   870000 1338000   250 9.86
-0.331 0.0646 64.95 26.10  97 78   870000 1338000   250 9.86
-0.321 0.0649 65.16 26.10  97 78   870000 1338000   250 9.86
-0.310 0.0641 65.38 26.10  97 78   870000 1338000   250 9.86
-0.299 0.0665 65.60 26.10  97 78   870000 1338000   250 9.86
-0.288 0.0652 65.81 26.10  97 78   870000 1338000   250 9.86
-0.278 0.0659 66.02 26.10  97 78   870000 1338000   250 9.86
-0.267 0.0664 66.21 26.10  97 78   870000 1338000   250 9.86
-0.256 0.0656 66.38 26.10  97 78   870000 1338000   250 9.86
-0.246 0.0666 66.53 26.10  97 78   870000 1338000   250 9.86
-0.235 0.0676 66.63 26.10  97 78   870000 1338000   250 9.86
-0.224 0.0679 66.70 26.10  97 78   870000 1338000   250 9.86
-0.214 0.0671 66.73 26.10  97 78   870000 1338000   250 9.86
-0.203 0.0668 66.71 26.10  97 78   870000 1338000   250 9.86
-0.192 0.0665 66.66 26.10  97 78   870000 1338000   250 9.86
-0.182 0.0667 66.55 26.10  97 78   870000 1338000   250 9.86
-0.171 0.0668 66.39 26.10  97 78   870000 1338000   250 9.86
-0.160 0.0677 66.15 26.10  97 78   870000 1338000   250 9.86
-0.150 0.0655 65.84 26.10  97 78   870000 1338000   250 9.86
-0.139 0.0637 65.42 26.10  97 78   870000 1338000   250 9.86
-0.128 0.0634 64.90 26.10  97 78   870000 1338000   250 9.86
-0.118 0.0649 64.26 26.10  97 78   870000 1338000   250 9.86
-0.107 0.0628 63.49 26.10  97 78   870000 1338000   250 9.86
-0.096 0.0631 62.61 26.10  97 78   870000 1338000   250 9.86
-0.085 0.0628 61.61 26.10  97 78   870000 1338000   250 9.86
-0.075 0.0606 60.51 26.10  97 78   870000 1338000   250 9.86
-0.064 0.0599 59.32 26.10  97 78   870000 1338000   250 9.86
-0.053 0.0601 58.05 26.10  97 78   870000 1338000   250 9.86
-0.043 0.0582 56.72 26.10  97 78   870000 1338000   250 9.86
-0.032 0.0573 55.34 26.10  97 78   870000 1338000   250 9.86
-0.021 0.0553 53.93 26.10  97 78   870000 1338000   250 9.86
-0.011 0.0549 52.49 26.10  97 78   870000 1338000   250 9.86
0.000 0.0531 51.04 26.10  97 78   870000 1338000   250 9.86
0.011 0.0498 49.60 26.10  97 78   870000 1338000   250 9.86
0.021 0.0460 48.17 26.10  97 78   870000 1338000   250 9.86
0.032 0.0432 46.79 26.10  97 78   870000 1338000   250 9.86
0.043 0.0436 45.45 26.10  97 78   870000 1338000   250 9.86
0.053 0.0407 44.18 26.10  97 78   870000 1338000   250 9.86
0.064 0.0410 43.00 26.10  97 78   870000 1338000   250 9.86
0.075 0.0408 41.91 26.10  97 78   870000 1338000   250 9.86
0.085 0.0402 40.94 26.10  97 78   870000 1338000   250 9.86
0.095 0.0412 40.09 26.10  97 78   870000 1338000   250 9.86
0.104 0.0407 39.37 26.10  97 78   870000 1338000   250 9.86
0.113 0.0383 38.78 26.10  97 78   870000 1338000   250 9.86
0.122 0.0375 38.31 26.10  97 78   870000 1338000   250 9.86
0.130 0.0382 37.96 26.10  97 78   870000 1338000   250 9.86
0.138 0.0367 37.70 26.10  97 78   870000 1338000   250 9.86
0.146 0.0378 37.54 26.10  97 78   870000 1338000   250 9.86
0.154 0.0364 37.45 26.10  97 78   870000 1338000   250 9.86
0.161 0.0375 37.43 26.10  97 78   870000 1338000   250 9.86
0.167 0.0386 37.44 26.10  97 78   870000 1338000   250 9.86
0.174 0.0374 37.47 26.10  97 78   870000 1338000   250 9.86
0.180 0.0369 37.51 26.10  97 78   870000 1338000   250 9.86
0.186 0.0396 37.54 26.10  97 78   870000 1338000   250 9.86
0.192 0.0371 37.55 26.10  97 78   870000 1338000   250 9.86
0.197 0.0397 37.55 26.10  97 78   870000 1338000   250 9.86
0.203 0.0368 37.54 26.10  97 78   870000 1338000   250 9.86
0.208 0.0378 37.53 26.10  97 78   870000 1338000   250 9.86
0.213 0.0376 37.51 26.10  97 78   870000 1338000   250 9.86
0.217 0.0393 37.49 26.10  97 78   870000 1338000   250 9.86
0.222 0.0353 37.46 26.10  97 78   870000 1338000   250 9.86
0.226 0.0387 37.42 26.10  97 78   870000 1338000   250 9.86
0.230 0.0361 37.37 26.10  97 78   870000 1338000   250 9.86
0.234 0.0382 37.32 26.10  97 78   870000 1338000   250 9.86
0.238 0.0376 37.26 26.10  97 78   870000 1338000   250 9.86
0.242 0.0380 37.20 26.10  97 78   870000 1338000   250 9.86
0.245 0.0373 37.14 26.10  97 78   870000 1338000   250 9.86
0.249 0.0382 37.07 26.10  97 78   870000 1338000   250 9.86
0.252 0.0356 37.01 26.10  97 78   870000 1338000   250 9.86
0.255 0.0353 36.97 26.10  97 78   870000 1338000   250 9.86
0.258 0.0332 36.93 26.10  97 78   870000 1338000   250 9.86
0.261 0.0383 36.91 26.10  97 78   870000 1338000   250 9.86
0.264 0.0382 36.91 26.10  97 78   870000 1338000   250 9.86
0.266 0.0388 36.93 26.10  97 78   870000 1338000   250 9.86
0.269 0.0362 36.97 26.10  97 78   870000 1338000   250 9.86
0.271 0.0377 37.03 26.10  97 78   870000 1338000   250 9.86
0.273 0.0354 37.11 26.10  97 78   870000 1338000   250 9.86
0.276 0.0374 37.21 26.10  97 78   870000 1338000   250 9.86
0.278 0.0404 37.31 26.10  97 78   870000 1338000   250 9.86
0.280 0.0357 37.41 26.10  97 78   870000 1338000   250 9.86
0.282 0.0368 37.52 26.10  97 78   870000 1338000   250 9.86
0.284 0.0385 37.63 26.10  97 78   870000 1338000   250 9.86
0.286 0.0378 37.73 26.10  97 78   870000 1338000   250 9.86
0.288 0.0358 37.83 26.10  97 78   870000 1338000   250 9.86
0.291 0.0360 37.92 26.10  97 78   870000 1338000   250 9.86
0.293 0.0400 38.00 26.10  97 78   870000 1338000   250 9.86
0.295 0.0370 38.09 26.10  97 78   870000 1338000   250 9.86
0.297 0.0403 38.18 26.10  97 78   870000 1338000   250 9.86
0.299 0.0430 38.28 26.10  97 78   870000 1338000   250 9.86
0.301 0.0361 38.40 26.10  97 78   870000 1338000   250 9.86
0.303 0.0363 38.54 26.10  97 78   870000 1338000   250 9.86
0.306 0.0407 38.70 26.10  97 78   870000 1338000   250 9.86
0.308 0.0394 38.88 26.10  97 78   870000 1338000   250 9.86
0.310 0.0388 39.07 26.10  97 78   870000 1338000   250 9.86
0.312 0.0382 39.26 26.10  97 78   870000 1338000   250 9.86
0.314 0.0384 39.45 26.10  97 78   870000 1338000   250 9.86
0.316 0.0360 39.64 26.10  97 78   870000 1338000   250 9.86
0.318 0.0406 39.83 26.10  97 78   870000 1338000   250 9.86
0.321 0.0406 40.02 26.10  97 78   870000 1338000   250 9.86
0.323 0.0426 40.21 26.10  97 78   870000 1338000   250 9.86
0.325 0.0378 40.40 26.10  97 78   870000 1338000   250 9.86
0.327 0.0401 40.59 26.10  97 78   870000 1338000   250 9.86
0.329 0.0425 40.79 26.10  97 78   870000 1338000   250 9.86
0.331 0.0428 41.00 26.10  97 78   870000 1338000   250 9.86
0.333 0.0421 41.23 26.10  97 78   870000 1338000   250 9.86
0.335 0.0422 41.48 26.10  97 78   870000 1338000   250 9.86
0.338 0.0409 41.73 26.10  97 78   870000 1338000   250 9.86
0.340 0.0425 41.99 26.10  97 78   870000 1338000   250 9.86
0.342 0.0417 42.23 26.10  97 78   870000 1338000   250 9.86
0.344 0.0403 42.45 26.10  97 78   870000 1338000   250 9.86
0.346 0.0427 42.63 26.10  97 78   870000 1338000   250 9.86
0.348 0.0436 42.79 26.10  97 78   870000 1338000   250 9.86
0.350 0.0417 42.92 26.10  97 78   870000 1338000   250 9.86
0.353 0.0428 43.03 26.10  97 78   870000 1338000   250 9.86
0.355 0.0437 43.12 26.10  97 78   870000 1338000   250 9.86
0.357 0.0451 43.22 26.10  97 78   870000 1338000   250 9.86
0.359 0.0400 43.32 26.10  97 78   870000 1338000   250 9.86
0.361 0.0456 43.45 26.10  97 78   870000 1338000   250 9.86
0.363 0.0440 43.61 26.10  97 78   870000 1338000   250 9.86
0.365 0.0440 43.78 26.10  97 78   870000 1338000   250 9.86
0.368 0.0451 43.97 26.10  97 78   870000 1338000   250 9.86
0.370 0.0465 44.16 26.10  97 78   870000 1338000   250 9.86
0.372 0.0426 44.35 26.10  97 78   870000 1338000   250 9.86
0.374 0.0454 44.53 26.10  97 78   870000 1338000   250 9.86
0.376 0.0414 44.71 26.10  97 78   870000 1338000   250 9.86
0.378 0.0443 44.86 26.10  97 78   870000 1338000   250 9.86
0.380 0.0418 44.99 26.10  97 78   870000 1338000   250 9.86
0.382 0.0438 45.10 26.10  97 78   870000 1338000   250 9.86
0.385 0.0466 45.20 26.10  97 78   870000 1338000   250 9.86
0.387 0.0465 45.29 26.10  97 78   870000 1338000   250 9.86
0.389 0.0448 45.38 26.10  97 78   870000 1338000   250 9.86
0.391 0.0461 45.48 26.10  97 78   870000 1338000   250 9.86
0.393 0.0505 45.58 26.10  97 78   870000 1338000   250 9.86
0.395 0.0469 45.68 26.10  97 78   870000 1338000   250 9.86
0.397 0.0460 45.80 26.10  97 78   870000 1338000   250 9.86
0.400 0.0472 45.92 26.10  97 78   870000 1338000   250 9.86
0.402 0.0454 46.04 26.10  97 78   870000 1338000   250 9.86
0.404 0.0414 46.14 26.10  97 78   870000 1338000   250 9.86
0.406 0.0462 46.23 26.10  97 78   870000 1338000   250 9.86
0.408 0.0444 46.31 26.10  97 78   870000 1338000   250 9.86
0.410 0.0487 46.36 26.10  97 78   870000 1338000   250 9.86
0.412 0.0441 46.40 26.10  97 78   870000 1338000   250 9.86
0.415 0.0494 46.42 26.10  97 78   870000 1338000   250 9.86
0.417 0.0415 46.43 26.10  97 78   870000 1338000   250 9.86
0.419 0.0492 46.44 26.10  97 78   870000 1338000   250 9.86
0.421 0.0462 46.44 26.10  97 78   870000 1338000   250 9.86
0.423 0.0455 46.44 26.10  97 78   870000 1338000   250 9.86
0.425 0.0486 46.45 26.10  97 78   870000 1338000   250 9.86
0.427 0.0495 46.45 26.10  97 78   870000 1338000   250 9.86
0.429 0.0446 46.46 26.10  97 78   870000 1338000   250 9.86
0.432 0.0475 46.45 26.10  97 78   870000 1338000   250 9.86
0.434 0.0453 46.43 26.10  97 78   870000 1338000   250 9.86
0.436 0.0468 46.38 26.10  97 78   870000 1338000   250 9.86
0.438 0.0462 46.31 26.10  97 78   870000 1338000   250 9.86
0.440 0.0467 46.20 26.10  97 78   870000 1338000   250 9.86
0.442 0.0420 46.07 26.10  97 78   870000 1338000   250 9.86
0.444 0.0472 45.91 26.10  97 78   870000 1338000   250 9.86
0.447 0.0490 45.73 26.10  97 78   870000 1338000   250 9.86
0.449 0.0449 45.55 26.10  97 78   870000 1338000   250 9.86
0.451 0.0472 45.37 26.10  97 78   870000 1338000   250 9.86
0.453 0.0441 45.20 26.10  97 78   870000 1338000   250 9.86
0.455 0.0433 45.04 26.10  97 78   870000 1338000   250 9.86
0.457 0.0451 44.89 26.10  97 78   870000 1338000   250 9.86
0.459 0.0438 44.76 26.10  97 78   870000 1338000   250 9.86
0.462 0.0459 44.64 26.10  97 78   870000 1338000   250 9.86
0.464 0.0430 44.55 26.10  97 78   870000 1338000   250 9.86
0.466 0.0430 44.46 26.10  97 78   870000 1338000   250 9.86
0.468 0.0456 44.38 26.10  97 78   870000 1338000   250 9.86
0.470 0.0475 44.28 26.10  97 78   870000 1338000   250 9.86
0.472 0.0412 44.17 26.10  97 78   870000 1338000   250 9.86
0.474 0.0437 44.05 26.10  97 78   870000 1338000   250 9.86
0.476 0.0442 43.91 26.10  97 78   870000 1338000   250 9.86
0.479 0.0408 43.75 26.10  97 78   870000 1338000   250 9.86
0.481 0.0472 43.60 26.10  97 78   870000 1338000   250 9.86
0.483 0.0421 43.44 26.10  97 78   870000 1338000   250 9.86
0.485 0.0443 43.29 26.10  97 78   870000 1338000   250 9.86
0.487 0.0436 43.16 26.10  97 78   870000 1338000   250 9.86
0.489 0.0478 43.05 26.10  97 78   870000 1338000   250 9.86
0.491 0.0405 42.96 26.10  97 78   870000 1338000   250 9.86
0.494 0.0431 42.88 26.10  97 78   870000 1338000   250 9.86
0.496 0.0435 42.81 26.10  97 78   870000 1338000   250 9.86
0.498 0.0435 42.74 26.10  97 78   870000 1338000   250 9.86
0.500 0.0425 42.69 26.10  97 78   870000 1338000   250 9.86
0.502 0.0404 42.65 26.10  97 78   870000 1338000   250 9.86
0.504 0.0391 42.62 26.10  97 78   870000 1338000   250 9.86
0.506 0.0422 42.60 26.10  97 78   870000 1338000   250 9.86
0.509 0.0414 42.59 26.10  97 78   870000 1338000   250 9.86
0.511 0.0405 42.59 26.10  97 78   870000 1338000   250 9.86
0.513 0.0435 42.60 26.10  97 78   870000 1338000   250 9.86
0.515 0.0452 42.63 26.10  97 78   870000 1338000   250 9.86
0.517 0.0447 42.69 26.10  97 78   870000 1338000   250 9.86
0.519 0.0427 42.77 26.10  97 78   870000 1338000   250 9.86
0.521 0.0431 42.89 26.10  97 78   870000 1338000   250 9.86
0.524 0.0444 43.03 26.10  97 78   870000 1338000   250 9.86
0.526 0.0445 43.20 26.10  97 78   870000 1338000   250 9.86
0.528 0.0463 43.38 26.10  97 78   870000 1338000   250 9.86
0.530 0.0412 43.56 26.10  97 78   870000 1338000   250 9.86
0.532 0.0412 43.76 26.10  97 78   870000 1338000   250 9.86
0.534 0.0397 43.96 26.10  97 78   870000 1338000   250 9.86
0.536 0.0472 44.15 26.10  97 78   870000 1338000   250 9.86
0.538 0.0445 44.34 26.10  97 78   870000 1338000   250 9.86
0.541 0.0454 44.54 26.10  97 78   870000 1338000   250 9.86
0.543 0.0418 44.74 26.10  97 78   870000 1338000   250 9.86
0.545 0.0477 44.95 26.10  97 78   870000 1338000   250 9.86
0.547 0.0433 45.15 26.10  97 78   870000 1338000   250 9.86
0.549 0.0457 45.37 26.10  97 78   870000 1338000   250 9.86
0.551 0.0448 45.61 26.10  97 78   870000 1338000   250 9.86
0.553 0.0485 45.88 26.10  97 78   870000 1338000   250 9.86
0.556 0.0453 46.17 26.10  97 78   870000 1338000   250 9.86
0.558 0.0483 46.49 26.10  97 78   870000 1338000   250 9.86
0.560 0.0484 46.83 26.10  97 78   870000 1338000   250 9.86
0.562 0.0434 47.18 26.10  97 78   870000 1338000   250 9.86
0.564 0.0468 47.53 26.10  97 78   870000 1338000   250 9.86
0.566 0.0479 47.89 26.10  97 78   870000 1338000   250 9.86
0.568 0.0500 48.25 26.10  97 78   870000 1338000   250 9.86
0.571 0.0509 48.62 26.10  97 78   870000 1338000   250 9.86
0.573 0.0499 48.99 26.10  97 78   870000 1338000   250 9.86
0.575 0.0442 49.37 26.10  97 78   870000 1338000   250 9.86
0.577 0.0497 49.77 26.10  97 78   870000 1338000   250 9.86
0.579 0.0547 50.19 26.10  97 78   870000 1338000   250 9.86
0.581 0.0454 50.62 26.10  97 78   870000 1338000   250 9.86
0.583 0.0506 51.06 26.10  97 78   870000 1338000   250 9.86
0.585 0.0489 51.50 26.10  97 78   870000 1338000   250 9.86
0.588 0.0528 51.95 26.10  97 78   870000 1338000   250 9.86
0.590 0.0576 52.39 26.10  97 78   870000 1338000   250 9.86
0.592 0.0556 52.83 26.10  97 78   870000 1338000   250 9.86
0.594 0.0486 53.27 26.10  97 78   870000 1338000   250 9.86
0.596 0.0559 53.71 26.10  97 78   870000 1338000   250 9.86
0.598 0.0537 54.14 26.10  97 78   870000 1338000   250 9.86
0.600 0.0514 54.57 26.10  97 78   870000 1338000   250 9.86
0.603 0.0577 54.98 26.10  97 78   870000 1338000   250 9.86
0.605 0.0547 55.39 26.10  97 78   870000 1338000   250 9.86
0.607 0.0555 55.79 26.10  97 78   870000 1338000   250 9.86
0.609 0.0583 56.18 26.10  97 78   870000 1338000   250 9.86
0.611 0.0551 56.56 26.10  97 78   870000 1338000   250 9.86
0.613 0.0589 56.91 26.10  97 78   870000 1338000   250 9.86
0.615 0.0583 57.25 26.10  97 78   870000 1338000   250 9.86
0.618 0.0549 57.56 26.10  97 78   870000 1338000   250 9.86
0.620 0.0557 57.87 26.10  97 78   870000 1338000   250 9.86
0.622 0.0600 58.18 26.10  97 78   870000 1338000   250 9.86
0.624 0.0583 58.48 26.10  97 78   870000 1338000   250 9.86
0.626 0.0561 58.77 26.10  97 78   870000 1338000   250 9.86
0.628 0.0622 59.06 26.10  97 78   870000 1338000   250 9.86
0.630 0.0568 59.35 26.10  97 78   870000 1338000   250 9.86
0.632 0.0636 59.63 26.10  97 78   870000 1338000   250 9.86
0.635 0.0583 59.91 26.10  97 78   870000 1338000   250 9.86
0.637 0.0621 60.18 26.10  97 78   870000 1338000   250 9.86
0.639 0.0570 60.45 26.10  97 78   870000 1338000   250 9.86
0.641 0.0647 60.71 26.10  97 78   870000 1338000   250 9.86
0.643 0.0585 60.98 26.10  97 78   870000 1338000   250 9.86
0.645 0.0605 61.24 26.10  97 78   870000 1338000   250 9.86
0.647 0.0633 61.50 26.10  97 78   870000 1338000   250 9.86
0.650 0.0569 61.74 26.10  97 78   870000 1338000   250 9.86
0.652 0.0651 61.96 26.10  97 78   870000 1338000   250 9.86
0.654 0.0619 62.16 26.10  97 78   870000 1338000   250 9.86
0.656 0.0628 62.34 26.10  97 78   870000 1338000   250 9.86
0.658 0.0626 62.49 26.10  97 78   870000 1338000   250 9.86
0.660 0.0657 62.62 26.10  97 78   870000 1338000   250 9.86
0.662 0.0586 62.73 26.10  97 78   870000 1338000   250 9.86
0.665 0.0603 62.82 26.10  97 78   870000 1338000   250 9.86
0.667 0.0646 62.90 26.10  97 78   870000 1338000   250 9.86
0.669 0.0651 62.96 26.10  97 78   870000 1338000   250 9.86
0.671 0.0660 63.01 26.10  97 78   870000 1338000   250 9.86
0.673 0.0621 63.05 26.10  97 78   870000 1338000   250 9.86
0.675 0.0634 63.09 26.10  97 78   870000 1338000   250 9.86
0.677 0.0618 63.11 26.10  97 78   870000 1338000   250 9.86
0.679 0.0622 63.12 26.10  97 78   870000 1338000   250 9.86
0.682 0.0637 63.10 26.10  97 78   870000 1338000   250 9.86
0.684 0.0650 63.06 26.10  97 78   870000 1338000   250 9.86
0.686 0.0610 62.99 26.10  97 78   870000 1338000   250 9.86
0.688 0.0591 62.90 26.10  97 78   870000 1338000   250 9.86
0.690 0.0635 62.78 26.10  97 78   870000 1338000   250 9.86
0.692 0.0644 62.64 26.10  97 78   870000 1338000   250 9.86
0.694 0.0652 62.49 26.10  97 78   870000 1338000   250 9.86
0.697 0.0576 62.32 26.10  97 78   870000 1338000   250 9.86
0.699 0.0654 62.12 26.10  97 78   870000 1338000   250 9.86
0.701 0.0612 61.90 26.10  97 78   870000 1338000   250 9.86
0.703 0.0615 61.66 26.10  97 78   870000 1338000   250 9.86
0.705 0.0626 61.42 26.10  97 78   870000 1338000   250 9.86
0.707 0.0628 61.19 26.10  97 78   870000 1338000   250 9.86
0.709 0.0614 60.98 26.10  97 78   870000 1338000   250 9.86
0.712 0.0646 60.79 26.10  97 78   870000 1338000   250 9.86
0.714 0.0607 60.63 26.10  97 78   870000 1338000   250 9.86
0.716 0.0569 60.49 26.10  97 78   870000 1338000   250 9.86
0.718 0.0571 60.37 26.10  97 78   870000 1338000   250 9.86
0.720 0.0616 60.27 26.10  97 78   870000 1338000   250 9.86
0.722 0.0581 60.19 26.10  97 78   870000 1338000   250 9.86
0.724 0.0573 60.13 26.10  97 78   870000 1338000   250 9.86
0.726 0.0637 60.09 26.10  97 78   870000 1338000   250 9.86
0.729 0.0603 60.08 26.10  97 78   870000 1338000   250 9.86
0.731 0.0605 60.11 26.10  97 78   870000 1338000   250 9.86
0.733 0.0573 60.16 26.10  97 78   870000 1338000   250 9.86
0.735 0.0568 60.25 26.10  97 78   870000 1338000   250 9.86
0.737 0.0633 60.37 26.10  97 78   870000 1338000   250 9.86
0.739 0.0551 60.51 26.10  97 78   870000 1338000   250 9.86
0.741 0.0642 60.67 26.10  97 78   870000 1338000   250 9.86
0.744 0.0698 60.85 26.10  97 78   870000 1338000   250 9.86
0.746 0.0601 61.04 26.10  97 78   870000 1338000   250 9.86
0.748 0.0597 61.24 26.10  97 78   870000 1338000   250 9.86
0.750 0.0620 61.43 26.10  97 78   870000 1338000   250 9.86
0.752 0.0601 61.61 26.10  97 78   870000 1338000   250 9.86
0.754 0.0608 61.78 26.10  97 78   870000 1338000   250 9.86
0.756 0.0641 61.91 26.10  97 78   870000 1338000   250 9.86
0.759 0.0585 62.02 26.10  97 78   870000 1338000   250 9.86
0.761 0.0615 62.12 26.10  97 78   870000 1338000   250 9.86
0.763 0.0619 62.20 26.10  97 78   870000 1338000   250 9.86
0.765 0.0607 62.28 26.10  97 78   870000 1338000   250 9.86
0.767 0.0690 62.35 26.10  97 78   870000 1338000   250 9.86
0.769 0.0633 62.41 26.10  97 78   870000 1338000   250 9.86
0.771 0.0579 62.45 26.10  97 78   870000 1338000   250 9.86
0.774 0.0612 62.49 26.10  97 78   870000 1338000   250 9.86
0.776 0.0670 62.51 26.10  97 78   870000 1338000   250 9.86
0.778 0.0604 62.52 26.10  97 78   870000 1338000   250 9.86
0.780 0.0622 62.55 26.10  97 78   870000 1338000   250 9.86
0.782 0.0603 62.58 26.10  97 78   870000 1338000   250 9.86
0.784 0.0690 62.63 26.10  97 78   870000 1338000   250 9.86
0.786 0.0623 62.70 26.10  97 78   870000 1338000   250 9.86
0.788 0.0577 62.77 26.10  97 78   870000 1338000   250 9.86
0.791 0.0642 62.84 26.10  97 78   870000 1338000   250 9.86
0.793 0.0636 62.93 26.10  97 78   870000 1338000   250 9.86
0.795 0.0670 63.01 26.10  97 78   870000 1338000   250 9.86
0.797 0.0551 63.11 26.10  97 78   870000 1338000   250 9.86
0.799 0.0662 63.20 26.10  97 78   870000 1338000   250 9.86
0.801 0.0664 63.28 26.10  97 78   870000 1338000   250 9.86
0.803 0.0606 63.35 26.10  97 78   870000 1338000   250 9.86
0.806 0.0612 63.40 26.10  97 78   870000 1338000   250 9.86
0.808 0.0605 63.45 26.10  97 78   870000 1338000   250 9.86
0.810 0.0655 63.48 26.10  97 78   870000 1338000   250 9.86
0.812 0.0666 63.51 26.10  97 78   870000 1338000   250 9.86
0.814 0.0588 63.53 26.10  97 78   870000 1338000   250 9.86
0.816 0.0683 63.53 26.10  97 78   870000 1338000   250 9.86
0.818 0.0635 63.53 26.10  97 78   870000 1338000   250 9.86
0.821 0.0654 63.53 26.10  97 78   870000 1338000   250 9.86
0.823 0.0679 63.52 26.10  97 78   870000 1338000   250 9.86
0.825 0.0641 63.51 26.10  97 78   870000 1338000   250 9.86
0.827 0.0595 63.51 26.10  97 78   870000 1338000   250 9.86
0.829 0.0636 63.49 26.10  97 78   870000 1338000   250 9.86
0.831 0.0646 63.47 26.10  97 78   870000 1338000   250 9.86
0.833 0.0600 63.44 26.10  97 78   870000 1338000   250 9.86
0.835 0.0608 63.41 26.10  97 78   870000 1338000   250 9.86
0.838 0.0616 63.38 26.10  97 78   870000 1338000   250 9.86
0.840 0.0676 63.35 26.10  97 78   870000 1338000   250 9.86
0.842 0.0568 63.32 26.10  97 78   870000 1338000   250 9.86
0.844 0.0683 63.30 26.10  97 78   870000 1338000   250 9.86
0.846 0.0676 63.31 26.10  97 78   870000 1338000   250 9.86
0.848 0.0600 63.34 26.10  97 78   870000 1338000   250 9.86
0.850 0.0646 63.40 26.10  97 78   870000 1338000   250 9.86
0.853 0.0630 63.51 26.10  97 78   870000 1338000   250 9.86
0.855 0.0626 63.64 26.10  97 78   870000 1338000   250 9.86
0.857 0.0611 63.80 26.10  97 78   870000 1338000   250 9.86
0.859 0.0664 63.96 26.10  97 78   870000 1338000   250 9.86
0.861 0.0658 64.12 26.10  97 78   870000 1338000   250 9.86
0.863 0.0650 64.27 26.10  97 78   870000 1338000   250 9.86
0.865 0.0628 64.41 26.10  97 78   870000 1338000   250 9.86
0.868 0.0625 64.52 26.10  97 78   870000 1338000   250 9.86
0.870 0.0682 64.61 26.10  97 78   870000 1338000   250 9.86
0.872 0.0581 64.68 26.10  97 78   870000 1338000   250 9.86
0.874 0.0664 64.73 26.10  97 78   870000 1338000   250 9.86
0.876 0.0702 64.76 26.10  97 78   870000 1338000   250 9.86
0.878 0.0612 64.79 26.10  97 78   870000 1338000   250 9.86
0.880 0.0650 64.81 26.10  97 78   870000 1338000   250 9.86
0.882 0.0629 64.81 26.10  97 78   870000 1338000   250 9.86
0.885 0.0689 64.79 26.10  97 78   870000 1338000   250 9.86
0.887 0.0679 64.75 26.10  97 78   870000 1338000   250 9.86
0.889 0.0651 64.70 26.10  97 78   870000 1338000   250 9.86
0.891 0.0622 64.62 26.10  97 78   870000 1338000   250 9.86
0.893 0.0616 64.52 26.10  97 78   870000 1338000   250 9.86
0.895 0.0665 64.41 26.10  97 78   870000 1338000   250 9.86
0.897 0.0657 64.30 26.10  97 78   870000 1338000   250 9.86
0.900 0.0587 64.18 26.10  97 78   870000 1338000   250 9.86
0.902 0.0650 64.06 26.10  97 78   870000 1338000   250 9.86
0.904 0.0684 63.93 26.10  97 78   870000 1338000   250 9.86
0.906 0.0661 63.81 26.10  97 78   870000 1338000   250 9.86
0.908 0.0588 63.68 26.10  97 78   870000 1338000   250 9.86
0.910 0.0620 63.55 26.10  97 78   870000 1338000   250 9.86
0.912 0.0635 63.44 26.10  97 78   870000 1338000   250 9.86
0.915 0.0652 63.33 26.10  97 78   870000 1338000   250 9.86
0.917 0.0625 63.24 26.10  97 78   870000 1338000   250 9.86
0.919 0.0659 63.16 26.10  97 78   870000 1338000   250 9.86
0.921 0.0584 63.10 26.10  97 78   870000 1338000   250 9.86
0.923 0.0616 63.05 26.10  97 78   870000 1338000   250 9.86
0.925 0.0664 63.01 26.10  97 78   870000 1338000   250 9.86
0.927 0.0657 62.99 26.10  97 78   870000 1338000   250 9.86
0.929 0.0600 62.97 26.10  97 78   870000 1338000   250 9.86
0.932 0.0662 62.96 26.10  97 78   870000 1338000   250 9.86
0.934 0.0605 62.95 26.10  97 78   870000 1338000   250 9.86
0.936 0.0617 62.95 26.10  97 78   870000 1338000   250 9.86
0.938 0.0644 62.95 26.10  97 78   870000 1338000   250 9.86
0.940 0.0633 62.96 26.10  97 78   870000 1338000   250 9.86
0.942 0.0607 62.97 26.10  97 78   870000 1338000   250 9.86
0.944 0.0633 62.98 26.10  97 78   870000 1338000   250 9.86
0.947 0.0636 62.98 26.10  97 78   870000 1338000   250 9.86
0.949 0.0646 62.98 26.10  97 78   870000 1338000   250 9.86
0.951 0.0589 62.94 26.10  97 78   870000 1338000   250 9.86
0.953 0.0635 62.89 26.10  97 78   870000 1338000   250 9.86
0.955 0.0663 62.83 26.10  97 78   870000 1338000   250 9.86
0.957 0.0609 62.76 26.10  97 78   870000 1338000   250 9.86
0.959 0.0623 62.68 26.10  97 78   870000 1338000   250 9.86
0.962 0.0651 62.59 26.10  97 78   870000 1338000   250 9.86
0.964 0.0627 62.50 26.10  97 78   870000 1338000   250 9.86
0.966 0.0653 62.40 26.10  97 78   870000 1338000   250 9.86
0.968 0.0540 62.30 26.10  97 78   870000 1338000   250 9.86
0.970 0.0674 62.21 26.10  97 78   870000 1338000   250 9.86
0.972 0.0635 62.11 26.10  97 78   870000 1338000   250 9.86
0.974 0.0612 62.01 26.10  97 78   870000 1338000   250 9.86
0.976 0.0620 61.91 26.10  97 78   870000 1338000   250 9.86
0.979 0.0611 61.81 26.10  97 78   870000 1338000   250 9.86
0.981 0.0595 61.71 26.10  97 78   870000 1338000   250 9.86
0.983 0.0636 61.62 26.10  97 78   870000 1338000   250 9.86
0.985 0.0593 61.52 26.10  97 78   870000 1338000   250 9.86
0.987 0.0603 61.43 26.10  97 78   870000 1338000   250 9.86
0.989 0.0614 61.33 26.10  97 78   870000 1338000   250 9.86
0.991 0.0610 61.23 26.10  97 78   870000 1338000   250 9.86
0.994 0.0612 61.14 26.10  97 78   870000 1338000   250 9.86
0.996 0.0629 61.05 26.10  97 78   870000 1338000   250 9.86
0.998 0.0628 60.96 26.10  97 78   870000 1338000   250 9.86
1.000 0.0588 60.88 26.10  97 78   870000 1338000   250 9.86
1.002 0.0616 60.81 26.10  97 78   870000 1338000   250 9.86
1.004 0.0630 60.74 26.10  97 78   870000 1338000   250 9.86
1.006 0.0591 60.68 26.10  97 78   870000 1338000   250 9.86
1.009 0.0605 60.61 26.10  97 78   870000 1338000   250 9.86
1.011 0.0625 60.53 26.10  97 78   870000 1338000   250 9.86
1.013 0.0585 60.45 26.10  97 78   870000 1338000   250 9.86
1.015 0.0600 60.37 26.10  97 78   870000 1338000   250 9.86
1.017 0.0603 60.28 26.10  97 78   870000 1338000   250 9.86
1.019 0.0605 60.17 26.10  97 78   870000 1338000   250 9.86
1.021 0.0587 60.06 26.10  97 78   870000 1338000   250 9.86
1.024 0.0592 59.95 26.10  97 78   870000 1338000   250 9.86
1.026 0.0596 59.85 26.10  97 78   870000 1338000   250 9.86
1.028 0.0609 59.75 26.10  97 78   870000 1338000   250 9.86
1.030 0.0580 59.66 26.10  97 78   870000 1338000   250 9.86
1.032 0.0623 59.59 26.10  97 78   870000 1338000   250 9.86
1.034 0.0587 59.53 26.10  97 78   870000 1338000   250 9.86
1.036 0.0615 59.47 26.10  97 78   870000 1338000   250 9.86
1.038 0.0596 59.41 26.10  97 78   870000 1338000   250 9.86
1.041 0.0587 59.36 26.10  97 78   870000 1338000   250 9.86
1.043 0.0595 59.30 26.10  97 78   870000 1338000   250 9.86
1.045 0.0564 59.25 26.10  97 78   870000 1338000   250 9.86
1.047 0.0607 59.20 26.10  97 78   870000 1338000   250 9.86
1.049 0.0598 59.15 26.10  97 78   870000 1338000   250 9.86
1.051 0.0576 59.11 26.10  97 78   870000 1338000   250 9.86
1.053 0.0609 59.07 26.10  97 78   870000 1338000   250 9.86
1.056 0.0574 59.04 26.10  97 78   870000 1338000   250 9.86
1.058 0.0592 59.01 26.10  97 78   870000 1338000   250 9.86
1.060 0.0599 59.00 26.10  97 78   870000 1338000   250 9.86
1.062 0.0603 59.01 26.10  97 78   870000 1338000   250 9.86
1.064 0.0585 59.03 26.10  97 78   870000 1338000   250 9.86
1.066 0.0568 59.06 26.10  97 78   870000 1338000   250 9.86
1.068 0.0603 59.11 26.10  97 78   870000 1338000   250 9.86
1.071 0.0591 59.18 26.10  97 78   870000 1338000   250 9.86
1.073 0.0575 59.25 26.10  97 78   870000 1338000   250 9.86
1.075 0.0603 59.32 26.10  97 78   870000 1338000   250 9.86
1.077 0.0568 59.38 26.10  97 78   870000 1338000   250 9.86
1.079 0.0621 59.43 26.10  97 78   870000 1338000   250 9.86
1.081 0.0593 59.48 26.10  97 78   870000 1338000   250 9.86
1.083 0.0607 59.52 26.10  97 78   870000 1338000   250 9.86
1.085 0.0584 59.55 26.10  97 78   870000 1338000   250 9.86
1.088 0.0619 59.58 26.10  97 78   870000 1338000   250 9.86
1.090 0.0587 59.62 26.10  97 78   870000 1338000   250 9.86
1.092 0.0591 59.65 26.10  97 78   870000 1338000   250 9.86
1.094 0.0582 59.68 26.10  97 78   870000 1338000   250 9.86
1.096 0.0612 59.71 26.10  97 78   870000 1338000   250 9.86
1.098 0.0625 59.73 26.10  97 78   870000 1338000   250 9.86
1.100 0.0597 59.75 26.10  97 78   870000 1338000   250 9.86
1.103 0.0569 59.75 26.10  97 78   870000 1338000   250 9.86
1.105 0.0607 59.75 26.10  97 78   870000 1338000   250 9.86
1.107 0.0607 59.75 26.10  97 78   870000 1338000   250 9.86
1.109 0.0582 59.73 26.10  97 78   870000 1338000   250 9.86
1.111 0.0569 59.71 26.10  97 78   870000 1338000   250 9.86
1.113 0.0611 59.69 26.10  97 78   870000 1338000   250 9.86
1.115 0.0604 59.66 26.10  97 78   870000 1338000   250 9.86
1.118 0.0573 59.64 26.10  97 78   870000 1338000   250 9.86
1.120 0.0629 59.62 26.10  97 78   870000 1338000   250 9.86
1.122 0.0611 59.61 26.10  97 78   870000 1338000   250 9.86
1.124 0.0584 59.60 26.10  97 78   870000 1338000   250 9.86
1.126 0.0587 59.59 26.10  97 78   870000 1338000   250 9.86
1.128 0.0600 59.58 26.10  97 78   870000 1338000   250 9.86
1.130 0.0604 59.57 26.10  97 78   870000 1338000   250 9.86
1.132 0.0593 59.56 26.10  97 78   870000 1338000   250 9.86
1.135 0.0586 59.54 26.10  97 78   870000 1338000   250 9.86
1.137 0.0602 59.52 26.10  97 78   870000 1338000   250 9.86
1.139 0.0587 59.51 26.10  97 78   870000 1338000   250 9.86
1.141 0.0588 59.50 26.10  97 78   870000 1338000   250 9.86
1.143 0.0618 59.48 26.10  97 78   870000 1338000   250 9.86
1.145 0.0597 59.47 26.10  97 78   870000 1338000   250 9.86
1.147 0.0581 59.46 26.10  97 78   870000 1338000   250 9.86
1.150 0.0568 59.45 26.10  97 78   870000 1338000   250 9.86
1.152 0.0615 59.45 26.10  97 78   870000 1338000   250 9.86
1.154 0.0582 59.46 26.10  97 78   870000 1338000   250 9.86
1.156 0.0615 59.49 26.10  97 78   870000 1338000   250 9.86
1.158 0.0603 59.54 26.10  97 78   870000 1338000   250 9.86
1.160 0.0598 59.60 26.10  97 78   870000 1338000   250 9.86
1.162 0.0586 59.67 26.10  97 78   870000 1338000   250 9.86
1.165 0.0574 59.74 26.10  97 78   870000 1338000   250 9.86
1.167 0.0609 59.80 26.10  97 78   870000 1338000   250 9.86
1.169 0.0599 59.87 26.10  97 78   870000 1338000   250 9.86
1.171 0.0592 59.93 26.10  97 78   870000 1338000   250 9.86
1.173 0.0608 59.98 26.10  97 78   870000 1338000   250 9.86
1.175 0.0595 60.04 26.10  97 78   870000 1338000   250 9.86
1.177 0.0627 60.10 26.10  97 78   870000 1338000   250 9.86
1.179 0.0595 60.15 26.10  97 78   870000 1338000   250 9.86
1.182 0.0596 60.20 26.10  97 78   870000 1338000   250 9.86
1.184 0.0583 60.25 26.10  97 78   870000 1338000   250 9.86
1.186 0.0604 60.29 26.10  97 78   870000 1338000   250 9.86
1.188 0.0636 60.32 26.10  97 78   870000 1338000   250 9.86
1.190 0.0588 60.34 26.10  97 78   870000 1338000   250 9.86
1.192 0.0593 60.35 26.10  97 78   870000 1338000   250 9.86
1.194 0.0637 60.36 26.10  97 78   870000 1338000   250 9.86
1.197 0.0606 60.35 26.10  97 78   870000 1338000   250 9.86
1.199 0.0570 60.34 26.10  97 78   870000 1338000   250 9.86
1.201 0.0606 60.31 26.10  97 78   870000 1338000   250 9.86
1.203 0.0609 60.28 26.10  97 78   870000 1338000   250 9.86
1.205 0.0581 60.23 26.10  97 78   870000 1338000   250 9.86
1.207 0.0607 60.18 26.10  97 78   870000 1338000   250 9.86
1.209 0.0630 60.12 26.10  97 78   870000 1338000   250 9.86
1.212 0.0596 60.06 26.10  97 78   870000 1338000   250 9.86
1.214 0.0589 60.01 26.10  97 78   870000 1338000   250 9.86
1.216 0.0613 59.96 26.10  97 78   870000 1338000   250 9.86
1.218 0.0619 59.92 26.10  97 78   870000 1338000   250 9.86
1.220 0.0562 59.89 26.10  97 78   870000 1338000   250 9.86
1.222 0.0601 59.85 26.10  97 78   870000 1338000   250 9.86
1.224 0.0620 59.82 26.10  97 78   870000 1338000   250 9.86
1.226 0.0558 59.79 26.10  97 78   870000 1338000   250 9.86
1.229 0.0599 59.76 26.10  97 78   870000 1338000   250 9.86
1.231 0.0610 59.73 26.10  97 78   870000 1338000   250 9.86
1.233 0.0644 59.71 26.10  97 78   870000 1338000   250 9.86
1.235 0.0536 59.68 26.10  97 78   870000 1338000   250 9.86
1.237 0.0607 59.65 26.10  97 78   870000 1338000   250 9.86
1.239 0.0605 59.62 26.10  97 78   870000 1338000   250 9.86
1.241 0.0595 59.59 26.10  97 78   870000 1338000   250 9.86
1.244 0.0589 59.57 26.10  97 78   870000 1338000   250 9.86
1.246 0.0600 59.56 26.10  97 78   870000 1338000   250 9.86
1.248 0.0591 59.56 26.10  97 78   870000 1338000   250 9.86
1.250 0.0600 59.57 26.10  97 78   870000 1338000   250 9.86
1.252 0.0627 59.59 26.10  97 78   870000 1338000   250 9.86
1.254 0.0598 59.61 26.10  97 78   870000 1338000   250 9.86
1.256 0.0562 59.64 26.10  97 78   870000 1338000   250 9.86
1.259 0.0608 59.68 26.10  97 78   870000 1338000   250 9.86
1.261 0.0609 59.72 26.10  97 78   870000 1338000   250 9.86
1.263 0.0555 59.75 26.10  97 78   870000 1338000   250 9.86
1.265 0.0582 59.78 26.10  97 78   870000 1338000   250 9.86
1.267 0.0636 59.81 26.10  97 78   870000 1338000   250 9.86
1.269 0.0600 59.82 26.10  97 78   870000 1338000   250 9.86
1.271 0.0602 59.84 26.10  97 78   870000 1338000   250 9.86
1.274 0.0584 59.85 26.10  97 78   870000 1338000   250 9.86
1.276 0.0586 59.85 26.10  97 78   870000 1338000   250 9.86
1.278 0.0612 59.85 26.10  97 78   870000 1338000   250 9.86
1.280 0.0580 59.83 26.10  97 78   870000 1338000   250 9.86
1.282 0.0664 59.80 26.10  97 78   870000 1338000   250 9.86
1.284 0.0563 59.77 26.10  97 78   870000 1338000   250 9.86
1.286 0.0613 59.74 26.10  97 78   870000 1338000   250 9.86
1.288 0.0574 59.70 26.10  97 78   870000 1338000   250 9.86
1.291 0.0601 59.66 26.10  97 78   870000 1338000   250 9.86
1.293 0.0621 59.61 26.10  97 78   870000 1338000   250 9.86
1.295 0.0594 59.56 26.10  97 78   870000 1338000   250 9.86
1.297 0.0636 59.51 26.10  97 78   870000 1338000   250 9.86
1.299 0.0505 59.45 26.10  97 78   870000 1338000   250 9.86
1.301 0.0604 59.39 26.10  97 78   870000 1338000   250 9.86
1.303 0.0600 59.34 26.10  97 78   870000 1338000   250 9.86
1.306 0.0595 59.29 26.10  97 78   870000 1338000   250 9.86
1.308 0.0611 59.26 26.10  97 78   870000 1338000   250 9.86
1.310 0.0566 59.24 26.10  97 78   870000 1338000   250 9.86
1.312 0.0624 59.22 26.10  97 78   870000 1338000   250 9.86
1.314 0.0577 59.22 26.10  97 78   870000 1338000   250 9.86
1.316 0.0582 59.22 26.10  97 78   870000 1338000   250 9.86
1.318 0.0579 59.23 26.10  97 78   870000 1338000   250 9.86
1.321 0.0589 59.25 26.10  97 78   870000 1338000   250 9.86
1.323 0.0637 59.28 26.10  97 78   870000 1338000   250 9.86
1.325 0.0592 59.32 26.10  97 78   870000 1338000   250 9.86
1.327 0.0589 59.37 26.10  97 78   870000 1338000   250 9.86
1.329 0.0562 59.42 26.10  97 78   870000 1338000   250 9.86
1.331 0.0630 59.47 26.10  97 78   870000 1338000   250 9.86
1.333 0.0572 59.53 26.10  97 78   870000 1338000   250 9.86
1.335 0.0623 59.60 26.10  97 78   870000 1338000   250 9.86
1.338 0.0600 59.66 26.10  97 78   870000 1338000   250 9.86
1.340 0.0576 59.73 26.10  97 78   870000 1338000   250 9.86
1.342 0.0578 59.79 26.10  97 78   870000 1338000   250 9.86
1.344 0.0615 59.84 26.10  97 78   870000 1338000   250 9.86
1.346 0.0616 59.89 26.10  97 78   870000 1338000   250 9.86
1.348 0.0566 59.95 26.10  97 78   870000 1338000   250 9.86
1.350 0.0624 60.01 26.10  97 78   870000 1338000   250 9.86
1.353 0.0577 60.05 26.10  97 78   870000 1338000   250 9.86
1.355 0.0599 60.10 26.10  97 78   870000 1338000   250 9.86
1.357 0.0631 60.14 26.10  97 78   870000 1338000   250 9.86
1.359 0.0581 60.18 26.10  97 78   870000 1338000   250 9.86
1.361 0.0613 60.24 26.10  97 78   870000 1338000   250 9.86
1.363 0.0613 60.30 26.10  97 78   870000 1338000   250 9.86
1.365 0.0604 60.37 26.10  97 78   870000 1338000   250 9.86
1.368 0.0621 60.44 26.10  97 78   870000 1338000   250 9.86
1.370 0.0603 60.49 26.10  97 78   870000 1338000   250 9.86
1.372 0.0569 60.54 26.10  97 78   870000 1338000   250 9.86
1.374 0.0621 60.59 26.10  97 78   870000 1338000   250 9.86
1.376 0.0614 60.63 26.10  97 78   870000 1338000   250 9.86
1.378 0.0598 60.66 26.10  97 78   870000 1338000   250 9.86
1.380 0.0597 60.68 26.10  97 78   870000 1338000   250 9.86
1.382 0.0602 60.69 26.10  97 78   870000 1338000   250 9.86
1.385 0.0597 60.70 26.10  97 78   870000 1338000   250 9.86
1.387 0.0614 60.72 26.10  97 78   870000 1338000   250 9.86
1.389 0.0650 60.73 26.10  97 78   870000 1338000   250 9.86
1.391 0.0588 60.76 26.10  97 78   870000 1338000   250 9.86
1.393 0.0591 60.78 26.10  97 78   870000 1338000   250 9.86
1.395 0.0618 60.81 26.10  97 78   870000 1338000   250 9.86
1.397 0.0623 60.86 26.10  97 78   870000 1338000   250 9.86
1.400 0.0628 60.90 26.10  97 78   870000 1338000   250 9.86
1.402 0.0594 60.94 26.10  97 78   870000 1338000   250 9.86
1.404 0.0585 60.98 26.10  97 78   870000 1338000   250 9.86
1.406 0.0599 61.00 26.10  97 78   870000 1338000   250 9.86
1.408 0.0623 61.02 26.10  97 78   870000 1338000   250 9.86
1.410 0.0593 61.03 26.10  97 78   870000 1338000   250 9.86
1.412 0.0642 61.04 26.10  97 78   870000 1338000   250 9.86
1.415 0.0600 61.05 26.10  97 78   870000 1338000   250 9.86
1.417 0.0605 61.05 26.10  97 78   870000 1338000   250 9.86
1.419 0.0595 61.07 26.10  97 78   870000 1338000   250 9.86
1.421 0.0624 61.08 26.10  97 78   870000 1338000   250 9.86
1.423 0.0639 61.08 26.10  97 78   870000 1338000   250 9.86
1.425 0.0599 61.07 26.10  97 78   870000 1338000   250 9.86
1.427 0.0581 61.05 26.10  97 78   870000 1338000   250 9.86
1.429 0.0647 61.03 26.10  97 78   870000 1338000   250 9.86
1.432 0.0615 61.00 26.10  97 78   870000 1338000   250 9.86
1.434 0.0567 60.97 26.10  97 78   870000 1338000   250 9.86
1.436 0.0653 60.92 26.10  97 78   870000 1338000   250 9.86
1.438 0.0597 60.86 26.10  97 78   870000 1338000   250 9.86
1.440 0.0578 60.79 26.10  97 78   870000 1338000   250 9.86
1.442 0.0609 60.71 26.10  97 78   870000 1338000   250 9.86
1.444 0.0623 60.63 26.10  97 78   870000 1338000   250 9.86
1.447 0.0633 60.54 26.10  97 78   870000 1338000   250 9.86
1.449 0.0595 60.46 26.10  97 78   870000 1338000   250 9.86
1.451 0.0594 60.38 26.10  97 78   870000 1338000   250 9.86
1.453 0.0620 60.30 26.10  97 78   870000 1338000   250 9.86
1.455 0.0597 60.24 26.10  97 78   870000 1338000   250 9.86
1.457 0.0575 60.19 26.10  97 78   870000 1338000   250 9.86
1.459 0.0620 60.15 26.10  97 78   870000 1338000   250 9.86
1.462 0.0567 60.14 26.10  97 78   870000 1338000   250 9.86
1.464 0.0598 60.13 26.10  97 78   870000 1338000   250 9.86
1.466 0.0613 60.15 26.10  97 78   870000 1338000   250 9.86
1.468 0.0638 60.17 26.10  97 78   870000 1338000   250 9.86
1.470 0.0603 60.20 26.10  97 78   870000 1338000   250 9.86
1.472 0.0598 60.24 26.10  97 78   870000 1338000   250 9.86
1.474 0.0555 60.29 26.10  97 78   870000 1338000   250 9.86
1.476 0.0618 60.35 26.10  97 78   870000 1338000   250 9.86
1.479 0.0594 60.41 26.10  97 78   870000 1338000   250 9.86
1.481 0.0624 60.47 26.10  97 78   870000 1338000   250 9.86
1.483 0.0604 60.53 26.10  97 78   870000 1338000   250 9.86
1.485 0.0609 60.60 26.10  97 78   870000 1338000   250 9.86
1.487 0.0595 60.66 26.10  97 78   870000 1338000   250 9.86
1.489 0.0605 60.72 26.10  97 78   870000 1338000   250 9.86
1.491 0.0624 60.77 26.10  97 78   870000 1338000   250 9.86
1.494 0.0613 60.79 26.10  97 78   870000 1338000   250 9.86
1.496 0.0620 60.80 26.10  97 78   870000 1338000   250 9.86
1.498 0.0638 60.81 26.10  97 78   870000 1338000   250 9.86
1.500 0.0561 60.80 26.10  97 78   870000 1338000   250 9.86
1.502 0.0635 60.79 26.10  97 78   870000 1338000   250 9.86
1.504 0.0560 60.78 26.10  97 78   870000 1338000   250 9.86
1.506 0.0620 60.77 26.10  97 78   870000 1338000   250 9.86
1.509 0.0627 60.77 26.10  97 78   870000 1338000   250 9.86
1.511 0.0617 60.77 26.10  97 78   870000 1338000   250 9.86
1.513 0.0579 60.77 26.10  97 78   870000 1338000   250 9.86
1.515 0.0636 60.76 26.10  97 78   870000 1338000   250 9.86
1.517 0.0601 60.75 26.10  97 78   870000 1338000   250 9.86
1.519 0.0577 60.74 26.10  97 78   870000 1338000   250 9.86
1.521 0.0626 60.73 26.10  97 78   870000 1338000   250 9.86
1.524 0.0591 60.72 26.10  97 78   870000 1338000   250 9.86
1.526 0.0652 60.72 26.10  97 78   870000 1338000   250 9.86
1.528 0.0565 60.73 26.10  97 78   870000 1338000   250 9.86
1.530 0.0596 60.75 26.10  97 78   870000 1338000   250 9.86
1.532 0.0614 60.77 26.10  97 78   870000 1338000   250 9.86
1.534 0.0611 60.79 26.10  97 78   870000 1338000   250 9.86
1.536 0.0646 60.82 26.10  97 78   870000 1338000   250 9.86
1.538 0.0593 60.84 26.10  97 78   870000 1338000   250 9.86
1.541 0.0591 60.86 26.10  97 78   870000 1338000   250 9.86
1.543 0.0640 60.87 26.10  97 78   870000 1338000   250 9.86
1.545 0.0615 60.88 26.10  97 78   870000 1338000   250 9.86
1.547 0.0607 60.88 26.10  97 78   870000 1338000   250 9.86
1.549 0.0582 60.88 26.10  97 78   870000 1338000   250 9.86
1.551 0.0611 60.87 26.10  97 78   870000 1338000   250 9.86
1.553 0.0586 60.85 26.10  97 78   870000 1338000   250 9.86
1.556 0.0603 60.82 26.10  97 78   870000 1338000   250 9.86
1.558 0.0636 60.77 26.10  97 78   870000 1338000   250 9.86
1.560 0.0596 60.71 26.10  97 78   870000 1338000   250 9.86
1.562 0.0616 60.65 26.10  97 78   870000 1338000   250 9.86
1.564 0.0618 60.59 26.10  97 78   870000 1338000   250 9.86
1.567 0.0610 60.54 26.10  97 78   870000 1338000   250 9.86
1.569 0.0632 60.50 26.10  97 78   870000 1338000   250 9.86
1.571 0.0566 60.47 26.10  97 78   870000 1338000   250 9.86
1.574 0.0585 60.45 26.10  97 78   870000 1338000   250 9.86
1.577 0.0614 60.45 26.10  97 78   870000 1338000   250 9.86
1.580 0.0639 60.46 26.10  97 78   870000 1338000   250 9.86
1.583 0.0588 60.47 26.10  97 78   870000 1338000   250 9.86
1.586 0.0594 60.48 26.10  97 78   870000 1338000   250 9.86
1.589 0.0609 60.50 26.10  97 78   870000 1338000   250 9.86
1.592 0.0587 60.51 26.10  97 78   870000 1338000   250 9.86
1.596 0.0611 60.52 26.10  97 78   870000 1338000   250 9.86
1.599 0.0589 60.53 26.10  97 78   870000 1338000   250 9.86
1.603 0.0614 60.55 26.10  97 78   870000 1338000   250 9.86
1.607 0.0604 60.57 26.10  97 78   870000 1338000   250 9.86
1.611 0.0615 60.60 26.10  97 78   870000 1338000   250 9.86
1.616 0.0612 60.64 26.10  97 78   870000 1338000   250 9.86
1.620 0.0606 60.67 26.10  97 78   870000 1338000   250 9.86
1.625 0.0632 60.71 26.10  97 78   870000 1338000   250 9.86
1.630 0.0608 60.75 26.10  97 78   870000 1338000   250 9.86
1.635 0.0596 60.77 26.10  97 78   870000 1338000   250 9.86
1.640 0.0615 60.80 26.10  97 78   870000 1338000   250 9.86
1.646 0.0601 60.82 26.10  97 78   870000 1338000   250 9.86
1.651 0.0608 60.83 26.10  97 78   870000 1338000   250 9.86
1.657 0.0631 60.84 26.10  97 78   870000 1338000   250 9.86
1.664 0.0596 60.86 26.10  97 78   870000 1338000   250 9.86
1.670 0.0596 60.88 26.10  97 78   870000 1338000   250 9.86
1.677 0.0621 60.92 26.10  97 78   870000 1338000   250 9.86
1.684 0.0632 60.97 26.10  97 78   870000 1338000   250 9.86
1.691 0.0605 61.04 26.10  97 78   870000 1338000   250 9.86
1.699 0.0609 61.16 26.10  97 78   870000 1338000   250 9.86
1.707 0.0620 61.34 26.10  97 78   870000 1338000   250 9.86
1.715 0.0619 61.60 26.10  97 78   870000 1338000   250 9.86
1.724 0.0615 61.95 26.10  97 78   870000 1338000   250 9.86
1.733 0.0624 62.42 26.10  97 78   870000 1338000   250 9.86
1.743 0.0632 63.02 26.10  97 78   870000 1338000   250 9.86
1.753 0.0642 63.78 26.10  97 78   870000 1338000   250 9.86
1.763 0.0655 64.72 26.10  97 78   870000 1338000   250 9.86
1.774 0.0655 65.86 26.10  97 78   870000 1338000   250 9.86
1.784 0.0653 67.22 26.10  97 78   870000 1338000   250 9.86
1.795 0.0672 68.80 26.10  97 78   870000 1338000   250 9.86
1.806 0.0679 70.59 26.10  97 78   870000 1338000   250 9.86
1.816 0.0710 72.60 26.10  97 78   870000 1338000   250 9.86
1.827 0.0715 74.79 26.10  97 78   870000 1338000   250 9.86
1.838 0.0745 77.12 26.10  97 78   870000 1338000   250 9.86
1.848 0.0768 79.55 26.10  97 78   870000 1338000   250 9.86
1.859 0.0793 82.03 26.10  97 78   870000 1338000   250 9.86
1.870 0.0822 84.51 26.10  97 78   870000 1338000   250 9.86
1.880 0.0863 86.95 26.10  97 78   870000 1338000   250 9.86
1.891 0.0902 89.31 26.10  97 78   870000 1338000   250 9.86
1.902 0.0936 91.54 26.10  97 78   870000 1338000   250 9.86
1.912 0.0961 93.61 26.10  97 78   870000 1338000   250 9.86
1.923 0.0981 95.51 26.10  97 78   870000 1338000   250 9.86
1.934 0.1020 97.20 26.10  97 78   870000 1338000   250 9.86
1.944 0.1062 98.70 26.10  97 78   870000 1338000   250 9.86
1.955 0.1074 100.00 26.10  97 78   870000 1338000   250 9.86
1.966 0.1088 101.12 26.10  97 78   870000 1338000   250 9.86
1.976 0.1079 102.11 26.10  97 78   870000 1338000   250 9.86
1.987 0.1068 103.02 26.10  97 78   870000 1338000   250 9.86
1.998 0.1062 103.90 26.10  97 78   870000 1338000   250 9.86
2.009 0.1062 104.84 26.10  97 78   870000 1338000   250 9.86
2.019 0.1020 105.91 26.10  97 78   870000 1338000   250 9.86
2.030 0.1048 107.20 26.10  97 78   870000 1338000   250 9.86
2.041 0.1039 108.79 26.10  97 78   870000 1338000   250 9.86
2.051 0.1078 110.73 26.10  97 78   870000 1338000   250 9.86
2.062 0.1081 113.10 26.10  97 78   870000 1338000   250 9.86
2.073 0.1103 115.93 26.10  97 78   870000 1338000   250 9.86
2.083 0.1140 119.23 26.10  97 78   870000 1338000   250 9.86
2.094 0.1177 122.99 26.10  97 78   870000 1338000   250 9.86
2.105 0.1209 127.16 26.10  97 78   870000 1338000   250 9.86
2.115 0.1248 131.70 26.10  97 78   870000 1338000   250 9.86
2.126 0.1314 136.54 26.10  97 78   870000 1338000   250 9.86
2.137 0.1407 141.60 26.10  97 78   870000 1338000   250 9.86
2.147 0.1488 146.84 26.10  97 78   870000 1338000   250 9.86
2.158 0.1566 152.21 26.10  97 78   870000 1338000   250 9.86
2.169 0.1664 157.84 26.10  97 78   870000 1338000   250 9.86
2.179 0.1762 164.77 26.10  97 78   870000 1338000   250 9.86
2.190 0.1802 174.77 26.10  97 78   870000 1338000   250 9.86
2.201 0.1897 185.82 26.10  97 78   870000 1338000   250 9.86
2.212 0.1965 196.74 26.10  97 78   870000 1338000   250 9.86
2.222 0.2052 207.09 26.10  97 78   870000 1338000   250 9.86
2.233 0.2080 216.72 26.10  97 78   870000 1338000   250 9.86
2.244 0.2127 225.63 26.10  97 78   870000 1338000   250 9.86
2.254 0.2209 233.83 26.10  97 78   870000 1338000   250 9.86
2.265 0.2231 241.37 26.10  97 78   870000 1338000   250 9.86
2.276 0.2346 248.29 26.10  97 78   870000 1338000   250 9.86
2.286 0.2344 254.64 26.10  97 78   870000 1338000   250 9.86
2.297 0.2507 260.45 26.10  97 78   870000 1338000   250 9.86
2.308 0.2680 265.76 26.10  97 78   870000 1338000   250 9.86
2.318 0.2845 270.60 26.10  97 78   870000 1338000   250 9.86
2.329 0.3038 274.97 26.10  97 78   870000 1338000   250 9.86
2.340 0.3369 278.88 26.10  97 78   870000 1338000   250 9.86
2.350 0.3611 282.34 26.10  97 78   870000 1338000   250 9.86
2.361 0.3993 285.34 26.10  97 78   870000 1338000   250 9.86
2.372 0.4278 287.85 26.10  97 78   870000 1338000   250 9.86
2.382 0.4745 289.85 26.10  97 78   870000 1338000   250 9.86
2.393 0.4943 291.30 26.10  97 78   870000 1338000   250 9.86
2.404 0.0000 292.15 26.10  97 78   870000 1338000   250 9.86
2.415 0.0000 292.32 26.10  97 78   870000 1338000   250 9.86
