     x     qy smooth tpara  cd  zL     xTr    xCpl frame tma
-1.433 0.3718 327.03 32.60  97 78   765000 1299000   240 9.75
-1.423 0.3793 305.23 32.60  97 78   765000 1299000   240 9.75
-1.414 0.3494 284.56 32.60  97 78   765000 1299000   240 9.75
-1.404 0.2893 265.00 32.60  97 78   765000 1299000   240 9.75
-1.395 0.2151 246.50 32.60  97 78   765000 1299000   240 9.75
-1.386 0.1334 229.04 32.60  97 78   765000 1299000   240 9.75
-1.376 0.1661 212.59 32.60  97 78   765000 1299000   240 9.75
-1.367 0.1557 197.13 32.60  97 78   765000 1299000   240 9.75
-1.358 0.1454 182.64 32.60  97 78   765000 1299000   240 9.75
-1.348 0.1344 169.11 32.60  97 78   765000 1299000   240 9.75
-1.339 0.1257 156.51 32.60  97 78   765000 1299000   240 9.75
-1.330 0.1250 144.85 32.60  97 78   765000 1299000   240 9.75
-1.320 0.1173 134.12 32.60  97 78   765000 1299000   240 9.75
-1.311 0.1111 124.34 32.60  97 78   765000 1299000   240 9.75
-1.301 0.1104 115.50 32.60  97 78   765000 1299000   240 9.75
-1.292 0.1053 107.64 32.60  97 78   765000 1299000   240 9.75
-1.283 0.1024 100.80 32.60  97 78   765000 1299000   240 9.75
-1.273 0.0993 95.00 32.60  97 78   765000 1299000   240 9.75
-1.264 0.0961 90.33 32.60  97 78   765000 1299000   240 9.75
-1.255 0.0937 86.87 32.60  97 78   765000 1299000   240 9.75
-1.245 0.0931 84.70 32.60  97 78   765000 1299000   240 9.75
-1.236 0.0874 83.87 32.60  97 78   765000 1299000   240 9.75
-1.227 0.0891 84.14 32.60  97 78   765000 1299000   240 9.75
-1.217 0.0858 84.42 32.60  97 78   765000 1299000   240 9.75
-1.208 0.0835 83.26 32.60  97 78   765000 1299000   240 9.75
-1.199 0.0837 81.89 32.60  97 78   765000 1299000   240 9.75
-1.189 0.0816 80.44 32.60  97 78   765000 1299000   240 9.75
-1.180 0.0832 79.04 32.60  97 78   765000 1299000   240 9.75
-1.170 0.0789 77.72 32.60  97 78   765000 1299000   240 9.75
-1.161 0.0763 76.47 32.60  97 78   765000 1299000   240 9.75
-1.152 0.0742 75.28 32.60  97 78   765000 1299000   240 9.75
-1.142 0.0770 74.16 32.60  97 78   765000 1299000   240 9.75
-1.133 0.0743 73.12 32.60  97 78   765000 1299000   240 9.75
-1.124 0.0718 72.16 32.60  97 78   765000 1299000   240 9.75
-1.114 0.0709 71.28 32.60  97 78   765000 1299000   240 9.75
-1.105 0.0692 70.49 32.60  97 78   765000 1299000   240 9.75
-1.096 0.0680 69.79 32.60  97 78   765000 1299000   240 9.75
-1.086 0.0676 69.17 32.60  97 78   765000 1299000   240 9.75
-1.077 0.0680 68.65 32.60  97 78   765000 1299000   240 9.75
-1.067 0.0678 68.23 32.60  97 78   765000 1299000   240 9.75
-1.058 0.0670 67.90 32.60  97 78   765000 1299000   240 9.75
-1.049 0.0672 67.67 32.60  97 78   765000 1299000   240 9.75
-1.039 0.0675 67.54 32.60  97 78   765000 1299000   240 9.75
-1.030 0.0676 67.50 32.60  97 78   765000 1299000   240 9.75
-1.021 0.0681 67.54 32.60  97 78   765000 1299000   240 9.75
-1.011 0.0678 67.64 32.60  97 78   765000 1299000   240 9.75
-1.002 0.0683 67.79 32.60  97 78   765000 1299000   240 9.75
-0.993 0.0685 67.99 32.60  97 78   765000 1299000   240 9.75
-0.983 0.0684 68.21 32.60  97 78   765000 1299000   240 9.75
-0.974 0.0688 68.45 32.60  97 78   765000 1299000   240 9.75
-0.964 0.0675 68.68 32.60  97 78   765000 1299000   240 9.75
-0.955 0.0703 68.91 32.60  97 78   765000 1299000   240 9.75
-0.946 0.0692 69.12 32.60  97 78   765000 1299000   240 9.75
-0.936 0.0695 69.30 32.60  97 78   765000 1299000   240 9.75
-0.927 0.0697 69.46 32.60  97 78   765000 1299000   240 9.75
-0.918 0.0699 69.58 32.60  97 78   765000 1299000   240 9.75
-0.908 0.0709 69.66 32.60  97 78   765000 1299000   240 9.75
-0.899 0.0698 69.72 32.60  97 78   765000 1299000   240 9.75
-0.890 0.0710 69.76 32.60  97 78   765000 1299000   240 9.75
-0.880 0.0695 69.77 32.60  97 78   765000 1299000   240 9.75
-0.871 0.0691 69.75 32.60  97 78   765000 1299000   240 9.75
-0.861 0.0696 69.71 32.60  97 78   765000 1299000   240 9.75
-0.852 0.0680 69.64 32.60  97 78   765000 1299000   240 9.75
-0.843 0.0704 69.55 32.60  97 78   765000 1299000   240 9.75
-0.833 0.0689 69.43 32.60  97 78   765000 1299000   240 9.75
-0.824 0.0708 69.29 32.60  97 78   765000 1299000   240 9.75
-0.815 0.0704 69.12 32.60  97 78   765000 1299000   240 9.75
-0.805 0.0672 68.94 32.60  97 78   765000 1299000   240 9.75
-0.796 0.0680 68.76 32.60  97 78   765000 1299000   240 9.75
-0.787 0.0693 68.57 32.60  97 78   765000 1299000   240 9.75
-0.777 0.0681 68.39 32.60  97 78   765000 1299000   240 9.75
-0.768 0.0688 68.22 32.60  97 78   765000 1299000   240 9.75
-0.758 0.0681 68.05 32.60  97 78   765000 1299000   240 9.75
-0.749 0.0677 67.88 32.60  97 78   765000 1299000   240 9.75
-0.740 0.0678 67.72 32.60  97 78   765000 1299000   240 9.75
-0.730 0.0673 67.55 32.60  97 78   765000 1299000   240 9.75
-0.721 0.0674 67.39 32.60  97 78   765000 1299000   240 9.75
-0.712 0.0675 67.23 32.60  97 78   765000 1299000   240 9.75
-0.702 0.0662 67.06 32.60  97 78   765000 1299000   240 9.75
-0.693 0.0663 66.88 32.60  97 78   765000 1299000   240 9.75
-0.684 0.0660 66.68 32.60  97 78   765000 1299000   240 9.75
-0.674 0.0660 66.48 32.60  97 78   765000 1299000   240 9.75
-0.665 0.0655 66.25 32.60  97 78   765000 1299000   240 9.75
-0.655 0.0668 66.02 32.60  97 78   765000 1299000   240 9.75
-0.646 0.0676 65.78 32.60  97 78   765000 1299000   240 9.75
-0.637 0.0668 65.54 32.60  97 78   765000 1299000   240 9.75
-0.627 0.0673 65.30 32.60  97 78   765000 1299000   240 9.75
-0.618 0.0646 65.09 32.60  97 78   765000 1299000   240 9.75
-0.609 0.0644 64.90 32.60  97 78   765000 1299000   240 9.75
-0.599 0.0650 64.74 32.60  97 78   765000 1299000   240 9.75
-0.590 0.0640 64.62 32.60  97 78   765000 1299000   240 9.75
-0.581 0.0647 64.52 32.60  97 78   765000 1299000   240 9.75
-0.571 0.0634 64.45 32.60  97 78   765000 1299000   240 9.75
-0.562 0.0649 64.40 32.60  97 78   765000 1299000   240 9.75
-0.552 0.0635 64.36 32.60  97 78   765000 1299000   240 9.75
-0.543 0.0632 64.33 32.60  97 78   765000 1299000   240 9.75
-0.534 0.0628 64.31 32.60  97 78   765000 1299000   240 9.75
-0.524 0.0638 64.30 32.60  97 78   765000 1299000   240 9.75
-0.515 0.0611 64.28 32.60  97 78   765000 1299000   240 9.75
-0.506 0.0633 64.26 32.60  97 78   765000 1299000   240 9.75
-0.496 0.0660 64.25 32.60  97 78   765000 1299000   240 9.75
-0.487 0.0645 64.23 32.60  97 78   765000 1299000   240 9.75
-0.478 0.0669 64.22 32.60  97 78   765000 1299000   240 9.75
-0.468 0.0660 64.21 32.60  97 78   765000 1299000   240 9.75
-0.459 0.0670 64.19 32.60  97 78   765000 1299000   240 9.75
-0.449 0.0658 64.18 32.60  97 78   765000 1299000   240 9.75
-0.440 0.0641 64.16 32.60  97 78   765000 1299000   240 9.75
-0.431 0.0631 64.13 32.60  97 78   765000 1299000   240 9.75
-0.421 0.0646 64.09 32.60  97 78   765000 1299000   240 9.75
-0.412 0.0627 64.05 32.60  97 78   765000 1299000   240 9.75
-0.403 0.0638 63.99 32.60  97 78   765000 1299000   240 9.75
-0.393 0.0635 63.93 32.60  97 78   765000 1299000   240 9.75
-0.384 0.0617 63.86 32.60  97 78   765000 1299000   240 9.75
-0.375 0.0624 63.78 32.60  97 78   765000 1299000   240 9.75
-0.365 0.0642 63.70 32.60  97 78   765000 1299000   240 9.75
-0.356 0.0640 63.63 32.60  97 78   765000 1299000   240 9.75
-0.346 0.0623 63.57 32.60  97 78   765000 1299000   240 9.75
-0.337 0.0633 63.54 32.60  97 78   765000 1299000   240 9.75
-0.328 0.0639 63.54 32.60  97 78   765000 1299000   240 9.75
-0.318 0.0632 63.57 32.60  97 78   765000 1299000   240 9.75
-0.309 0.0648 63.63 32.60  97 78   765000 1299000   240 9.75
-0.300 0.0647 63.73 32.60  97 78   765000 1299000   240 9.75
-0.290 0.0648 63.85 32.60  97 78   765000 1299000   240 9.75
-0.281 0.0654 63.99 32.60  97 78   765000 1299000   240 9.75
-0.272 0.0633 64.13 32.60  97 78   765000 1299000   240 9.75
-0.262 0.0637 64.27 32.60  97 78   765000 1299000   240 9.75
-0.253 0.0633 64.42 32.60  97 78   765000 1299000   240 9.75
-0.243 0.0656 64.56 32.60  97 78   765000 1299000   240 9.75
-0.234 0.0635 64.71 32.60  97 78   765000 1299000   240 9.75
-0.225 0.0635 64.86 32.60  97 78   765000 1299000   240 9.75
-0.215 0.0651 65.00 32.60  97 78   765000 1299000   240 9.75
-0.206 0.0653 65.15 32.60  97 78   765000 1299000   240 9.75
-0.197 0.0644 65.29 32.60  97 78   765000 1299000   240 9.75
-0.187 0.0652 65.42 32.60  97 78   765000 1299000   240 9.75
-0.178 0.0659 65.54 32.60  97 78   765000 1299000   240 9.75
-0.169 0.0653 65.64 32.60  97 78   765000 1299000   240 9.75
-0.159 0.0660 65.70 32.60  97 78   765000 1299000   240 9.75
-0.150 0.0662 65.73 32.60  97 78   765000 1299000   240 9.75
-0.140 0.0651 65.71 32.60  97 78   765000 1299000   240 9.75
-0.131 0.0662 65.64 32.60  97 78   765000 1299000   240 9.75
-0.122 0.0645 65.50 32.60  97 78   765000 1299000   240 9.75
-0.112 0.0659 65.28 32.60  97 78   765000 1299000   240 9.75
-0.103 0.0651 64.98 32.60  97 78   765000 1299000   240 9.75
-0.094 0.0668 64.58 32.60  97 78   765000 1299000   240 9.75
-0.084 0.0640 64.08 32.60  97 78   765000 1299000   240 9.75
-0.075 0.0649 63.47 32.60  97 78   765000 1299000   240 9.75
-0.066 0.0631 62.75 32.60  97 78   765000 1299000   240 9.75
-0.056 0.0624 61.93 32.60  97 78   765000 1299000   240 9.75
-0.047 0.0606 61.00 32.60  97 78   765000 1299000   240 9.75
-0.037 0.0612 59.98 32.60  97 78   765000 1299000   240 9.75
-0.028 0.0596 58.87 32.60  97 78   765000 1299000   240 9.75
-0.019 0.0578 57.69 32.60  97 78   765000 1299000   240 9.75
-0.009 0.0566 56.45 32.60  97 78   765000 1299000   240 9.75
0.000 0.0558 55.16 32.60  97 78   765000 1299000   240 9.75
0.009 0.0536 53.84 32.60  97 78   765000 1299000   240 9.75
0.019 0.0527 52.50 32.60  97 78   765000 1299000   240 9.75
0.028 0.0528 51.17 32.60  97 78   765000 1299000   240 9.75
0.037 0.0498 49.86 32.60  97 78   765000 1299000   240 9.75
0.047 0.0473 48.58 32.60  97 78   765000 1299000   240 9.75
0.056 0.0462 47.34 32.60  97 78   765000 1299000   240 9.75
0.066 0.0455 46.16 32.60  97 78   765000 1299000   240 9.75
0.075 0.0447 45.05 32.60  97 78   765000 1299000   240 9.75
0.084 0.0424 44.02 32.60  97 78   765000 1299000   240 9.75
0.094 0.0421 43.07 32.60  97 78   765000 1299000   240 9.75
0.103 0.0407 42.22 32.60  97 78   765000 1299000   240 9.75
0.112 0.0409 41.46 32.60  97 78   765000 1299000   240 9.75
0.122 0.0409 40.80 32.60  97 78   765000 1299000   240 9.75
0.131 0.0402 40.23 32.60  97 78   765000 1299000   240 9.75
0.140 0.0395 39.76 32.60  97 78   765000 1299000   240 9.75
0.150 0.0394 39.37 32.60  97 78   765000 1299000   240 9.75
0.159 0.0381 39.05 32.60  97 78   765000 1299000   240 9.75
0.169 0.0393 38.80 32.60  97 78   765000 1299000   240 9.75
0.178 0.0393 38.60 32.60  97 78   765000 1299000   240 9.75
0.187 0.0385 38.44 32.60  97 78   765000 1299000   240 9.75
0.197 0.0373 38.31 32.60  97 78   765000 1299000   240 9.75
0.206 0.0388 38.20 32.60  97 78   765000 1299000   240 9.75
0.215 0.0382 38.10 32.60  97 78   765000 1299000   240 9.75
0.225 0.0376 38.00 32.60  97 78   765000 1299000   240 9.75
0.234 0.0376 37.90 32.60  97 78   765000 1299000   240 9.75
0.243 0.0395 37.78 32.60  97 78   765000 1299000   240 9.75
0.253 0.0392 37.67 32.60  97 78   765000 1299000   240 9.75
0.262 0.0391 37.55 32.60  97 78   765000 1299000   240 9.75
0.271 0.0369 37.42 32.60  97 78   765000 1299000   240 9.75
0.280 0.0377 37.29 32.60  97 78   765000 1299000   240 9.75
0.288 0.0372 37.17 32.60  97 78   765000 1299000   240 9.75
0.296 0.0381 37.06 32.60  97 78   765000 1299000   240 9.75
0.304 0.0350 36.96 32.60  97 78   765000 1299000   240 9.75
0.311 0.0378 36.89 32.60  97 78   765000 1299000   240 9.75
0.318 0.0357 36.82 32.60  97 78   765000 1299000   240 9.75
0.325 0.0358 36.78 32.60  97 78   765000 1299000   240 9.75
0.331 0.0373 36.76 32.60  97 78   765000 1299000   240 9.75
0.337 0.0356 36.77 32.60  97 78   765000 1299000   240 9.75
0.343 0.0368 36.80 32.60  97 78   765000 1299000   240 9.75
0.349 0.0366 36.85 32.60  97 78   765000 1299000   240 9.75
0.355 0.0375 36.93 32.60  97 78   765000 1299000   240 9.75
0.360 0.0354 37.04 32.60  97 78   765000 1299000   240 9.75
0.365 0.0366 37.17 32.60  97 78   765000 1299000   240 9.75
0.370 0.0390 37.33 32.60  97 78   765000 1299000   240 9.75
0.374 0.0375 37.53 32.60  97 78   765000 1299000   240 9.75
0.379 0.0376 37.75 32.60  97 78   765000 1299000   240 9.75
0.383 0.0366 37.99 32.60  97 78   765000 1299000   240 9.75
0.387 0.0406 38.26 32.60  97 78   765000 1299000   240 9.75
0.391 0.0398 38.54 32.60  97 78   765000 1299000   240 9.75
0.395 0.0382 38.84 32.60  97 78   765000 1299000   240 9.75
0.398 0.0402 39.16 32.60  97 78   765000 1299000   240 9.75
0.402 0.0387 39.47 32.60  97 78   765000 1299000   240 9.75
0.405 0.0386 39.78 32.60  97 78   765000 1299000   240 9.75
0.409 0.0387 40.08 32.60  97 78   765000 1299000   240 9.75
0.412 0.0408 40.34 32.60  97 78   765000 1299000   240 9.75
0.415 0.0422 40.58 32.60  97 78   765000 1299000   240 9.75
0.417 0.0381 40.80 32.60  97 78   765000 1299000   240 9.75
0.420 0.0388 41.01 32.60  97 78   765000 1299000   240 9.75
0.423 0.0448 41.21 32.60  97 78   765000 1299000   240 9.75
0.425 0.0419 41.40 32.60  97 78   765000 1299000   240 9.75
0.428 0.0399 41.59 32.60  97 78   765000 1299000   240 9.75
0.430 0.0457 41.78 32.60  97 78   765000 1299000   240 9.75
0.432 0.0418 41.96 32.60  97 78   765000 1299000   240 9.75
0.434 0.0422 42.15 32.60  97 78   765000 1299000   240 9.75
0.436 0.0431 42.33 32.60  97 78   765000 1299000   240 9.75
0.438 0.0432 42.51 32.60  97 78   765000 1299000   240 9.75
0.440 0.0432 42.68 32.60  97 78   765000 1299000   240 9.75
0.442 0.0419 42.84 32.60  97 78   765000 1299000   240 9.75
0.444 0.0437 42.99 32.60  97 78   765000 1299000   240 9.75
0.446 0.0364 43.13 32.60  97 78   765000 1299000   240 9.75
0.448 0.0453 43.24 32.60  97 78   765000 1299000   240 9.75
0.449 0.0403 43.35 32.60  97 78   765000 1299000   240 9.75
0.451 0.0427 43.45 32.60  97 78   765000 1299000   240 9.75
0.453 0.0447 43.56 32.60  97 78   765000 1299000   240 9.75
0.455 0.0478 43.68 32.60  97 78   765000 1299000   240 9.75
0.457 0.0467 43.81 32.60  97 78   765000 1299000   240 9.75
0.459 0.0444 43.94 32.60  97 78   765000 1299000   240 9.75
0.461 0.0426 44.07 32.60  97 78   765000 1299000   240 9.75
0.463 0.0383 44.19 32.60  97 78   765000 1299000   240 9.75
0.464 0.0486 44.30 32.60  97 78   765000 1299000   240 9.75
0.466 0.0452 44.39 32.60  97 78   765000 1299000   240 9.75
0.468 0.0420 44.47 32.60  97 78   765000 1299000   240 9.75
0.470 0.0470 44.53 32.60  97 78   765000 1299000   240 9.75
0.472 0.0444 44.58 32.60  97 78   765000 1299000   240 9.75
0.474 0.0419 44.63 32.60  97 78   765000 1299000   240 9.75
0.476 0.0456 44.66 32.60  97 78   765000 1299000   240 9.75
0.478 0.0476 44.68 32.60  97 78   765000 1299000   240 9.75
0.479 0.0429 44.70 32.60  97 78   765000 1299000   240 9.75
0.481 0.0435 44.71 32.60  97 78   765000 1299000   240 9.75
0.483 0.0441 44.72 32.60  97 78   765000 1299000   240 9.75
0.485 0.0475 44.73 32.60  97 78   765000 1299000   240 9.75
0.487 0.0469 44.75 32.60  97 78   765000 1299000   240 9.75
0.489 0.0423 44.77 32.60  97 78   765000 1299000   240 9.75
0.491 0.0442 44.79 32.60  97 78   765000 1299000   240 9.75
0.493 0.0393 44.79 32.60  97 78   765000 1299000   240 9.75
0.494 0.0465 44.77 32.60  97 78   765000 1299000   240 9.75
0.496 0.0444 44.73 32.60  97 78   765000 1299000   240 9.75
0.498 0.0461 44.67 32.60  97 78   765000 1299000   240 9.75
0.500 0.0449 44.61 32.60  97 78   765000 1299000   240 9.75
0.502 0.0477 44.54 32.60  97 78   765000 1299000   240 9.75
0.504 0.0461 44.48 32.60  97 78   765000 1299000   240 9.75
0.506 0.0446 44.42 32.60  97 78   765000 1299000   240 9.75
0.507 0.0436 44.36 32.60  97 78   765000 1299000   240 9.75
0.509 0.0426 44.29 32.60  97 78   765000 1299000   240 9.75
0.511 0.0441 44.22 32.60  97 78   765000 1299000   240 9.75
0.513 0.0436 44.13 32.60  97 78   765000 1299000   240 9.75
0.515 0.0439 44.03 32.60  97 78   765000 1299000   240 9.75
0.517 0.0448 43.91 32.60  97 78   765000 1299000   240 9.75
0.519 0.0422 43.77 32.60  97 78   765000 1299000   240 9.75
0.521 0.0433 43.62 32.60  97 78   765000 1299000   240 9.75
0.522 0.0450 43.47 32.60  97 78   765000 1299000   240 9.75
0.524 0.0430 43.31 32.60  97 78   765000 1299000   240 9.75
0.526 0.0397 43.15 32.60  97 78   765000 1299000   240 9.75
0.528 0.0448 43.00 32.60  97 78   765000 1299000   240 9.75
0.530 0.0452 42.88 32.60  97 78   765000 1299000   240 9.75
0.532 0.0448 42.80 32.60  97 78   765000 1299000   240 9.75
0.534 0.0431 42.75 32.60  97 78   765000 1299000   240 9.75
0.536 0.0407 42.74 32.60  97 78   765000 1299000   240 9.75
0.537 0.0413 42.75 32.60  97 78   765000 1299000   240 9.75
0.539 0.0460 42.78 32.60  97 78   765000 1299000   240 9.75
0.541 0.0445 42.83 32.60  97 78   765000 1299000   240 9.75
0.543 0.0390 42.88 32.60  97 78   765000 1299000   240 9.75
0.545 0.0396 42.96 32.60  97 78   765000 1299000   240 9.75
0.547 0.0432 43.05 32.60  97 78   765000 1299000   240 9.75
0.549 0.0425 43.16 32.60  97 78   765000 1299000   240 9.75
0.551 0.0437 43.30 32.60  97 78   765000 1299000   240 9.75
0.552 0.0464 43.48 32.60  97 78   765000 1299000   240 9.75
0.554 0.0425 43.69 32.60  97 78   765000 1299000   240 9.75
0.556 0.0428 43.94 32.60  97 78   765000 1299000   240 9.75
0.558 0.0450 44.22 32.60  97 78   765000 1299000   240 9.75
0.560 0.0471 44.55 32.60  97 78   765000 1299000   240 9.75
0.562 0.0429 44.90 32.60  97 78   765000 1299000   240 9.75
0.564 0.0450 45.27 32.60  97 78   765000 1299000   240 9.75
0.566 0.0502 45.67 32.60  97 78   765000 1299000   240 9.75
0.567 0.0440 46.07 32.60  97 78   765000 1299000   240 9.75
0.569 0.0438 46.49 32.60  97 78   765000 1299000   240 9.75
0.571 0.0455 46.90 32.60  97 78   765000 1299000   240 9.75
0.573 0.0474 47.30 32.60  97 78   765000 1299000   240 9.75
0.575 0.0498 47.70 32.60  97 78   765000 1299000   240 9.75
0.577 0.0459 48.09 32.60  97 78   765000 1299000   240 9.75
0.579 0.0500 48.48 32.60  97 78   765000 1299000   240 9.75
0.581 0.0475 48.86 32.60  97 78   765000 1299000   240 9.75
0.582 0.0515 49.24 32.60  97 78   765000 1299000   240 9.75
0.584 0.0508 49.64 32.60  97 78   765000 1299000   240 9.75
0.586 0.0488 50.05 32.60  97 78   765000 1299000   240 9.75
0.588 0.0532 50.48 32.60  97 78   765000 1299000   240 9.75
0.590 0.0505 50.93 32.60  97 78   765000 1299000   240 9.75
0.592 0.0530 51.40 32.60  97 78   765000 1299000   240 9.75
0.594 0.0500 51.88 32.60  97 78   765000 1299000   240 9.75
0.596 0.0485 52.38 32.60  97 78   765000 1299000   240 9.75
0.597 0.0532 52.89 32.60  97 78   765000 1299000   240 9.75
0.599 0.0561 53.41 32.60  97 78   765000 1299000   240 9.75
0.601 0.0537 53.94 32.60  97 78   765000 1299000   240 9.75
0.603 0.0525 54.48 32.60  97 78   765000 1299000   240 9.75
0.605 0.0553 55.03 32.60  97 78   765000 1299000   240 9.75
0.607 0.0574 55.60 32.60  97 78   765000 1299000   240 9.75
0.609 0.0509 56.18 32.60  97 78   765000 1299000   240 9.75
0.610 0.0590 56.79 32.60  97 78   765000 1299000   240 9.75
0.612 0.0551 57.41 32.60  97 78   765000 1299000   240 9.75
0.614 0.0615 58.04 32.60  97 78   765000 1299000   240 9.75
0.616 0.0596 58.67 32.60  97 78   765000 1299000   240 9.75
0.618 0.0575 59.31 32.60  97 78   765000 1299000   240 9.75
0.620 0.0611 59.95 32.60  97 78   765000 1299000   240 9.75
0.622 0.0605 60.56 32.60  97 78   765000 1299000   240 9.75
0.624 0.0617 61.16 32.60  97 78   765000 1299000   240 9.75
0.625 0.0641 61.73 32.60  97 78   765000 1299000   240 9.75
0.627 0.0619 62.26 32.60  97 78   765000 1299000   240 9.75
0.629 0.0576 62.76 32.60  97 78   765000 1299000   240 9.75
0.631 0.0661 63.20 32.60  97 78   765000 1299000   240 9.75
0.633 0.0614 63.61 32.60  97 78   765000 1299000   240 9.75
0.635 0.0674 63.98 32.60  97 78   765000 1299000   240 9.75
0.637 0.0619 64.31 32.60  97 78   765000 1299000   240 9.75
0.639 0.0696 64.62 32.60  97 78   765000 1299000   240 9.75
0.640 0.0641 64.90 32.60  97 78   765000 1299000   240 9.75
0.642 0.0608 65.17 32.60  97 78   765000 1299000   240 9.75
0.644 0.0693 65.43 32.60  97 78   765000 1299000   240 9.75
0.646 0.0669 65.68 32.60  97 78   765000 1299000   240 9.75
0.648 0.0620 65.92 32.60  97 78   765000 1299000   240 9.75
0.650 0.0692 66.16 32.60  97 78   765000 1299000   240 9.75
0.652 0.0660 66.38 32.60  97 78   765000 1299000   240 9.75
0.654 0.0663 66.58 32.60  97 78   765000 1299000   240 9.75
0.655 0.0629 66.77 32.60  97 78   765000 1299000   240 9.75
0.657 0.0695 66.95 32.60  97 78   765000 1299000   240 9.75
0.659 0.0650 67.12 32.60  97 78   765000 1299000   240 9.75
0.661 0.0677 67.28 32.60  97 78   765000 1299000   240 9.75
0.663 0.0647 67.42 32.60  97 78   765000 1299000   240 9.75
0.665 0.0692 67.52 32.60  97 78   765000 1299000   240 9.75
0.667 0.0650 67.57 32.60  97 78   765000 1299000   240 9.75
0.669 0.0701 67.57 32.60  97 78   765000 1299000   240 9.75
0.670 0.0712 67.54 32.60  97 78   765000 1299000   240 9.75
0.672 0.0670 67.48 32.60  97 78   765000 1299000   240 9.75
0.674 0.0689 67.40 32.60  97 78   765000 1299000   240 9.75
0.676 0.0695 67.29 32.60  97 78   765000 1299000   240 9.75
0.678 0.0663 67.16 32.60  97 78   765000 1299000   240 9.75
0.680 0.0650 67.03 32.60  97 78   765000 1299000   240 9.75
0.682 0.0648 66.89 32.60  97 78   765000 1299000   240 9.75
0.684 0.0701 66.77 32.60  97 78   765000 1299000   240 9.75
0.685 0.0660 66.64 32.60  97 78   765000 1299000   240 9.75
0.687 0.0669 66.52 32.60  97 78   765000 1299000   240 9.75
0.689 0.0695 66.41 32.60  97 78   765000 1299000   240 9.75
0.691 0.0646 66.29 32.60  97 78   765000 1299000   240 9.75
0.693 0.0660 66.18 32.60  97 78   765000 1299000   240 9.75
0.695 0.0616 66.07 32.60  97 78   765000 1299000   240 9.75
0.697 0.0657 65.98 32.60  97 78   765000 1299000   240 9.75
0.699 0.0597 65.89 32.60  97 78   765000 1299000   240 9.75
0.700 0.0609 65.82 32.60  97 78   765000 1299000   240 9.75
0.702 0.0647 65.75 32.60  97 78   765000 1299000   240 9.75
0.704 0.0783 65.70 32.60  97 78   765000 1299000   240 9.75
0.706 0.0700 65.65 32.60  97 78   765000 1299000   240 9.75
0.708 0.0625 65.59 32.60  97 78   765000 1299000   240 9.75
0.710 0.0644 65.51 32.60  97 78   765000 1299000   240 9.75
0.712 0.0654 65.41 32.60  97 78   765000 1299000   240 9.75
0.713 0.0668 65.29 32.60  97 78   765000 1299000   240 9.75
0.715 0.0702 65.16 32.60  97 78   765000 1299000   240 9.75
0.717 0.0632 65.02 32.60  97 78   765000 1299000   240 9.75
0.719 0.0632 64.88 32.60  97 78   765000 1299000   240 9.75
0.721 0.0611 64.72 32.60  97 78   765000 1299000   240 9.75
0.723 0.0679 64.54 32.60  97 78   765000 1299000   240 9.75
0.725 0.0617 64.35 32.60  97 78   765000 1299000   240 9.75
0.727 0.0633 64.12 32.60  97 78   765000 1299000   240 9.75
0.728 0.0678 63.86 32.60  97 78   765000 1299000   240 9.75
0.730 0.0620 63.59 32.60  97 78   765000 1299000   240 9.75
0.732 0.0631 63.32 32.60  97 78   765000 1299000   240 9.75
0.734 0.0581 63.05 32.60  97 78   765000 1299000   240 9.75
0.736 0.0670 62.81 32.60  97 78   765000 1299000   240 9.75
0.738 0.0623 62.58 32.60  97 78   765000 1299000   240 9.75
0.740 0.0616 62.37 32.60  97 78   765000 1299000   240 9.75
0.742 0.0568 62.17 32.60  97 78   765000 1299000   240 9.75
0.743 0.0656 61.98 32.60  97 78   765000 1299000   240 9.75
0.745 0.0648 61.79 32.60  97 78   765000 1299000   240 9.75
0.747 0.0643 61.60 32.60  97 78   765000 1299000   240 9.75
0.749 0.0621 61.44 32.60  97 78   765000 1299000   240 9.75
0.751 0.0631 61.31 32.60  97 78   765000 1299000   240 9.75
0.753 0.0585 61.21 32.60  97 78   765000 1299000   240 9.75
0.755 0.0585 61.13 32.60  97 78   765000 1299000   240 9.75
0.757 0.0616 61.06 32.60  97 78   765000 1299000   240 9.75
0.758 0.0624 61.02 32.60  97 78   765000 1299000   240 9.75
0.760 0.0579 60.99 32.60  97 78   765000 1299000   240 9.75
0.762 0.0580 60.97 32.60  97 78   765000 1299000   240 9.75
0.764 0.0636 60.96 32.60  97 78   765000 1299000   240 9.75
0.766 0.0620 60.96 32.60  97 78   765000 1299000   240 9.75
0.768 0.0620 60.97 32.60  97 78   765000 1299000   240 9.75
0.770 0.0560 60.98 32.60  97 78   765000 1299000   240 9.75
0.772 0.0585 61.01 32.60  97 78   765000 1299000   240 9.75
0.773 0.0630 61.05 32.60  97 78   765000 1299000   240 9.75
0.775 0.0621 61.09 32.60  97 78   765000 1299000   240 9.75
0.777 0.0636 61.14 32.60  97 78   765000 1299000   240 9.75
0.779 0.0645 61.20 32.60  97 78   765000 1299000   240 9.75
0.781 0.0656 61.26 32.60  97 78   765000 1299000   240 9.75
0.783 0.0544 61.31 32.60  97 78   765000 1299000   240 9.75
0.785 0.0644 61.36 32.60  97 78   765000 1299000   240 9.75
0.787 0.0617 61.39 32.60  97 78   765000 1299000   240 9.75
0.788 0.0610 61.41 32.60  97 78   765000 1299000   240 9.75
0.790 0.0590 61.42 32.60  97 78   765000 1299000   240 9.75
0.792 0.0619 61.44 32.60  97 78   765000 1299000   240 9.75
0.794 0.0604 61.47 32.60  97 78   765000 1299000   240 9.75
0.796 0.0622 61.51 32.60  97 78   765000 1299000   240 9.75
0.798 0.0616 61.57 32.60  97 78   765000 1299000   240 9.75
0.800 0.0602 61.64 32.60  97 78   765000 1299000   240 9.75
0.801 0.0642 61.73 32.60  97 78   765000 1299000   240 9.75
0.803 0.0609 61.83 32.60  97 78   765000 1299000   240 9.75
0.805 0.0620 61.92 32.60  97 78   765000 1299000   240 9.75
0.807 0.0592 62.01 32.60  97 78   765000 1299000   240 9.75
0.809 0.0588 62.10 32.60  97 78   765000 1299000   240 9.75
0.811 0.0640 62.18 32.60  97 78   765000 1299000   240 9.75
0.813 0.0646 62.26 32.60  97 78   765000 1299000   240 9.75
0.815 0.0617 62.33 32.60  97 78   765000 1299000   240 9.75
0.816 0.0667 62.38 32.60  97 78   765000 1299000   240 9.75
0.818 0.0573 62.40 32.60  97 78   765000 1299000   240 9.75
0.820 0.0668 62.41 32.60  97 78   765000 1299000   240 9.75
0.822 0.0636 62.40 32.60  97 78   765000 1299000   240 9.75
0.824 0.0624 62.38 32.60  97 78   765000 1299000   240 9.75
0.826 0.0623 62.36 32.60  97 78   765000 1299000   240 9.75
0.828 0.0647 62.32 32.60  97 78   765000 1299000   240 9.75
0.830 0.0675 62.29 32.60  97 78   765000 1299000   240 9.75
0.831 0.0510 62.25 32.60  97 78   765000 1299000   240 9.75
0.833 0.0624 62.21 32.60  97 78   765000 1299000   240 9.75
0.835 0.0673 62.17 32.60  97 78   765000 1299000   240 9.75
0.837 0.0568 62.12 32.60  97 78   765000 1299000   240 9.75
0.839 0.0617 62.08 32.60  97 78   765000 1299000   240 9.75
0.841 0.0598 62.06 32.60  97 78   765000 1299000   240 9.75
0.843 0.0634 62.05 32.60  97 78   765000 1299000   240 9.75
0.845 0.0659 62.07 32.60  97 78   765000 1299000   240 9.75
0.846 0.0613 62.14 32.60  97 78   765000 1299000   240 9.75
0.848 0.0580 62.24 32.60  97 78   765000 1299000   240 9.75
0.850 0.0674 62.37 32.60  97 78   765000 1299000   240 9.75
0.852 0.0621 62.54 32.60  97 78   765000 1299000   240 9.75
0.854 0.0601 62.72 32.60  97 78   765000 1299000   240 9.75
0.856 0.0661 62.92 32.60  97 78   765000 1299000   240 9.75
0.858 0.0628 63.11 32.60  97 78   765000 1299000   240 9.75
0.860 0.0623 63.30 32.60  97 78   765000 1299000   240 9.75
0.861 0.0626 63.48 32.60  97 78   765000 1299000   240 9.75
0.863 0.0619 63.65 32.60  97 78   765000 1299000   240 9.75
0.865 0.0665 63.82 32.60  97 78   765000 1299000   240 9.75
0.867 0.0632 63.99 32.60  97 78   765000 1299000   240 9.75
0.869 0.0660 64.16 32.60  97 78   765000 1299000   240 9.75
0.871 0.0589 64.32 32.60  97 78   765000 1299000   240 9.75
0.873 0.0688 64.48 32.60  97 78   765000 1299000   240 9.75
0.875 0.0670 64.65 32.60  97 78   765000 1299000   240 9.75
0.876 0.0642 64.82 32.60  97 78   765000 1299000   240 9.75
0.878 0.0636 64.99 32.60  97 78   765000 1299000   240 9.75
0.880 0.0645 65.16 32.60  97 78   765000 1299000   240 9.75
0.882 0.0680 65.32 32.60  97 78   765000 1299000   240 9.75
0.884 0.0639 65.48 32.60  97 78   765000 1299000   240 9.75
0.886 0.0604 65.61 32.60  97 78   765000 1299000   240 9.75
0.888 0.0701 65.71 32.60  97 78   765000 1299000   240 9.75
0.890 0.0640 65.79 32.60  97 78   765000 1299000   240 9.75
0.891 0.0653 65.86 32.60  97 78   765000 1299000   240 9.75
0.893 0.0643 65.90 32.60  97 78   765000 1299000   240 9.75
0.895 0.0685 65.94 32.60  97 78   765000 1299000   240 9.75
0.897 0.0729 65.96 32.60  97 78   765000 1299000   240 9.75
0.899 0.0632 65.98 32.60  97 78   765000 1299000   240 9.75
0.901 0.0670 66.00 32.60  97 78   765000 1299000   240 9.75
0.903 0.0639 66.03 32.60  97 78   765000 1299000   240 9.75
0.904 0.0669 66.06 32.60  97 78   765000 1299000   240 9.75
0.906 0.0604 66.11 32.60  97 78   765000 1299000   240 9.75
0.908 0.0703 66.16 32.60  97 78   765000 1299000   240 9.75
0.910 0.0690 66.22 32.60  97 78   765000 1299000   240 9.75
0.912 0.0674 66.31 32.60  97 78   765000 1299000   240 9.75
0.914 0.0611 66.40 32.60  97 78   765000 1299000   240 9.75
0.916 0.0665 66.51 32.60  97 78   765000 1299000   240 9.75
0.918 0.0674 66.62 32.60  97 78   765000 1299000   240 9.75
0.919 0.0657 66.76 32.60  97 78   765000 1299000   240 9.75
0.921 0.0637 66.91 32.60  97 78   765000 1299000   240 9.75
0.923 0.0659 67.07 32.60  97 78   765000 1299000   240 9.75
0.925 0.0703 67.23 32.60  97 78   765000 1299000   240 9.75
0.927 0.0701 67.40 32.60  97 78   765000 1299000   240 9.75
0.929 0.0679 67.58 32.60  97 78   765000 1299000   240 9.75
0.931 0.0634 67.75 32.60  97 78   765000 1299000   240 9.75
0.933 0.0682 67.92 32.60  97 78   765000 1299000   240 9.75
0.934 0.0693 68.07 32.60  97 78   765000 1299000   240 9.75
0.936 0.0722 68.19 32.60  97 78   765000 1299000   240 9.75
0.938 0.0660 68.29 32.60  97 78   765000 1299000   240 9.75
0.940 0.0703 68.36 32.60  97 78   765000 1299000   240 9.75
0.942 0.0688 68.41 32.60  97 78   765000 1299000   240 9.75
0.944 0.0657 68.43 32.60  97 78   765000 1299000   240 9.75
0.946 0.0708 68.42 32.60  97 78   765000 1299000   240 9.75
0.948 0.0696 68.39 32.60  97 78   765000 1299000   240 9.75
0.949 0.0671 68.32 32.60  97 78   765000 1299000   240 9.75
0.951 0.0670 68.23 32.60  97 78   765000 1299000   240 9.75
0.953 0.0691 68.11 32.60  97 78   765000 1299000   240 9.75
0.955 0.0657 67.98 32.60  97 78   765000 1299000   240 9.75
0.957 0.0691 67.83 32.60  97 78   765000 1299000   240 9.75
0.959 0.0646 67.67 32.60  97 78   765000 1299000   240 9.75
0.961 0.0698 67.50 32.60  97 78   765000 1299000   240 9.75
0.963 0.0675 67.33 32.60  97 78   765000 1299000   240 9.75
0.964 0.0686 67.15 32.60  97 78   765000 1299000   240 9.75
0.966 0.0669 66.96 32.60  97 78   765000 1299000   240 9.75
0.968 0.0669 66.76 32.60  97 78   765000 1299000   240 9.75
0.970 0.0631 66.57 32.60  97 78   765000 1299000   240 9.75
0.972 0.0680 66.38 32.60  97 78   765000 1299000   240 9.75
0.974 0.0693 66.19 32.60  97 78   765000 1299000   240 9.75
0.976 0.0638 65.99 32.60  97 78   765000 1299000   240 9.75
0.978 0.0650 65.78 32.60  97 78   765000 1299000   240 9.75
0.979 0.0662 65.56 32.60  97 78   765000 1299000   240 9.75
0.981 0.0661 65.34 32.60  97 78   765000 1299000   240 9.75
0.983 0.0649 65.11 32.60  97 78   765000 1299000   240 9.75
0.985 0.0667 64.89 32.60  97 78   765000 1299000   240 9.75
0.987 0.0648 64.67 32.60  97 78   765000 1299000   240 9.75
0.989 0.0616 64.48 32.60  97 78   765000 1299000   240 9.75
0.991 0.0642 64.31 32.60  97 78   765000 1299000   240 9.75
0.993 0.0637 64.17 32.60  97 78   765000 1299000   240 9.75
0.994 0.0656 64.06 32.60  97 78   765000 1299000   240 9.75
0.996 0.0645 63.98 32.60  97 78   765000 1299000   240 9.75
0.998 0.0628 63.92 32.60  97 78   765000 1299000   240 9.75
1.000 0.0624 63.87 32.60  97 78   765000 1299000   240 9.75
1.002 0.0640 63.81 32.60  97 78   765000 1299000   240 9.75
1.004 0.0650 63.74 32.60  97 78   765000 1299000   240 9.75
1.006 0.0634 63.66 32.60  97 78   765000 1299000   240 9.75
1.007 0.0626 63.57 32.60  97 78   765000 1299000   240 9.75
1.009 0.0597 63.48 32.60  97 78   765000 1299000   240 9.75
1.011 0.0641 63.38 32.60  97 78   765000 1299000   240 9.75
1.013 0.0664 63.29 32.60  97 78   765000 1299000   240 9.75
1.015 0.0616 63.20 32.60  97 78   765000 1299000   240 9.75
1.017 0.0650 63.10 32.60  97 78   765000 1299000   240 9.75
1.019 0.0660 62.99 32.60  97 78   765000 1299000   240 9.75
1.021 0.0654 62.87 32.60  97 78   765000 1299000   240 9.75
1.022 0.0612 62.73 32.60  97 78   765000 1299000   240 9.75
1.024 0.0663 62.59 32.60  97 78   765000 1299000   240 9.75
1.026 0.0604 62.45 32.60  97 78   765000 1299000   240 9.75
1.028 0.0596 62.30 32.60  97 78   765000 1299000   240 9.75
1.030 0.0619 62.17 32.60  97 78   765000 1299000   240 9.75
1.032 0.0624 62.04 32.60  97 78   765000 1299000   240 9.75
1.034 0.0545 61.92 32.60  97 78   765000 1299000   240 9.75
1.036 0.0639 61.81 32.60  97 78   765000 1299000   240 9.75
1.037 0.0627 61.73 32.60  97 78   765000 1299000   240 9.75
1.039 0.0632 61.68 32.60  97 78   765000 1299000   240 9.75
1.041 0.0623 61.65 32.60  97 78   765000 1299000   240 9.75
1.043 0.0650 61.64 32.60  97 78   765000 1299000   240 9.75
1.045 0.0585 61.66 32.60  97 78   765000 1299000   240 9.75
1.047 0.0609 61.70 32.60  97 78   765000 1299000   240 9.75
1.049 0.0635 61.77 32.60  97 78   765000 1299000   240 9.75
1.051 0.0589 61.86 32.60  97 78   765000 1299000   240 9.75
1.052 0.0574 61.95 32.60  97 78   765000 1299000   240 9.75
1.054 0.0638 62.02 32.60  97 78   765000 1299000   240 9.75
1.056 0.0647 62.06 32.60  97 78   765000 1299000   240 9.75
1.058 0.0644 62.08 32.60  97 78   765000 1299000   240 9.75
1.060 0.0630 62.07 32.60  97 78   765000 1299000   240 9.75
1.062 0.0609 62.02 32.60  97 78   765000 1299000   240 9.75
1.064 0.0622 61.94 32.60  97 78   765000 1299000   240 9.75
1.066 0.0629 61.84 32.60  97 78   765000 1299000   240 9.75
1.067 0.0625 61.72 32.60  97 78   765000 1299000   240 9.75
1.069 0.0588 61.60 32.60  97 78   765000 1299000   240 9.75
1.071 0.0673 61.49 32.60  97 78   765000 1299000   240 9.75
1.073 0.0621 61.37 32.60  97 78   765000 1299000   240 9.75
1.075 0.0560 61.26 32.60  97 78   765000 1299000   240 9.75
1.077 0.0590 61.16 32.60  97 78   765000 1299000   240 9.75
1.079 0.0647 61.04 32.60  97 78   765000 1299000   240 9.75
1.081 0.0616 60.92 32.60  97 78   765000 1299000   240 9.75
1.082 0.0606 60.79 32.60  97 78   765000 1299000   240 9.75
1.084 0.0591 60.67 32.60  97 78   765000 1299000   240 9.75
1.086 0.0563 60.56 32.60  97 78   765000 1299000   240 9.75
1.088 0.0604 60.47 32.60  97 78   765000 1299000   240 9.75
1.090 0.0618 60.40 32.60  97 78   765000 1299000   240 9.75
1.092 0.0597 60.35 32.60  97 78   765000 1299000   240 9.75
1.094 0.0629 60.33 32.60  97 78   765000 1299000   240 9.75
1.096 0.0609 60.33 32.60  97 78   765000 1299000   240 9.75
1.097 0.0583 60.34 32.60  97 78   765000 1299000   240 9.75
1.099 0.0610 60.36 32.60  97 78   765000 1299000   240 9.75
1.101 0.0644 60.39 32.60  97 78   765000 1299000   240 9.75
1.103 0.0553 60.43 32.60  97 78   765000 1299000   240 9.75
1.105 0.0640 60.47 32.60  97 78   765000 1299000   240 9.75
1.107 0.0613 60.50 32.60  97 78   765000 1299000   240 9.75
1.109 0.0593 60.52 32.60  97 78   765000 1299000   240 9.75
1.110 0.0595 60.53 32.60  97 78   765000 1299000   240 9.75
1.112 0.0587 60.53 32.60  97 78   765000 1299000   240 9.75
1.114 0.0623 60.52 32.60  97 78   765000 1299000   240 9.75
1.116 0.0602 60.52 32.60  97 78   765000 1299000   240 9.75
1.118 0.0613 60.52 32.60  97 78   765000 1299000   240 9.75
1.120 0.0594 60.51 32.60  97 78   765000 1299000   240 9.75
1.122 0.0601 60.49 32.60  97 78   765000 1299000   240 9.75
1.124 0.0628 60.47 32.60  97 78   765000 1299000   240 9.75
1.125 0.0586 60.44 32.60  97 78   765000 1299000   240 9.75
1.127 0.0606 60.40 32.60  97 78   765000 1299000   240 9.75
1.129 0.0616 60.36 32.60  97 78   765000 1299000   240 9.75
1.131 0.0612 60.30 32.60  97 78   765000 1299000   240 9.75
1.133 0.0592 60.23 32.60  97 78   765000 1299000   240 9.75
1.135 0.0603 60.15 32.60  97 78   765000 1299000   240 9.75
1.137 0.0577 60.06 32.60  97 78   765000 1299000   240 9.75
1.139 0.0614 59.96 32.60  97 78   765000 1299000   240 9.75
1.140 0.0551 59.86 32.60  97 78   765000 1299000   240 9.75
1.142 0.0660 59.74 32.60  97 78   765000 1299000   240 9.75
1.144 0.0605 59.63 32.60  97 78   765000 1299000   240 9.75
1.146 0.0597 59.51 32.60  97 78   765000 1299000   240 9.75
1.148 0.0605 59.41 32.60  97 78   765000 1299000   240 9.75
1.150 0.0587 59.31 32.60  97 78   765000 1299000   240 9.75
1.152 0.0600 59.23 32.60  97 78   765000 1299000   240 9.75
1.154 0.0554 59.17 32.60  97 78   765000 1299000   240 9.75
1.155 0.0567 59.11 32.60  97 78   765000 1299000   240 9.75
1.157 0.0593 59.05 32.60  97 78   765000 1299000   240 9.75
1.159 0.0583 59.00 32.60  97 78   765000 1299000   240 9.75
1.161 0.0634 58.96 32.60  97 78   765000 1299000   240 9.75
1.163 0.0575 58.93 32.60  97 78   765000 1299000   240 9.75
1.165 0.0566 58.91 32.60  97 78   765000 1299000   240 9.75
1.167 0.0591 58.91 32.60  97 78   765000 1299000   240 9.75
1.169 0.0634 58.93 32.60  97 78   765000 1299000   240 9.75
1.170 0.0565 58.96 32.60  97 78   765000 1299000   240 9.75
1.172 0.0596 59.02 32.60  97 78   765000 1299000   240 9.75
1.174 0.0567 59.09 32.60  97 78   765000 1299000   240 9.75
1.176 0.0594 59.18 32.60  97 78   765000 1299000   240 9.75
1.178 0.0632 59.28 32.60  97 78   765000 1299000   240 9.75
1.180 0.0577 59.38 32.60  97 78   765000 1299000   240 9.75
1.182 0.0585 59.48 32.60  97 78   765000 1299000   240 9.75
1.184 0.0614 59.57 32.60  97 78   765000 1299000   240 9.75
1.185 0.0589 59.63 32.60  97 78   765000 1299000   240 9.75
1.187 0.0575 59.69 32.60  97 78   765000 1299000   240 9.75
1.189 0.0595 59.73 32.60  97 78   765000 1299000   240 9.75
1.191 0.0588 59.77 32.60  97 78   765000 1299000   240 9.75
1.193 0.0611 59.82 32.60  97 78   765000 1299000   240 9.75
1.195 0.0609 59.87 32.60  97 78   765000 1299000   240 9.75
1.197 0.0612 59.94 32.60  97 78   765000 1299000   240 9.75
1.199 0.0594 60.02 32.60  97 78   765000 1299000   240 9.75
1.200 0.0631 60.10 32.60  97 78   765000 1299000   240 9.75
1.202 0.0577 60.19 32.60  97 78   765000 1299000   240 9.75
1.204 0.0604 60.28 32.60  97 78   765000 1299000   240 9.75
1.206 0.0595 60.38 32.60  97 78   765000 1299000   240 9.75
1.208 0.0616 60.48 32.60  97 78   765000 1299000   240 9.75
1.210 0.0586 60.57 32.60  97 78   765000 1299000   240 9.75
1.212 0.0608 60.66 32.60  97 78   765000 1299000   240 9.75
1.213 0.0601 60.73 32.60  97 78   765000 1299000   240 9.75
1.215 0.0573 60.80 32.60  97 78   765000 1299000   240 9.75
1.217 0.0652 60.86 32.60  97 78   765000 1299000   240 9.75
1.219 0.0596 60.91 32.60  97 78   765000 1299000   240 9.75
1.221 0.0629 60.96 32.60  97 78   765000 1299000   240 9.75
1.223 0.0586 61.01 32.60  97 78   765000 1299000   240 9.75
1.225 0.0629 61.06 32.60  97 78   765000 1299000   240 9.75
1.227 0.0620 61.11 32.60  97 78   765000 1299000   240 9.75
1.228 0.0621 61.16 32.60  97 78   765000 1299000   240 9.75
1.230 0.0612 61.21 32.60  97 78   765000 1299000   240 9.75
1.232 0.0592 61.25 32.60  97 78   765000 1299000   240 9.75
1.234 0.0638 61.27 32.60  97 78   765000 1299000   240 9.75
1.236 0.0616 61.29 32.60  97 78   765000 1299000   240 9.75
1.238 0.0584 61.30 32.60  97 78   765000 1299000   240 9.75
1.240 0.0621 61.29 32.60  97 78   765000 1299000   240 9.75
1.242 0.0627 61.28 32.60  97 78   765000 1299000   240 9.75
1.243 0.0565 61.26 32.60  97 78   765000 1299000   240 9.75
1.245 0.0616 61.24 32.60  97 78   765000 1299000   240 9.75
1.247 0.0642 61.21 32.60  97 78   765000 1299000   240 9.75
1.249 0.0600 61.18 32.60  97 78   765000 1299000   240 9.75
1.251 0.0625 61.16 32.60  97 78   765000 1299000   240 9.75
1.253 0.0628 61.15 32.60  97 78   765000 1299000   240 9.75
1.255 0.0586 61.14 32.60  97 78   765000 1299000   240 9.75
1.257 0.0624 61.15 32.60  97 78   765000 1299000   240 9.75
1.258 0.0606 61.15 32.60  97 78   765000 1299000   240 9.75
1.260 0.0593 61.16 32.60  97 78   765000 1299000   240 9.75
1.262 0.0632 61.16 32.60  97 78   765000 1299000   240 9.75
1.264 0.0603 61.17 32.60  97 78   765000 1299000   240 9.75
1.266 0.0608 61.18 32.60  97 78   765000 1299000   240 9.75
1.268 0.0624 61.19 32.60  97 78   765000 1299000   240 9.75
1.270 0.0619 61.21 32.60  97 78   765000 1299000   240 9.75
1.272 0.0616 61.23 32.60  97 78   765000 1299000   240 9.75
1.273 0.0603 61.25 32.60  97 78   765000 1299000   240 9.75
1.275 0.0608 61.28 32.60  97 78   765000 1299000   240 9.75
1.277 0.0602 61.31 32.60  97 78   765000 1299000   240 9.75
1.279 0.0613 61.34 32.60  97 78   765000 1299000   240 9.75
1.281 0.0610 61.38 32.60  97 78   765000 1299000   240 9.75
1.283 0.0615 61.41 32.60  97 78   765000 1299000   240 9.75
1.285 0.0646 61.45 32.60  97 78   765000 1299000   240 9.75
1.287 0.0599 61.48 32.60  97 78   765000 1299000   240 9.75
1.288 0.0611 61.51 32.60  97 78   765000 1299000   240 9.75
1.290 0.0598 61.53 32.60  97 78   765000 1299000   240 9.75
1.292 0.0629 61.55 32.60  97 78   765000 1299000   240 9.75
1.294 0.0621 61.55 32.60  97 78   765000 1299000   240 9.75
1.296 0.0595 61.56 32.60  97 78   765000 1299000   240 9.75
1.298 0.0648 61.57 32.60  97 78   765000 1299000   240 9.75
1.300 0.0637 61.57 32.60  97 78   765000 1299000   240 9.75
1.301 0.0599 61.57 32.60  97 78   765000 1299000   240 9.75
1.303 0.0602 61.56 32.60  97 78   765000 1299000   240 9.75
1.305 0.0610 61.54 32.60  97 78   765000 1299000   240 9.75
1.307 0.0620 61.53 32.60  97 78   765000 1299000   240 9.75
1.309 0.0601 61.50 32.60  97 78   765000 1299000   240 9.75
1.311 0.0649 61.48 32.60  97 78   765000 1299000   240 9.75
1.313 0.0606 61.46 32.60  97 78   765000 1299000   240 9.75
1.315 0.0590 61.44 32.60  97 78   765000 1299000   240 9.75
1.316 0.0601 61.43 32.60  97 78   765000 1299000   240 9.75
1.318 0.0656 61.44 32.60  97 78   765000 1299000   240 9.75
1.320 0.0595 61.45 32.60  97 78   765000 1299000   240 9.75
1.322 0.0630 61.48 32.60  97 78   765000 1299000   240 9.75
1.324 0.0593 61.50 32.60  97 78   765000 1299000   240 9.75
1.326 0.0606 61.53 32.60  97 78   765000 1299000   240 9.75
1.328 0.0649 61.57 32.60  97 78   765000 1299000   240 9.75
1.330 0.0610 61.60 32.60  97 78   765000 1299000   240 9.75
1.331 0.0589 61.63 32.60  97 78   765000 1299000   240 9.75
1.333 0.0632 61.66 32.60  97 78   765000 1299000   240 9.75
1.335 0.0599 61.68 32.60  97 78   765000 1299000   240 9.75
1.337 0.0632 61.70 32.60  97 78   765000 1299000   240 9.75
1.339 0.0617 61.70 32.60  97 78   765000 1299000   240 9.75
1.341 0.0634 61.70 32.60  97 78   765000 1299000   240 9.75
1.343 0.0602 61.70 32.60  97 78   765000 1299000   240 9.75
1.345 0.0632 61.70 32.60  97 78   765000 1299000   240 9.75
1.346 0.0608 61.70 32.60  97 78   765000 1299000   240 9.75
1.348 0.0634 61.71 32.60  97 78   765000 1299000   240 9.75
1.350 0.0606 61.71 32.60  97 78   765000 1299000   240 9.75
1.352 0.0627 61.72 32.60  97 78   765000 1299000   240 9.75
1.354 0.0623 61.74 32.60  97 78   765000 1299000   240 9.75
1.356 0.0593 61.76 32.60  97 78   765000 1299000   240 9.75
1.358 0.0630 61.79 32.60  97 78   765000 1299000   240 9.75
1.360 0.0589 61.81 32.60  97 78   765000 1299000   240 9.75
1.361 0.0621 61.84 32.60  97 78   765000 1299000   240 9.75
1.363 0.0632 61.86 32.60  97 78   765000 1299000   240 9.75
1.365 0.0609 61.87 32.60  97 78   765000 1299000   240 9.75
1.367 0.0606 61.89 32.60  97 78   765000 1299000   240 9.75
1.369 0.0655 61.92 32.60  97 78   765000 1299000   240 9.75
1.371 0.0604 61.95 32.60  97 78   765000 1299000   240 9.75
1.373 0.0617 61.98 32.60  97 78   765000 1299000   240 9.75
1.375 0.0618 62.03 32.60  97 78   765000 1299000   240 9.75
1.376 0.0613 62.08 32.60  97 78   765000 1299000   240 9.75
1.378 0.0672 62.13 32.60  97 78   765000 1299000   240 9.75
1.380 0.0589 62.18 32.60  97 78   765000 1299000   240 9.75
1.382 0.0633 62.23 32.60  97 78   765000 1299000   240 9.75
1.384 0.0616 62.26 32.60  97 78   765000 1299000   240 9.75
1.386 0.0623 62.29 32.60  97 78   765000 1299000   240 9.75
1.388 0.0621 62.30 32.60  97 78   765000 1299000   240 9.75
1.390 0.0626 62.30 32.60  97 78   765000 1299000   240 9.75
1.391 0.0630 62.30 32.60  97 78   765000 1299000   240 9.75
1.393 0.0602 62.29 32.60  97 78   765000 1299000   240 9.75
1.395 0.0612 62.27 32.60  97 78   765000 1299000   240 9.75
1.397 0.0618 62.24 32.60  97 78   765000 1299000   240 9.75
1.399 0.0621 62.20 32.60  97 78   765000 1299000   240 9.75
1.401 0.0651 62.16 32.60  97 78   765000 1299000   240 9.75
1.403 0.0630 62.12 32.60  97 78   765000 1299000   240 9.75
1.404 0.0620 62.07 32.60  97 78   765000 1299000   240 9.75
1.406 0.0613 62.01 32.60  97 78   765000 1299000   240 9.75
1.408 0.0616 61.94 32.60  97 78   765000 1299000   240 9.75
1.410 0.0618 61.87 32.60  97 78   765000 1299000   240 9.75
1.412 0.0624 61.79 32.60  97 78   765000 1299000   240 9.75
1.414 0.0615 61.71 32.60  97 78   765000 1299000   240 9.75
1.416 0.0607 61.62 32.60  97 78   765000 1299000   240 9.75
1.418 0.0622 61.54 32.60  97 78   765000 1299000   240 9.75
1.419 0.0617 61.46 32.60  97 78   765000 1299000   240 9.75
1.421 0.0588 61.37 32.60  97 78   765000 1299000   240 9.75
1.423 0.0665 61.29 32.60  97 78   765000 1299000   240 9.75
1.425 0.0594 61.21 32.60  97 78   765000 1299000   240 9.75
1.427 0.0615 61.14 32.60  97 78   765000 1299000   240 9.75
1.429 0.0574 61.06 32.60  97 78   765000 1299000   240 9.75
1.431 0.0624 60.98 32.60  97 78   765000 1299000   240 9.75
1.433 0.0584 60.91 32.60  97 78   765000 1299000   240 9.75
1.434 0.0641 60.85 32.60  97 78   765000 1299000   240 9.75
1.436 0.0627 60.80 32.60  97 78   765000 1299000   240 9.75
1.438 0.0574 60.77 32.60  97 78   765000 1299000   240 9.75
1.440 0.0600 60.76 32.60  97 78   765000 1299000   240 9.75
1.442 0.0613 60.75 32.60  97 78   765000 1299000   240 9.75
1.444 0.0637 60.76 32.60  97 78   765000 1299000   240 9.75
1.446 0.0594 60.78 32.60  97 78   765000 1299000   240 9.75
1.448 0.0625 60.82 32.60  97 78   765000 1299000   240 9.75
1.449 0.0586 60.87 32.60  97 78   765000 1299000   240 9.75
1.451 0.0637 60.92 32.60  97 78   765000 1299000   240 9.75
1.453 0.0586 60.97 32.60  97 78   765000 1299000   240 9.75
1.455 0.0605 61.01 32.60  97 78   765000 1299000   240 9.75
1.457 0.0606 61.06 32.60  97 78   765000 1299000   240 9.75
1.459 0.0596 61.09 32.60  97 78   765000 1299000   240 9.75
1.461 0.0619 61.12 32.60  97 78   765000 1299000   240 9.75
1.463 0.0602 61.15 32.60  97 78   765000 1299000   240 9.75
1.464 0.0617 61.19 32.60  97 78   765000 1299000   240 9.75
1.466 0.0638 61.23 32.60  97 78   765000 1299000   240 9.75
1.468 0.0600 61.28 32.60  97 78   765000 1299000   240 9.75
1.470 0.0640 61.34 32.60  97 78   765000 1299000   240 9.75
1.472 0.0611 61.40 32.60  97 78   765000 1299000   240 9.75
1.474 0.0624 61.45 32.60  97 78   765000 1299000   240 9.75
1.476 0.0606 61.49 32.60  97 78   765000 1299000   240 9.75
1.478 0.0602 61.53 32.60  97 78   765000 1299000   240 9.75
1.479 0.0613 61.55 32.60  97 78   765000 1299000   240 9.75
1.481 0.0617 61.58 32.60  97 78   765000 1299000   240 9.75
1.483 0.0602 61.59 32.60  97 78   765000 1299000   240 9.75
1.485 0.0601 61.59 32.60  97 78   765000 1299000   240 9.75
1.487 0.0628 61.58 32.60  97 78   765000 1299000   240 9.75
1.489 0.0635 61.57 32.60  97 78   765000 1299000   240 9.75
1.491 0.0605 61.56 32.60  97 78   765000 1299000   240 9.75
1.493 0.0599 61.54 32.60  97 78   765000 1299000   240 9.75
1.494 0.0657 61.53 32.60  97 78   765000 1299000   240 9.75
1.496 0.0609 61.52 32.60  97 78   765000 1299000   240 9.75
1.498 0.0625 61.52 32.60  97 78   765000 1299000   240 9.75
1.500 0.0641 61.54 32.60  97 78   765000 1299000   240 9.75
1.502 0.0565 61.56 32.60  97 78   765000 1299000   240 9.75
1.504 0.0605 61.60 32.60  97 78   765000 1299000   240 9.75
1.506 0.0600 61.63 32.60  97 78   765000 1299000   240 9.75
1.507 0.0642 61.67 32.60  97 78   765000 1299000   240 9.75
1.509 0.0600 61.70 32.60  97 78   765000 1299000   240 9.75
1.511 0.0641 61.72 32.60  97 78   765000 1299000   240 9.75
1.513 0.0617 61.75 32.60  97 78   765000 1299000   240 9.75
1.515 0.0649 61.77 32.60  97 78   765000 1299000   240 9.75
1.517 0.0565 61.79 32.60  97 78   765000 1299000   240 9.75
1.519 0.0626 61.81 32.60  97 78   765000 1299000   240 9.75
1.521 0.0626 61.83 32.60  97 78   765000 1299000   240 9.75
1.522 0.0607 61.86 32.60  97 78   765000 1299000   240 9.75
1.524 0.0633 61.88 32.60  97 78   765000 1299000   240 9.75
1.526 0.0614 61.90 32.60  97 78   765000 1299000   240 9.75
1.528 0.0593 61.90 32.60  97 78   765000 1299000   240 9.75
1.530 0.0666 61.90 32.60  97 78   765000 1299000   240 9.75
1.532 0.0636 61.89 32.60  97 78   765000 1299000   240 9.75
1.534 0.0575 61.87 32.60  97 78   765000 1299000   240 9.75
1.536 0.0663 61.86 32.60  97 78   765000 1299000   240 9.75
1.537 0.0611 61.85 32.60  97 78   765000 1299000   240 9.75
1.539 0.0606 61.84 32.60  97 78   765000 1299000   240 9.75
1.541 0.0602 61.85 32.60  97 78   765000 1299000   240 9.75
1.543 0.0634 61.87 32.60  97 78   765000 1299000   240 9.75
1.545 0.0594 61.92 32.60  97 78   765000 1299000   240 9.75
1.547 0.0651 61.98 32.60  97 78   765000 1299000   240 9.75
1.549 0.0595 62.04 32.60  97 78   765000 1299000   240 9.75
1.551 0.0632 62.10 32.60  97 78   765000 1299000   240 9.75
1.552 0.0596 62.16 32.60  97 78   765000 1299000   240 9.75
1.554 0.0651 62.22 32.60  97 78   765000 1299000   240 9.75
1.556 0.0606 62.27 32.60  97 78   765000 1299000   240 9.75
1.558 0.0589 62.33 32.60  97 78   765000 1299000   240 9.75
1.560 0.0653 62.39 32.60  97 78   765000 1299000   240 9.75
1.562 0.0626 62.44 32.60  97 78   765000 1299000   240 9.75
1.564 0.0610 62.49 32.60  97 78   765000 1299000   240 9.75
1.566 0.0643 62.53 32.60  97 78   765000 1299000   240 9.75
1.567 0.0688 62.57 32.60  97 78   765000 1299000   240 9.75
1.570 0.0600 62.62 32.60  97 78   765000 1299000   240 9.75
1.572 0.0613 62.66 32.60  97 78   765000 1299000   240 9.75
1.574 0.0639 62.69 32.60  97 78   765000 1299000   240 9.75
1.576 0.0626 62.73 32.60  97 78   765000 1299000   240 9.75
1.579 0.0624 62.77 32.60  97 78   765000 1299000   240 9.75
1.581 0.0645 62.81 32.60  97 78   765000 1299000   240 9.75
1.584 0.0638 62.86 32.60  97 78   765000 1299000   240 9.75
1.586 0.0571 62.92 32.60  97 78   765000 1299000   240 9.75
1.589 0.0623 62.99 32.60  97 78   765000 1299000   240 9.75
1.592 0.0660 63.07 32.60  97 78   765000 1299000   240 9.75
1.595 0.0617 63.15 32.60  97 78   765000 1299000   240 9.75
1.598 0.0637 63.25 32.60  97 78   765000 1299000   240 9.75
1.602 0.0629 63.36 32.60  97 78   765000 1299000   240 9.75
1.605 0.0640 63.49 32.60  97 78   765000 1299000   240 9.75
1.609 0.0648 63.64 32.60  97 78   765000 1299000   240 9.75
1.613 0.0612 63.82 32.60  97 78   765000 1299000   240 9.75
1.617 0.0661 64.03 32.60  97 78   765000 1299000   240 9.75
1.621 0.0658 64.27 32.60  97 78   765000 1299000   240 9.75
1.625 0.0671 64.56 32.60  97 78   765000 1299000   240 9.75
1.629 0.0657 64.90 32.60  97 78   765000 1299000   240 9.75
1.634 0.0632 65.30 32.60  97 78   765000 1299000   240 9.75
1.639 0.0661 65.77 32.60  97 78   765000 1299000   240 9.75
1.644 0.0677 66.33 32.60  97 78   765000 1299000   240 9.75
1.649 0.0680 67.01 32.60  97 78   765000 1299000   240 9.75
1.655 0.0665 67.82 32.60  97 78   765000 1299000   240 9.75
1.660 0.0691 68.77 32.60  97 78   765000 1299000   240 9.75
1.666 0.0687 69.89 32.60  97 78   765000 1299000   240 9.75
1.673 0.0685 71.19 32.60  97 78   765000 1299000   240 9.75
1.679 0.0705 72.67 32.60  97 78   765000 1299000   240 9.75
1.686 0.0729 74.36 32.60  97 78   765000 1299000   240 9.75
1.693 0.0737 76.22 32.60  97 78   765000 1299000   240 9.75
1.700 0.0777 78.26 32.60  97 78   765000 1299000   240 9.75
1.708 0.0775 80.44 32.60  97 78   765000 1299000   240 9.75
1.716 0.0794 82.71 32.60  97 78   765000 1299000   240 9.75
1.724 0.0845 85.04 32.60  97 78   765000 1299000   240 9.75
1.733 0.0855 87.38 32.60  97 78   765000 1299000   240 9.75
1.742 0.0882 89.67 32.60  97 78   765000 1299000   240 9.75
1.751 0.0925 91.85 32.60  97 78   765000 1299000   240 9.75
1.760 0.0954 93.89 32.60  97 78   765000 1299000   240 9.75
1.770 0.0974 95.74 32.60  97 78   765000 1299000   240 9.75
1.779 0.0998 97.37 32.60  97 78   765000 1299000   240 9.75
1.788 0.1045 98.76 32.60  97 78   765000 1299000   240 9.75
1.798 0.1059 99.92 32.60  97 78   765000 1299000   240 9.75
1.807 0.1059 100.87 32.60  97 78   765000 1299000   240 9.75
1.816 0.1073 101.64 32.60  97 78   765000 1299000   240 9.75
1.826 0.1104 102.29 32.60  97 78   765000 1299000   240 9.75
1.835 0.1072 102.90 32.60  97 78   765000 1299000   240 9.75
1.845 0.1098 103.53 32.60  97 78   765000 1299000   240 9.75
1.854 0.1046 104.27 32.60  97 78   765000 1299000   240 9.75
1.863 0.1064 105.19 32.60  97 78   765000 1299000   240 9.75
1.873 0.1028 106.36 32.60  97 78   765000 1299000   240 9.75
1.882 0.1035 107.85 32.60  97 78   765000 1299000   240 9.75
1.891 0.1018 109.71 32.60  97 78   765000 1299000   240 9.75
1.901 0.1042 111.99 32.60  97 78   765000 1299000   240 9.75
1.910 0.1073 114.70 32.60  97 78   765000 1299000   240 9.75
1.919 0.1084 117.88 32.60  97 78   765000 1299000   240 9.75
1.929 0.1134 121.52 32.60  97 78   765000 1299000   240 9.75
1.938 0.1168 125.62 32.60  97 78   765000 1299000   240 9.75
1.948 0.1233 130.14 32.60  97 78   765000 1299000   240 9.75
1.957 0.1299 135.04 32.60  97 78   765000 1299000   240 9.75
1.966 0.1382 140.27 32.60  97 78   765000 1299000   240 9.75
1.976 0.1486 145.75 32.60  97 78   765000 1299000   240 9.75
1.985 0.1579 151.41 32.60  97 78   765000 1299000   240 9.75
1.994 0.1624 157.14 32.60  97 78   765000 1299000   240 9.75
2.004 0.1689 162.86 32.60  97 78   765000 1299000   240 9.75
2.013 0.1738 168.47 32.60  97 78   765000 1299000   240 9.75
2.022 0.1806 173.87 32.60  97 78   765000 1299000   240 9.75
2.032 0.1849 178.99 32.60  97 78   765000 1299000   240 9.75
2.041 0.1880 183.73 32.60  97 78   765000 1299000   240 9.75
2.051 0.1934 188.01 32.60  97 78   765000 1299000   240 9.75
2.060 0.1993 191.77 32.60  97 78   765000 1299000   240 9.75
2.069 0.1999 194.98 32.60  97 78   765000 1299000   240 9.75
2.079 0.2012 197.67 32.60  97 78   765000 1299000   240 9.75
2.088 0.2029 199.91 32.60  97 78   765000 1299000   240 9.75
2.097 0.2133 201.97 32.60  97 78   765000 1299000   240 9.75
2.107 0.2098 205.34 32.60  97 78   765000 1299000   240 9.75
2.116 0.2141 212.60 32.60  97 78   765000 1299000   240 9.75
2.125 0.2152 221.58 32.60  97 78   765000 1299000   240 9.75
2.135 0.2194 230.83 32.60  97 78   765000 1299000   240 9.75
2.144 0.2202 239.76 32.60  97 78   765000 1299000   240 9.75
2.154 0.2240 248.14 32.60  97 78   765000 1299000   240 9.75
2.163 0.2314 255.89 32.60  97 78   765000 1299000   240 9.75
2.172 0.2322 263.05 32.60  97 78   765000 1299000   240 9.75
2.182 0.2411 269.63 32.60  97 78   765000 1299000   240 9.75
2.191 0.2480 275.68 32.60  97 78   765000 1299000   240 9.75
2.200 0.2570 281.27 32.60  97 78   765000 1299000   240 9.75
2.210 0.2678 286.44 32.60  97 78   765000 1299000   240 9.75
2.219 0.2749 291.24 32.60  97 78   765000 1299000   240 9.75
2.228 0.2989 295.68 32.60  97 78   765000 1299000   240 9.75
2.238 0.3306 299.81 32.60  97 78   765000 1299000   240 9.75
2.247 0.3660 303.64 32.60  97 78   765000 1299000   240 9.75
2.257 0.3953 307.18 32.60  97 78   765000 1299000   240 9.75
2.266 0.4415 310.42 32.60  97 78   765000 1299000   240 9.75
2.275 0.4794 313.35 32.60  97 78   765000 1299000   240 9.75
2.285 0.5198 315.95 32.60  97 78   765000 1299000   240 9.75
2.294 0.5580 318.18 32.60  97 78   765000 1299000   240 9.75
2.303 0.0000 319.98 32.60  97 78   765000 1299000   240 9.75
2.313 0.0000 321.28 32.60  97 78   765000 1299000   240 9.75
