     x     qy smooth tpara  cd  zL     xTr    xCpl frame tma
-3.251 0.2986 249.43 22.00  90 78  1086000 1420000   250 10.18
-3.237 0.2522 234.71 22.00  90 78  1086000 1420000   250 10.18
-3.222 0.2360 220.70 22.00  90 78  1086000 1420000   250 10.18
-3.207 0.2146 207.37 22.00  90 78  1086000 1420000   250 10.18
-3.192 0.1837 194.72 22.00  90 78  1086000 1420000   250 10.18
-3.177 0.1651 182.72 22.00  90 78  1086000 1420000   250 10.18
-3.162 0.1331 171.37 22.00  90 78  1086000 1420000   250 10.18
-3.147 0.1402 160.65 22.00  90 78  1086000 1420000   250 10.18
-3.132 0.1314 150.55 22.00  90 78  1086000 1420000   250 10.18
-3.117 0.1215 141.07 22.00  90 78  1086000 1420000   250 10.18
-3.102 0.1157 132.18 22.00  90 78  1086000 1420000   250 10.18
-3.087 0.1092 123.90 22.00  90 78  1086000 1420000   250 10.18
-3.072 0.1054 116.22 22.00  90 78  1086000 1420000   250 10.18
-3.057 0.1030 109.14 22.00  90 78  1086000 1420000   250 10.18
-3.042 0.0960 102.67 22.00  90 78  1086000 1420000   250 10.18
-3.027 0.0955 96.82 22.00  90 78  1086000 1420000   250 10.18
-3.012 0.0920 91.60 22.00  90 78  1086000 1420000   250 10.18
-2.997 0.0887 87.05 22.00  90 78  1086000 1420000   250 10.18
-2.982 0.0865 83.19 22.00  90 78  1086000 1420000   250 10.18
-2.967 0.0821 80.06 22.00  90 78  1086000 1420000   250 10.18
-2.952 0.0811 77.72 22.00  90 78  1086000 1420000   250 10.18
-2.937 0.0798 76.19 22.00  90 78  1086000 1420000   250 10.18
-2.922 0.0776 75.35 22.00  90 78  1086000 1420000   250 10.18
-2.907 0.0760 74.67 22.00  90 78  1086000 1420000   250 10.18
-2.892 0.0736 73.42 22.00  90 78  1086000 1420000   250 10.18
-2.877 0.0733 72.15 22.00  90 78  1086000 1420000   250 10.18
-2.862 0.0719 70.90 22.00  90 78  1086000 1420000   250 10.18
-2.847 0.0705 69.70 22.00  90 78  1086000 1420000   250 10.18
-2.832 0.0698 68.57 22.00  90 78  1086000 1420000   250 10.18
-2.817 0.0681 67.53 22.00  90 78  1086000 1420000   250 10.18
-2.802 0.0663 66.55 22.00  90 78  1086000 1420000   250 10.18
-2.787 0.0658 65.66 22.00  90 78  1086000 1420000   250 10.18
-2.772 0.0654 64.84 22.00  90 78  1086000 1420000   250 10.18
-2.757 0.0648 64.09 22.00  90 78  1086000 1420000   250 10.18
-2.743 0.0634 63.42 22.00  90 78  1086000 1420000   250 10.18
-2.728 0.0628 62.82 22.00  90 78  1086000 1420000   250 10.18
-2.713 0.0610 62.27 22.00  90 78  1086000 1420000   250 10.18
-2.698 0.0616 61.78 22.00  90 78  1086000 1420000   250 10.18
-2.683 0.0606 61.35 22.00  90 78  1086000 1420000   250 10.18
-2.668 0.0603 60.97 22.00  90 78  1086000 1420000   250 10.18
-2.653 0.0600 60.64 22.00  90 78  1086000 1420000   250 10.18
-2.638 0.0604 60.36 22.00  90 78  1086000 1420000   250 10.18
-2.623 0.0608 60.13 22.00  90 78  1086000 1420000   250 10.18
-2.608 0.0604 59.95 22.00  90 78  1086000 1420000   250 10.18
-2.593 0.0597 59.80 22.00  90 78  1086000 1420000   250 10.18
-2.578 0.0605 59.70 22.00  90 78  1086000 1420000   250 10.18
-2.563 0.0604 59.62 22.00  90 78  1086000 1420000   250 10.18
-2.548 0.0608 59.57 22.00  90 78  1086000 1420000   250 10.18
-2.533 0.0590 59.54 22.00  90 78  1086000 1420000   250 10.18
-2.518 0.0599 59.51 22.00  90 78  1086000 1420000   250 10.18
-2.503 0.0584 59.49 22.00  90 78  1086000 1420000   250 10.18
-2.488 0.0594 59.47 22.00  90 78  1086000 1420000   250 10.18
-2.473 0.0600 59.44 22.00  90 78  1086000 1420000   250 10.18
-2.458 0.0585 59.41 22.00  90 78  1086000 1420000   250 10.18
-2.443 0.0596 59.36 22.00  90 78  1086000 1420000   250 10.18
-2.428 0.0592 59.30 22.00  90 78  1086000 1420000   250 10.18
-2.413 0.0594 59.22 22.00  90 78  1086000 1420000   250 10.18
-2.398 0.0599 59.15 22.00  90 78  1086000 1420000   250 10.18
-2.383 0.0594 59.07 22.00  90 78  1086000 1420000   250 10.18
-2.368 0.0587 59.00 22.00  90 78  1086000 1420000   250 10.18
-2.353 0.0594 58.94 22.00  90 78  1086000 1420000   250 10.18
-2.338 0.0595 58.88 22.00  90 78  1086000 1420000   250 10.18
-2.323 0.0587 58.82 22.00  90 78  1086000 1420000   250 10.18
-2.308 0.0586 58.78 22.00  90 78  1086000 1420000   250 10.18
-2.293 0.0595 58.73 22.00  90 78  1086000 1420000   250 10.18
-2.278 0.0587 58.69 22.00  90 78  1086000 1420000   250 10.18
-2.263 0.0570 58.65 22.00  90 78  1086000 1420000   250 10.18
-2.249 0.0575 58.61 22.00  90 78  1086000 1420000   250 10.18
-2.234 0.0595 58.57 22.00  90 78  1086000 1420000   250 10.18
-2.219 0.0586 58.53 22.00  90 78  1086000 1420000   250 10.18
-2.204 0.0578 58.49 22.00  90 78  1086000 1420000   250 10.18
-2.189 0.0576 58.46 22.00  90 78  1086000 1420000   250 10.18
-2.174 0.0585 58.43 22.00  90 78  1086000 1420000   250 10.18
-2.159 0.0586 58.40 22.00  90 78  1086000 1420000   250 10.18
-2.144 0.0594 58.39 22.00  90 78  1086000 1420000   250 10.18
-2.129 0.0590 58.37 22.00  90 78  1086000 1420000   250 10.18
-2.114 0.0593 58.36 22.00  90 78  1086000 1420000   250 10.18
-2.099 0.0574 58.35 22.00  90 78  1086000 1420000   250 10.18
-2.084 0.0578 58.34 22.00  90 78  1086000 1420000   250 10.18
-2.069 0.0583 58.32 22.00  90 78  1086000 1420000   250 10.18
-2.054 0.0588 58.29 22.00  90 78  1086000 1420000   250 10.18
-2.039 0.0583 58.26 22.00  90 78  1086000 1420000   250 10.18
-2.024 0.0582 58.21 22.00  90 78  1086000 1420000   250 10.18
-2.009 0.0576 58.14 22.00  90 78  1086000 1420000   250 10.18
-1.994 0.0578 58.07 22.00  90 78  1086000 1420000   250 10.18
-1.979 0.0588 57.99 22.00  90 78  1086000 1420000   250 10.18
-1.964 0.0584 57.90 22.00  90 78  1086000 1420000   250 10.18
-1.949 0.0580 57.81 22.00  90 78  1086000 1420000   250 10.18
-1.934 0.0571 57.72 22.00  90 78  1086000 1420000   250 10.18
-1.919 0.0571 57.63 22.00  90 78  1086000 1420000   250 10.18
-1.904 0.0581 57.55 22.00  90 78  1086000 1420000   250 10.18
-1.889 0.0578 57.48 22.00  90 78  1086000 1420000   250 10.18
-1.874 0.0571 57.42 22.00  90 78  1086000 1420000   250 10.18
-1.859 0.0580 57.36 22.00  90 78  1086000 1420000   250 10.18
-1.844 0.0569 57.31 22.00  90 78  1086000 1420000   250 10.18
-1.829 0.0572 57.26 22.00  90 78  1086000 1420000   250 10.18
-1.814 0.0569 57.21 22.00  90 78  1086000 1420000   250 10.18
-1.799 0.0561 57.16 22.00  90 78  1086000 1420000   250 10.18
-1.784 0.0576 57.11 22.00  90 78  1086000 1420000   250 10.18
-1.769 0.0564 57.06 22.00  90 78  1086000 1420000   250 10.18
-1.754 0.0568 57.02 22.00  90 78  1086000 1420000   250 10.18
-1.740 0.0575 56.97 22.00  90 78  1086000 1420000   250 10.18
-1.725 0.0569 56.93 22.00  90 78  1086000 1420000   250 10.18
-1.710 0.0571 56.88 22.00  90 78  1086000 1420000   250 10.18
-1.695 0.0578 56.83 22.00  90 78  1086000 1420000   250 10.18
-1.680 0.0567 56.78 22.00  90 78  1086000 1420000   250 10.18
-1.665 0.0568 56.72 22.00  90 78  1086000 1420000   250 10.18
-1.650 0.0571 56.66 22.00  90 78  1086000 1420000   250 10.18
-1.635 0.0568 56.60 22.00  90 78  1086000 1420000   250 10.18
-1.620 0.0564 56.53 22.00  90 78  1086000 1420000   250 10.18
-1.605 0.0563 56.46 22.00  90 78  1086000 1420000   250 10.18
-1.590 0.0567 56.39 22.00  90 78  1086000 1420000   250 10.18
-1.575 0.0553 56.31 22.00  90 78  1086000 1420000   250 10.18
-1.560 0.0560 56.22 22.00  90 78  1086000 1420000   250 10.18
-1.545 0.0567 56.14 22.00  90 78  1086000 1420000   250 10.18
-1.530 0.0557 56.05 22.00  90 78  1086000 1420000   250 10.18
-1.515 0.0562 55.97 22.00  90 78  1086000 1420000   250 10.18
-1.500 0.0557 55.89 22.00  90 78  1086000 1420000   250 10.18
-1.485 0.0565 55.81 22.00  90 78  1086000 1420000   250 10.18
-1.470 0.0548 55.73 22.00  90 78  1086000 1420000   250 10.18
-1.455 0.0560 55.65 22.00  90 78  1086000 1420000   250 10.18
-1.440 0.0555 55.57 22.00  90 78  1086000 1420000   250 10.18
-1.425 0.0547 55.49 22.00  90 78  1086000 1420000   250 10.18
-1.410 0.0555 55.41 22.00  90 78  1086000 1420000   250 10.18
-1.395 0.0562 55.32 22.00  90 78  1086000 1420000   250 10.18
-1.380 0.0560 55.22 22.00  90 78  1086000 1420000   250 10.18
-1.365 0.0542 55.12 22.00  90 78  1086000 1420000   250 10.18
-1.350 0.0549 55.01 22.00  90 78  1086000 1420000   250 10.18
-1.335 0.0554 54.89 22.00  90 78  1086000 1420000   250 10.18
-1.320 0.0547 54.76 22.00  90 78  1086000 1420000   250 10.18
-1.305 0.0549 54.64 22.00  90 78  1086000 1420000   250 10.18
-1.290 0.0550 54.51 22.00  90 78  1086000 1420000   250 10.18
-1.275 0.0547 54.37 22.00  90 78  1086000 1420000   250 10.18
-1.260 0.0546 54.24 22.00  90 78  1086000 1420000   250 10.18
-1.246 0.0536 54.11 22.00  90 78  1086000 1420000   250 10.18
-1.231 0.0535 53.97 22.00  90 78  1086000 1420000   250 10.18
-1.216 0.0526 53.83 22.00  90 78  1086000 1420000   250 10.18
-1.201 0.0539 53.68 22.00  90 78  1086000 1420000   250 10.18
-1.186 0.0539 53.54 22.00  90 78  1086000 1420000   250 10.18
-1.171 0.0534 53.40 22.00  90 78  1086000 1420000   250 10.18
-1.156 0.0534 53.26 22.00  90 78  1086000 1420000   250 10.18
-1.141 0.0532 53.14 22.00  90 78  1086000 1420000   250 10.18
-1.126 0.0525 53.03 22.00  90 78  1086000 1420000   250 10.18
-1.111 0.0531 52.93 22.00  90 78  1086000 1420000   250 10.18
-1.096 0.0530 52.84 22.00  90 78  1086000 1420000   250 10.18
-1.081 0.0534 52.78 22.00  90 78  1086000 1420000   250 10.18
-1.066 0.0519 52.73 22.00  90 78  1086000 1420000   250 10.18
-1.051 0.0529 52.69 22.00  90 78  1086000 1420000   250 10.18
-1.036 0.0538 52.66 22.00  90 78  1086000 1420000   250 10.18
-1.021 0.0510 52.64 22.00  90 78  1086000 1420000   250 10.18
-1.006 0.0523 52.63 22.00  90 78  1086000 1420000   250 10.18
-0.991 0.0524 52.62 22.00  90 78  1086000 1420000   250 10.18
-0.976 0.0525 52.60 22.00  90 78  1086000 1420000   250 10.18
-0.961 0.0517 52.57 22.00  90 78  1086000 1420000   250 10.18
-0.946 0.0524 52.54 22.00  90 78  1086000 1420000   250 10.18
-0.931 0.0524 52.49 22.00  90 78  1086000 1420000   250 10.18
-0.916 0.0535 52.44 22.00  90 78  1086000 1420000   250 10.18
-0.901 0.0527 52.37 22.00  90 78  1086000 1420000   250 10.18
-0.886 0.0533 52.30 22.00  90 78  1086000 1420000   250 10.18
-0.871 0.0521 52.22 22.00  90 78  1086000 1420000   250 10.18
-0.856 0.0525 52.14 22.00  90 78  1086000 1420000   250 10.18
-0.841 0.0525 52.04 22.00  90 78  1086000 1420000   250 10.18
-0.826 0.0522 51.94 22.00  90 78  1086000 1420000   250 10.18
-0.811 0.0518 51.83 22.00  90 78  1086000 1420000   250 10.18
-0.796 0.0525 51.71 22.00  90 78  1086000 1420000   250 10.18
-0.781 0.0511 51.59 22.00  90 78  1086000 1420000   250 10.18
-0.766 0.0511 51.47 22.00  90 78  1086000 1420000   250 10.18
-0.751 0.0515 51.35 22.00  90 78  1086000 1420000   250 10.18
-0.737 0.0503 51.22 22.00  90 78  1086000 1420000   250 10.18
-0.722 0.0507 51.10 22.00  90 78  1086000 1420000   250 10.18
-0.707 0.0498 50.99 22.00  90 78  1086000 1420000   250 10.18
-0.692 0.0517 50.89 22.00  90 78  1086000 1420000   250 10.18
-0.677 0.0504 50.80 22.00  90 78  1086000 1420000   250 10.18
-0.662 0.0508 50.73 22.00  90 78  1086000 1420000   250 10.18
-0.647 0.0507 50.68 22.00  90 78  1086000 1420000   250 10.18
-0.632 0.0513 50.64 22.00  90 78  1086000 1420000   250 10.18
-0.617 0.0503 50.63 22.00  90 78  1086000 1420000   250 10.18
-0.602 0.0503 50.62 22.00  90 78  1086000 1420000   250 10.18
-0.587 0.0508 50.62 22.00  90 78  1086000 1420000   250 10.18
-0.572 0.0511 50.63 22.00  90 78  1086000 1420000   250 10.18
-0.557 0.0505 50.65 22.00  90 78  1086000 1420000   250 10.18
-0.542 0.0504 50.66 22.00  90 78  1086000 1420000   250 10.18
-0.528 0.0507 50.67 22.00  90 78  1086000 1420000   250 10.18
-0.514 0.0511 50.68 22.00  90 78  1086000 1420000   250 10.18
-0.500 0.0507 50.70 22.00  90 78  1086000 1420000   250 10.18
-0.488 0.0511 50.73 22.00  90 78  1086000 1420000   250 10.18
-0.476 0.0506 50.76 22.00  90 78  1086000 1420000   250 10.18
-0.464 0.0509 50.80 22.00  90 78  1086000 1420000   250 10.18
-0.453 0.0507 50.84 22.00  90 78  1086000 1420000   250 10.18
-0.442 0.0506 50.89 22.00  90 78  1086000 1420000   250 10.18
-0.432 0.0521 50.96 22.00  90 78  1086000 1420000   250 10.18
-0.422 0.0502 51.03 22.00  90 78  1086000 1420000   250 10.18
-0.412 0.0516 51.11 22.00  90 78  1086000 1420000   250 10.18
-0.403 0.0501 51.19 22.00  90 78  1086000 1420000   250 10.18
-0.394 0.0508 51.28 22.00  90 78  1086000 1420000   250 10.18
-0.386 0.0509 51.38 22.00  90 78  1086000 1420000   250 10.18
-0.378 0.0524 51.48 22.00  90 78  1086000 1420000   250 10.18
-0.370 0.0506 51.58 22.00  90 78  1086000 1420000   250 10.18
-0.363 0.0510 51.68 22.00  90 78  1086000 1420000   250 10.18
-0.355 0.0516 51.78 22.00  90 78  1086000 1420000   250 10.18
-0.349 0.0532 51.89 22.00  90 78  1086000 1420000   250 10.18
-0.342 0.0526 51.99 22.00  90 78  1086000 1420000   250 10.18
-0.336 0.0533 52.09 22.00  90 78  1086000 1420000   250 10.18
-0.330 0.0529 52.17 22.00  90 78  1086000 1420000   250 10.18
-0.324 0.0495 52.25 22.00  90 78  1086000 1420000   250 10.18
-0.318 0.0527 52.31 22.00  90 78  1086000 1420000   250 10.18
-0.313 0.0531 52.35 22.00  90 78  1086000 1420000   250 10.18
-0.308 0.0519 52.38 22.00  90 78  1086000 1420000   250 10.18
-0.303 0.0530 52.40 22.00  90 78  1086000 1420000   250 10.18
-0.298 0.0523 52.39 22.00  90 78  1086000 1420000   250 10.18
-0.294 0.0521 52.37 22.00  90 78  1086000 1420000   250 10.18
-0.289 0.0536 52.34 22.00  90 78  1086000 1420000   250 10.18
-0.285 0.0520 52.28 22.00  90 78  1086000 1420000   250 10.18
-0.281 0.0515 52.23 22.00  90 78  1086000 1420000   250 10.18
-0.277 0.0530 52.17 22.00  90 78  1086000 1420000   250 10.18
-0.274 0.0523 52.11 22.00  90 78  1086000 1420000   250 10.18
-0.270 0.0496 52.06 22.00  90 78  1086000 1420000   250 10.18
-0.267 0.0566 52.02 22.00  90 78  1086000 1420000   250 10.18
-0.264 0.0505 51.98 22.00  90 78  1086000 1420000   250 10.18
-0.260 0.0496 51.94 22.00  90 78  1086000 1420000   250 10.18
-0.257 0.0530 51.91 22.00  90 78  1086000 1420000   250 10.18
-0.254 0.0501 51.88 22.00  90 78  1086000 1420000   250 10.18
-0.251 0.0522 51.86 22.00  90 78  1086000 1420000   250 10.18
-0.249 0.0529 51.84 22.00  90 78  1086000 1420000   250 10.18
-0.246 0.0517 51.83 22.00  90 78  1086000 1420000   250 10.18
-0.243 0.0509 51.82 22.00  90 78  1086000 1420000   250 10.18
-0.240 0.0539 51.81 22.00  90 78  1086000 1420000   250 10.18
-0.237 0.0491 51.82 22.00  90 78  1086000 1420000   250 10.18
-0.234 0.0525 51.84 22.00  90 78  1086000 1420000   250 10.18
-0.231 0.0506 51.87 22.00  90 78  1086000 1420000   250 10.18
-0.228 0.0544 51.91 22.00  90 78  1086000 1420000   250 10.18
-0.225 0.0520 51.96 22.00  90 78  1086000 1420000   250 10.18
-0.222 0.0540 52.01 22.00  90 78  1086000 1420000   250 10.18
-0.219 0.0516 52.06 22.00  90 78  1086000 1420000   250 10.18
-0.216 0.0501 52.11 22.00  90 78  1086000 1420000   250 10.18
-0.213 0.0499 52.16 22.00  90 78  1086000 1420000   250 10.18
-0.210 0.0548 52.20 22.00  90 78  1086000 1420000   250 10.18
-0.207 0.0510 52.22 22.00  90 78  1086000 1420000   250 10.18
-0.204 0.0510 52.25 22.00  90 78  1086000 1420000   250 10.18
-0.201 0.0561 52.26 22.00  90 78  1086000 1420000   250 10.18
-0.198 0.0523 52.28 22.00  90 78  1086000 1420000   250 10.18
-0.195 0.0513 52.31 22.00  90 78  1086000 1420000   250 10.18
-0.192 0.0503 52.34 22.00  90 78  1086000 1420000   250 10.18
-0.189 0.0502 52.37 22.00  90 78  1086000 1420000   250 10.18
-0.186 0.0552 52.41 22.00  90 78  1086000 1420000   250 10.18
-0.183 0.0564 52.44 22.00  90 78  1086000 1420000   250 10.18
-0.180 0.0513 52.47 22.00  90 78  1086000 1420000   250 10.18
-0.177 0.0517 52.51 22.00  90 78  1086000 1420000   250 10.18
-0.174 0.0505 52.53 22.00  90 78  1086000 1420000   250 10.18
-0.171 0.0524 52.55 22.00  90 78  1086000 1420000   250 10.18
-0.168 0.0548 52.55 22.00  90 78  1086000 1420000   250 10.18
-0.165 0.0478 52.54 22.00  90 78  1086000 1420000   250 10.18
-0.162 0.0571 52.50 22.00  90 78  1086000 1420000   250 10.18
-0.159 0.0491 52.44 22.00  90 78  1086000 1420000   250 10.18
-0.156 0.0509 52.37 22.00  90 78  1086000 1420000   250 10.18
-0.153 0.0563 52.28 22.00  90 78  1086000 1420000   250 10.18
-0.150 0.0523 52.18 22.00  90 78  1086000 1420000   250 10.18
-0.147 0.0511 52.07 22.00  90 78  1086000 1420000   250 10.18
-0.144 0.0557 51.97 22.00  90 78  1086000 1420000   250 10.18
-0.141 0.0517 51.86 22.00  90 78  1086000 1420000   250 10.18
-0.138 0.0513 51.76 22.00  90 78  1086000 1420000   250 10.18
-0.135 0.0494 51.66 22.00  90 78  1086000 1420000   250 10.18
-0.132 0.0518 51.56 22.00  90 78  1086000 1420000   250 10.18
-0.129 0.0522 51.48 22.00  90 78  1086000 1420000   250 10.18
-0.126 0.0505 51.40 22.00  90 78  1086000 1420000   250 10.18
-0.123 0.0543 51.32 22.00  90 78  1086000 1420000   250 10.18
-0.120 0.0478 51.24 22.00  90 78  1086000 1420000   250 10.18
-0.117 0.0486 51.15 22.00  90 78  1086000 1420000   250 10.18
-0.114 0.0517 51.06 22.00  90 78  1086000 1420000   250 10.18
-0.111 0.0521 50.97 22.00  90 78  1086000 1420000   250 10.18
-0.108 0.0480 50.89 22.00  90 78  1086000 1420000   250 10.18
-0.105 0.0530 50.82 22.00  90 78  1086000 1420000   250 10.18
-0.102 0.0518 50.75 22.00  90 78  1086000 1420000   250 10.18
-0.099 0.0497 50.69 22.00  90 78  1086000 1420000   250 10.18
-0.096 0.0508 50.62 22.00  90 78  1086000 1420000   250 10.18
-0.093 0.0483 50.54 22.00  90 78  1086000 1420000   250 10.18
-0.090 0.0586 50.45 22.00  90 78  1086000 1420000   250 10.18
-0.087 0.0467 50.34 22.00  90 78  1086000 1420000   250 10.18
-0.084 0.0501 50.23 22.00  90 78  1086000 1420000   250 10.18
-0.081 0.0514 50.11 22.00  90 78  1086000 1420000   250 10.18
-0.078 0.0474 49.98 22.00  90 78  1086000 1420000   250 10.18
-0.075 0.0515 49.85 22.00  90 78  1086000 1420000   250 10.18
-0.072 0.0521 49.71 22.00  90 78  1086000 1420000   250 10.18
-0.069 0.0447 49.56 22.00  90 78  1086000 1420000   250 10.18
-0.066 0.0488 49.40 22.00  90 78  1086000 1420000   250 10.18
-0.063 0.0505 49.22 22.00  90 78  1086000 1420000   250 10.18
-0.060 0.0488 49.03 22.00  90 78  1086000 1420000   250 10.18
-0.057 0.0511 48.83 22.00  90 78  1086000 1420000   250 10.18
-0.054 0.0480 48.63 22.00  90 78  1086000 1420000   250 10.18
-0.051 0.0479 48.43 22.00  90 78  1086000 1420000   250 10.18
-0.048 0.0470 48.22 22.00  90 78  1086000 1420000   250 10.18
-0.045 0.0427 48.02 22.00  90 78  1086000 1420000   250 10.18
-0.042 0.0539 47.80 22.00  90 78  1086000 1420000   250 10.18
-0.039 0.0435 47.58 22.00  90 78  1086000 1420000   250 10.18
-0.036 0.0507 47.34 22.00  90 78  1086000 1420000   250 10.18
-0.033 0.0495 47.08 22.00  90 78  1086000 1420000   250 10.18
-0.030 0.0456 46.81 22.00  90 78  1086000 1420000   250 10.18
-0.027 0.0502 46.52 22.00  90 78  1086000 1420000   250 10.18
-0.024 0.0443 46.20 22.00  90 78  1086000 1420000   250 10.18
-0.021 0.0456 45.85 22.00  90 78  1086000 1420000   250 10.18
-0.018 0.0435 45.50 22.00  90 78  1086000 1420000   250 10.18
-0.015 0.0433 45.13 22.00  90 78  1086000 1420000   250 10.18
-0.012 0.0458 44.74 22.00  90 78  1086000 1420000   250 10.18
-0.009 0.0457 44.35 22.00  90 78  1086000 1420000   250 10.18
-0.006 0.0437 43.94 22.00  90 78  1086000 1420000   250 10.18
-0.003 0.0439 43.54 22.00  90 78  1086000 1420000   250 10.18
0.000 0.0447 43.14 22.00  90 78  1086000 1420000   250 10.18
0.003 0.0441 42.75 22.00  90 78  1086000 1420000   250 10.18
0.006 0.0393 42.36 22.00  90 78  1086000 1420000   250 10.18
0.009 0.0412 41.98 22.00  90 78  1086000 1420000   250 10.18
0.012 0.0413 41.62 22.00  90 78  1086000 1420000   250 10.18
0.015 0.0430 41.29 22.00  90 78  1086000 1420000   250 10.18
0.018 0.0394 40.97 22.00  90 78  1086000 1420000   250 10.18
0.021 0.0396 40.68 22.00  90 78  1086000 1420000   250 10.18
0.024 0.0415 40.40 22.00  90 78  1086000 1420000   250 10.18
0.027 0.0402 40.13 22.00  90 78  1086000 1420000   250 10.18
0.030 0.0394 39.87 22.00  90 78  1086000 1420000   250 10.18
0.033 0.0395 39.63 22.00  90 78  1086000 1420000   250 10.18
0.036 0.0418 39.39 22.00  90 78  1086000 1420000   250 10.18
0.039 0.0377 39.18 22.00  90 78  1086000 1420000   250 10.18
0.042 0.0388 38.99 22.00  90 78  1086000 1420000   250 10.18
0.045 0.0381 38.82 22.00  90 78  1086000 1420000   250 10.18
0.048 0.0391 38.67 22.00  90 78  1086000 1420000   250 10.18
0.051 0.0394 38.55 22.00  90 78  1086000 1420000   250 10.18
0.054 0.0396 38.46 22.00  90 78  1086000 1420000   250 10.18
0.057 0.0368 38.38 22.00  90 78  1086000 1420000   250 10.18
0.060 0.0381 38.33 22.00  90 78  1086000 1420000   250 10.18
0.063 0.0395 38.29 22.00  90 78  1086000 1420000   250 10.18
0.066 0.0375 38.28 22.00  90 78  1086000 1420000   250 10.18
0.069 0.0359 38.28 22.00  90 78  1086000 1420000   250 10.18
0.072 0.0392 38.29 22.00  90 78  1086000 1420000   250 10.18
0.075 0.0387 38.31 22.00  90 78  1086000 1420000   250 10.18
0.078 0.0367 38.34 22.00  90 78  1086000 1420000   250 10.18
0.081 0.0368 38.37 22.00  90 78  1086000 1420000   250 10.18
0.084 0.0415 38.40 22.00  90 78  1086000 1420000   250 10.18
0.087 0.0394 38.42 22.00  90 78  1086000 1420000   250 10.18
0.090 0.0368 38.44 22.00  90 78  1086000 1420000   250 10.18
0.093 0.0388 38.45 22.00  90 78  1086000 1420000   250 10.18
0.096 0.0381 38.47 22.00  90 78  1086000 1420000   250 10.18
0.099 0.0370 38.49 22.00  90 78  1086000 1420000   250 10.18
0.102 0.0410 38.50 22.00  90 78  1086000 1420000   250 10.18
0.105 0.0404 38.50 22.00  90 78  1086000 1420000   250 10.18
0.108 0.0403 38.49 22.00  90 78  1086000 1420000   250 10.18
0.111 0.0378 38.47 22.00  90 78  1086000 1420000   250 10.18
0.114 0.0383 38.45 22.00  90 78  1086000 1420000   250 10.18
0.117 0.0360 38.41 22.00  90 78  1086000 1420000   250 10.18
0.120 0.0410 38.36 22.00  90 78  1086000 1420000   250 10.18
0.123 0.0346 38.31 22.00  90 78  1086000 1420000   250 10.18
0.126 0.0382 38.27 22.00  90 78  1086000 1420000   250 10.18
0.129 0.0391 38.23 22.00  90 78  1086000 1420000   250 10.18
0.132 0.0368 38.19 22.00  90 78  1086000 1420000   250 10.18
0.135 0.0377 38.16 22.00  90 78  1086000 1420000   250 10.18
0.138 0.0378 38.12 22.00  90 78  1086000 1420000   250 10.18
0.141 0.0398 38.06 22.00  90 78  1086000 1420000   250 10.18
0.144 0.0390 38.00 22.00  90 78  1086000 1420000   250 10.18
0.147 0.0374 37.93 22.00  90 78  1086000 1420000   250 10.18
0.150 0.0399 37.86 22.00  90 78  1086000 1420000   250 10.18
0.153 0.0370 37.79 22.00  90 78  1086000 1420000   250 10.18
0.156 0.0360 37.71 22.00  90 78  1086000 1420000   250 10.18
0.159 0.0351 37.65 22.00  90 78  1086000 1420000   250 10.18
0.162 0.0370 37.58 22.00  90 78  1086000 1420000   250 10.18
0.165 0.0429 37.51 22.00  90 78  1086000 1420000   250 10.18
0.168 0.0387 37.45 22.00  90 78  1086000 1420000   250 10.18
0.171 0.0376 37.37 22.00  90 78  1086000 1420000   250 10.18
0.174 0.0359 37.30 22.00  90 78  1086000 1420000   250 10.18
0.177 0.0380 37.22 22.00  90 78  1086000 1420000   250 10.18
0.180 0.0365 37.16 22.00  90 78  1086000 1420000   250 10.18
0.183 0.0381 37.10 22.00  90 78  1086000 1420000   250 10.18
0.186 0.0348 37.04 22.00  90 78  1086000 1420000   250 10.18
0.189 0.0329 36.98 22.00  90 78  1086000 1420000   250 10.18
0.192 0.0363 36.93 22.00  90 78  1086000 1420000   250 10.18
0.195 0.0376 36.87 22.00  90 78  1086000 1420000   250 10.18
0.198 0.0365 36.83 22.00  90 78  1086000 1420000   250 10.18
0.201 0.0401 36.80 22.00  90 78  1086000 1420000   250 10.18
0.204 0.0380 36.78 22.00  90 78  1086000 1420000   250 10.18
0.207 0.0363 36.77 22.00  90 78  1086000 1420000   250 10.18
0.210 0.0383 36.76 22.00  90 78  1086000 1420000   250 10.18
0.213 0.0342 36.75 22.00  90 78  1086000 1420000   250 10.18
0.216 0.0377 36.75 22.00  90 78  1086000 1420000   250 10.18
0.219 0.0366 36.75 22.00  90 78  1086000 1420000   250 10.18
0.222 0.0386 36.76 22.00  90 78  1086000 1420000   250 10.18
0.225 0.0345 36.78 22.00  90 78  1086000 1420000   250 10.18
0.228 0.0371 36.78 22.00  90 78  1086000 1420000   250 10.18
0.231 0.0370 36.78 22.00  90 78  1086000 1420000   250 10.18
0.234 0.0373 36.75 22.00  90 78  1086000 1420000   250 10.18
0.237 0.0375 36.71 22.00  90 78  1086000 1420000   250 10.18
0.240 0.0318 36.68 22.00  90 78  1086000 1420000   250 10.18
0.243 0.0374 36.64 22.00  90 78  1086000 1420000   250 10.18
0.246 0.0369 36.61 22.00  90 78  1086000 1420000   250 10.18
0.249 0.0398 36.59 22.00  90 78  1086000 1420000   250 10.18
0.251 0.0377 36.59 22.00  90 78  1086000 1420000   250 10.18
0.254 0.0373 36.61 22.00  90 78  1086000 1420000   250 10.18
0.257 0.0356 36.63 22.00  90 78  1086000 1420000   250 10.18
0.260 0.0344 36.66 22.00  90 78  1086000 1420000   250 10.18
0.263 0.0351 36.69 22.00  90 78  1086000 1420000   250 10.18
0.266 0.0347 36.72 22.00  90 78  1086000 1420000   250 10.18
0.269 0.0427 36.77 22.00  90 78  1086000 1420000   250 10.18
0.272 0.0357 36.84 22.00  90 78  1086000 1420000   250 10.18
0.275 0.0385 36.93 22.00  90 78  1086000 1420000   250 10.18
0.278 0.0359 37.04 22.00  90 78  1086000 1420000   250 10.18
0.281 0.0360 37.16 22.00  90 78  1086000 1420000   250 10.18
0.284 0.0345 37.30 22.00  90 78  1086000 1420000   250 10.18
0.287 0.0387 37.44 22.00  90 78  1086000 1420000   250 10.18
0.290 0.0387 37.60 22.00  90 78  1086000 1420000   250 10.18
0.293 0.0391 37.76 22.00  90 78  1086000 1420000   250 10.18
0.296 0.0372 37.93 22.00  90 78  1086000 1420000   250 10.18
0.299 0.0377 38.11 22.00  90 78  1086000 1420000   250 10.18
0.302 0.0369 38.29 22.00  90 78  1086000 1420000   250 10.18
0.305 0.0370 38.48 22.00  90 78  1086000 1420000   250 10.18
0.308 0.0390 38.67 22.00  90 78  1086000 1420000   250 10.18
0.311 0.0402 38.85 22.00  90 78  1086000 1420000   250 10.18
0.314 0.0385 39.01 22.00  90 78  1086000 1420000   250 10.18
0.317 0.0395 39.16 22.00  90 78  1086000 1420000   250 10.18
0.320 0.0423 39.31 22.00  90 78  1086000 1420000   250 10.18
0.323 0.0416 39.45 22.00  90 78  1086000 1420000   250 10.18
0.326 0.0388 39.60 22.00  90 78  1086000 1420000   250 10.18
0.329 0.0382 39.74 22.00  90 78  1086000 1420000   250 10.18
0.332 0.0386 39.87 22.00  90 78  1086000 1420000   250 10.18
0.335 0.0385 40.00 22.00  90 78  1086000 1420000   250 10.18
0.338 0.0411 40.12 22.00  90 78  1086000 1420000   250 10.18
0.341 0.0429 40.24 22.00  90 78  1086000 1420000   250 10.18
0.344 0.0395 40.37 22.00  90 78  1086000 1420000   250 10.18
0.347 0.0368 40.50 22.00  90 78  1086000 1420000   250 10.18
0.350 0.0430 40.64 22.00  90 78  1086000 1420000   250 10.18
0.353 0.0416 40.79 22.00  90 78  1086000 1420000   250 10.18
0.356 0.0413 40.93 22.00  90 78  1086000 1420000   250 10.18
0.359 0.0400 41.06 22.00  90 78  1086000 1420000   250 10.18
0.362 0.0395 41.21 22.00  90 78  1086000 1420000   250 10.18
0.365 0.0411 41.36 22.00  90 78  1086000 1420000   250 10.18
0.368 0.0421 41.52 22.00  90 78  1086000 1420000   250 10.18
0.371 0.0414 41.69 22.00  90 78  1086000 1420000   250 10.18
0.374 0.0429 41.86 22.00  90 78  1086000 1420000   250 10.18
0.377 0.0424 42.04 22.00  90 78  1086000 1420000   250 10.18
0.380 0.0418 42.22 22.00  90 78  1086000 1420000   250 10.18
0.383 0.0432 42.39 22.00  90 78  1086000 1420000   250 10.18
0.386 0.0423 42.56 22.00  90 78  1086000 1420000   250 10.18
0.389 0.0446 42.71 22.00  90 78  1086000 1420000   250 10.18
0.392 0.0431 42.86 22.00  90 78  1086000 1420000   250 10.18
0.395 0.0399 43.00 22.00  90 78  1086000 1420000   250 10.18
0.398 0.0448 43.14 22.00  90 78  1086000 1420000   250 10.18
0.401 0.0428 43.27 22.00  90 78  1086000 1420000   250 10.18
0.404 0.0432 43.39 22.00  90 78  1086000 1420000   250 10.18
0.407 0.0432 43.50 22.00  90 78  1086000 1420000   250 10.18
0.410 0.0419 43.59 22.00  90 78  1086000 1420000   250 10.18
0.413 0.0445 43.68 22.00  90 78  1086000 1420000   250 10.18
0.416 0.0428 43.76 22.00  90 78  1086000 1420000   250 10.18
0.419 0.0475 43.83 22.00  90 78  1086000 1420000   250 10.18
0.422 0.0442 43.90 22.00  90 78  1086000 1420000   250 10.18
0.425 0.0419 43.96 22.00  90 78  1086000 1420000   250 10.18
0.428 0.0447 44.03 22.00  90 78  1086000 1420000   250 10.18
0.431 0.0457 44.09 22.00  90 78  1086000 1420000   250 10.18
0.434 0.0419 44.16 22.00  90 78  1086000 1420000   250 10.18
0.437 0.0467 44.22 22.00  90 78  1086000 1420000   250 10.18
0.440 0.0406 44.29 22.00  90 78  1086000 1420000   250 10.18
0.443 0.0465 44.35 22.00  90 78  1086000 1420000   250 10.18
0.446 0.0438 44.42 22.00  90 78  1086000 1420000   250 10.18
0.449 0.0457 44.49 22.00  90 78  1086000 1420000   250 10.18
0.452 0.0430 44.57 22.00  90 78  1086000 1420000   250 10.18
0.455 0.0463 44.66 22.00  90 78  1086000 1420000   250 10.18
0.458 0.0424 44.75 22.00  90 78  1086000 1420000   250 10.18
0.461 0.0447 44.85 22.00  90 78  1086000 1420000   250 10.18
0.464 0.0476 44.97 22.00  90 78  1086000 1420000   250 10.18
0.467 0.0434 45.09 22.00  90 78  1086000 1420000   250 10.18
0.470 0.0458 45.22 22.00  90 78  1086000 1420000   250 10.18
0.473 0.0432 45.36 22.00  90 78  1086000 1420000   250 10.18
0.476 0.0471 45.49 22.00  90 78  1086000 1420000   250 10.18
0.479 0.0438 45.63 22.00  90 78  1086000 1420000   250 10.18
0.482 0.0459 45.77 22.00  90 78  1086000 1420000   250 10.18
0.485 0.0488 45.91 22.00  90 78  1086000 1420000   250 10.18
0.488 0.0457 46.05 22.00  90 78  1086000 1420000   250 10.18
0.491 0.0454 46.20 22.00  90 78  1086000 1420000   250 10.18
0.494 0.0463 46.36 22.00  90 78  1086000 1420000   250 10.18
0.497 0.0482 46.53 22.00  90 78  1086000 1420000   250 10.18
0.500 0.0466 46.70 22.00  90 78  1086000 1420000   250 10.18
0.503 0.0472 46.88 22.00  90 78  1086000 1420000   250 10.18
0.506 0.0462 47.07 22.00  90 78  1086000 1420000   250 10.18
0.509 0.0469 47.27 22.00  90 78  1086000 1420000   250 10.18
0.512 0.0483 47.48 22.00  90 78  1086000 1420000   250 10.18
0.515 0.0472 47.69 22.00  90 78  1086000 1420000   250 10.18
0.518 0.0462 47.91 22.00  90 78  1086000 1420000   250 10.18
0.521 0.0465 48.12 22.00  90 78  1086000 1420000   250 10.18
0.524 0.0517 48.35 22.00  90 78  1086000 1420000   250 10.18
0.527 0.0460 48.58 22.00  90 78  1086000 1420000   250 10.18
0.530 0.0497 48.81 22.00  90 78  1086000 1420000   250 10.18
0.533 0.0483 49.05 22.00  90 78  1086000 1420000   250 10.18
0.536 0.0500 49.30 22.00  90 78  1086000 1420000   250 10.18
0.539 0.0530 49.57 22.00  90 78  1086000 1420000   250 10.18
0.542 0.0483 49.84 22.00  90 78  1086000 1420000   250 10.18
0.545 0.0487 50.12 22.00  90 78  1086000 1420000   250 10.18
0.548 0.0532 50.42 22.00  90 78  1086000 1420000   250 10.18
0.551 0.0482 50.72 22.00  90 78  1086000 1420000   250 10.18
0.554 0.0514 51.04 22.00  90 78  1086000 1420000   250 10.18
0.557 0.0517 51.36 22.00  90 78  1086000 1420000   250 10.18
0.560 0.0530 51.69 22.00  90 78  1086000 1420000   250 10.18
0.563 0.0498 52.02 22.00  90 78  1086000 1420000   250 10.18
0.566 0.0539 52.36 22.00  90 78  1086000 1420000   250 10.18
0.569 0.0526 52.71 22.00  90 78  1086000 1420000   250 10.18
0.572 0.0509 53.06 22.00  90 78  1086000 1420000   250 10.18
0.575 0.0522 53.41 22.00  90 78  1086000 1420000   250 10.18
0.578 0.0551 53.77 22.00  90 78  1086000 1420000   250 10.18
0.581 0.0541 54.13 22.00  90 78  1086000 1420000   250 10.18
0.584 0.0553 54.50 22.00  90 78  1086000 1420000   250 10.18
0.587 0.0537 54.89 22.00  90 78  1086000 1420000   250 10.18
0.590 0.0550 55.28 22.00  90 78  1086000 1420000   250 10.18
0.593 0.0578 55.67 22.00  90 78  1086000 1420000   250 10.18
0.596 0.0537 56.07 22.00  90 78  1086000 1420000   250 10.18
0.599 0.0597 56.47 22.00  90 78  1086000 1420000   250 10.18
0.602 0.0556 56.86 22.00  90 78  1086000 1420000   250 10.18
0.605 0.0581 57.24 22.00  90 78  1086000 1420000   250 10.18
0.608 0.0572 57.60 22.00  90 78  1086000 1420000   250 10.18
0.611 0.0560 57.95 22.00  90 78  1086000 1420000   250 10.18
0.614 0.0607 58.27 22.00  90 78  1086000 1420000   250 10.18
0.617 0.0558 58.57 22.00  90 78  1086000 1420000   250 10.18
0.620 0.0595 58.85 22.00  90 78  1086000 1420000   250 10.18
0.623 0.0609 59.08 22.00  90 78  1086000 1420000   250 10.18
0.626 0.0574 59.28 22.00  90 78  1086000 1420000   250 10.18
0.629 0.0583 59.45 22.00  90 78  1086000 1420000   250 10.18
0.632 0.0604 59.58 22.00  90 78  1086000 1420000   250 10.18
0.635 0.0612 59.69 22.00  90 78  1086000 1420000   250 10.18
0.638 0.0600 59.78 22.00  90 78  1086000 1420000   250 10.18
0.641 0.0630 59.85 22.00  90 78  1086000 1420000   250 10.18
0.644 0.0586 59.90 22.00  90 78  1086000 1420000   250 10.18
0.647 0.0604 59.93 22.00  90 78  1086000 1420000   250 10.18
0.650 0.0596 59.94 22.00  90 78  1086000 1420000   250 10.18
0.653 0.0579 59.93 22.00  90 78  1086000 1420000   250 10.18
0.656 0.0629 59.90 22.00  90 78  1086000 1420000   250 10.18
0.659 0.0571 59.86 22.00  90 78  1086000 1420000   250 10.18
0.662 0.0598 59.79 22.00  90 78  1086000 1420000   250 10.18
0.665 0.0610 59.71 22.00  90 78  1086000 1420000   250 10.18
0.668 0.0597 59.61 22.00  90 78  1086000 1420000   250 10.18
0.671 0.0576 59.50 22.00  90 78  1086000 1420000   250 10.18
0.674 0.0582 59.38 22.00  90 78  1086000 1420000   250 10.18
0.677 0.0608 59.25 22.00  90 78  1086000 1420000   250 10.18
0.680 0.0580 59.13 22.00  90 78  1086000 1420000   250 10.18
0.683 0.0582 59.01 22.00  90 78  1086000 1420000   250 10.18
0.686 0.0641 58.90 22.00  90 78  1086000 1420000   250 10.18
0.689 0.0559 58.80 22.00  90 78  1086000 1420000   250 10.18
0.692 0.0590 58.71 22.00  90 78  1086000 1420000   250 10.18
0.695 0.0602 58.63 22.00  90 78  1086000 1420000   250 10.18
0.698 0.0587 58.56 22.00  90 78  1086000 1420000   250 10.18
0.701 0.0566 58.50 22.00  90 78  1086000 1420000   250 10.18
0.704 0.0586 58.44 22.00  90 78  1086000 1420000   250 10.18
0.707 0.0584 58.39 22.00  90 78  1086000 1420000   250 10.18
0.710 0.0589 58.34 22.00  90 78  1086000 1420000   250 10.18
0.713 0.0565 58.30 22.00  90 78  1086000 1420000   250 10.18
0.716 0.0594 58.28 22.00  90 78  1086000 1420000   250 10.18
0.719 0.0582 58.27 22.00  90 78  1086000 1420000   250 10.18
0.722 0.0558 58.28 22.00  90 78  1086000 1420000   250 10.18
0.725 0.0595 58.30 22.00  90 78  1086000 1420000   250 10.18
0.728 0.0565 58.34 22.00  90 78  1086000 1420000   250 10.18
0.731 0.0615 58.39 22.00  90 78  1086000 1420000   250 10.18
0.734 0.0580 58.46 22.00  90 78  1086000 1420000   250 10.18
0.737 0.0596 58.53 22.00  90 78  1086000 1420000   250 10.18
0.740 0.0575 58.62 22.00  90 78  1086000 1420000   250 10.18
0.743 0.0570 58.71 22.00  90 78  1086000 1420000   250 10.18
0.746 0.0602 58.80 22.00  90 78  1086000 1420000   250 10.18
0.749 0.0571 58.90 22.00  90 78  1086000 1420000   250 10.18
0.751 0.0613 58.99 22.00  90 78  1086000 1420000   250 10.18
0.754 0.0590 59.08 22.00  90 78  1086000 1420000   250 10.18
0.757 0.0587 59.17 22.00  90 78  1086000 1420000   250 10.18
0.760 0.0596 59.25 22.00  90 78  1086000 1420000   250 10.18
0.763 0.0584 59.32 22.00  90 78  1086000 1420000   250 10.18
0.766 0.0595 59.39 22.00  90 78  1086000 1420000   250 10.18
0.769 0.0613 59.45 22.00  90 78  1086000 1420000   250 10.18
0.772 0.0595 59.49 22.00  90 78  1086000 1420000   250 10.18
0.775 0.0582 59.52 22.00  90 78  1086000 1420000   250 10.18
0.778 0.0618 59.54 22.00  90 78  1086000 1420000   250 10.18
0.781 0.0570 59.56 22.00  90 78  1086000 1420000   250 10.18
0.784 0.0586 59.57 22.00  90 78  1086000 1420000   250 10.18
0.787 0.0624 59.58 22.00  90 78  1086000 1420000   250 10.18
0.790 0.0561 59.59 22.00  90 78  1086000 1420000   250 10.18
0.793 0.0621 59.61 22.00  90 78  1086000 1420000   250 10.18
0.796 0.0618 59.64 22.00  90 78  1086000 1420000   250 10.18
0.799 0.0581 59.67 22.00  90 78  1086000 1420000   250 10.18
0.802 0.0606 59.72 22.00  90 78  1086000 1420000   250 10.18
0.805 0.0584 59.78 22.00  90 78  1086000 1420000   250 10.18
0.808 0.0611 59.86 22.00  90 78  1086000 1420000   250 10.18
0.811 0.0578 59.96 22.00  90 78  1086000 1420000   250 10.18
0.814 0.0622 60.06 22.00  90 78  1086000 1420000   250 10.18
0.817 0.0567 60.18 22.00  90 78  1086000 1420000   250 10.18
0.820 0.0623 60.28 22.00  90 78  1086000 1420000   250 10.18
0.823 0.0578 60.39 22.00  90 78  1086000 1420000   250 10.18
0.826 0.0589 60.49 22.00  90 78  1086000 1420000   250 10.18
0.829 0.0627 60.59 22.00  90 78  1086000 1420000   250 10.18
0.832 0.0621 60.70 22.00  90 78  1086000 1420000   250 10.18
0.835 0.0622 60.81 22.00  90 78  1086000 1420000   250 10.18
0.838 0.0587 60.92 22.00  90 78  1086000 1420000   250 10.18
0.841 0.0628 61.04 22.00  90 78  1086000 1420000   250 10.18
0.844 0.0612 61.15 22.00  90 78  1086000 1420000   250 10.18
0.847 0.0619 61.27 22.00  90 78  1086000 1420000   250 10.18
0.850 0.0619 61.38 22.00  90 78  1086000 1420000   250 10.18
0.853 0.0620 61.49 22.00  90 78  1086000 1420000   250 10.18
0.856 0.0608 61.59 22.00  90 78  1086000 1420000   250 10.18
0.859 0.0609 61.67 22.00  90 78  1086000 1420000   250 10.18
0.862 0.0614 61.74 22.00  90 78  1086000 1420000   250 10.18
0.865 0.0643 61.80 22.00  90 78  1086000 1420000   250 10.18
0.868 0.0593 61.86 22.00  90 78  1086000 1420000   250 10.18
0.871 0.0604 61.90 22.00  90 78  1086000 1420000   250 10.18
0.874 0.0602 61.95 22.00  90 78  1086000 1420000   250 10.18
0.877 0.0629 61.99 22.00  90 78  1086000 1420000   250 10.18
0.880 0.0623 62.03 22.00  90 78  1086000 1420000   250 10.18
0.883 0.0666 62.07 22.00  90 78  1086000 1420000   250 10.18
0.886 0.0617 62.13 22.00  90 78  1086000 1420000   250 10.18
0.889 0.0623 62.19 22.00  90 78  1086000 1420000   250 10.18
0.892 0.0603 62.25 22.00  90 78  1086000 1420000   250 10.18
0.895 0.0608 62.31 22.00  90 78  1086000 1420000   250 10.18
0.898 0.0635 62.37 22.00  90 78  1086000 1420000   250 10.18
0.901 0.0618 62.44 22.00  90 78  1086000 1420000   250 10.18
0.904 0.0626 62.50 22.00  90 78  1086000 1420000   250 10.18
0.907 0.0630 62.56 22.00  90 78  1086000 1420000   250 10.18
0.910 0.0623 62.61 22.00  90 78  1086000 1420000   250 10.18
0.913 0.0651 62.66 22.00  90 78  1086000 1420000   250 10.18
0.916 0.0611 62.69 22.00  90 78  1086000 1420000   250 10.18
0.919 0.0611 62.72 22.00  90 78  1086000 1420000   250 10.18
0.922 0.0644 62.75 22.00  90 78  1086000 1420000   250 10.18
0.925 0.0625 62.76 22.00  90 78  1086000 1420000   250 10.18
0.928 0.0621 62.78 22.00  90 78  1086000 1420000   250 10.18
0.931 0.0624 62.79 22.00  90 78  1086000 1420000   250 10.18
0.934 0.0644 62.81 22.00  90 78  1086000 1420000   250 10.18
0.937 0.0599 62.84 22.00  90 78  1086000 1420000   250 10.18
0.940 0.0657 62.88 22.00  90 78  1086000 1420000   250 10.18
0.943 0.0636 62.92 22.00  90 78  1086000 1420000   250 10.18
0.946 0.0631 62.97 22.00  90 78  1086000 1420000   250 10.18
0.949 0.0618 63.02 22.00  90 78  1086000 1420000   250 10.18
0.952 0.0629 63.07 22.00  90 78  1086000 1420000   250 10.18
0.955 0.0658 63.13 22.00  90 78  1086000 1420000   250 10.18
0.958 0.0610 63.19 22.00  90 78  1086000 1420000   250 10.18
0.961 0.0622 63.26 22.00  90 78  1086000 1420000   250 10.18
0.964 0.0626 63.32 22.00  90 78  1086000 1420000   250 10.18
0.967 0.0635 63.37 22.00  90 78  1086000 1420000   250 10.18
0.970 0.0627 63.42 22.00  90 78  1086000 1420000   250 10.18
0.973 0.0654 63.46 22.00  90 78  1086000 1420000   250 10.18
0.976 0.0613 63.49 22.00  90 78  1086000 1420000   250 10.18
0.979 0.0638 63.51 22.00  90 78  1086000 1420000   250 10.18
0.982 0.0634 63.52 22.00  90 78  1086000 1420000   250 10.18
0.985 0.0672 63.53 22.00  90 78  1086000 1420000   250 10.18
0.988 0.0627 63.54 22.00  90 78  1086000 1420000   250 10.18
0.991 0.0631 63.53 22.00  90 78  1086000 1420000   250 10.18
0.994 0.0652 63.51 22.00  90 78  1086000 1420000   250 10.18
0.997 0.0619 63.48 22.00  90 78  1086000 1420000   250 10.18
1.000 0.0642 63.44 22.00  90 78  1086000 1420000   250 10.18
1.003 0.0636 63.39 22.00  90 78  1086000 1420000   250 10.18
1.006 0.0659 63.32 22.00  90 78  1086000 1420000   250 10.18
1.009 0.0591 63.24 22.00  90 78  1086000 1420000   250 10.18
1.012 0.0620 63.15 22.00  90 78  1086000 1420000   250 10.18
1.015 0.0612 63.05 22.00  90 78  1086000 1420000   250 10.18
1.018 0.0684 62.94 22.00  90 78  1086000 1420000   250 10.18
1.021 0.0630 62.84 22.00  90 78  1086000 1420000   250 10.18
1.024 0.0594 62.74 22.00  90 78  1086000 1420000   250 10.18
1.027 0.0639 62.66 22.00  90 78  1086000 1420000   250 10.18
1.030 0.0630 62.59 22.00  90 78  1086000 1420000   250 10.18
1.033 0.0626 62.55 22.00  90 78  1086000 1420000   250 10.18
1.036 0.0623 62.52 22.00  90 78  1086000 1420000   250 10.18
1.039 0.0627 62.52 22.00  90 78  1086000 1420000   250 10.18
1.042 0.0626 62.53 22.00  90 78  1086000 1420000   250 10.18
1.045 0.0607 62.56 22.00  90 78  1086000 1420000   250 10.18
1.048 0.0616 62.60 22.00  90 78  1086000 1420000   250 10.18
1.051 0.0645 62.64 22.00  90 78  1086000 1420000   250 10.18
1.054 0.0645 62.68 22.00  90 78  1086000 1420000   250 10.18
1.057 0.0605 62.73 22.00  90 78  1086000 1420000   250 10.18
1.060 0.0614 62.78 22.00  90 78  1086000 1420000   250 10.18
1.063 0.0637 62.82 22.00  90 78  1086000 1420000   250 10.18
1.066 0.0640 62.87 22.00  90 78  1086000 1420000   250 10.18
1.069 0.0611 62.93 22.00  90 78  1086000 1420000   250 10.18
1.072 0.0629 62.99 22.00  90 78  1086000 1420000   250 10.18
1.075 0.0655 63.07 22.00  90 78  1086000 1420000   250 10.18
1.078 0.0645 63.15 22.00  90 78  1086000 1420000   250 10.18
1.081 0.0603 63.24 22.00  90 78  1086000 1420000   250 10.18
1.084 0.0663 63.33 22.00  90 78  1086000 1420000   250 10.18
1.087 0.0609 63.40 22.00  90 78  1086000 1420000   250 10.18
1.090 0.0682 63.46 22.00  90 78  1086000 1420000   250 10.18
1.093 0.0582 63.52 22.00  90 78  1086000 1420000   250 10.18
1.096 0.0641 63.56 22.00  90 78  1086000 1420000   250 10.18
1.099 0.0642 63.60 22.00  90 78  1086000 1420000   250 10.18
1.102 0.0630 63.63 22.00  90 78  1086000 1420000   250 10.18
1.105 0.0609 63.64 22.00  90 78  1086000 1420000   250 10.18
1.108 0.0677 63.65 22.00  90 78  1086000 1420000   250 10.18
1.111 0.0618 63.65 22.00  90 78  1086000 1420000   250 10.18
1.114 0.0659 63.64 22.00  90 78  1086000 1420000   250 10.18
1.117 0.0611 63.61 22.00  90 78  1086000 1420000   250 10.18
1.120 0.0635 63.58 22.00  90 78  1086000 1420000   250 10.18
1.123 0.0672 63.54 22.00  90 78  1086000 1420000   250 10.18
1.126 0.0637 63.50 22.00  90 78  1086000 1420000   250 10.18
1.129 0.0639 63.47 22.00  90 78  1086000 1420000   250 10.18
1.132 0.0599 63.43 22.00  90 78  1086000 1420000   250 10.18
1.135 0.0668 63.38 22.00  90 78  1086000 1420000   250 10.18
1.138 0.0605 63.32 22.00  90 78  1086000 1420000   250 10.18
1.141 0.0612 63.25 22.00  90 78  1086000 1420000   250 10.18
1.144 0.0658 63.16 22.00  90 78  1086000 1420000   250 10.18
1.147 0.0621 63.07 22.00  90 78  1086000 1420000   250 10.18
1.150 0.0640 62.98 22.00  90 78  1086000 1420000   250 10.18
1.153 0.0656 62.89 22.00  90 78  1086000 1420000   250 10.18
1.156 0.0602 62.81 22.00  90 78  1086000 1420000   250 10.18
1.159 0.0635 62.74 22.00  90 78  1086000 1420000   250 10.18
1.162 0.0592 62.70 22.00  90 78  1086000 1420000   250 10.18
1.165 0.0639 62.67 22.00  90 78  1086000 1420000   250 10.18
1.168 0.0645 62.66 22.00  90 78  1086000 1420000   250 10.18
1.171 0.0605 62.67 22.00  90 78  1086000 1420000   250 10.18
1.174 0.0639 62.68 22.00  90 78  1086000 1420000   250 10.18
1.177 0.0660 62.70 22.00  90 78  1086000 1420000   250 10.18
1.180 0.0596 62.73 22.00  90 78  1086000 1420000   250 10.18
1.183 0.0619 62.77 22.00  90 78  1086000 1420000   250 10.18
1.186 0.0646 62.81 22.00  90 78  1086000 1420000   250 10.18
1.189 0.0597 62.86 22.00  90 78  1086000 1420000   250 10.18
1.192 0.0622 62.92 22.00  90 78  1086000 1420000   250 10.18
1.195 0.0638 62.98 22.00  90 78  1086000 1420000   250 10.18
1.198 0.0645 63.05 22.00  90 78  1086000 1420000   250 10.18
1.201 0.0622 63.13 22.00  90 78  1086000 1420000   250 10.18
1.204 0.0630 63.21 22.00  90 78  1086000 1420000   250 10.18
1.207 0.0668 63.28 22.00  90 78  1086000 1420000   250 10.18
1.210 0.0621 63.33 22.00  90 78  1086000 1420000   250 10.18
1.213 0.0648 63.37 22.00  90 78  1086000 1420000   250 10.18
1.216 0.0603 63.39 22.00  90 78  1086000 1420000   250 10.18
1.219 0.0656 63.40 22.00  90 78  1086000 1420000   250 10.18
1.222 0.0603 63.38 22.00  90 78  1086000 1420000   250 10.18
1.225 0.0643 63.36 22.00  90 78  1086000 1420000   250 10.18
1.228 0.0636 63.34 22.00  90 78  1086000 1420000   250 10.18
1.231 0.0632 63.31 22.00  90 78  1086000 1420000   250 10.18
1.234 0.0655 63.29 22.00  90 78  1086000 1420000   250 10.18
1.237 0.0670 63.26 22.00  90 78  1086000 1420000   250 10.18
1.240 0.0581 63.24 22.00  90 78  1086000 1420000   250 10.18
1.243 0.0626 63.22 22.00  90 78  1086000 1420000   250 10.18
1.246 0.0665 63.21 22.00  90 78  1086000 1420000   250 10.18
1.249 0.0631 63.19 22.00  90 78  1086000 1420000   250 10.18
1.251 0.0603 63.16 22.00  90 78  1086000 1420000   250 10.18
1.254 0.0644 63.13 22.00  90 78  1086000 1420000   250 10.18
1.257 0.0595 63.08 22.00  90 78  1086000 1420000   250 10.18
1.260 0.0615 63.02 22.00  90 78  1086000 1420000   250 10.18
1.263 0.0637 62.95 22.00  90 78  1086000 1420000   250 10.18
1.266 0.0670 62.88 22.00  90 78  1086000 1420000   250 10.18
1.269 0.0607 62.81 22.00  90 78  1086000 1420000   250 10.18
1.272 0.0643 62.75 22.00  90 78  1086000 1420000   250 10.18
1.275 0.0615 62.70 22.00  90 78  1086000 1420000   250 10.18
1.278 0.0634 62.66 22.00  90 78  1086000 1420000   250 10.18
1.281 0.0666 62.63 22.00  90 78  1086000 1420000   250 10.18
1.284 0.0615 62.62 22.00  90 78  1086000 1420000   250 10.18
1.287 0.0641 62.61 22.00  90 78  1086000 1420000   250 10.18
1.290 0.0636 62.61 22.00  90 78  1086000 1420000   250 10.18
1.293 0.0583 62.61 22.00  90 78  1086000 1420000   250 10.18
1.296 0.0599 62.59 22.00  90 78  1086000 1420000   250 10.18
1.299 0.0641 62.56 22.00  90 78  1086000 1420000   250 10.18
1.302 0.0615 62.51 22.00  90 78  1086000 1420000   250 10.18
1.305 0.0588 62.45 22.00  90 78  1086000 1420000   250 10.18
1.308 0.0629 62.38 22.00  90 78  1086000 1420000   250 10.18
1.311 0.0656 62.30 22.00  90 78  1086000 1420000   250 10.18
1.314 0.0629 62.23 22.00  90 78  1086000 1420000   250 10.18
1.317 0.0624 62.17 22.00  90 78  1086000 1420000   250 10.18
1.320 0.0641 62.13 22.00  90 78  1086000 1420000   250 10.18
1.323 0.0633 62.10 22.00  90 78  1086000 1420000   250 10.18
1.326 0.0633 62.09 22.00  90 78  1086000 1420000   250 10.18
1.329 0.0583 62.10 22.00  90 78  1086000 1420000   250 10.18
1.332 0.0635 62.13 22.00  90 78  1086000 1420000   250 10.18
1.335 0.0609 62.16 22.00  90 78  1086000 1420000   250 10.18
1.338 0.0622 62.19 22.00  90 78  1086000 1420000   250 10.18
1.341 0.0624 62.23 22.00  90 78  1086000 1420000   250 10.18
1.344 0.0639 62.26 22.00  90 78  1086000 1420000   250 10.18
1.347 0.0596 62.29 22.00  90 78  1086000 1420000   250 10.18
1.350 0.0590 62.31 22.00  90 78  1086000 1420000   250 10.18
1.353 0.0649 62.32 22.00  90 78  1086000 1420000   250 10.18
1.356 0.0609 62.34 22.00  90 78  1086000 1420000   250 10.18
1.359 0.0630 62.36 22.00  90 78  1086000 1420000   250 10.18
1.362 0.0597 62.39 22.00  90 78  1086000 1420000   250 10.18
1.365 0.0684 62.42 22.00  90 78  1086000 1420000   250 10.18
1.368 0.0593 62.46 22.00  90 78  1086000 1420000   250 10.18
1.371 0.0637 62.50 22.00  90 78  1086000 1420000   250 10.18
1.374 0.0638 62.54 22.00  90 78  1086000 1420000   250 10.18
1.377 0.0634 62.57 22.00  90 78  1086000 1420000   250 10.18
1.380 0.0617 62.58 22.00  90 78  1086000 1420000   250 10.18
1.383 0.0651 62.59 22.00  90 78  1086000 1420000   250 10.18
1.386 0.0614 62.59 22.00  90 78  1086000 1420000   250 10.18
1.389 0.0636 62.58 22.00  90 78  1086000 1420000   250 10.18
1.392 0.0600 62.56 22.00  90 78  1086000 1420000   250 10.18
1.395 0.0624 62.54 22.00  90 78  1086000 1420000   250 10.18
1.398 0.0628 62.52 22.00  90 78  1086000 1420000   250 10.18
1.401 0.0627 62.49 22.00  90 78  1086000 1420000   250 10.18
1.404 0.0606 62.46 22.00  90 78  1086000 1420000   250 10.18
1.407 0.0637 62.43 22.00  90 78  1086000 1420000   250 10.18
1.410 0.0622 62.40 22.00  90 78  1086000 1420000   250 10.18
1.413 0.0602 62.38 22.00  90 78  1086000 1420000   250 10.18
1.416 0.0628 62.36 22.00  90 78  1086000 1420000   250 10.18
1.419 0.0640 62.34 22.00  90 78  1086000 1420000   250 10.18
1.422 0.0607 62.33 22.00  90 78  1086000 1420000   250 10.18
1.425 0.0633 62.32 22.00  90 78  1086000 1420000   250 10.18
1.428 0.0646 62.32 22.00  90 78  1086000 1420000   250 10.18
1.431 0.0608 62.32 22.00  90 78  1086000 1420000   250 10.18
1.434 0.0628 62.33 22.00  90 78  1086000 1420000   250 10.18
1.437 0.0619 62.35 22.00  90 78  1086000 1420000   250 10.18
1.440 0.0650 62.38 22.00  90 78  1086000 1420000   250 10.18
1.443 0.0606 62.41 22.00  90 78  1086000 1420000   250 10.18
1.446 0.0632 62.45 22.00  90 78  1086000 1420000   250 10.18
1.449 0.0613 62.49 22.00  90 78  1086000 1420000   250 10.18
1.452 0.0622 62.53 22.00  90 78  1086000 1420000   250 10.18
1.455 0.0630 62.59 22.00  90 78  1086000 1420000   250 10.18
1.458 0.0620 62.64 22.00  90 78  1086000 1420000   250 10.18
1.461 0.0623 62.69 22.00  90 78  1086000 1420000   250 10.18
1.464 0.0608 62.74 22.00  90 78  1086000 1420000   250 10.18
1.467 0.0638 62.79 22.00  90 78  1086000 1420000   250 10.18
1.470 0.0616 62.85 22.00  90 78  1086000 1420000   250 10.18
1.473 0.0632 62.91 22.00  90 78  1086000 1420000   250 10.18
1.476 0.0655 62.98 22.00  90 78  1086000 1420000   250 10.18
1.479 0.0606 63.05 22.00  90 78  1086000 1420000   250 10.18
1.482 0.0642 63.11 22.00  90 78  1086000 1420000   250 10.18
1.485 0.0667 63.18 22.00  90 78  1086000 1420000   250 10.18
1.488 0.0627 63.24 22.00  90 78  1086000 1420000   250 10.18
1.491 0.0633 63.30 22.00  90 78  1086000 1420000   250 10.18
1.494 0.0633 63.35 22.00  90 78  1086000 1420000   250 10.18
1.497 0.0626 63.39 22.00  90 78  1086000 1420000   250 10.18
1.500 0.0619 63.43 22.00  90 78  1086000 1420000   250 10.18
1.503 0.0646 63.45 22.00  90 78  1086000 1420000   250 10.18
1.506 0.0639 63.47 22.00  90 78  1086000 1420000   250 10.18
1.509 0.0641 63.47 22.00  90 78  1086000 1420000   250 10.18
1.512 0.0608 63.48 22.00  90 78  1086000 1420000   250 10.18
1.515 0.0623 63.48 22.00  90 78  1086000 1420000   250 10.18
1.518 0.0645 63.47 22.00  90 78  1086000 1420000   250 10.18
1.521 0.0652 63.47 22.00  90 78  1086000 1420000   250 10.18
1.524 0.0643 63.47 22.00  90 78  1086000 1420000   250 10.18
1.527 0.0630 63.48 22.00  90 78  1086000 1420000   250 10.18
1.530 0.0643 63.49 22.00  90 78  1086000 1420000   250 10.18
1.533 0.0606 63.50 22.00  90 78  1086000 1420000   250 10.18
1.536 0.0619 63.52 22.00  90 78  1086000 1420000   250 10.18
1.539 0.0657 63.55 22.00  90 78  1086000 1420000   250 10.18
1.542 0.0656 63.57 22.00  90 78  1086000 1420000   250 10.18
1.545 0.0646 63.60 22.00  90 78  1086000 1420000   250 10.18
1.548 0.0612 63.63 22.00  90 78  1086000 1420000   250 10.18
1.552 0.0642 63.65 22.00  90 78  1086000 1420000   250 10.18
1.555 0.0639 63.68 22.00  90 78  1086000 1420000   250 10.18
1.559 0.0631 63.70 22.00  90 78  1086000 1420000   250 10.18
1.563 0.0630 63.72 22.00  90 78  1086000 1420000   250 10.18
1.567 0.0658 63.74 22.00  90 78  1086000 1420000   250 10.18
1.571 0.0631 63.75 22.00  90 78  1086000 1420000   250 10.18
1.575 0.0628 63.77 22.00  90 78  1086000 1420000   250 10.18
1.580 0.0630 63.78 22.00  90 78  1086000 1420000   250 10.18
1.584 0.0634 63.79 22.00  90 78  1086000 1420000   250 10.18
1.589 0.0654 63.80 22.00  90 78  1086000 1420000   250 10.18
1.595 0.0633 63.81 22.00  90 78  1086000 1420000   250 10.18
1.600 0.0630 63.82 22.00  90 78  1086000 1420000   250 10.18
1.605 0.0650 63.84 22.00  90 78  1086000 1420000   250 10.18
1.611 0.0654 63.85 22.00  90 78  1086000 1420000   250 10.18
1.617 0.0627 63.87 22.00  90 78  1086000 1420000   250 10.18
1.624 0.0647 63.89 22.00  90 78  1086000 1420000   250 10.18
1.630 0.0634 63.92 22.00  90 78  1086000 1420000   250 10.18
1.637 0.0642 63.96 22.00  90 78  1086000 1420000   250 10.18
1.644 0.0640 63.99 22.00  90 78  1086000 1420000   250 10.18
1.651 0.0632 64.03 22.00  90 78  1086000 1420000   250 10.18
1.659 0.0633 64.06 22.00  90 78  1086000 1420000   250 10.18
1.667 0.0642 64.09 22.00  90 78  1086000 1420000   250 10.18
1.676 0.0633 64.13 22.00  90 78  1086000 1420000   250 10.18
1.684 0.0654 64.17 22.00  90 78  1086000 1420000   250 10.18
1.694 0.0640 64.21 22.00  90 78  1086000 1420000   250 10.18
1.703 0.0641 64.24 22.00  90 78  1086000 1420000   250 10.18
1.713 0.0642 64.27 22.00  90 78  1086000 1420000   250 10.18
1.723 0.0647 64.29 22.00  90 78  1086000 1420000   250 10.18
1.734 0.0643 64.30 22.00  90 78  1086000 1420000   250 10.18
1.745 0.0640 64.31 22.00  90 78  1086000 1420000   250 10.18
1.757 0.0651 64.31 22.00  90 78  1086000 1420000   250 10.18
1.769 0.0638 64.29 22.00  90 78  1086000 1420000   250 10.18
1.782 0.0642 64.26 22.00  90 78  1086000 1420000   250 10.18
1.795 0.0652 64.22 22.00  90 78  1086000 1420000   250 10.18
1.809 0.0637 64.16 22.00  90 78  1086000 1420000   250 10.18
1.823 0.0645 64.08 22.00  90 78  1086000 1420000   250 10.18
1.838 0.0653 64.00 22.00  90 78  1086000 1420000   250 10.18
1.853 0.0637 63.92 22.00  90 78  1086000 1420000   250 10.18
1.868 0.0638 63.83 22.00  90 78  1086000 1420000   250 10.18
1.883 0.0637 63.74 22.00  90 78  1086000 1420000   250 10.18
1.898 0.0633 63.66 22.00  90 78  1086000 1420000   250 10.18
1.913 0.0637 63.60 22.00  90 78  1086000 1420000   250 10.18
1.928 0.0634 63.54 22.00  90 78  1086000 1420000   250 10.18
1.943 0.0628 63.50 22.00  90 78  1086000 1420000   250 10.18
1.958 0.0635 63.47 22.00  90 78  1086000 1420000   250 10.18
1.973 0.0632 63.45 22.00  90 78  1086000 1420000   250 10.18
1.988 0.0633 63.45 22.00  90 78  1086000 1420000   250 10.18
2.003 0.0634 63.45 22.00  90 78  1086000 1420000   250 10.18
2.018 0.0628 63.46 22.00  90 78  1086000 1420000   250 10.18
2.033 0.0639 63.46 22.00  90 78  1086000 1420000   250 10.18
2.048 0.0641 63.47 22.00  90 78  1086000 1420000   250 10.18
2.063 0.0636 63.49 22.00  90 78  1086000 1420000   250 10.18
2.078 0.0639 63.50 22.00  90 78  1086000 1420000   250 10.18
2.093 0.0650 63.54 22.00  90 78  1086000 1420000   250 10.18
2.108 0.0650 63.60 22.00  90 78  1086000 1420000   250 10.18
2.123 0.0647 63.70 22.00  90 78  1086000 1420000   250 10.18
2.138 0.0647 63.86 22.00  90 78  1086000 1420000   250 10.18
2.153 0.0658 64.10 22.00  90 78  1086000 1420000   250 10.18
2.168 0.0658 64.46 22.00  90 78  1086000 1420000   250 10.18
2.183 0.0657 64.94 22.00  90 78  1086000 1420000   250 10.18
2.198 0.0653 65.60 22.00  90 78  1086000 1420000   250 10.18
2.213 0.0680 66.45 22.00  90 78  1086000 1420000   250 10.18
2.228 0.0675 67.53 22.00  90 78  1086000 1420000   250 10.18
2.243 0.0670 68.86 22.00  90 78  1086000 1420000   250 10.18
2.257 0.0697 70.46 22.00  90 78  1086000 1420000   250 10.18
2.272 0.0698 72.34 22.00  90 78  1086000 1420000   250 10.18
2.287 0.0715 74.50 22.00  90 78  1086000 1420000   250 10.18
2.302 0.0746 76.94 22.00  90 78  1086000 1420000   250 10.18
2.317 0.0779 79.65 22.00  90 78  1086000 1420000   250 10.18
2.332 0.0811 82.61 22.00  90 78  1086000 1420000   250 10.18
2.347 0.0851 85.80 22.00  90 78  1086000 1420000   250 10.18
2.362 0.0891 89.23 22.00  90 78  1086000 1420000   250 10.18
2.377 0.0945 92.91 22.00  90 78  1086000 1420000   250 10.18
2.392 0.0991 96.94 22.00  90 78  1086000 1420000   250 10.18
2.407 0.1034 102.40 22.00  90 78  1086000 1420000   250 10.18
2.422 0.1103 109.92 22.00  90 78  1086000 1420000   250 10.18
2.437 0.1143 118.03 22.00  90 78  1086000 1420000   250 10.18
2.452 0.1218 125.95 22.00  90 78  1086000 1420000   250 10.18
2.467 0.1268 133.41 22.00  90 78  1086000 1420000   250 10.18
2.482 0.1339 140.34 22.00  90 78  1086000 1420000   250 10.18
2.497 0.1374 146.75 22.00  90 78  1086000 1420000   250 10.18
2.512 0.1461 152.67 22.00  90 78  1086000 1420000   250 10.18
2.527 0.1516 158.14 22.00  90 78  1086000 1420000   250 10.18
2.542 0.1549 163.19 22.00  90 78  1086000 1420000   250 10.18
2.557 0.1643 167.85 22.00  90 78  1086000 1420000   250 10.18
2.572 0.1761 172.16 22.00  90 78  1086000 1420000   250 10.18
2.587 0.1829 176.13 22.00  90 78  1086000 1420000   250 10.18
2.602 0.1935 179.77 22.00  90 78  1086000 1420000   250 10.18
2.617 0.2179 183.10 22.00  90 78  1086000 1420000   250 10.18
2.632 0.2277 186.12 22.00  90 78  1086000 1420000   250 10.18
2.647 0.2455 188.81 22.00  90 78  1086000 1420000   250 10.18
2.662 0.2707 191.18 22.00  90 78  1086000 1420000   250 10.18
2.677 0.2844 193.20 22.00  90 78  1086000 1420000   250 10.18
2.692 0.2989 194.86 22.00  90 78  1086000 1420000   250 10.18
2.707 0.3285 196.12 22.00  90 78  1086000 1420000   250 10.18
2.722 0.0000 196.93 22.00  90 78  1086000 1420000   250 10.18
2.737 0.0000 197.26 22.00  90 78  1086000 1420000   250 10.18
