     x     qy smooth tpara  cd  zL     xTr    xCpl frame tma
-1.978 0.2863 235.81 36.30  90 78   900000 1355000   250 9.93
-1.967 0.2311 220.92 36.30  90 78   900000 1355000   250 9.93
-1.956 0.2439 206.77 36.30  90 78   900000 1355000   250 9.93
-1.945 0.2108 193.35 36.30  90 78   900000 1355000   250 9.93
-1.934 0.1819 180.64 36.30  90 78   900000 1355000   250 9.93
-1.923 0.1042 168.62 36.30  90 78   900000 1355000   250 9.93
-1.912 0.1338 157.27 36.30  90 78   900000 1355000   250 9.93
-1.901 0.1186 146.58 36.30  90 78   900000 1355000   250 9.93
-1.890 0.1111 136.54 36.30  90 78   900000 1355000   250 9.93
-1.879 0.1060 127.14 36.30  90 78   900000 1355000   250 9.93
-1.868 0.1006 118.37 36.30  90 78   900000 1355000   250 9.93
-1.857 0.0946 110.22 36.30  90 78   900000 1355000   250 9.93
-1.846 0.0907 102.70 36.30  90 78   900000 1355000   250 9.93
-1.835 0.0870 95.80 36.30  90 78   900000 1355000   250 9.93
-1.824 0.0858 89.54 36.30  90 78   900000 1355000   250 9.93
-1.813 0.0821 83.93 36.30  90 78   900000 1355000   250 9.93
-1.802 0.0791 78.98 36.30  90 78   900000 1355000   250 9.93
-1.791 0.0765 74.74 36.30  90 78   900000 1355000   250 9.93
-1.780 0.0753 71.22 36.30  90 78   900000 1355000   250 9.93
-1.769 0.0737 68.50 36.30  90 78   900000 1355000   250 9.93
-1.758 0.0710 66.62 36.30  90 78   900000 1355000   250 9.93
-1.747 0.0692 65.61 36.30  90 78   900000 1355000   250 9.93
-1.736 0.0683 65.35 36.30  90 78   900000 1355000   250 9.93
-1.725 0.0663 65.19 36.30  90 78   900000 1355000   250 9.93
-1.714 0.0649 64.21 36.30  90 78   900000 1355000   250 9.93
-1.703 0.0649 63.14 36.30  90 78   900000 1355000   250 9.93
-1.692 0.0632 62.03 36.30  90 78   900000 1355000   250 9.93
-1.681 0.0622 60.96 36.30  90 78   900000 1355000   250 9.93
-1.670 0.0601 59.98 36.30  90 78   900000 1355000   250 9.93
-1.659 0.0596 59.06 36.30  90 78   900000 1355000   250 9.93
-1.648 0.0586 58.21 36.30  90 78   900000 1355000   250 9.93
-1.637 0.0568 57.44 36.30  90 78   900000 1355000   250 9.93
-1.626 0.0572 56.75 36.30  90 78   900000 1355000   250 9.93
-1.615 0.0566 56.13 36.30  90 78   900000 1355000   250 9.93
-1.604 0.0550 55.59 36.30  90 78   900000 1355000   250 9.93
-1.593 0.0548 55.12 36.30  90 78   900000 1355000   250 9.93
-1.582 0.0537 54.73 36.30  90 78   900000 1355000   250 9.93
-1.571 0.0525 54.40 36.30  90 78   900000 1355000   250 9.93
-1.560 0.0530 54.15 36.30  90 78   900000 1355000   250 9.93
-1.549 0.0531 53.97 36.30  90 78   900000 1355000   250 9.93
-1.538 0.0536 53.84 36.30  90 78   900000 1355000   250 9.93
-1.527 0.0534 53.77 36.30  90 78   900000 1355000   250 9.93
-1.516 0.0554 53.75 36.30  90 78   900000 1355000   250 9.93
-1.505 0.0543 53.76 36.30  90 78   900000 1355000   250 9.93
-1.495 0.0552 53.82 36.30  90 78   900000 1355000   250 9.93
-1.484 0.0551 53.89 36.30  90 78   900000 1355000   250 9.93
-1.473 0.0540 53.98 36.30  90 78   900000 1355000   250 9.93
-1.462 0.0539 54.08 36.30  90 78   900000 1355000   250 9.93
-1.451 0.0547 54.17 36.30  90 78   900000 1355000   250 9.93
-1.440 0.0535 54.26 36.30  90 78   900000 1355000   250 9.93
-1.429 0.0544 54.33 36.30  90 78   900000 1355000   250 9.93
-1.418 0.0548 54.38 36.30  90 78   900000 1355000   250 9.93
-1.407 0.0546 54.41 36.30  90 78   900000 1355000   250 9.93
-1.396 0.0542 54.42 36.30  90 78   900000 1355000   250 9.93
-1.385 0.0558 54.40 36.30  90 78   900000 1355000   250 9.93
-1.374 0.0544 54.35 36.30  90 78   900000 1355000   250 9.93
-1.363 0.0546 54.29 36.30  90 78   900000 1355000   250 9.93
-1.352 0.0536 54.22 36.30  90 78   900000 1355000   250 9.93
-1.341 0.0539 54.14 36.30  90 78   900000 1355000   250 9.93
-1.330 0.0543 54.05 36.30  90 78   900000 1355000   250 9.93
-1.319 0.0531 53.97 36.30  90 78   900000 1355000   250 9.93
-1.308 0.0542 53.87 36.30  90 78   900000 1355000   250 9.93
-1.297 0.0538 53.78 36.30  90 78   900000 1355000   250 9.93
-1.286 0.0536 53.67 36.30  90 78   900000 1355000   250 9.93
-1.275 0.0545 53.56 36.30  90 78   900000 1355000   250 9.93
-1.264 0.0534 53.45 36.30  90 78   900000 1355000   250 9.93
-1.253 0.0532 53.33 36.30  90 78   900000 1355000   250 9.93
-1.242 0.0532 53.21 36.30  90 78   900000 1355000   250 9.93
-1.231 0.0526 53.10 36.30  90 78   900000 1355000   250 9.93
-1.220 0.0525 53.00 36.30  90 78   900000 1355000   250 9.93
-1.209 0.0535 52.91 36.30  90 78   900000 1355000   250 9.93
-1.198 0.0528 52.83 36.30  90 78   900000 1355000   250 9.93
-1.187 0.0529 52.75 36.30  90 78   900000 1355000   250 9.93
-1.176 0.0526 52.69 36.30  90 78   900000 1355000   250 9.93
-1.165 0.0528 52.63 36.30  90 78   900000 1355000   250 9.93
-1.154 0.0531 52.58 36.30  90 78   900000 1355000   250 9.93
-1.143 0.0515 52.53 36.30  90 78   900000 1355000   250 9.93
-1.132 0.0518 52.49 36.30  90 78   900000 1355000   250 9.93
-1.121 0.0526 52.46 36.30  90 78   900000 1355000   250 9.93
-1.110 0.0521 52.42 36.30  90 78   900000 1355000   250 9.93
-1.099 0.0518 52.39 36.30  90 78   900000 1355000   250 9.93
-1.088 0.0528 52.34 36.30  90 78   900000 1355000   250 9.93
-1.077 0.0528 52.29 36.30  90 78   900000 1355000   250 9.93
-1.066 0.0525 52.24 36.30  90 78   900000 1355000   250 9.93
-1.055 0.0526 52.17 36.30  90 78   900000 1355000   250 9.93
-1.044 0.0526 52.11 36.30  90 78   900000 1355000   250 9.93
-1.033 0.0519 52.04 36.30  90 78   900000 1355000   250 9.93
-1.022 0.0525 51.98 36.30  90 78   900000 1355000   250 9.93
-1.011 0.0516 51.93 36.30  90 78   900000 1355000   250 9.93
-1.000 0.0523 51.89 36.30  90 78   900000 1355000   250 9.93
-0.989 0.0519 51.86 36.30  90 78   900000 1355000   250 9.93
-0.978 0.0522 51.84 36.30  90 78   900000 1355000   250 9.93
-0.967 0.0524 51.83 36.30  90 78   900000 1355000   250 9.93
-0.956 0.0515 51.82 36.30  90 78   900000 1355000   250 9.93
-0.945 0.0510 51.81 36.30  90 78   900000 1355000   250 9.93
-0.934 0.0513 51.81 36.30  90 78   900000 1355000   250 9.93
-0.923 0.0509 51.82 36.30  90 78   900000 1355000   250 9.93
-0.912 0.0512 51.83 36.30  90 78   900000 1355000   250 9.93
-0.901 0.0497 51.84 36.30  90 78   900000 1355000   250 9.93
-0.890 0.0528 51.86 36.30  90 78   900000 1355000   250 9.93
-0.879 0.0518 51.89 36.30  90 78   900000 1355000   250 9.93
-0.868 0.0523 51.92 36.30  90 78   900000 1355000   250 9.93
-0.857 0.0532 51.97 36.30  90 78   900000 1355000   250 9.93
-0.846 0.0537 52.02 36.30  90 78   900000 1355000   250 9.93
-0.835 0.0528 52.07 36.30  90 78   900000 1355000   250 9.93
-0.824 0.0529 52.13 36.30  90 78   900000 1355000   250 9.93
-0.813 0.0513 52.19 36.30  90 78   900000 1355000   250 9.93
-0.802 0.0513 52.25 36.30  90 78   900000 1355000   250 9.93
-0.791 0.0529 52.31 36.30  90 78   900000 1355000   250 9.93
-0.780 0.0518 52.36 36.30  90 78   900000 1355000   250 9.93
-0.769 0.0522 52.42 36.30  90 78   900000 1355000   250 9.93
-0.758 0.0524 52.47 36.30  90 78   900000 1355000   250 9.93
-0.747 0.0526 52.51 36.30  90 78   900000 1355000   250 9.93
-0.736 0.0518 52.55 36.30  90 78   900000 1355000   250 9.93
-0.725 0.0524 52.58 36.30  90 78   900000 1355000   250 9.93
-0.714 0.0524 52.60 36.30  90 78   900000 1355000   250 9.93
-0.703 0.0524 52.61 36.30  90 78   900000 1355000   250 9.93
-0.692 0.0525 52.63 36.30  90 78   900000 1355000   250 9.93
-0.681 0.0532 52.64 36.30  90 78   900000 1355000   250 9.93
-0.670 0.0526 52.65 36.30  90 78   900000 1355000   250 9.93
-0.659 0.0535 52.67 36.30  90 78   900000 1355000   250 9.93
-0.648 0.0518 52.67 36.30  90 78   900000 1355000   250 9.93
-0.637 0.0529 52.66 36.30  90 78   900000 1355000   250 9.93
-0.626 0.0540 52.65 36.30  90 78   900000 1355000   250 9.93
-0.615 0.0527 52.62 36.30  90 78   900000 1355000   250 9.93
-0.604 0.0518 52.58 36.30  90 78   900000 1355000   250 9.93
-0.593 0.0536 52.53 36.30  90 78   900000 1355000   250 9.93
-0.582 0.0526 52.49 36.30  90 78   900000 1355000   250 9.93
-0.571 0.0529 52.43 36.30  90 78   900000 1355000   250 9.93
-0.560 0.0519 52.38 36.30  90 78   900000 1355000   250 9.93
-0.549 0.0516 52.33 36.30  90 78   900000 1355000   250 9.93
-0.538 0.0524 52.28 36.30  90 78   900000 1355000   250 9.93
-0.527 0.0512 52.23 36.30  90 78   900000 1355000   250 9.93
-0.516 0.0520 52.19 36.30  90 78   900000 1355000   250 9.93
-0.505 0.0519 52.15 36.30  90 78   900000 1355000   250 9.93
-0.495 0.0519 52.11 36.30  90 78   900000 1355000   250 9.93
-0.484 0.0527 52.08 36.30  90 78   900000 1355000   250 9.93
-0.473 0.0518 52.06 36.30  90 78   900000 1355000   250 9.93
-0.462 0.0517 52.05 36.30  90 78   900000 1355000   250 9.93
-0.451 0.0519 52.04 36.30  90 78   900000 1355000   250 9.93
-0.440 0.0521 52.03 36.30  90 78   900000 1355000   250 9.93
-0.429 0.0520 52.03 36.30  90 78   900000 1355000   250 9.93
-0.418 0.0539 52.03 36.30  90 78   900000 1355000   250 9.93
-0.407 0.0521 52.03 36.30  90 78   900000 1355000   250 9.93
-0.396 0.0514 52.04 36.30  90 78   900000 1355000   250 9.93
-0.385 0.0521 52.04 36.30  90 78   900000 1355000   250 9.93
-0.374 0.0517 52.04 36.30  90 78   900000 1355000   250 9.93
-0.363 0.0514 52.03 36.30  90 78   900000 1355000   250 9.93
-0.352 0.0525 52.02 36.30  90 78   900000 1355000   250 9.93
-0.341 0.0518 52.01 36.30  90 78   900000 1355000   250 9.93
-0.330 0.0520 51.99 36.30  90 78   900000 1355000   250 9.93
-0.319 0.0521 51.96 36.30  90 78   900000 1355000   250 9.93
-0.308 0.0514 51.92 36.30  90 78   900000 1355000   250 9.93
-0.297 0.0517 51.88 36.30  90 78   900000 1355000   250 9.93
-0.286 0.0523 51.83 36.30  90 78   900000 1355000   250 9.93
-0.275 0.0515 51.76 36.30  90 78   900000 1355000   250 9.93
-0.264 0.0515 51.68 36.30  90 78   900000 1355000   250 9.93
-0.253 0.0513 51.60 36.30  90 78   900000 1355000   250 9.93
-0.242 0.0524 51.50 36.30  90 78   900000 1355000   250 9.93
-0.231 0.0519 51.40 36.30  90 78   900000 1355000   250 9.93
-0.220 0.0507 51.31 36.30  90 78   900000 1355000   250 9.93
-0.209 0.0520 51.23 36.30  90 78   900000 1355000   250 9.93
-0.198 0.0512 51.16 36.30  90 78   900000 1355000   250 9.93
-0.187 0.0513 51.10 36.30  90 78   900000 1355000   250 9.93
-0.176 0.0508 51.04 36.30  90 78   900000 1355000   250 9.93
-0.165 0.0504 50.99 36.30  90 78   900000 1355000   250 9.93
-0.154 0.0501 50.93 36.30  90 78   900000 1355000   250 9.93
-0.143 0.0516 50.86 36.30  90 78   900000 1355000   250 9.93
-0.132 0.0499 50.75 36.30  90 78   900000 1355000   250 9.93
-0.121 0.0484 50.60 36.30  90 78   900000 1355000   250 9.93
-0.110 0.0492 50.39 36.30  90 78   900000 1355000   250 9.93
-0.099 0.0494 50.11 36.30  90 78   900000 1355000   250 9.93
-0.088 0.0503 49.76 36.30  90 78   900000 1355000   250 9.93
-0.077 0.0490 49.32 36.30  90 78   900000 1355000   250 9.93
-0.066 0.0492 48.80 36.30  90 78   900000 1355000   250 9.93
-0.055 0.0496 48.20 36.30  90 78   900000 1355000   250 9.93
-0.044 0.0506 47.53 36.30  90 78   900000 1355000   250 9.93
-0.033 0.0489 46.78 36.30  90 78   900000 1355000   250 9.93
-0.022 0.0493 45.96 36.30  90 78   900000 1355000   250 9.93
-0.011 0.0464 45.10 36.30  90 78   900000 1355000   250 9.93
0.000 0.0454 44.18 36.30  90 78   900000 1355000   250 9.93
0.011 0.0444 43.24 36.30  90 78   900000 1355000   250 9.93
0.022 0.0418 42.27 36.30  90 78   900000 1355000   250 9.93
0.032 0.0409 41.30 36.30  90 78   900000 1355000   250 9.93
0.041 0.0392 40.32 36.30  90 78   900000 1355000   250 9.93
0.051 0.0370 39.36 36.30  90 78   900000 1355000   250 9.93
0.060 0.0363 38.43 36.30  90 78   900000 1355000   250 9.93
0.068 0.0363 37.53 36.30  90 78   900000 1355000   250 9.93
0.076 0.0351 36.69 36.30  90 78   900000 1355000   250 9.93
0.084 0.0350 35.92 36.30  90 78   900000 1355000   250 9.93
0.092 0.0340 35.24 36.30  90 78   900000 1355000   250 9.93
0.099 0.0345 34.67 36.30  90 78   900000 1355000   250 9.93
0.106 0.0334 34.21 36.30  90 78   900000 1355000   250 9.93
0.113 0.0338 33.86 36.30  90 78   900000 1355000   250 9.93
0.119 0.0336 33.61 36.30  90 78   900000 1355000   250 9.93
0.126 0.0340 33.45 36.30  90 78   900000 1355000   250 9.93
0.131 0.0334 33.36 36.30  90 78   900000 1355000   250 9.93
0.137 0.0335 33.33 36.30  90 78   900000 1355000   250 9.93
0.143 0.0344 33.34 36.30  90 78   900000 1355000   250 9.93
0.148 0.0344 33.38 36.30  90 78   900000 1355000   250 9.93
0.153 0.0328 33.43 36.30  90 78   900000 1355000   250 9.93
0.158 0.0328 33.47 36.30  90 78   900000 1355000   250 9.93
0.162 0.0325 33.52 36.30  90 78   900000 1355000   250 9.93
0.167 0.0346 33.56 36.30  90 78   900000 1355000   250 9.93
0.171 0.0336 33.59 36.30  90 78   900000 1355000   250 9.93
0.175 0.0338 33.62 36.30  90 78   900000 1355000   250 9.93
0.179 0.0342 33.65 36.30  90 78   900000 1355000   250 9.93
0.183 0.0350 33.67 36.30  90 78   900000 1355000   250 9.93
0.186 0.0373 33.70 36.30  90 78   900000 1355000   250 9.93
0.190 0.0350 33.71 36.30  90 78   900000 1355000   250 9.93
0.193 0.0307 33.72 36.30  90 78   900000 1355000   250 9.93
0.196 0.0316 33.73 36.30  90 78   900000 1355000   250 9.93
0.199 0.0326 33.74 36.30  90 78   900000 1355000   250 9.93
0.202 0.0347 33.75 36.30  90 78   900000 1355000   250 9.93
0.205 0.0335 33.78 36.30  90 78   900000 1355000   250 9.93
0.208 0.0330 33.83 36.30  90 78   900000 1355000   250 9.93
0.210 0.0359 33.90 36.30  90 78   900000 1355000   250 9.93
0.213 0.0333 34.00 36.30  90 78   900000 1355000   250 9.93
0.215 0.0327 34.12 36.30  90 78   900000 1355000   250 9.93
0.218 0.0350 34.27 36.30  90 78   900000 1355000   250 9.93
0.220 0.0328 34.44 36.30  90 78   900000 1355000   250 9.93
0.222 0.0365 34.61 36.30  90 78   900000 1355000   250 9.93
0.224 0.0374 34.79 36.30  90 78   900000 1355000   250 9.93
0.226 0.0336 34.97 36.30  90 78   900000 1355000   250 9.93
0.229 0.0306 35.14 36.30  90 78   900000 1355000   250 9.93
0.231 0.0363 35.30 36.30  90 78   900000 1355000   250 9.93
0.233 0.0341 35.44 36.30  90 78   900000 1355000   250 9.93
0.235 0.0365 35.56 36.30  90 78   900000 1355000   250 9.93
0.237 0.0368 35.65 36.30  90 78   900000 1355000   250 9.93
0.240 0.0326 35.71 36.30  90 78   900000 1355000   250 9.93
0.242 0.0425 35.74 36.30  90 78   900000 1355000   250 9.93
0.244 0.0371 35.74 36.30  90 78   900000 1355000   250 9.93
0.246 0.0342 35.74 36.30  90 78   900000 1355000   250 9.93
0.248 0.0372 35.73 36.30  90 78   900000 1355000   250 9.93
0.251 0.0377 35.71 36.30  90 78   900000 1355000   250 9.93
0.253 0.0337 35.69 36.30  90 78   900000 1355000   250 9.93
0.255 0.0357 35.66 36.30  90 78   900000 1355000   250 9.93
0.257 0.0354 35.62 36.30  90 78   900000 1355000   250 9.93
0.259 0.0335 35.58 36.30  90 78   900000 1355000   250 9.93
0.262 0.0332 35.54 36.30  90 78   900000 1355000   250 9.93
0.264 0.0336 35.48 36.30  90 78   900000 1355000   250 9.93
0.266 0.0380 35.42 36.30  90 78   900000 1355000   250 9.93
0.268 0.0360 35.36 36.30  90 78   900000 1355000   250 9.93
0.270 0.0350 35.29 36.30  90 78   900000 1355000   250 9.93
0.273 0.0343 35.23 36.30  90 78   900000 1355000   250 9.93
0.275 0.0358 35.19 36.30  90 78   900000 1355000   250 9.93
0.277 0.0355 35.19 36.30  90 78   900000 1355000   250 9.93
0.279 0.0334 35.21 36.30  90 78   900000 1355000   250 9.93
0.281 0.0359 35.25 36.30  90 78   900000 1355000   250 9.93
0.284 0.0365 35.31 36.30  90 78   900000 1355000   250 9.93
0.286 0.0377 35.38 36.30  90 78   900000 1355000   250 9.93
0.288 0.0354 35.45 36.30  90 78   900000 1355000   250 9.93
0.290 0.0354 35.50 36.30  90 78   900000 1355000   250 9.93
0.292 0.0347 35.52 36.30  90 78   900000 1355000   250 9.93
0.295 0.0354 35.52 36.30  90 78   900000 1355000   250 9.93
0.297 0.0355 35.50 36.30  90 78   900000 1355000   250 9.93
0.299 0.0361 35.46 36.30  90 78   900000 1355000   250 9.93
0.301 0.0326 35.42 36.30  90 78   900000 1355000   250 9.93
0.303 0.0335 35.39 36.30  90 78   900000 1355000   250 9.93
0.305 0.0369 35.37 36.30  90 78   900000 1355000   250 9.93
0.308 0.0384 35.38 36.30  90 78   900000 1355000   250 9.93
0.310 0.0335 35.40 36.30  90 78   900000 1355000   250 9.93
0.312 0.0363 35.45 36.30  90 78   900000 1355000   250 9.93
0.314 0.0377 35.50 36.30  90 78   900000 1355000   250 9.93
0.316 0.0386 35.57 36.30  90 78   900000 1355000   250 9.93
0.319 0.0343 35.66 36.30  90 78   900000 1355000   250 9.93
0.321 0.0331 35.76 36.30  90 78   900000 1355000   250 9.93
0.323 0.0309 35.87 36.30  90 78   900000 1355000   250 9.93
0.325 0.0384 36.00 36.30  90 78   900000 1355000   250 9.93
0.327 0.0364 36.13 36.30  90 78   900000 1355000   250 9.93
0.330 0.0347 36.28 36.30  90 78   900000 1355000   250 9.93
0.332 0.0339 36.43 36.30  90 78   900000 1355000   250 9.93
0.334 0.0383 36.59 36.30  90 78   900000 1355000   250 9.93
0.336 0.0374 36.76 36.30  90 78   900000 1355000   250 9.93
0.338 0.0414 36.96 36.30  90 78   900000 1355000   250 9.93
0.341 0.0367 37.17 36.30  90 78   900000 1355000   250 9.93
0.343 0.0397 37.40 36.30  90 78   900000 1355000   250 9.93
0.345 0.0354 37.65 36.30  90 78   900000 1355000   250 9.93
0.347 0.0361 37.90 36.30  90 78   900000 1355000   250 9.93
0.349 0.0391 38.17 36.30  90 78   900000 1355000   250 9.93
0.352 0.0359 38.44 36.30  90 78   900000 1355000   250 9.93
0.354 0.0379 38.71 36.30  90 78   900000 1355000   250 9.93
0.356 0.0402 38.96 36.30  90 78   900000 1355000   250 9.93
0.358 0.0408 39.20 36.30  90 78   900000 1355000   250 9.93
0.360 0.0383 39.40 36.30  90 78   900000 1355000   250 9.93
0.363 0.0379 39.58 36.30  90 78   900000 1355000   250 9.93
0.365 0.0409 39.72 36.30  90 78   900000 1355000   250 9.93
0.367 0.0392 39.82 36.30  90 78   900000 1355000   250 9.93
0.369 0.0420 39.90 36.30  90 78   900000 1355000   250 9.93
0.371 0.0371 39.95 36.30  90 78   900000 1355000   250 9.93
0.374 0.0446 39.98 36.30  90 78   900000 1355000   250 9.93
0.376 0.0389 39.99 36.30  90 78   900000 1355000   250 9.93
0.378 0.0416 39.98 36.30  90 78   900000 1355000   250 9.93
0.380 0.0393 39.95 36.30  90 78   900000 1355000   250 9.93
0.382 0.0397 39.90 36.30  90 78   900000 1355000   250 9.93
0.385 0.0403 39.83 36.30  90 78   900000 1355000   250 9.93
0.387 0.0392 39.74 36.30  90 78   900000 1355000   250 9.93
0.389 0.0399 39.65 36.30  90 78   900000 1355000   250 9.93
0.391 0.0434 39.55 36.30  90 78   900000 1355000   250 9.93
0.393 0.0406 39.45 36.30  90 78   900000 1355000   250 9.93
0.396 0.0324 39.35 36.30  90 78   900000 1355000   250 9.93
0.398 0.0390 39.26 36.30  90 78   900000 1355000   250 9.93
0.400 0.0405 39.18 36.30  90 78   900000 1355000   250 9.93
0.402 0.0363 39.11 36.30  90 78   900000 1355000   250 9.93
0.404 0.0404 39.05 36.30  90 78   900000 1355000   250 9.93
0.407 0.0356 39.00 36.30  90 78   900000 1355000   250 9.93
0.409 0.0398 38.97 36.30  90 78   900000 1355000   250 9.93
0.411 0.0404 38.97 36.30  90 78   900000 1355000   250 9.93
0.413 0.0391 38.99 36.30  90 78   900000 1355000   250 9.93
0.415 0.0423 39.03 36.30  90 78   900000 1355000   250 9.93
0.418 0.0398 39.09 36.30  90 78   900000 1355000   250 9.93
0.420 0.0368 39.15 36.30  90 78   900000 1355000   250 9.93
0.422 0.0395 39.21 36.30  90 78   900000 1355000   250 9.93
0.424 0.0402 39.28 36.30  90 78   900000 1355000   250 9.93
0.426 0.0397 39.34 36.30  90 78   900000 1355000   250 9.93
0.429 0.0397 39.41 36.30  90 78   900000 1355000   250 9.93
0.431 0.0379 39.48 36.30  90 78   900000 1355000   250 9.93
0.433 0.0388 39.55 36.30  90 78   900000 1355000   250 9.93
0.435 0.0396 39.61 36.30  90 78   900000 1355000   250 9.93
0.437 0.0399 39.67 36.30  90 78   900000 1355000   250 9.93
0.440 0.0391 39.73 36.30  90 78   900000 1355000   250 9.93
0.442 0.0421 39.80 36.30  90 78   900000 1355000   250 9.93
0.444 0.0394 39.88 36.30  90 78   900000 1355000   250 9.93
0.446 0.0402 40.00 36.30  90 78   900000 1355000   250 9.93
0.448 0.0402 40.13 36.30  90 78   900000 1355000   250 9.93
0.451 0.0410 40.30 36.30  90 78   900000 1355000   250 9.93
0.453 0.0387 40.50 36.30  90 78   900000 1355000   250 9.93
0.455 0.0409 40.72 36.30  90 78   900000 1355000   250 9.93
0.457 0.0389 40.95 36.30  90 78   900000 1355000   250 9.93
0.459 0.0413 41.19 36.30  90 78   900000 1355000   250 9.93
0.462 0.0402 41.43 36.30  90 78   900000 1355000   250 9.93
0.464 0.0428 41.65 36.30  90 78   900000 1355000   250 9.93
0.466 0.0449 41.87 36.30  90 78   900000 1355000   250 9.93
0.468 0.0394 42.06 36.30  90 78   900000 1355000   250 9.93
0.470 0.0425 42.24 36.30  90 78   900000 1355000   250 9.93
0.473 0.0433 42.41 36.30  90 78   900000 1355000   250 9.93
0.475 0.0410 42.57 36.30  90 78   900000 1355000   250 9.93
0.477 0.0440 42.73 36.30  90 78   900000 1355000   250 9.93
0.479 0.0441 42.89 36.30  90 78   900000 1355000   250 9.93
0.481 0.0430 43.07 36.30  90 78   900000 1355000   250 9.93
0.484 0.0430 43.26 36.30  90 78   900000 1355000   250 9.93
0.486 0.0452 43.45 36.30  90 78   900000 1355000   250 9.93
0.488 0.0456 43.62 36.30  90 78   900000 1355000   250 9.93
0.490 0.0421 43.77 36.30  90 78   900000 1355000   250 9.93
0.492 0.0439 43.90 36.30  90 78   900000 1355000   250 9.93
0.495 0.0453 43.99 36.30  90 78   900000 1355000   250 9.93
0.497 0.0375 44.07 36.30  90 78   900000 1355000   250 9.93
0.499 0.0446 44.13 36.30  90 78   900000 1355000   250 9.93
0.501 0.0439 44.18 36.30  90 78   900000 1355000   250 9.93
0.503 0.0448 44.24 36.30  90 78   900000 1355000   250 9.93
0.505 0.0444 44.31 36.30  90 78   900000 1355000   250 9.93
0.508 0.0416 44.39 36.30  90 78   900000 1355000   250 9.93
0.510 0.0460 44.47 36.30  90 78   900000 1355000   250 9.93
0.512 0.0498 44.56 36.30  90 78   900000 1355000   250 9.93
0.514 0.0450 44.65 36.30  90 78   900000 1355000   250 9.93
0.516 0.0472 44.73 36.30  90 78   900000 1355000   250 9.93
0.519 0.0459 44.82 36.30  90 78   900000 1355000   250 9.93
0.521 0.0410 44.90 36.30  90 78   900000 1355000   250 9.93
0.523 0.0448 44.97 36.30  90 78   900000 1355000   250 9.93
0.525 0.0439 45.03 36.30  90 78   900000 1355000   250 9.93
0.527 0.0425 45.06 36.30  90 78   900000 1355000   250 9.93
0.530 0.0403 45.08 36.30  90 78   900000 1355000   250 9.93
0.532 0.0463 45.08 36.30  90 78   900000 1355000   250 9.93
0.534 0.0487 45.05 36.30  90 78   900000 1355000   250 9.93
0.536 0.0466 45.01 36.30  90 78   900000 1355000   250 9.93
0.538 0.0464 44.95 36.30  90 78   900000 1355000   250 9.93
0.541 0.0476 44.89 36.30  90 78   900000 1355000   250 9.93
0.543 0.0443 44.83 36.30  90 78   900000 1355000   250 9.93
0.545 0.0441 44.79 36.30  90 78   900000 1355000   250 9.93
0.547 0.0437 44.75 36.30  90 78   900000 1355000   250 9.93
0.549 0.0405 44.72 36.30  90 78   900000 1355000   250 9.93
0.552 0.0503 44.70 36.30  90 78   900000 1355000   250 9.93
0.554 0.0421 44.68 36.30  90 78   900000 1355000   250 9.93
0.556 0.0440 44.68 36.30  90 78   900000 1355000   250 9.93
0.558 0.0462 44.69 36.30  90 78   900000 1355000   250 9.93
0.560 0.0451 44.71 36.30  90 78   900000 1355000   250 9.93
0.563 0.0460 44.74 36.30  90 78   900000 1355000   250 9.93
0.565 0.0416 44.78 36.30  90 78   900000 1355000   250 9.93
0.567 0.0443 44.85 36.30  90 78   900000 1355000   250 9.93
0.569 0.0467 44.95 36.30  90 78   900000 1355000   250 9.93
0.571 0.0445 45.09 36.30  90 78   900000 1355000   250 9.93
0.574 0.0428 45.28 36.30  90 78   900000 1355000   250 9.93
0.576 0.0460 45.53 36.30  90 78   900000 1355000   250 9.93
0.578 0.0460 45.81 36.30  90 78   900000 1355000   250 9.93
0.580 0.0452 46.11 36.30  90 78   900000 1355000   250 9.93
0.582 0.0466 46.41 36.30  90 78   900000 1355000   250 9.93
0.585 0.0464 46.72 36.30  90 78   900000 1355000   250 9.93
0.587 0.0488 47.03 36.30  90 78   900000 1355000   250 9.93
0.589 0.0467 47.34 36.30  90 78   900000 1355000   250 9.93
0.591 0.0459 47.65 36.30  90 78   900000 1355000   250 9.93
0.593 0.0500 47.96 36.30  90 78   900000 1355000   250 9.93
0.596 0.0508 48.26 36.30  90 78   900000 1355000   250 9.93
0.598 0.0486 48.58 36.30  90 78   900000 1355000   250 9.93
0.600 0.0485 48.89 36.30  90 78   900000 1355000   250 9.93
0.602 0.0468 49.20 36.30  90 78   900000 1355000   250 9.93
0.604 0.0503 49.50 36.30  90 78   900000 1355000   250 9.93
0.607 0.0495 49.79 36.30  90 78   900000 1355000   250 9.93
0.609 0.0497 50.07 36.30  90 78   900000 1355000   250 9.93
0.611 0.0550 50.35 36.30  90 78   900000 1355000   250 9.93
0.613 0.0505 50.62 36.30  90 78   900000 1355000   250 9.93
0.615 0.0499 50.89 36.30  90 78   900000 1355000   250 9.93
0.618 0.0502 51.17 36.30  90 78   900000 1355000   250 9.93
0.620 0.0479 51.45 36.30  90 78   900000 1355000   250 9.93
0.622 0.0478 51.73 36.30  90 78   900000 1355000   250 9.93
0.624 0.0576 52.01 36.30  90 78   900000 1355000   250 9.93
0.626 0.0527 52.30 36.30  90 78   900000 1355000   250 9.93
0.629 0.0511 52.60 36.30  90 78   900000 1355000   250 9.93
0.631 0.0529 52.91 36.30  90 78   900000 1355000   250 9.93
0.633 0.0520 53.22 36.30  90 78   900000 1355000   250 9.93
0.635 0.0545 53.53 36.30  90 78   900000 1355000   250 9.93
0.637 0.0573 53.82 36.30  90 78   900000 1355000   250 9.93
0.640 0.0539 54.10 36.30  90 78   900000 1355000   250 9.93
0.642 0.0516 54.36 36.30  90 78   900000 1355000   250 9.93
0.644 0.0556 54.59 36.30  90 78   900000 1355000   250 9.93
0.646 0.0525 54.79 36.30  90 78   900000 1355000   250 9.93
0.648 0.0534 54.96 36.30  90 78   900000 1355000   250 9.93
0.651 0.0593 55.10 36.30  90 78   900000 1355000   250 9.93
0.653 0.0568 55.20 36.30  90 78   900000 1355000   250 9.93
0.655 0.0523 55.27 36.30  90 78   900000 1355000   250 9.93
0.657 0.0572 55.30 36.30  90 78   900000 1355000   250 9.93
0.659 0.0557 55.30 36.30  90 78   900000 1355000   250 9.93
0.662 0.0559 55.28 36.30  90 78   900000 1355000   250 9.93
0.664 0.0537 55.24 36.30  90 78   900000 1355000   250 9.93
0.666 0.0555 55.17 36.30  90 78   900000 1355000   250 9.93
0.668 0.0569 55.10 36.30  90 78   900000 1355000   250 9.93
0.670 0.0595 55.01 36.30  90 78   900000 1355000   250 9.93
0.673 0.0489 54.90 36.30  90 78   900000 1355000   250 9.93
0.675 0.0528 54.78 36.30  90 78   900000 1355000   250 9.93
0.677 0.0563 54.65 36.30  90 78   900000 1355000   250 9.93
0.679 0.0531 54.51 36.30  90 78   900000 1355000   250 9.93
0.681 0.0564 54.39 36.30  90 78   900000 1355000   250 9.93
0.684 0.0524 54.29 36.30  90 78   900000 1355000   250 9.93
0.686 0.0570 54.20 36.30  90 78   900000 1355000   250 9.93
0.688 0.0524 54.14 36.30  90 78   900000 1355000   250 9.93
0.690 0.0539 54.11 36.30  90 78   900000 1355000   250 9.93
0.692 0.0534 54.11 36.30  90 78   900000 1355000   250 9.93
0.695 0.0572 54.13 36.30  90 78   900000 1355000   250 9.93
0.697 0.0536 54.18 36.30  90 78   900000 1355000   250 9.93
0.699 0.0518 54.25 36.30  90 78   900000 1355000   250 9.93
0.701 0.0577 54.34 36.30  90 78   900000 1355000   250 9.93
0.703 0.0503 54.44 36.30  90 78   900000 1355000   250 9.93
0.705 0.0521 54.57 36.30  90 78   900000 1355000   250 9.93
0.708 0.0562 54.71 36.30  90 78   900000 1355000   250 9.93
0.710 0.0536 54.87 36.30  90 78   900000 1355000   250 9.93
0.712 0.0599 55.04 36.30  90 78   900000 1355000   250 9.93
0.714 0.0533 55.22 36.30  90 78   900000 1355000   250 9.93
0.716 0.0529 55.41 36.30  90 78   900000 1355000   250 9.93
0.719 0.0576 55.61 36.30  90 78   900000 1355000   250 9.93
0.721 0.0602 55.82 36.30  90 78   900000 1355000   250 9.93
0.723 0.0556 56.04 36.30  90 78   900000 1355000   250 9.93
0.725 0.0558 56.26 36.30  90 78   900000 1355000   250 9.93
0.727 0.0519 56.47 36.30  90 78   900000 1355000   250 9.93
0.730 0.0563 56.67 36.30  90 78   900000 1355000   250 9.93
0.732 0.0607 56.87 36.30  90 78   900000 1355000   250 9.93
0.734 0.0552 57.06 36.30  90 78   900000 1355000   250 9.93
0.736 0.0550 57.23 36.30  90 78   900000 1355000   250 9.93
0.738 0.0615 57.41 36.30  90 78   900000 1355000   250 9.93
0.741 0.0541 57.58 36.30  90 78   900000 1355000   250 9.93
0.743 0.0638 57.74 36.30  90 78   900000 1355000   250 9.93
0.745 0.0546 57.91 36.30  90 78   900000 1355000   250 9.93
0.747 0.0585 58.09 36.30  90 78   900000 1355000   250 9.93
0.749 0.0584 58.27 36.30  90 78   900000 1355000   250 9.93
0.752 0.0571 58.46 36.30  90 78   900000 1355000   250 9.93
0.754 0.0602 58.66 36.30  90 78   900000 1355000   250 9.93
0.756 0.0583 58.87 36.30  90 78   900000 1355000   250 9.93
0.758 0.0594 59.08 36.30  90 78   900000 1355000   250 9.93
0.760 0.0557 59.29 36.30  90 78   900000 1355000   250 9.93
0.763 0.0599 59.50 36.30  90 78   900000 1355000   250 9.93
0.765 0.0631 59.71 36.30  90 78   900000 1355000   250 9.93
0.767 0.0574 59.93 36.30  90 78   900000 1355000   250 9.93
0.769 0.0601 60.14 36.30  90 78   900000 1355000   250 9.93
0.771 0.0625 60.35 36.30  90 78   900000 1355000   250 9.93
0.774 0.0583 60.58 36.30  90 78   900000 1355000   250 9.93
0.776 0.0630 60.81 36.30  90 78   900000 1355000   250 9.93
0.778 0.0596 61.07 36.30  90 78   900000 1355000   250 9.93
0.780 0.0637 61.32 36.30  90 78   900000 1355000   250 9.93
0.782 0.0613 61.59 36.30  90 78   900000 1355000   250 9.93
0.785 0.0601 61.86 36.30  90 78   900000 1355000   250 9.93
0.787 0.0613 62.13 36.30  90 78   900000 1355000   250 9.93
0.789 0.0637 62.40 36.30  90 78   900000 1355000   250 9.93
0.791 0.0618 62.67 36.30  90 78   900000 1355000   250 9.93
0.793 0.0636 62.93 36.30  90 78   900000 1355000   250 9.93
0.796 0.0645 63.20 36.30  90 78   900000 1355000   250 9.93
0.798 0.0610 63.46 36.30  90 78   900000 1355000   250 9.93
0.800 0.0660 63.71 36.30  90 78   900000 1355000   250 9.93
0.802 0.0602 63.96 36.30  90 78   900000 1355000   250 9.93
0.804 0.0652 64.20 36.30  90 78   900000 1355000   250 9.93
0.807 0.0664 64.44 36.30  90 78   900000 1355000   250 9.93
0.809 0.0630 64.66 36.30  90 78   900000 1355000   250 9.93
0.811 0.0645 64.86 36.30  90 78   900000 1355000   250 9.93
0.813 0.0667 65.04 36.30  90 78   900000 1355000   250 9.93
0.815 0.0660 65.20 36.30  90 78   900000 1355000   250 9.93
0.818 0.0643 65.34 36.30  90 78   900000 1355000   250 9.93
0.820 0.0655 65.46 36.30  90 78   900000 1355000   250 9.93
0.822 0.0655 65.57 36.30  90 78   900000 1355000   250 9.93
0.824 0.0686 65.65 36.30  90 78   900000 1355000   250 9.93
0.826 0.0642 65.72 36.30  90 78   900000 1355000   250 9.93
0.829 0.0645 65.76 36.30  90 78   900000 1355000   250 9.93
0.831 0.0669 65.79 36.30  90 78   900000 1355000   250 9.93
0.833 0.0659 65.80 36.30  90 78   900000 1355000   250 9.93
0.835 0.0654 65.79 36.30  90 78   900000 1355000   250 9.93
0.837 0.0663 65.77 36.30  90 78   900000 1355000   250 9.93
0.840 0.0657 65.73 36.30  90 78   900000 1355000   250 9.93
0.842 0.0649 65.68 36.30  90 78   900000 1355000   250 9.93
0.844 0.0653 65.62 36.30  90 78   900000 1355000   250 9.93
0.846 0.0645 65.55 36.30  90 78   900000 1355000   250 9.93
0.848 0.0674 65.49 36.30  90 78   900000 1355000   250 9.93
0.851 0.0620 65.42 36.30  90 78   900000 1355000   250 9.93
0.853 0.0680 65.36 36.30  90 78   900000 1355000   250 9.93
0.855 0.0658 65.30 36.30  90 78   900000 1355000   250 9.93
0.857 0.0661 65.26 36.30  90 78   900000 1355000   250 9.93
0.859 0.0654 65.22 36.30  90 78   900000 1355000   250 9.93
0.862 0.0651 65.18 36.30  90 78   900000 1355000   250 9.93
0.864 0.0622 65.15 36.30  90 78   900000 1355000   250 9.93
0.866 0.0671 65.11 36.30  90 78   900000 1355000   250 9.93
0.868 0.0651 65.08 36.30  90 78   900000 1355000   250 9.93
0.870 0.0630 65.05 36.30  90 78   900000 1355000   250 9.93
0.873 0.0642 65.01 36.30  90 78   900000 1355000   250 9.93
0.875 0.0687 64.96 36.30  90 78   900000 1355000   250 9.93
0.877 0.0624 64.91 36.30  90 78   900000 1355000   250 9.93
0.879 0.0657 64.86 36.30  90 78   900000 1355000   250 9.93
0.881 0.0643 64.81 36.30  90 78   900000 1355000   250 9.93
0.884 0.0655 64.77 36.30  90 78   900000 1355000   250 9.93
0.886 0.0623 64.73 36.30  90 78   900000 1355000   250 9.93
0.888 0.0703 64.71 36.30  90 78   900000 1355000   250 9.93
0.890 0.0620 64.69 36.30  90 78   900000 1355000   250 9.93
0.892 0.0638 64.69 36.30  90 78   900000 1355000   250 9.93
0.895 0.0637 64.71 36.30  90 78   900000 1355000   250 9.93
0.897 0.0701 64.73 36.30  90 78   900000 1355000   250 9.93
0.899 0.0649 64.75 36.30  90 78   900000 1355000   250 9.93
0.901 0.0572 64.78 36.30  90 78   900000 1355000   250 9.93
0.903 0.0651 64.80 36.30  90 78   900000 1355000   250 9.93
0.905 0.0693 64.83 36.30  90 78   900000 1355000   250 9.93
0.908 0.0622 64.85 36.30  90 78   900000 1355000   250 9.93
0.910 0.0659 64.87 36.30  90 78   900000 1355000   250 9.93
0.912 0.0625 64.90 36.30  90 78   900000 1355000   250 9.93
0.914 0.0651 64.93 36.30  90 78   900000 1355000   250 9.93
0.916 0.0653 64.97 36.30  90 78   900000 1355000   250 9.93
0.919 0.0684 65.01 36.30  90 78   900000 1355000   250 9.93
0.921 0.0644 65.06 36.30  90 78   900000 1355000   250 9.93
0.923 0.0639 65.12 36.30  90 78   900000 1355000   250 9.93
0.925 0.0675 65.17 36.30  90 78   900000 1355000   250 9.93
0.927 0.0644 65.23 36.30  90 78   900000 1355000   250 9.93
0.930 0.0658 65.28 36.30  90 78   900000 1355000   250 9.93
0.932 0.0639 65.33 36.30  90 78   900000 1355000   250 9.93
0.934 0.0651 65.37 36.30  90 78   900000 1355000   250 9.93
0.936 0.0667 65.40 36.30  90 78   900000 1355000   250 9.93
0.938 0.0646 65.43 36.30  90 78   900000 1355000   250 9.93
0.941 0.0643 65.45 36.30  90 78   900000 1355000   250 9.93
0.943 0.0654 65.48 36.30  90 78   900000 1355000   250 9.93
0.945 0.0666 65.51 36.30  90 78   900000 1355000   250 9.93
0.947 0.0655 65.54 36.30  90 78   900000 1355000   250 9.93
0.949 0.0655 65.60 36.30  90 78   900000 1355000   250 9.93
0.952 0.0656 65.67 36.30  90 78   900000 1355000   250 9.93
0.954 0.0678 65.76 36.30  90 78   900000 1355000   250 9.93
0.956 0.0633 65.88 36.30  90 78   900000 1355000   250 9.93
0.958 0.0667 66.02 36.30  90 78   900000 1355000   250 9.93
0.960 0.0681 66.18 36.30  90 78   900000 1355000   250 9.93
0.963 0.0660 66.35 36.30  90 78   900000 1355000   250 9.93
0.965 0.0633 66.54 36.30  90 78   900000 1355000   250 9.93
0.967 0.0682 66.74 36.30  90 78   900000 1355000   250 9.93
0.969 0.0643 66.94 36.30  90 78   900000 1355000   250 9.93
0.971 0.0690 67.15 36.30  90 78   900000 1355000   250 9.93
0.974 0.0674 67.38 36.30  90 78   900000 1355000   250 9.93
0.976 0.0661 67.61 36.30  90 78   900000 1355000   250 9.93
0.978 0.0702 67.85 36.30  90 78   900000 1355000   250 9.93
0.980 0.0666 68.11 36.30  90 78   900000 1355000   250 9.93
0.982 0.0710 68.38 36.30  90 78   900000 1355000   250 9.93
0.985 0.0674 68.65 36.30  90 78   900000 1355000   250 9.93
0.987 0.0686 68.94 36.30  90 78   900000 1355000   250 9.93
0.989 0.0676 69.24 36.30  90 78   900000 1355000   250 9.93
0.991 0.0713 69.55 36.30  90 78   900000 1355000   250 9.93
0.993 0.0728 69.86 36.30  90 78   900000 1355000   250 9.93
0.996 0.0668 70.18 36.30  90 78   900000 1355000   250 9.93
0.998 0.0728 70.48 36.30  90 78   900000 1355000   250 9.93
1.000 0.0677 70.77 36.30  90 78   900000 1355000   250 9.93
1.002 0.0699 71.04 36.30  90 78   900000 1355000   250 9.93
1.004 0.0725 71.29 36.30  90 78   900000 1355000   250 9.93
1.007 0.0708 71.53 36.30  90 78   900000 1355000   250 9.93
1.009 0.0730 71.74 36.30  90 78   900000 1355000   250 9.93
1.011 0.0706 71.94 36.30  90 78   900000 1355000   250 9.93
1.013 0.0727 72.11 36.30  90 78   900000 1355000   250 9.93
1.015 0.0744 72.26 36.30  90 78   900000 1355000   250 9.93
1.018 0.0722 72.39 36.30  90 78   900000 1355000   250 9.93
1.020 0.0705 72.49 36.30  90 78   900000 1355000   250 9.93
1.022 0.0733 72.57 36.30  90 78   900000 1355000   250 9.93
1.024 0.0734 72.62 36.30  90 78   900000 1355000   250 9.93
1.026 0.0742 72.64 36.30  90 78   900000 1355000   250 9.93
1.029 0.0754 72.64 36.30  90 78   900000 1355000   250 9.93
1.031 0.0700 72.61 36.30  90 78   900000 1355000   250 9.93
1.033 0.0710 72.55 36.30  90 78   900000 1355000   250 9.93
1.035 0.0739 72.46 36.30  90 78   900000 1355000   250 9.93
1.037 0.0695 72.34 36.30  90 78   900000 1355000   250 9.93
1.040 0.0728 72.19 36.30  90 78   900000 1355000   250 9.93
1.042 0.0724 72.00 36.30  90 78   900000 1355000   250 9.93
1.044 0.0714 71.78 36.30  90 78   900000 1355000   250 9.93
1.046 0.0722 71.54 36.30  90 78   900000 1355000   250 9.93
1.048 0.0732 71.29 36.30  90 78   900000 1355000   250 9.93
1.051 0.0703 71.03 36.30  90 78   900000 1355000   250 9.93
1.053 0.0682 70.75 36.30  90 78   900000 1355000   250 9.93
1.055 0.0711 70.47 36.30  90 78   900000 1355000   250 9.93
1.057 0.0712 70.17 36.30  90 78   900000 1355000   250 9.93
1.059 0.0706 69.87 36.30  90 78   900000 1355000   250 9.93
1.062 0.0719 69.56 36.30  90 78   900000 1355000   250 9.93
1.064 0.0670 69.25 36.30  90 78   900000 1355000   250 9.93
1.066 0.0694 68.93 36.30  90 78   900000 1355000   250 9.93
1.068 0.0690 68.60 36.30  90 78   900000 1355000   250 9.93
1.070 0.0685 68.28 36.30  90 78   900000 1355000   250 9.93
1.073 0.0651 67.95 36.30  90 78   900000 1355000   250 9.93
1.075 0.0682 67.61 36.30  90 78   900000 1355000   250 9.93
1.077 0.0684 67.29 36.30  90 78   900000 1355000   250 9.93
1.079 0.0653 66.97 36.30  90 78   900000 1355000   250 9.93
1.081 0.0675 66.67 36.30  90 78   900000 1355000   250 9.93
1.084 0.0656 66.39 36.30  90 78   900000 1355000   250 9.93
1.086 0.0676 66.14 36.30  90 78   900000 1355000   250 9.93
1.088 0.0661 65.92 36.30  90 78   900000 1355000   250 9.93
1.090 0.0677 65.72 36.30  90 78   900000 1355000   250 9.93
1.092 0.0615 65.55 36.30  90 78   900000 1355000   250 9.93
1.095 0.0642 65.39 36.30  90 78   900000 1355000   250 9.93
1.097 0.0668 65.24 36.30  90 78   900000 1355000   250 9.93
1.099 0.0685 65.12 36.30  90 78   900000 1355000   250 9.93
1.101 0.0611 65.02 36.30  90 78   900000 1355000   250 9.93
1.103 0.0658 64.94 36.30  90 78   900000 1355000   250 9.93
1.105 0.0629 64.87 36.30  90 78   900000 1355000   250 9.93
1.108 0.0648 64.81 36.30  90 78   900000 1355000   250 9.93
1.110 0.0661 64.76 36.30  90 78   900000 1355000   250 9.93
1.112 0.0670 64.71 36.30  90 78   900000 1355000   250 9.93
1.114 0.0625 64.67 36.30  90 78   900000 1355000   250 9.93
1.116 0.0634 64.62 36.30  90 78   900000 1355000   250 9.93
1.119 0.0667 64.57 36.30  90 78   900000 1355000   250 9.93
1.121 0.0628 64.52 36.30  90 78   900000 1355000   250 9.93
1.123 0.0671 64.47 36.30  90 78   900000 1355000   250 9.93
1.125 0.0654 64.41 36.30  90 78   900000 1355000   250 9.93
1.127 0.0643 64.36 36.30  90 78   900000 1355000   250 9.93
1.130 0.0612 64.29 36.30  90 78   900000 1355000   250 9.93
1.132 0.0646 64.23 36.30  90 78   900000 1355000   250 9.93
1.134 0.0643 64.15 36.30  90 78   900000 1355000   250 9.93
1.136 0.0640 64.06 36.30  90 78   900000 1355000   250 9.93
1.138 0.0643 63.96 36.30  90 78   900000 1355000   250 9.93
1.141 0.0669 63.86 36.30  90 78   900000 1355000   250 9.93
1.143 0.0642 63.75 36.30  90 78   900000 1355000   250 9.93
1.145 0.0603 63.65 36.30  90 78   900000 1355000   250 9.93
1.147 0.0657 63.55 36.30  90 78   900000 1355000   250 9.93
1.149 0.0615 63.45 36.30  90 78   900000 1355000   250 9.93
1.152 0.0628 63.37 36.30  90 78   900000 1355000   250 9.93
1.154 0.0620 63.29 36.30  90 78   900000 1355000   250 9.93
1.156 0.0638 63.22 36.30  90 78   900000 1355000   250 9.93
1.158 0.0651 63.15 36.30  90 78   900000 1355000   250 9.93
1.160 0.0613 63.08 36.30  90 78   900000 1355000   250 9.93
1.163 0.0646 63.01 36.30  90 78   900000 1355000   250 9.93
1.165 0.0638 62.95 36.30  90 78   900000 1355000   250 9.93
1.167 0.0632 62.88 36.30  90 78   900000 1355000   250 9.93
1.169 0.0613 62.81 36.30  90 78   900000 1355000   250 9.93
1.171 0.0619 62.74 36.30  90 78   900000 1355000   250 9.93
1.174 0.0612 62.66 36.30  90 78   900000 1355000   250 9.93
1.176 0.0635 62.58 36.30  90 78   900000 1355000   250 9.93
1.178 0.0630 62.50 36.30  90 78   900000 1355000   250 9.93
1.180 0.0624 62.43 36.30  90 78   900000 1355000   250 9.93
1.182 0.0655 62.34 36.30  90 78   900000 1355000   250 9.93
1.185 0.0595 62.25 36.30  90 78   900000 1355000   250 9.93
1.187 0.0667 62.16 36.30  90 78   900000 1355000   250 9.93
1.189 0.0587 62.07 36.30  90 78   900000 1355000   250 9.93
1.191 0.0638 61.98 36.30  90 78   900000 1355000   250 9.93
1.193 0.0586 61.90 36.30  90 78   900000 1355000   250 9.93
1.196 0.0611 61.82 36.30  90 78   900000 1355000   250 9.93
1.198 0.0639 61.75 36.30  90 78   900000 1355000   250 9.93
1.200 0.0602 61.69 36.30  90 78   900000 1355000   250 9.93
1.202 0.0631 61.64 36.30  90 78   900000 1355000   250 9.93
1.204 0.0618 61.59 36.30  90 78   900000 1355000   250 9.93
1.207 0.0609 61.55 36.30  90 78   900000 1355000   250 9.93
1.209 0.0606 61.51 36.30  90 78   900000 1355000   250 9.93
1.211 0.0609 61.48 36.30  90 78   900000 1355000   250 9.93
1.213 0.0617 61.45 36.30  90 78   900000 1355000   250 9.93
1.215 0.0605 61.41 36.30  90 78   900000 1355000   250 9.93
1.218 0.0634 61.38 36.30  90 78   900000 1355000   250 9.93
1.220 0.0600 61.34 36.30  90 78   900000 1355000   250 9.93
1.222 0.0633 61.31 36.30  90 78   900000 1355000   250 9.93
1.224 0.0595 61.29 36.30  90 78   900000 1355000   250 9.93
1.226 0.0620 61.26 36.30  90 78   900000 1355000   250 9.93
1.229 0.0631 61.23 36.30  90 78   900000 1355000   250 9.93
1.231 0.0615 61.20 36.30  90 78   900000 1355000   250 9.93
1.233 0.0594 61.17 36.30  90 78   900000 1355000   250 9.93
1.235 0.0613 61.15 36.30  90 78   900000 1355000   250 9.93
1.237 0.0604 61.13 36.30  90 78   900000 1355000   250 9.93
1.240 0.0616 61.11 36.30  90 78   900000 1355000   250 9.93
1.242 0.0635 61.09 36.30  90 78   900000 1355000   250 9.93
1.244 0.0601 61.07 36.30  90 78   900000 1355000   250 9.93
1.246 0.0595 61.05 36.30  90 78   900000 1355000   250 9.93
1.248 0.0604 61.02 36.30  90 78   900000 1355000   250 9.93
1.251 0.0589 60.99 36.30  90 78   900000 1355000   250 9.93
1.253 0.0646 60.96 36.30  90 78   900000 1355000   250 9.93
1.255 0.0573 60.93 36.30  90 78   900000 1355000   250 9.93
1.257 0.0614 60.91 36.30  90 78   900000 1355000   250 9.93
1.259 0.0595 60.90 36.30  90 78   900000 1355000   250 9.93
1.262 0.0662 60.89 36.30  90 78   900000 1355000   250 9.93
1.264 0.0632 60.90 36.30  90 78   900000 1355000   250 9.93
1.266 0.0583 60.91 36.30  90 78   900000 1355000   250 9.93
1.268 0.0599 60.93 36.30  90 78   900000 1355000   250 9.93
1.270 0.0617 60.95 36.30  90 78   900000 1355000   250 9.93
1.273 0.0604 60.99 36.30  90 78   900000 1355000   250 9.93
1.275 0.0635 61.04 36.30  90 78   900000 1355000   250 9.93
1.277 0.0581 61.10 36.30  90 78   900000 1355000   250 9.93
1.279 0.0597 61.15 36.30  90 78   900000 1355000   250 9.93
1.281 0.0617 61.21 36.30  90 78   900000 1355000   250 9.93
1.284 0.0622 61.27 36.30  90 78   900000 1355000   250 9.93
1.286 0.0590 61.32 36.30  90 78   900000 1355000   250 9.93
1.288 0.0646 61.38 36.30  90 78   900000 1355000   250 9.93
1.290 0.0601 61.44 36.30  90 78   900000 1355000   250 9.93
1.292 0.0601 61.50 36.30  90 78   900000 1355000   250 9.93
1.295 0.0622 61.58 36.30  90 78   900000 1355000   250 9.93
1.297 0.0626 61.67 36.30  90 78   900000 1355000   250 9.93
1.299 0.0636 61.79 36.30  90 78   900000 1355000   250 9.93
1.301 0.0604 61.91 36.30  90 78   900000 1355000   250 9.93
1.303 0.0603 62.04 36.30  90 78   900000 1355000   250 9.93
1.305 0.0647 62.16 36.30  90 78   900000 1355000   250 9.93
1.308 0.0616 62.27 36.30  90 78   900000 1355000   250 9.93
1.310 0.0622 62.36 36.30  90 78   900000 1355000   250 9.93
1.312 0.0645 62.42 36.30  90 78   900000 1355000   250 9.93
1.314 0.0629 62.48 36.30  90 78   900000 1355000   250 9.93
1.316 0.0585 62.52 36.30  90 78   900000 1355000   250 9.93
1.319 0.0625 62.55 36.30  90 78   900000 1355000   250 9.93
1.321 0.0624 62.56 36.30  90 78   900000 1355000   250 9.93
1.323 0.0634 62.56 36.30  90 78   900000 1355000   250 9.93
1.325 0.0629 62.56 36.30  90 78   900000 1355000   250 9.93
1.327 0.0634 62.54 36.30  90 78   900000 1355000   250 9.93
1.330 0.0626 62.52 36.30  90 78   900000 1355000   250 9.93
1.332 0.0651 62.49 36.30  90 78   900000 1355000   250 9.93
1.334 0.0613 62.45 36.30  90 78   900000 1355000   250 9.93
1.336 0.0636 62.41 36.30  90 78   900000 1355000   250 9.93
1.338 0.0602 62.36 36.30  90 78   900000 1355000   250 9.93
1.341 0.0655 62.32 36.30  90 78   900000 1355000   250 9.93
1.343 0.0584 62.28 36.30  90 78   900000 1355000   250 9.93
1.345 0.0585 62.25 36.30  90 78   900000 1355000   250 9.93
1.347 0.0644 62.21 36.30  90 78   900000 1355000   250 9.93
1.349 0.0643 62.17 36.30  90 78   900000 1355000   250 9.93
1.352 0.0615 62.13 36.30  90 78   900000 1355000   250 9.93
1.354 0.0643 62.08 36.30  90 78   900000 1355000   250 9.93
1.356 0.0628 62.04 36.30  90 78   900000 1355000   250 9.93
1.358 0.0568 62.00 36.30  90 78   900000 1355000   250 9.93
1.360 0.0623 61.96 36.30  90 78   900000 1355000   250 9.93
1.363 0.0650 61.93 36.30  90 78   900000 1355000   250 9.93
1.365 0.0623 61.92 36.30  90 78   900000 1355000   250 9.93
1.367 0.0603 61.93 36.30  90 78   900000 1355000   250 9.93
1.369 0.0591 61.96 36.30  90 78   900000 1355000   250 9.93
1.371 0.0647 62.01 36.30  90 78   900000 1355000   250 9.93
1.374 0.0646 62.07 36.30  90 78   900000 1355000   250 9.93
1.376 0.0604 62.15 36.30  90 78   900000 1355000   250 9.93
1.378 0.0621 62.23 36.30  90 78   900000 1355000   250 9.93
1.380 0.0647 62.32 36.30  90 78   900000 1355000   250 9.93
1.382 0.0602 62.40 36.30  90 78   900000 1355000   250 9.93
1.385 0.0626 62.49 36.30  90 78   900000 1355000   250 9.93
1.387 0.0608 62.58 36.30  90 78   900000 1355000   250 9.93
1.389 0.0598 62.66 36.30  90 78   900000 1355000   250 9.93
1.391 0.0640 62.73 36.30  90 78   900000 1355000   250 9.93
1.393 0.0639 62.80 36.30  90 78   900000 1355000   250 9.93
1.396 0.0628 62.85 36.30  90 78   900000 1355000   250 9.93
1.398 0.0640 62.90 36.30  90 78   900000 1355000   250 9.93
1.400 0.0625 62.94 36.30  90 78   900000 1355000   250 9.93
1.402 0.0641 62.97 36.30  90 78   900000 1355000   250 9.93
1.404 0.0631 63.01 36.30  90 78   900000 1355000   250 9.93
1.407 0.0663 63.06 36.30  90 78   900000 1355000   250 9.93
1.409 0.0625 63.11 36.30  90 78   900000 1355000   250 9.93
1.411 0.0653 63.16 36.30  90 78   900000 1355000   250 9.93
1.413 0.0587 63.21 36.30  90 78   900000 1355000   250 9.93
1.415 0.0646 63.27 36.30  90 78   900000 1355000   250 9.93
1.418 0.0623 63.32 36.30  90 78   900000 1355000   250 9.93
1.420 0.0641 63.36 36.30  90 78   900000 1355000   250 9.93
1.422 0.0592 63.39 36.30  90 78   900000 1355000   250 9.93
1.424 0.0665 63.41 36.30  90 78   900000 1355000   250 9.93
1.426 0.0636 63.43 36.30  90 78   900000 1355000   250 9.93
1.429 0.0597 63.46 36.30  90 78   900000 1355000   250 9.93
1.431 0.0631 63.51 36.30  90 78   900000 1355000   250 9.93
1.433 0.0661 63.58 36.30  90 78   900000 1355000   250 9.93
1.435 0.0659 63.68 36.30  90 78   900000 1355000   250 9.93
1.437 0.0634 63.80 36.30  90 78   900000 1355000   250 9.93
1.440 0.0638 63.93 36.30  90 78   900000 1355000   250 9.93
1.442 0.0643 64.08 36.30  90 78   900000 1355000   250 9.93
1.444 0.0641 64.23 36.30  90 78   900000 1355000   250 9.93
1.446 0.0652 64.38 36.30  90 78   900000 1355000   250 9.93
1.448 0.0629 64.53 36.30  90 78   900000 1355000   250 9.93
1.451 0.0657 64.68 36.30  90 78   900000 1355000   250 9.93
1.453 0.0627 64.81 36.30  90 78   900000 1355000   250 9.93
1.455 0.0659 64.93 36.30  90 78   900000 1355000   250 9.93
1.457 0.0648 65.05 36.30  90 78   900000 1355000   250 9.93
1.459 0.0616 65.16 36.30  90 78   900000 1355000   250 9.93
1.462 0.0672 65.27 36.30  90 78   900000 1355000   250 9.93
1.464 0.0669 65.37 36.30  90 78   900000 1355000   250 9.93
1.466 0.0650 65.45 36.30  90 78   900000 1355000   250 9.93
1.468 0.0679 65.50 36.30  90 78   900000 1355000   250 9.93
1.470 0.0648 65.53 36.30  90 78   900000 1355000   250 9.93
1.473 0.0683 65.53 36.30  90 78   900000 1355000   250 9.93
1.475 0.0611 65.49 36.30  90 78   900000 1355000   250 9.93
1.477 0.0654 65.43 36.30  90 78   900000 1355000   250 9.93
1.479 0.0646 65.34 36.30  90 78   900000 1355000   250 9.93
1.481 0.0674 65.24 36.30  90 78   900000 1355000   250 9.93
1.484 0.0657 65.12 36.30  90 78   900000 1355000   250 9.93
1.486 0.0651 64.99 36.30  90 78   900000 1355000   250 9.93
1.488 0.0678 64.85 36.30  90 78   900000 1355000   250 9.93
1.490 0.0652 64.72 36.30  90 78   900000 1355000   250 9.93
1.492 0.0609 64.60 36.30  90 78   900000 1355000   250 9.93
1.495 0.0655 64.49 36.30  90 78   900000 1355000   250 9.93
1.497 0.0673 64.40 36.30  90 78   900000 1355000   250 9.93
1.499 0.0670 64.32 36.30  90 78   900000 1355000   250 9.93
1.501 0.0579 64.27 36.30  90 78   900000 1355000   250 9.93
1.503 0.0615 64.23 36.30  90 78   900000 1355000   250 9.93
1.505 0.0613 64.21 36.30  90 78   900000 1355000   250 9.93
1.508 0.0647 64.22 36.30  90 78   900000 1355000   250 9.93
1.510 0.0653 64.25 36.30  90 78   900000 1355000   250 9.93
1.512 0.0665 64.31 36.30  90 78   900000 1355000   250 9.93
1.514 0.0587 64.38 36.30  90 78   900000 1355000   250 9.93
1.516 0.0691 64.47 36.30  90 78   900000 1355000   250 9.93
1.519 0.0683 64.59 36.30  90 78   900000 1355000   250 9.93
1.521 0.0652 64.73 36.30  90 78   900000 1355000   250 9.93
1.523 0.0624 64.88 36.30  90 78   900000 1355000   250 9.93
1.525 0.0628 65.04 36.30  90 78   900000 1355000   250 9.93
1.527 0.0661 65.20 36.30  90 78   900000 1355000   250 9.93
1.530 0.0686 65.33 36.30  90 78   900000 1355000   250 9.93
1.532 0.0639 65.44 36.30  90 78   900000 1355000   250 9.93
1.534 0.0646 65.51 36.30  90 78   900000 1355000   250 9.93
1.536 0.0665 65.56 36.30  90 78   900000 1355000   250 9.93
1.538 0.0661 65.58 36.30  90 78   900000 1355000   250 9.93
1.541 0.0605 65.57 36.30  90 78   900000 1355000   250 9.93
1.543 0.0673 65.54 36.30  90 78   900000 1355000   250 9.93
1.545 0.0712 65.49 36.30  90 78   900000 1355000   250 9.93
1.548 0.0656 65.42 36.30  90 78   900000 1355000   250 9.93
1.550 0.0619 65.35 36.30  90 78   900000 1355000   250 9.93
1.553 0.0662 65.28 36.30  90 78   900000 1355000   250 9.93
1.556 0.0647 65.21 36.30  90 78   900000 1355000   250 9.93
1.559 0.0675 65.13 36.30  90 78   900000 1355000   250 9.93
1.562 0.0640 65.04 36.30  90 78   900000 1355000   250 9.93
1.565 0.0655 64.95 36.30  90 78   900000 1355000   250 9.93
1.568 0.0618 64.84 36.30  90 78   900000 1355000   250 9.93
1.572 0.0645 64.72 36.30  90 78   900000 1355000   250 9.93
1.576 0.0626 64.59 36.30  90 78   900000 1355000   250 9.93
1.579 0.0662 64.45 36.30  90 78   900000 1355000   250 9.93
1.583 0.0659 64.32 36.30  90 78   900000 1355000   250 9.93
1.587 0.0646 64.20 36.30  90 78   900000 1355000   250 9.93
1.592 0.0641 64.08 36.30  90 78   900000 1355000   250 9.93
1.596 0.0652 63.96 36.30  90 78   900000 1355000   250 9.93
1.601 0.0630 63.85 36.30  90 78   900000 1355000   250 9.93
1.605 0.0624 63.75 36.30  90 78   900000 1355000   250 9.93
1.610 0.0657 63.66 36.30  90 78   900000 1355000   250 9.93
1.616 0.0616 63.57 36.30  90 78   900000 1355000   250 9.93
1.621 0.0636 63.50 36.30  90 78   900000 1355000   250 9.93
1.627 0.0637 63.42 36.30  90 78   900000 1355000   250 9.93
1.633 0.0635 63.34 36.30  90 78   900000 1355000   250 9.93
1.639 0.0644 63.26 36.30  90 78   900000 1355000   250 9.93
1.645 0.0606 63.19 36.30  90 78   900000 1355000   250 9.93
1.652 0.0643 63.11 36.30  90 78   900000 1355000   250 9.93
1.659 0.0636 63.05 36.30  90 78   900000 1355000   250 9.93
1.666 0.0619 62.98 36.30  90 78   900000 1355000   250 9.93
1.674 0.0642 62.94 36.30  90 78   900000 1355000   250 9.93
1.682 0.0632 62.90 36.30  90 78   900000 1355000   250 9.93
1.690 0.0628 62.89 36.30  90 78   900000 1355000   250 9.93
1.699 0.0630 62.89 36.30  90 78   900000 1355000   250 9.93
1.708 0.0634 62.92 36.30  90 78   900000 1355000   250 9.93
1.717 0.0623 62.95 36.30  90 78   900000 1355000   250 9.93
1.727 0.0635 63.00 36.30  90 78   900000 1355000   250 9.93
1.737 0.0640 63.07 36.30  90 78   900000 1355000   250 9.93
1.747 0.0634 63.16 36.30  90 78   900000 1355000   250 9.93
1.758 0.0637 63.28 36.30  90 78   900000 1355000   250 9.93
1.769 0.0631 63.44 36.30  90 78   900000 1355000   250 9.93
1.780 0.0638 63.65 36.30  90 78   900000 1355000   250 9.93
1.791 0.0645 63.93 36.30  90 78   900000 1355000   250 9.93
1.802 0.0647 64.29 36.30  90 78   900000 1355000   250 9.93
1.813 0.0652 64.76 36.30  90 78   900000 1355000   250 9.93
1.824 0.0654 65.34 36.30  90 78   900000 1355000   250 9.93
1.835 0.0665 66.06 36.30  90 78   900000 1355000   250 9.93
1.846 0.0670 66.95 36.30  90 78   900000 1355000   250 9.93
1.857 0.0678 68.01 36.30  90 78   900000 1355000   250 9.93
1.868 0.0684 69.28 36.30  90 78   900000 1355000   250 9.93
1.879 0.0705 70.75 36.30  90 78   900000 1355000   250 9.93
1.890 0.0701 72.45 36.30  90 78   900000 1355000   250 9.93
1.901 0.0717 74.37 36.30  90 78   900000 1355000   250 9.93
1.912 0.0756 76.51 36.30  90 78   900000 1355000   250 9.93
1.923 0.0761 78.87 36.30  90 78   900000 1355000   250 9.93
1.934 0.0789 81.42 36.30  90 78   900000 1355000   250 9.93
1.945 0.0811 84.13 36.30  90 78   900000 1355000   250 9.93
1.956 0.0843 86.97 36.30  90 78   900000 1355000   250 9.93
1.967 0.0884 89.88 36.30  90 78   900000 1355000   250 9.93
1.978 0.0913 92.81 36.30  90 78   900000 1355000   250 9.93
1.989 0.0950 95.72 36.30  90 78   900000 1355000   250 9.93
2.000 0.0982 98.54 36.30  90 78   900000 1355000   250 9.93
2.011 0.1025 101.23 36.30  90 78   900000 1355000   250 9.93
2.022 0.1059 103.75 36.30  90 78   900000 1355000   250 9.93
2.033 0.1086 106.04 36.30  90 78   900000 1355000   250 9.93
2.044 0.1109 108.07 36.30  90 78   900000 1355000   250 9.93
2.055 0.1142 109.82 36.30  90 78   900000 1355000   250 9.93
2.066 0.1174 111.25 36.30  90 78   900000 1355000   250 9.93
2.077 0.1168 112.35 36.30  90 78   900000 1355000   250 9.93
2.088 0.1179 113.11 36.30  90 78   900000 1355000   250 9.93
2.099 0.1201 113.53 36.30  90 78   900000 1355000   250 9.93
2.110 0.1176 113.60 36.30  90 78   900000 1355000   250 9.93
2.121 0.1182 113.36 36.30  90 78   900000 1355000   250 9.93
2.132 0.1160 112.83 36.30  90 78   900000 1355000   250 9.93
2.143 0.1129 112.09 36.30  90 78   900000 1355000   250 9.93
2.154 0.1132 111.20 36.30  90 78   900000 1355000   250 9.93
2.165 0.1125 110.40 36.30  90 78   900000 1355000   250 9.93
2.176 0.1098 110.88 36.30  90 78   900000 1355000   250 9.93
2.187 0.1134 114.03 36.30  90 78   900000 1355000   250 9.93
2.198 0.1123 118.49 36.30  90 78   900000 1355000   250 9.93
2.209 0.1132 123.34 36.30  90 78   900000 1355000   250 9.93
2.220 0.1134 128.18 36.30  90 78   900000 1355000   250 9.93
2.231 0.1154 132.86 36.30  90 78   900000 1355000   250 9.93
2.242 0.1180 137.35 36.30  90 78   900000 1355000   250 9.93
2.253 0.1205 141.64 36.30  90 78   900000 1355000   250 9.93
2.264 0.1252 145.76 36.30  90 78   900000 1355000   250 9.93
2.275 0.1272 149.75 36.30  90 78   900000 1355000   250 9.93
2.286 0.1364 153.63 36.30  90 78   900000 1355000   250 9.93
2.297 0.1453 157.45 36.30  90 78   900000 1355000   250 9.93
2.308 0.1570 161.22 36.30  90 78   900000 1355000   250 9.93
2.319 0.1724 164.97 36.30  90 78   900000 1355000   250 9.93
2.330 0.1887 168.72 36.30  90 78   900000 1355000   250 9.93
2.341 0.2117 172.48 36.30  90 78   900000 1355000   250 9.93
2.352 0.2358 176.25 36.30  90 78   900000 1355000   250 9.93
2.363 0.2569 180.04 36.30  90 78   900000 1355000   250 9.93
2.374 0.2878 183.82 36.30  90 78   900000 1355000   250 9.93
2.385 0.3163 187.60 36.30  90 78   900000 1355000   250 9.93
2.396 0.3319 191.34 36.30  90 78   900000 1355000   250 9.93
2.407 0.0000 195.02 36.30  90 78   900000 1355000   250 9.93
2.418 0.0000 198.58 36.30  90 78   900000 1355000   250 9.93
