     x     qy smooth tpara  cd  zL     xTr    xCpl frame tma
-1.620 0.2705 216.34 44.00  88 78   805000 1302000   250 10.12
-1.610 0.1782 203.21 44.00  88 78   805000 1302000   250 10.12
-1.600 0.2360 190.73 44.00  88 78   805000 1302000   250 10.12
-1.590 0.1873 178.87 44.00  88 78   805000 1302000   250 10.12
-1.579 0.1780 167.63 44.00  88 78   805000 1302000   250 10.12
-1.569 0.1223 156.98 44.00  88 78   805000 1302000   250 10.12
-1.559 0.1171 146.93 44.00  88 78   805000 1302000   250 10.12
-1.549 0.1142 137.44 44.00  88 78   805000 1302000   250 10.12
-1.539 0.1083 128.52 44.00  88 78   805000 1302000   250 10.12
-1.529 0.1010 120.16 44.00  88 78   805000 1302000   250 10.12
-1.519 0.0965 112.34 44.00  88 78   805000 1302000   250 10.12
-1.509 0.0901 105.07 44.00  88 78   805000 1302000   250 10.12
-1.499 0.0888 98.34 44.00  88 78   805000 1302000   250 10.12
-1.489 0.0855 92.15 44.00  88 78   805000 1302000   250 10.12
-1.479 0.0815 86.51 44.00  88 78   805000 1302000   250 10.12
-1.469 0.0792 81.43 44.00  88 78   805000 1302000   250 10.12
-1.459 0.0771 76.93 44.00  88 78   805000 1302000   250 10.12
-1.449 0.0744 73.02 44.00  88 78   805000 1302000   250 10.12
-1.439 0.0725 69.75 44.00  88 78   805000 1302000   250 10.12
-1.429 0.0713 67.15 44.00  88 78   805000 1302000   250 10.12
-1.419 0.0692 65.28 44.00  88 78   805000 1302000   250 10.12
-1.408 0.0665 64.17 44.00  88 78   805000 1302000   250 10.12
-1.398 0.0670 63.73 44.00  88 78   805000 1302000   250 10.12
-1.388 0.0642 63.49 44.00  88 78   805000 1302000   250 10.12
-1.378 0.0638 62.64 44.00  88 78   805000 1302000   250 10.12
-1.368 0.0624 61.72 44.00  88 78   805000 1302000   250 10.12
-1.358 0.0609 60.76 44.00  88 78   805000 1302000   250 10.12
-1.348 0.0603 59.81 44.00  88 78   805000 1302000   250 10.12
-1.338 0.0590 58.91 44.00  88 78   805000 1302000   250 10.12
-1.328 0.0589 58.08 44.00  88 78   805000 1302000   250 10.12
-1.318 0.0567 57.29 44.00  88 78   805000 1302000   250 10.12
-1.308 0.0586 56.57 44.00  88 78   805000 1302000   250 10.12
-1.298 0.0564 55.91 44.00  88 78   805000 1302000   250 10.12
-1.288 0.0564 55.33 44.00  88 78   805000 1302000   250 10.12
-1.278 0.0548 54.80 44.00  88 78   805000 1302000   250 10.12
-1.268 0.0535 54.35 44.00  88 78   805000 1302000   250 10.12
-1.258 0.0535 53.95 44.00  88 78   805000 1302000   250 10.12
-1.247 0.0531 53.62 44.00  88 78   805000 1302000   250 10.12
-1.237 0.0529 53.35 44.00  88 78   805000 1302000   250 10.12
-1.227 0.0510 53.13 44.00  88 78   805000 1302000   250 10.12
-1.217 0.0524 52.95 44.00  88 78   805000 1302000   250 10.12
-1.207 0.0524 52.83 44.00  88 78   805000 1302000   250 10.12
-1.197 0.0532 52.75 44.00  88 78   805000 1302000   250 10.12
-1.187 0.0532 52.71 44.00  88 78   805000 1302000   250 10.12
-1.177 0.0528 52.70 44.00  88 78   805000 1302000   250 10.12
-1.167 0.0525 52.72 44.00  88 78   805000 1302000   250 10.12
-1.157 0.0531 52.76 44.00  88 78   805000 1302000   250 10.12
-1.147 0.0529 52.82 44.00  88 78   805000 1302000   250 10.12
-1.137 0.0543 52.88 44.00  88 78   805000 1302000   250 10.12
-1.127 0.0535 52.95 44.00  88 78   805000 1302000   250 10.12
-1.117 0.0528 53.02 44.00  88 78   805000 1302000   250 10.12
-1.107 0.0539 53.09 44.00  88 78   805000 1302000   250 10.12
-1.097 0.0530 53.13 44.00  88 78   805000 1302000   250 10.12
-1.087 0.0540 53.16 44.00  88 78   805000 1302000   250 10.12
-1.076 0.0522 53.17 44.00  88 78   805000 1302000   250 10.12
-1.066 0.0533 53.16 44.00  88 78   805000 1302000   250 10.12
-1.056 0.0535 53.13 44.00  88 78   805000 1302000   250 10.12
-1.046 0.0531 53.07 44.00  88 78   805000 1302000   250 10.12
-1.036 0.0523 53.01 44.00  88 78   805000 1302000   250 10.12
-1.026 0.0533 52.93 44.00  88 78   805000 1302000   250 10.12
-1.016 0.0528 52.84 44.00  88 78   805000 1302000   250 10.12
-1.006 0.0532 52.74 44.00  88 78   805000 1302000   250 10.12
-0.996 0.0516 52.64 44.00  88 78   805000 1302000   250 10.12
-0.986 0.0524 52.54 44.00  88 78   805000 1302000   250 10.12
-0.976 0.0528 52.43 44.00  88 78   805000 1302000   250 10.12
-0.966 0.0517 52.33 44.00  88 78   805000 1302000   250 10.12
-0.956 0.0535 52.22 44.00  88 78   805000 1302000   250 10.12
-0.946 0.0515 52.12 44.00  88 78   805000 1302000   250 10.12
-0.936 0.0524 52.02 44.00  88 78   805000 1302000   250 10.12
-0.926 0.0519 51.92 44.00  88 78   805000 1302000   250 10.12
-0.915 0.0521 51.82 44.00  88 78   805000 1302000   250 10.12
-0.905 0.0518 51.72 44.00  88 78   805000 1302000   250 10.12
-0.895 0.0511 51.61 44.00  88 78   805000 1302000   250 10.12
-0.885 0.0518 51.50 44.00  88 78   805000 1302000   250 10.12
-0.875 0.0511 51.39 44.00  88 78   805000 1302000   250 10.12
-0.865 0.0508 51.27 44.00  88 78   805000 1302000   250 10.12
-0.855 0.0507 51.15 44.00  88 78   805000 1302000   250 10.12
-0.845 0.0513 51.03 44.00  88 78   805000 1302000   250 10.12
-0.835 0.0516 50.92 44.00  88 78   805000 1302000   250 10.12
-0.825 0.0508 50.81 44.00  88 78   805000 1302000   250 10.12
-0.815 0.0512 50.70 44.00  88 78   805000 1302000   250 10.12
-0.805 0.0505 50.59 44.00  88 78   805000 1302000   250 10.12
-0.795 0.0509 50.49 44.00  88 78   805000 1302000   250 10.12
-0.785 0.0505 50.39 44.00  88 78   805000 1302000   250 10.12
-0.775 0.0497 50.30 44.00  88 78   805000 1302000   250 10.12
-0.765 0.0506 50.23 44.00  88 78   805000 1302000   250 10.12
-0.755 0.0503 50.16 44.00  88 78   805000 1302000   250 10.12
-0.744 0.0497 50.12 44.00  88 78   805000 1302000   250 10.12
-0.734 0.0499 50.09 44.00  88 78   805000 1302000   250 10.12
-0.724 0.0498 50.08 44.00  88 78   805000 1302000   250 10.12
-0.714 0.0498 50.09 44.00  88 78   805000 1302000   250 10.12
-0.704 0.0497 50.12 44.00  88 78   805000 1302000   250 10.12
-0.694 0.0500 50.17 44.00  88 78   805000 1302000   250 10.12
-0.684 0.0507 50.23 44.00  88 78   805000 1302000   250 10.12
-0.674 0.0506 50.31 44.00  88 78   805000 1302000   250 10.12
-0.664 0.0501 50.40 44.00  88 78   805000 1302000   250 10.12
-0.654 0.0499 50.50 44.00  88 78   805000 1302000   250 10.12
-0.644 0.0504 50.59 44.00  88 78   805000 1302000   250 10.12
-0.634 0.0505 50.69 44.00  88 78   805000 1302000   250 10.12
-0.624 0.0494 50.78 44.00  88 78   805000 1302000   250 10.12
-0.614 0.0512 50.86 44.00  88 78   805000 1302000   250 10.12
-0.604 0.0514 50.92 44.00  88 78   805000 1302000   250 10.12
-0.594 0.0528 50.98 44.00  88 78   805000 1302000   250 10.12
-0.584 0.0515 51.02 44.00  88 78   805000 1302000   250 10.12
-0.573 0.0516 51.06 44.00  88 78   805000 1302000   250 10.12
-0.563 0.0517 51.08 44.00  88 78   805000 1302000   250 10.12
-0.553 0.0515 51.09 44.00  88 78   805000 1302000   250 10.12
-0.543 0.0503 51.09 44.00  88 78   805000 1302000   250 10.12
-0.533 0.0519 51.09 44.00  88 78   805000 1302000   250 10.12
-0.523 0.0515 51.07 44.00  88 78   805000 1302000   250 10.12
-0.513 0.0497 51.04 44.00  88 78   805000 1302000   250 10.12
-0.503 0.0511 51.00 44.00  88 78   805000 1302000   250 10.12
-0.493 0.0502 50.95 44.00  88 78   805000 1302000   250 10.12
-0.483 0.0503 50.90 44.00  88 78   805000 1302000   250 10.12
-0.473 0.0508 50.84 44.00  88 78   805000 1302000   250 10.12
-0.463 0.0507 50.78 44.00  88 78   805000 1302000   250 10.12
-0.453 0.0509 50.73 44.00  88 78   805000 1302000   250 10.12
-0.443 0.0501 50.68 44.00  88 78   805000 1302000   250 10.12
-0.433 0.0506 50.64 44.00  88 78   805000 1302000   250 10.12
-0.423 0.0516 50.62 44.00  88 78   805000 1302000   250 10.12
-0.412 0.0512 50.60 44.00  88 78   805000 1302000   250 10.12
-0.402 0.0508 50.60 44.00  88 78   805000 1302000   250 10.12
-0.392 0.0497 50.62 44.00  88 78   805000 1302000   250 10.12
-0.382 0.0516 50.63 44.00  88 78   805000 1302000   250 10.12
-0.372 0.0501 50.66 44.00  88 78   805000 1302000   250 10.12
-0.362 0.0511 50.69 44.00  88 78   805000 1302000   250 10.12
-0.352 0.0504 50.74 44.00  88 78   805000 1302000   250 10.12
-0.342 0.0499 50.78 44.00  88 78   805000 1302000   250 10.12
-0.332 0.0506 50.83 44.00  88 78   805000 1302000   250 10.12
-0.322 0.0500 50.89 44.00  88 78   805000 1302000   250 10.12
-0.312 0.0518 50.94 44.00  88 78   805000 1302000   250 10.12
-0.302 0.0516 50.99 44.00  88 78   805000 1302000   250 10.12
-0.292 0.0509 51.03 44.00  88 78   805000 1302000   250 10.12
-0.282 0.0510 51.07 44.00  88 78   805000 1302000   250 10.12
-0.272 0.0507 51.10 44.00  88 78   805000 1302000   250 10.12
-0.262 0.0510 51.12 44.00  88 78   805000 1302000   250 10.12
-0.252 0.0503 51.12 44.00  88 78   805000 1302000   250 10.12
-0.241 0.0516 51.11 44.00  88 78   805000 1302000   250 10.12
-0.231 0.0521 51.10 44.00  88 78   805000 1302000   250 10.12
-0.221 0.0504 51.08 44.00  88 78   805000 1302000   250 10.12
-0.211 0.0527 51.07 44.00  88 78   805000 1302000   250 10.12
-0.201 0.0519 51.06 44.00  88 78   805000 1302000   250 10.12
-0.191 0.0501 51.07 44.00  88 78   805000 1302000   250 10.12
-0.181 0.0521 51.08 44.00  88 78   805000 1302000   250 10.12
-0.171 0.0511 51.11 44.00  88 78   805000 1302000   250 10.12
-0.161 0.0504 51.15 44.00  88 78   805000 1302000   250 10.12
-0.151 0.0500 51.19 44.00  88 78   805000 1302000   250 10.12
-0.141 0.0493 51.21 44.00  88 78   805000 1302000   250 10.12
-0.131 0.0507 51.19 44.00  88 78   805000 1302000   250 10.12
-0.121 0.0504 51.13 44.00  88 78   805000 1302000   250 10.12
-0.111 0.0497 51.01 44.00  88 78   805000 1302000   250 10.12
-0.101 0.0497 50.82 44.00  88 78   805000 1302000   250 10.12
-0.091 0.0495 50.54 44.00  88 78   805000 1302000   250 10.12
-0.080 0.0505 50.15 44.00  88 78   805000 1302000   250 10.12
-0.070 0.0510 49.67 44.00  88 78   805000 1302000   250 10.12
-0.060 0.0513 49.07 44.00  88 78   805000 1302000   250 10.12
-0.050 0.0504 48.39 44.00  88 78   805000 1302000   250 10.12
-0.040 0.0510 47.61 44.00  88 78   805000 1302000   250 10.12
-0.030 0.0486 46.75 44.00  88 78   805000 1302000   250 10.12
-0.020 0.0490 45.81 44.00  88 78   805000 1302000   250 10.12
-0.010 0.0459 44.82 44.00  88 78   805000 1302000   250 10.12
0.000 0.0456 43.77 44.00  88 78   805000 1302000   250 10.12
0.010 0.0445 42.68 44.00  88 78   805000 1302000   250 10.12
0.020 0.0400 41.56 44.00  88 78   805000 1302000   250 10.12
0.030 0.0388 40.42 44.00  88 78   805000 1302000   250 10.12
0.040 0.0375 39.30 44.00  88 78   805000 1302000   250 10.12
0.050 0.0356 38.20 44.00  88 78   805000 1302000   250 10.12
0.060 0.0360 37.16 44.00  88 78   805000 1302000   250 10.12
0.070 0.0336 36.18 44.00  88 78   805000 1302000   250 10.12
0.080 0.0347 35.29 44.00  88 78   805000 1302000   250 10.12
0.091 0.0325 34.51 44.00  88 78   805000 1302000   250 10.12
0.101 0.0318 33.85 44.00  88 78   805000 1302000   250 10.12
0.111 0.0318 33.31 44.00  88 78   805000 1302000   250 10.12
0.121 0.0336 32.89 44.00  88 78   805000 1302000   250 10.12
0.131 0.0339 32.60 44.00  88 78   805000 1302000   250 10.12
0.141 0.0341 32.43 44.00  88 78   805000 1302000   250 10.12
0.151 0.0323 32.36 44.00  88 78   805000 1302000   250 10.12
0.161 0.0313 32.37 44.00  88 78   805000 1302000   250 10.12
0.171 0.0325 32.45 44.00  88 78   805000 1302000   250 10.12
0.181 0.0329 32.59 44.00  88 78   805000 1302000   250 10.12
0.191 0.0325 32.75 44.00  88 78   805000 1302000   250 10.12
0.201 0.0329 32.94 44.00  88 78   805000 1302000   250 10.12
0.211 0.0328 33.13 44.00  88 78   805000 1302000   250 10.12
0.220 0.0349 33.31 44.00  88 78   805000 1302000   250 10.12
0.229 0.0350 33.48 44.00  88 78   805000 1302000   250 10.12
0.238 0.0336 33.64 44.00  88 78   805000 1302000   250 10.12
0.246 0.0333 33.78 44.00  88 78   805000 1302000   250 10.12
0.254 0.0341 33.91 44.00  88 78   805000 1302000   250 10.12
0.261 0.0345 34.02 44.00  88 78   805000 1302000   250 10.12
0.268 0.0336 34.12 44.00  88 78   805000 1302000   250 10.12
0.275 0.0338 34.22 44.00  88 78   805000 1302000   250 10.12
0.282 0.0353 34.31 44.00  88 78   805000 1302000   250 10.12
0.288 0.0346 34.40 44.00  88 78   805000 1302000   250 10.12
0.295 0.0349 34.47 44.00  88 78   805000 1302000   250 10.12
0.300 0.0330 34.54 44.00  88 78   805000 1302000   250 10.12
0.306 0.0359 34.58 44.00  88 78   805000 1302000   250 10.12
0.312 0.0344 34.61 44.00  88 78   805000 1302000   250 10.12
0.317 0.0345 34.61 44.00  88 78   805000 1302000   250 10.12
0.322 0.0350 34.60 44.00  88 78   805000 1302000   250 10.12
0.326 0.0347 34.59 44.00  88 78   805000 1302000   250 10.12
0.331 0.0317 34.56 44.00  88 78   805000 1302000   250 10.12
0.335 0.0353 34.53 44.00  88 78   805000 1302000   250 10.12
0.340 0.0357 34.50 44.00  88 78   805000 1302000   250 10.12
0.344 0.0340 34.47 44.00  88 78   805000 1302000   250 10.12
0.348 0.0360 34.44 44.00  88 78   805000 1302000   250 10.12
0.351 0.0338 34.44 44.00  88 78   805000 1302000   250 10.12
0.355 0.0360 34.45 44.00  88 78   805000 1302000   250 10.12
0.358 0.0354 34.49 44.00  88 78   805000 1302000   250 10.12
0.362 0.0332 34.55 44.00  88 78   805000 1302000   250 10.12
0.365 0.0368 34.62 44.00  88 78   805000 1302000   250 10.12
0.368 0.0334 34.70 44.00  88 78   805000 1302000   250 10.12
0.371 0.0303 34.80 44.00  88 78   805000 1302000   250 10.12
0.374 0.0349 34.91 44.00  88 78   805000 1302000   250 10.12
0.376 0.0337 35.02 44.00  88 78   805000 1302000   250 10.12
0.379 0.0366 35.14 44.00  88 78   805000 1302000   250 10.12
0.381 0.0357 35.26 44.00  88 78   805000 1302000   250 10.12
0.384 0.0358 35.39 44.00  88 78   805000 1302000   250 10.12
0.386 0.0351 35.52 44.00  88 78   805000 1302000   250 10.12
0.388 0.0354 35.67 44.00  88 78   805000 1302000   250 10.12
0.390 0.0341 35.83 44.00  88 78   805000 1302000   250 10.12
0.392 0.0388 36.00 44.00  88 78   805000 1302000   250 10.12
0.394 0.0370 36.19 44.00  88 78   805000 1302000   250 10.12
0.396 0.0386 36.40 44.00  88 78   805000 1302000   250 10.12
0.398 0.0396 36.62 44.00  88 78   805000 1302000   250 10.12
0.400 0.0352 36.84 44.00  88 78   805000 1302000   250 10.12
0.402 0.0347 37.06 44.00  88 78   805000 1302000   250 10.12
0.404 0.0352 37.28 44.00  88 78   805000 1302000   250 10.12
0.406 0.0377 37.48 44.00  88 78   805000 1302000   250 10.12
0.408 0.0359 37.69 44.00  88 78   805000 1302000   250 10.12
0.410 0.0394 37.89 44.00  88 78   805000 1302000   250 10.12
0.412 0.0394 38.08 44.00  88 78   805000 1302000   250 10.12
0.414 0.0375 38.28 44.00  88 78   805000 1302000   250 10.12
0.416 0.0367 38.48 44.00  88 78   805000 1302000   250 10.12
0.419 0.0363 38.69 44.00  88 78   805000 1302000   250 10.12
0.421 0.0420 38.92 44.00  88 78   805000 1302000   250 10.12
0.423 0.0415 39.15 44.00  88 78   805000 1302000   250 10.12
0.425 0.0400 39.40 44.00  88 78   805000 1302000   250 10.12
0.427 0.0352 39.65 44.00  88 78   805000 1302000   250 10.12
0.429 0.0438 39.91 44.00  88 78   805000 1302000   250 10.12
0.431 0.0404 40.18 44.00  88 78   805000 1302000   250 10.12
0.433 0.0380 40.43 44.00  88 78   805000 1302000   250 10.12
0.435 0.0433 40.66 44.00  88 78   805000 1302000   250 10.12
0.437 0.0385 40.86 44.00  88 78   805000 1302000   250 10.12
0.439 0.0381 41.03 44.00  88 78   805000 1302000   250 10.12
0.441 0.0443 41.17 44.00  88 78   805000 1302000   250 10.12
0.443 0.0431 41.29 44.00  88 78   805000 1302000   250 10.12
0.445 0.0405 41.39 44.00  88 78   805000 1302000   250 10.12
0.447 0.0414 41.48 44.00  88 78   805000 1302000   250 10.12
0.449 0.0394 41.58 44.00  88 78   805000 1302000   250 10.12
0.451 0.0431 41.67 44.00  88 78   805000 1302000   250 10.12
0.453 0.0435 41.74 44.00  88 78   805000 1302000   250 10.12
0.455 0.0407 41.81 44.00  88 78   805000 1302000   250 10.12
0.457 0.0412 41.87 44.00  88 78   805000 1302000   250 10.12
0.459 0.0459 41.93 44.00  88 78   805000 1302000   250 10.12
0.461 0.0425 42.00 44.00  88 78   805000 1302000   250 10.12
0.463 0.0385 42.06 44.00  88 78   805000 1302000   250 10.12
0.465 0.0433 42.11 44.00  88 78   805000 1302000   250 10.12
0.467 0.0403 42.14 44.00  88 78   805000 1302000   250 10.12
0.469 0.0406 42.15 44.00  88 78   805000 1302000   250 10.12
0.471 0.0395 42.16 44.00  88 78   805000 1302000   250 10.12
0.473 0.0445 42.16 44.00  88 78   805000 1302000   250 10.12
0.475 0.0445 42.17 44.00  88 78   805000 1302000   250 10.12
0.477 0.0427 42.20 44.00  88 78   805000 1302000   250 10.12
0.479 0.0408 42.23 44.00  88 78   805000 1302000   250 10.12
0.481 0.0453 42.27 44.00  88 78   805000 1302000   250 10.12
0.483 0.0416 42.32 44.00  88 78   805000 1302000   250 10.12
0.485 0.0431 42.38 44.00  88 78   805000 1302000   250 10.12
0.487 0.0398 42.44 44.00  88 78   805000 1302000   250 10.12
0.489 0.0403 42.49 44.00  88 78   805000 1302000   250 10.12
0.491 0.0444 42.54 44.00  88 78   805000 1302000   250 10.12
0.493 0.0439 42.57 44.00  88 78   805000 1302000   250 10.12
0.495 0.0445 42.59 44.00  88 78   805000 1302000   250 10.12
0.497 0.0414 42.59 44.00  88 78   805000 1302000   250 10.12
0.499 0.0397 42.57 44.00  88 78   805000 1302000   250 10.12
0.501 0.0418 42.54 44.00  88 78   805000 1302000   250 10.12
0.503 0.0420 42.50 44.00  88 78   805000 1302000   250 10.12
0.505 0.0436 42.45 44.00  88 78   805000 1302000   250 10.12
0.507 0.0431 42.40 44.00  88 78   805000 1302000   250 10.12
0.509 0.0466 42.35 44.00  88 78   805000 1302000   250 10.12
0.511 0.0434 42.32 44.00  88 78   805000 1302000   250 10.12
0.513 0.0405 42.29 44.00  88 78   805000 1302000   250 10.12
0.515 0.0424 42.27 44.00  88 78   805000 1302000   250 10.12
0.517 0.0400 42.25 44.00  88 78   805000 1302000   250 10.12
0.519 0.0422 42.23 44.00  88 78   805000 1302000   250 10.12
0.521 0.0443 42.21 44.00  88 78   805000 1302000   250 10.12
0.523 0.0418 42.20 44.00  88 78   805000 1302000   250 10.12
0.525 0.0381 42.19 44.00  88 78   805000 1302000   250 10.12
0.527 0.0423 42.19 44.00  88 78   805000 1302000   250 10.12
0.529 0.0433 42.20 44.00  88 78   805000 1302000   250 10.12
0.531 0.0438 42.23 44.00  88 78   805000 1302000   250 10.12
0.533 0.0408 42.27 44.00  88 78   805000 1302000   250 10.12
0.535 0.0421 42.32 44.00  88 78   805000 1302000   250 10.12
0.537 0.0435 42.37 44.00  88 78   805000 1302000   250 10.12
0.539 0.0433 42.44 44.00  88 78   805000 1302000   250 10.12
0.541 0.0420 42.52 44.00  88 78   805000 1302000   250 10.12
0.543 0.0411 42.62 44.00  88 78   805000 1302000   250 10.12
0.545 0.0422 42.74 44.00  88 78   805000 1302000   250 10.12
0.547 0.0459 42.87 44.00  88 78   805000 1302000   250 10.12
0.549 0.0420 43.00 44.00  88 78   805000 1302000   250 10.12
0.551 0.0423 43.11 44.00  88 78   805000 1302000   250 10.12
0.553 0.0446 43.21 44.00  88 78   805000 1302000   250 10.12
0.555 0.0410 43.29 44.00  88 78   805000 1302000   250 10.12
0.557 0.0457 43.36 44.00  88 78   805000 1302000   250 10.12
0.559 0.0441 43.43 44.00  88 78   805000 1302000   250 10.12
0.561 0.0419 43.48 44.00  88 78   805000 1302000   250 10.12
0.563 0.0439 43.53 44.00  88 78   805000 1302000   250 10.12
0.565 0.0441 43.57 44.00  88 78   805000 1302000   250 10.12
0.567 0.0426 43.61 44.00  88 78   805000 1302000   250 10.12
0.569 0.0436 43.66 44.00  88 78   805000 1302000   250 10.12
0.571 0.0439 43.72 44.00  88 78   805000 1302000   250 10.12
0.573 0.0431 43.79 44.00  88 78   805000 1302000   250 10.12
0.575 0.0475 43.88 44.00  88 78   805000 1302000   250 10.12
0.577 0.0431 43.98 44.00  88 78   805000 1302000   250 10.12
0.579 0.0453 44.09 44.00  88 78   805000 1302000   250 10.12
0.581 0.0425 44.21 44.00  88 78   805000 1302000   250 10.12
0.584 0.0450 44.34 44.00  88 78   805000 1302000   250 10.12
0.586 0.0417 44.49 44.00  88 78   805000 1302000   250 10.12
0.588 0.0436 44.65 44.00  88 78   805000 1302000   250 10.12
0.590 0.0462 44.83 44.00  88 78   805000 1302000   250 10.12
0.592 0.0424 45.04 44.00  88 78   805000 1302000   250 10.12
0.594 0.0463 45.27 44.00  88 78   805000 1302000   250 10.12
0.596 0.0475 45.51 44.00  88 78   805000 1302000   250 10.12
0.598 0.0454 45.77 44.00  88 78   805000 1302000   250 10.12
0.600 0.0452 46.04 44.00  88 78   805000 1302000   250 10.12
0.602 0.0459 46.31 44.00  88 78   805000 1302000   250 10.12
0.604 0.0482 46.59 44.00  88 78   805000 1302000   250 10.12
0.606 0.0473 46.87 44.00  88 78   805000 1302000   250 10.12
0.608 0.0460 47.17 44.00  88 78   805000 1302000   250 10.12
0.610 0.0501 47.46 44.00  88 78   805000 1302000   250 10.12
0.612 0.0478 47.75 44.00  88 78   805000 1302000   250 10.12
0.614 0.0458 48.04 44.00  88 78   805000 1302000   250 10.12
0.616 0.0466 48.32 44.00  88 78   805000 1302000   250 10.12
0.618 0.0498 48.58 44.00  88 78   805000 1302000   250 10.12
0.620 0.0446 48.83 44.00  88 78   805000 1302000   250 10.12
0.622 0.0556 49.08 44.00  88 78   805000 1302000   250 10.12
0.624 0.0511 49.32 44.00  88 78   805000 1302000   250 10.12
0.626 0.0492 49.56 44.00  88 78   805000 1302000   250 10.12
0.628 0.0490 49.79 44.00  88 78   805000 1302000   250 10.12
0.630 0.0481 50.02 44.00  88 78   805000 1302000   250 10.12
0.632 0.0524 50.24 44.00  88 78   805000 1302000   250 10.12
0.634 0.0448 50.46 44.00  88 78   805000 1302000   250 10.12
0.636 0.0520 50.67 44.00  88 78   805000 1302000   250 10.12
0.638 0.0506 50.89 44.00  88 78   805000 1302000   250 10.12
0.640 0.0545 51.10 44.00  88 78   805000 1302000   250 10.12
0.642 0.0507 51.31 44.00  88 78   805000 1302000   250 10.12
0.644 0.0521 51.52 44.00  88 78   805000 1302000   250 10.12
0.646 0.0523 51.73 44.00  88 78   805000 1302000   250 10.12
0.648 0.0499 51.94 44.00  88 78   805000 1302000   250 10.12
0.650 0.0500 52.13 44.00  88 78   805000 1302000   250 10.12
0.652 0.0539 52.30 44.00  88 78   805000 1302000   250 10.12
0.654 0.0548 52.45 44.00  88 78   805000 1302000   250 10.12
0.656 0.0503 52.57 44.00  88 78   805000 1302000   250 10.12
0.658 0.0554 52.67 44.00  88 78   805000 1302000   250 10.12
0.660 0.0536 52.76 44.00  88 78   805000 1302000   250 10.12
0.662 0.0478 52.83 44.00  88 78   805000 1302000   250 10.12
0.664 0.0546 52.87 44.00  88 78   805000 1302000   250 10.12
0.666 0.0520 52.90 44.00  88 78   805000 1302000   250 10.12
0.668 0.0527 52.91 44.00  88 78   805000 1302000   250 10.12
0.670 0.0569 52.93 44.00  88 78   805000 1302000   250 10.12
0.672 0.0560 52.96 44.00  88 78   805000 1302000   250 10.12
0.674 0.0494 53.01 44.00  88 78   805000 1302000   250 10.12
0.676 0.0564 53.09 44.00  88 78   805000 1302000   250 10.12
0.678 0.0519 53.18 44.00  88 78   805000 1302000   250 10.12
0.680 0.0512 53.28 44.00  88 78   805000 1302000   250 10.12
0.682 0.0505 53.39 44.00  88 78   805000 1302000   250 10.12
0.684 0.0565 53.49 44.00  88 78   805000 1302000   250 10.12
0.686 0.0495 53.57 44.00  88 78   805000 1302000   250 10.12
0.688 0.0544 53.65 44.00  88 78   805000 1302000   250 10.12
0.690 0.0502 53.73 44.00  88 78   805000 1302000   250 10.12
0.692 0.0542 53.80 44.00  88 78   805000 1302000   250 10.12
0.694 0.0524 53.87 44.00  88 78   805000 1302000   250 10.12
0.696 0.0596 53.93 44.00  88 78   805000 1302000   250 10.12
0.698 0.0570 53.99 44.00  88 78   805000 1302000   250 10.12
0.700 0.0521 54.04 44.00  88 78   805000 1302000   250 10.12
0.702 0.0527 54.09 44.00  88 78   805000 1302000   250 10.12
0.704 0.0549 54.14 44.00  88 78   805000 1302000   250 10.12
0.706 0.0588 54.19 44.00  88 78   805000 1302000   250 10.12
0.708 0.0552 54.24 44.00  88 78   805000 1302000   250 10.12
0.710 0.0527 54.27 44.00  88 78   805000 1302000   250 10.12
0.712 0.0537 54.28 44.00  88 78   805000 1302000   250 10.12
0.714 0.0527 54.26 44.00  88 78   805000 1302000   250 10.12
0.716 0.0540 54.23 44.00  88 78   805000 1302000   250 10.12
0.718 0.0514 54.18 44.00  88 78   805000 1302000   250 10.12
0.720 0.0550 54.14 44.00  88 78   805000 1302000   250 10.12
0.722 0.0522 54.09 44.00  88 78   805000 1302000   250 10.12
0.724 0.0566 54.06 44.00  88 78   805000 1302000   250 10.12
0.726 0.0530 54.05 44.00  88 78   805000 1302000   250 10.12
0.728 0.0580 54.07 44.00  88 78   805000 1302000   250 10.12
0.730 0.0505 54.10 44.00  88 78   805000 1302000   250 10.12
0.732 0.0552 54.17 44.00  88 78   805000 1302000   250 10.12
0.734 0.0528 54.26 44.00  88 78   805000 1302000   250 10.12
0.736 0.0554 54.39 44.00  88 78   805000 1302000   250 10.12
0.738 0.0563 54.54 44.00  88 78   805000 1302000   250 10.12
0.740 0.0525 54.71 44.00  88 78   805000 1302000   250 10.12
0.742 0.0578 54.90 44.00  88 78   805000 1302000   250 10.12
0.744 0.0513 55.11 44.00  88 78   805000 1302000   250 10.12
0.746 0.0556 55.34 44.00  88 78   805000 1302000   250 10.12
0.748 0.0554 55.59 44.00  88 78   805000 1302000   250 10.12
0.751 0.0571 55.85 44.00  88 78   805000 1302000   250 10.12
0.753 0.0561 56.11 44.00  88 78   805000 1302000   250 10.12
0.755 0.0579 56.37 44.00  88 78   805000 1302000   250 10.12
0.757 0.0549 56.65 44.00  88 78   805000 1302000   250 10.12
0.759 0.0575 56.93 44.00  88 78   805000 1302000   250 10.12
0.761 0.0564 57.22 44.00  88 78   805000 1302000   250 10.12
0.763 0.0538 57.52 44.00  88 78   805000 1302000   250 10.12
0.765 0.0596 57.80 44.00  88 78   805000 1302000   250 10.12
0.767 0.0602 58.08 44.00  88 78   805000 1302000   250 10.12
0.769 0.0559 58.36 44.00  88 78   805000 1302000   250 10.12
0.771 0.0634 58.64 44.00  88 78   805000 1302000   250 10.12
0.773 0.0574 58.93 44.00  88 78   805000 1302000   250 10.12
0.775 0.0587 59.22 44.00  88 78   805000 1302000   250 10.12
0.777 0.0608 59.51 44.00  88 78   805000 1302000   250 10.12
0.779 0.0605 59.80 44.00  88 78   805000 1302000   250 10.12
0.781 0.0613 60.09 44.00  88 78   805000 1302000   250 10.12
0.783 0.0555 60.37 44.00  88 78   805000 1302000   250 10.12
0.785 0.0645 60.63 44.00  88 78   805000 1302000   250 10.12
0.787 0.0595 60.87 44.00  88 78   805000 1302000   250 10.12
0.789 0.0560 61.10 44.00  88 78   805000 1302000   250 10.12
0.791 0.0634 61.30 44.00  88 78   805000 1302000   250 10.12
0.793 0.0612 61.47 44.00  88 78   805000 1302000   250 10.12
0.795 0.0639 61.60 44.00  88 78   805000 1302000   250 10.12
0.797 0.0624 61.68 44.00  88 78   805000 1302000   250 10.12
0.799 0.0573 61.74 44.00  88 78   805000 1302000   250 10.12
0.801 0.0634 61.77 44.00  88 78   805000 1302000   250 10.12
0.803 0.0631 61.80 44.00  88 78   805000 1302000   250 10.12
0.805 0.0652 61.81 44.00  88 78   805000 1302000   250 10.12
0.807 0.0642 61.83 44.00  88 78   805000 1302000   250 10.12
0.809 0.0630 61.86 44.00  88 78   805000 1302000   250 10.12
0.811 0.0602 61.90 44.00  88 78   805000 1302000   250 10.12
0.813 0.0590 61.93 44.00  88 78   805000 1302000   250 10.12
0.815 0.0623 61.96 44.00  88 78   805000 1302000   250 10.12
0.817 0.0622 61.98 44.00  88 78   805000 1302000   250 10.12
0.819 0.0641 61.99 44.00  88 78   805000 1302000   250 10.12
0.821 0.0601 61.99 44.00  88 78   805000 1302000   250 10.12
0.823 0.0585 62.00 44.00  88 78   805000 1302000   250 10.12
0.825 0.0619 62.02 44.00  88 78   805000 1302000   250 10.12
0.827 0.0633 62.06 44.00  88 78   805000 1302000   250 10.12
0.829 0.0586 62.13 44.00  88 78   805000 1302000   250 10.12
0.831 0.0623 62.22 44.00  88 78   805000 1302000   250 10.12
0.833 0.0594 62.33 44.00  88 78   805000 1302000   250 10.12
0.835 0.0669 62.46 44.00  88 78   805000 1302000   250 10.12
0.837 0.0653 62.61 44.00  88 78   805000 1302000   250 10.12
0.839 0.0671 62.78 44.00  88 78   805000 1302000   250 10.12
0.841 0.0585 62.97 44.00  88 78   805000 1302000   250 10.12
0.843 0.0609 63.16 44.00  88 78   805000 1302000   250 10.12
0.845 0.0693 63.35 44.00  88 78   805000 1302000   250 10.12
0.847 0.0621 63.51 44.00  88 78   805000 1302000   250 10.12
0.849 0.0618 63.63 44.00  88 78   805000 1302000   250 10.12
0.851 0.0608 63.72 44.00  88 78   805000 1302000   250 10.12
0.853 0.0577 63.78 44.00  88 78   805000 1302000   250 10.12
0.855 0.0697 63.81 44.00  88 78   805000 1302000   250 10.12
0.857 0.0672 63.82 44.00  88 78   805000 1302000   250 10.12
0.859 0.0664 63.82 44.00  88 78   805000 1302000   250 10.12
0.861 0.0642 63.82 44.00  88 78   805000 1302000   250 10.12
0.863 0.0625 63.81 44.00  88 78   805000 1302000   250 10.12
0.865 0.0621 63.80 44.00  88 78   805000 1302000   250 10.12
0.867 0.0632 63.80 44.00  88 78   805000 1302000   250 10.12
0.869 0.0630 63.81 44.00  88 78   805000 1302000   250 10.12
0.871 0.0624 63.84 44.00  88 78   805000 1302000   250 10.12
0.873 0.0693 63.88 44.00  88 78   805000 1302000   250 10.12
0.875 0.0631 63.93 44.00  88 78   805000 1302000   250 10.12
0.877 0.0638 63.98 44.00  88 78   805000 1302000   250 10.12
0.879 0.0659 64.03 44.00  88 78   805000 1302000   250 10.12
0.881 0.0569 64.06 44.00  88 78   805000 1302000   250 10.12
0.883 0.0565 64.08 44.00  88 78   805000 1302000   250 10.12
0.885 0.0716 64.10 44.00  88 78   805000 1302000   250 10.12
0.887 0.0667 64.13 44.00  88 78   805000 1302000   250 10.12
0.889 0.0659 64.17 44.00  88 78   805000 1302000   250 10.12
0.891 0.0610 64.23 44.00  88 78   805000 1302000   250 10.12
0.893 0.0656 64.30 44.00  88 78   805000 1302000   250 10.12
0.895 0.0687 64.39 44.00  88 78   805000 1302000   250 10.12
0.897 0.0619 64.49 44.00  88 78   805000 1302000   250 10.12
0.899 0.0648 64.59 44.00  88 78   805000 1302000   250 10.12
0.901 0.0627 64.68 44.00  88 78   805000 1302000   250 10.12
0.903 0.0639 64.76 44.00  88 78   805000 1302000   250 10.12
0.905 0.0658 64.84 44.00  88 78   805000 1302000   250 10.12
0.907 0.0721 64.94 44.00  88 78   805000 1302000   250 10.12
0.909 0.0586 65.04 44.00  88 78   805000 1302000   250 10.12
0.911 0.0656 65.15 44.00  88 78   805000 1302000   250 10.12
0.913 0.0615 65.26 44.00  88 78   805000 1302000   250 10.12
0.915 0.0661 65.37 44.00  88 78   805000 1302000   250 10.12
0.918 0.0690 65.48 44.00  88 78   805000 1302000   250 10.12
0.920 0.0629 65.58 44.00  88 78   805000 1302000   250 10.12
0.922 0.0655 65.69 44.00  88 78   805000 1302000   250 10.12
0.924 0.0664 65.80 44.00  88 78   805000 1302000   250 10.12
0.926 0.0703 65.93 44.00  88 78   805000 1302000   250 10.12
0.928 0.0612 66.07 44.00  88 78   805000 1302000   250 10.12
0.930 0.0670 66.21 44.00  88 78   805000 1302000   250 10.12
0.932 0.0680 66.35 44.00  88 78   805000 1302000   250 10.12
0.934 0.0640 66.48 44.00  88 78   805000 1302000   250 10.12
0.936 0.0700 66.62 44.00  88 78   805000 1302000   250 10.12
0.938 0.0652 66.77 44.00  88 78   805000 1302000   250 10.12
0.940 0.0667 66.93 44.00  88 78   805000 1302000   250 10.12
0.942 0.0693 67.10 44.00  88 78   805000 1302000   250 10.12
0.944 0.0685 67.28 44.00  88 78   805000 1302000   250 10.12
0.946 0.0668 67.48 44.00  88 78   805000 1302000   250 10.12
0.948 0.0680 67.69 44.00  88 78   805000 1302000   250 10.12
0.950 0.0651 67.91 44.00  88 78   805000 1302000   250 10.12
0.952 0.0655 68.14 44.00  88 78   805000 1302000   250 10.12
0.954 0.0709 68.38 44.00  88 78   805000 1302000   250 10.12
0.956 0.0674 68.65 44.00  88 78   805000 1302000   250 10.12
0.958 0.0684 68.93 44.00  88 78   805000 1302000   250 10.12
0.960 0.0706 69.23 44.00  88 78   805000 1302000   250 10.12
0.962 0.0666 69.54 44.00  88 78   805000 1302000   250 10.12
0.964 0.0732 69.86 44.00  88 78   805000 1302000   250 10.12
0.966 0.0688 70.19 44.00  88 78   805000 1302000   250 10.12
0.968 0.0731 70.54 44.00  88 78   805000 1302000   250 10.12
0.970 0.0692 70.90 44.00  88 78   805000 1302000   250 10.12
0.972 0.0718 71.27 44.00  88 78   805000 1302000   250 10.12
0.974 0.0719 71.66 44.00  88 78   805000 1302000   250 10.12
0.976 0.0747 72.06 44.00  88 78   805000 1302000   250 10.12
0.978 0.0696 72.48 44.00  88 78   805000 1302000   250 10.12
0.980 0.0730 72.91 44.00  88 78   805000 1302000   250 10.12
0.982 0.0738 73.34 44.00  88 78   805000 1302000   250 10.12
0.984 0.0726 73.77 44.00  88 78   805000 1302000   250 10.12
0.986 0.0763 74.20 44.00  88 78   805000 1302000   250 10.12
0.988 0.0732 74.62 44.00  88 78   805000 1302000   250 10.12
0.990 0.0732 75.02 44.00  88 78   805000 1302000   250 10.12
0.992 0.0727 75.42 44.00  88 78   805000 1302000   250 10.12
0.994 0.0812 75.83 44.00  88 78   805000 1302000   250 10.12
0.996 0.0758 76.24 44.00  88 78   805000 1302000   250 10.12
0.998 0.0726 76.65 44.00  88 78   805000 1302000   250 10.12
1.000 0.0772 77.04 44.00  88 78   805000 1302000   250 10.12
1.002 0.0802 77.43 44.00  88 78   805000 1302000   250 10.12
1.004 0.0782 77.81 44.00  88 78   805000 1302000   250 10.12
1.006 0.0790 78.18 44.00  88 78   805000 1302000   250 10.12
1.008 0.0767 78.55 44.00  88 78   805000 1302000   250 10.12
1.010 0.0807 78.90 44.00  88 78   805000 1302000   250 10.12
1.012 0.0814 79.25 44.00  88 78   805000 1302000   250 10.12
1.014 0.0784 79.58 44.00  88 78   805000 1302000   250 10.12
1.016 0.0804 79.91 44.00  88 78   805000 1302000   250 10.12
1.018 0.0785 80.20 44.00  88 78   805000 1302000   250 10.12
1.020 0.0781 80.48 44.00  88 78   805000 1302000   250 10.12
1.022 0.0815 80.72 44.00  88 78   805000 1302000   250 10.12
1.024 0.0796 80.93 44.00  88 78   805000 1302000   250 10.12
1.026 0.0809 81.10 44.00  88 78   805000 1302000   250 10.12
1.028 0.0828 81.24 44.00  88 78   805000 1302000   250 10.12
1.030 0.0826 81.34 44.00  88 78   805000 1302000   250 10.12
1.032 0.0802 81.40 44.00  88 78   805000 1302000   250 10.12
1.034 0.0847 81.42 44.00  88 78   805000 1302000   250 10.12
1.036 0.0765 81.41 44.00  88 78   805000 1302000   250 10.12
1.038 0.0779 81.35 44.00  88 78   805000 1302000   250 10.12
1.040 0.0872 81.25 44.00  88 78   805000 1302000   250 10.12
1.042 0.0854 81.13 44.00  88 78   805000 1302000   250 10.12
1.044 0.0790 80.96 44.00  88 78   805000 1302000   250 10.12
1.046 0.0816 80.75 44.00  88 78   805000 1302000   250 10.12
1.048 0.0812 80.48 44.00  88 78   805000 1302000   250 10.12
1.050 0.0782 80.16 44.00  88 78   805000 1302000   250 10.12
1.052 0.0792 79.80 44.00  88 78   805000 1302000   250 10.12
1.054 0.0804 79.38 44.00  88 78   805000 1302000   250 10.12
1.056 0.0780 78.91 44.00  88 78   805000 1302000   250 10.12
1.058 0.0769 78.41 44.00  88 78   805000 1302000   250 10.12
1.060 0.0803 77.88 44.00  88 78   805000 1302000   250 10.12
1.062 0.0744 77.33 44.00  88 78   805000 1302000   250 10.12
1.064 0.0782 76.77 44.00  88 78   805000 1302000   250 10.12
1.066 0.0780 76.20 44.00  88 78   805000 1302000   250 10.12
1.068 0.0748 75.62 44.00  88 78   805000 1302000   250 10.12
1.070 0.0737 75.05 44.00  88 78   805000 1302000   250 10.12
1.072 0.0752 74.47 44.00  88 78   805000 1302000   250 10.12
1.074 0.0748 73.91 44.00  88 78   805000 1302000   250 10.12
1.076 0.0751 73.36 44.00  88 78   805000 1302000   250 10.12
1.078 0.0720 72.83 44.00  88 78   805000 1302000   250 10.12
1.080 0.0720 72.31 44.00  88 78   805000 1302000   250 10.12
1.082 0.0705 71.80 44.00  88 78   805000 1302000   250 10.12
1.085 0.0687 71.30 44.00  88 78   805000 1302000   250 10.12
1.087 0.0681 70.81 44.00  88 78   805000 1302000   250 10.12
1.089 0.0770 70.32 44.00  88 78   805000 1302000   250 10.12
1.091 0.0690 69.85 44.00  88 78   805000 1302000   250 10.12
1.093 0.0662 69.41 44.00  88 78   805000 1302000   250 10.12
1.095 0.0716 69.00 44.00  88 78   805000 1302000   250 10.12
1.097 0.0680 68.63 44.00  88 78   805000 1302000   250 10.12
1.099 0.0706 68.30 44.00  88 78   805000 1302000   250 10.12
1.101 0.0647 68.00 44.00  88 78   805000 1302000   250 10.12
1.103 0.0677 67.75 44.00  88 78   805000 1302000   250 10.12
1.105 0.0705 67.53 44.00  88 78   805000 1302000   250 10.12
1.107 0.0645 67.34 44.00  88 78   805000 1302000   250 10.12
1.109 0.0674 67.18 44.00  88 78   805000 1302000   250 10.12
1.111 0.0688 67.03 44.00  88 78   805000 1302000   250 10.12
1.113 0.0653 66.90 44.00  88 78   805000 1302000   250 10.12
1.115 0.0651 66.78 44.00  88 78   805000 1302000   250 10.12
1.117 0.0663 66.66 44.00  88 78   805000 1302000   250 10.12
1.119 0.0666 66.54 44.00  88 78   805000 1302000   250 10.12
1.121 0.0665 66.43 44.00  88 78   805000 1302000   250 10.12
1.123 0.0664 66.32 44.00  88 78   805000 1302000   250 10.12
1.125 0.0663 66.23 44.00  88 78   805000 1302000   250 10.12
1.127 0.0688 66.14 44.00  88 78   805000 1302000   250 10.12
1.129 0.0644 66.05 44.00  88 78   805000 1302000   250 10.12
1.131 0.0718 65.97 44.00  88 78   805000 1302000   250 10.12
1.133 0.0617 65.89 44.00  88 78   805000 1302000   250 10.12
1.135 0.0657 65.79 44.00  88 78   805000 1302000   250 10.12
1.137 0.0685 65.70 44.00  88 78   805000 1302000   250 10.12
1.139 0.0641 65.59 44.00  88 78   805000 1302000   250 10.12
1.141 0.0645 65.48 44.00  88 78   805000 1302000   250 10.12
1.143 0.0655 65.37 44.00  88 78   805000 1302000   250 10.12
1.145 0.0649 65.25 44.00  88 78   805000 1302000   250 10.12
1.147 0.0640 65.14 44.00  88 78   805000 1302000   250 10.12
1.149 0.0649 65.02 44.00  88 78   805000 1302000   250 10.12
1.151 0.0656 64.91 44.00  88 78   805000 1302000   250 10.12
1.153 0.0646 64.81 44.00  88 78   805000 1302000   250 10.12
1.155 0.0645 64.72 44.00  88 78   805000 1302000   250 10.12
1.157 0.0658 64.64 44.00  88 78   805000 1302000   250 10.12
1.159 0.0651 64.59 44.00  88 78   805000 1302000   250 10.12
1.161 0.0619 64.55 44.00  88 78   805000 1302000   250 10.12
1.163 0.0670 64.51 44.00  88 78   805000 1302000   250 10.12
1.165 0.0620 64.48 44.00  88 78   805000 1302000   250 10.12
1.167 0.0666 64.45 44.00  88 78   805000 1302000   250 10.12
1.169 0.0637 64.42 44.00  88 78   805000 1302000   250 10.12
1.171 0.0613 64.38 44.00  88 78   805000 1302000   250 10.12
1.173 0.0678 64.33 44.00  88 78   805000 1302000   250 10.12
1.175 0.0651 64.27 44.00  88 78   805000 1302000   250 10.12
1.177 0.0625 64.20 44.00  88 78   805000 1302000   250 10.12
1.179 0.0648 64.13 44.00  88 78   805000 1302000   250 10.12
1.181 0.0648 64.05 44.00  88 78   805000 1302000   250 10.12
1.183 0.0629 63.96 44.00  88 78   805000 1302000   250 10.12
1.185 0.0650 63.86 44.00  88 78   805000 1302000   250 10.12
1.187 0.0642 63.77 44.00  88 78   805000 1302000   250 10.12
1.189 0.0630 63.67 44.00  88 78   805000 1302000   250 10.12
1.191 0.0646 63.58 44.00  88 78   805000 1302000   250 10.12
1.193 0.0651 63.49 44.00  88 78   805000 1302000   250 10.12
1.195 0.0603 63.40 44.00  88 78   805000 1302000   250 10.12
1.197 0.0640 63.32 44.00  88 78   805000 1302000   250 10.12
1.199 0.0628 63.24 44.00  88 78   805000 1302000   250 10.12
1.201 0.0601 63.17 44.00  88 78   805000 1302000   250 10.12
1.203 0.0661 63.10 44.00  88 78   805000 1302000   250 10.12
1.205 0.0652 63.04 44.00  88 78   805000 1302000   250 10.12
1.207 0.0607 63.00 44.00  88 78   805000 1302000   250 10.12
1.209 0.0608 62.98 44.00  88 78   805000 1302000   250 10.12
1.211 0.0636 62.98 44.00  88 78   805000 1302000   250 10.12
1.213 0.0661 63.00 44.00  88 78   805000 1302000   250 10.12
1.215 0.0626 63.04 44.00  88 78   805000 1302000   250 10.12
1.217 0.0598 63.09 44.00  88 78   805000 1302000   250 10.12
1.219 0.0638 63.14 44.00  88 78   805000 1302000   250 10.12
1.221 0.0642 63.20 44.00  88 78   805000 1302000   250 10.12
1.223 0.0631 63.25 44.00  88 78   805000 1302000   250 10.12
1.225 0.0622 63.29 44.00  88 78   805000 1302000   250 10.12
1.227 0.0643 63.32 44.00  88 78   805000 1302000   250 10.12
1.229 0.0656 63.35 44.00  88 78   805000 1302000   250 10.12
1.231 0.0610 63.36 44.00  88 78   805000 1302000   250 10.12
1.233 0.0636 63.37 44.00  88 78   805000 1302000   250 10.12
1.235 0.0638 63.37 44.00  88 78   805000 1302000   250 10.12
1.237 0.0605 63.36 44.00  88 78   805000 1302000   250 10.12
1.239 0.0657 63.34 44.00  88 78   805000 1302000   250 10.12
1.241 0.0640 63.32 44.00  88 78   805000 1302000   250 10.12
1.243 0.0673 63.30 44.00  88 78   805000 1302000   250 10.12
1.245 0.0631 63.28 44.00  88 78   805000 1302000   250 10.12
1.247 0.0612 63.25 44.00  88 78   805000 1302000   250 10.12
1.249 0.0607 63.21 44.00  88 78   805000 1302000   250 10.12
1.252 0.0650 63.18 44.00  88 78   805000 1302000   250 10.12
1.254 0.0627 63.14 44.00  88 78   805000 1302000   250 10.12
1.256 0.0600 63.10 44.00  88 78   805000 1302000   250 10.12
1.258 0.0631 63.07 44.00  88 78   805000 1302000   250 10.12
1.260 0.0649 63.03 44.00  88 78   805000 1302000   250 10.12
1.262 0.0630 63.00 44.00  88 78   805000 1302000   250 10.12
1.264 0.0627 62.98 44.00  88 78   805000 1302000   250 10.12
1.266 0.0636 62.96 44.00  88 78   805000 1302000   250 10.12
1.268 0.0634 62.94 44.00  88 78   805000 1302000   250 10.12
1.270 0.0632 62.93 44.00  88 78   805000 1302000   250 10.12
1.272 0.0610 62.94 44.00  88 78   805000 1302000   250 10.12
1.274 0.0640 62.95 44.00  88 78   805000 1302000   250 10.12
1.276 0.0633 62.98 44.00  88 78   805000 1302000   250 10.12
1.278 0.0633 63.01 44.00  88 78   805000 1302000   250 10.12
1.280 0.0625 63.04 44.00  88 78   805000 1302000   250 10.12
1.282 0.0634 63.08 44.00  88 78   805000 1302000   250 10.12
1.284 0.0640 63.13 44.00  88 78   805000 1302000   250 10.12
1.286 0.0605 63.17 44.00  88 78   805000 1302000   250 10.12
1.288 0.0651 63.21 44.00  88 78   805000 1302000   250 10.12
1.290 0.0634 63.25 44.00  88 78   805000 1302000   250 10.12
1.292 0.0617 63.29 44.00  88 78   805000 1302000   250 10.12
1.294 0.0627 63.33 44.00  88 78   805000 1302000   250 10.12
1.296 0.0645 63.36 44.00  88 78   805000 1302000   250 10.12
1.298 0.0638 63.40 44.00  88 78   805000 1302000   250 10.12
1.300 0.0624 63.43 44.00  88 78   805000 1302000   250 10.12
1.302 0.0625 63.47 44.00  88 78   805000 1302000   250 10.12
1.304 0.0660 63.50 44.00  88 78   805000 1302000   250 10.12
1.306 0.0612 63.51 44.00  88 78   805000 1302000   250 10.12
1.308 0.0665 63.51 44.00  88 78   805000 1302000   250 10.12
1.310 0.0639 63.49 44.00  88 78   805000 1302000   250 10.12
1.312 0.0622 63.46 44.00  88 78   805000 1302000   250 10.12
1.314 0.0613 63.41 44.00  88 78   805000 1302000   250 10.12
1.316 0.0639 63.36 44.00  88 78   805000 1302000   250 10.12
1.318 0.0668 63.30 44.00  88 78   805000 1302000   250 10.12
1.320 0.0646 63.23 44.00  88 78   805000 1302000   250 10.12
1.322 0.0645 63.17 44.00  88 78   805000 1302000   250 10.12
1.324 0.0568 63.10 44.00  88 78   805000 1302000   250 10.12
1.326 0.0648 63.03 44.00  88 78   805000 1302000   250 10.12
1.328 0.0612 62.96 44.00  88 78   805000 1302000   250 10.12
1.330 0.0660 62.89 44.00  88 78   805000 1302000   250 10.12
1.332 0.0617 62.83 44.00  88 78   805000 1302000   250 10.12
1.334 0.0614 62.77 44.00  88 78   805000 1302000   250 10.12
1.336 0.0662 62.72 44.00  88 78   805000 1302000   250 10.12
1.338 0.0609 62.68 44.00  88 78   805000 1302000   250 10.12
1.340 0.0634 62.65 44.00  88 78   805000 1302000   250 10.12
1.342 0.0562 62.61 44.00  88 78   805000 1302000   250 10.12
1.344 0.0651 62.59 44.00  88 78   805000 1302000   250 10.12
1.346 0.0654 62.57 44.00  88 78   805000 1302000   250 10.12
1.348 0.0608 62.56 44.00  88 78   805000 1302000   250 10.12
1.350 0.0630 62.55 44.00  88 78   805000 1302000   250 10.12
1.352 0.0646 62.56 44.00  88 78   805000 1302000   250 10.12
1.354 0.0639 62.58 44.00  88 78   805000 1302000   250 10.12
1.356 0.0610 62.62 44.00  88 78   805000 1302000   250 10.12
1.358 0.0623 62.67 44.00  88 78   805000 1302000   250 10.12
1.360 0.0640 62.73 44.00  88 78   805000 1302000   250 10.12
1.362 0.0592 62.78 44.00  88 78   805000 1302000   250 10.12
1.364 0.0651 62.84 44.00  88 78   805000 1302000   250 10.12
1.366 0.0635 62.90 44.00  88 78   805000 1302000   250 10.12
1.368 0.0627 62.97 44.00  88 78   805000 1302000   250 10.12
1.370 0.0622 63.04 44.00  88 78   805000 1302000   250 10.12
1.372 0.0619 63.11 44.00  88 78   805000 1302000   250 10.12
1.374 0.0637 63.19 44.00  88 78   805000 1302000   250 10.12
1.376 0.0628 63.28 44.00  88 78   805000 1302000   250 10.12
1.378 0.0641 63.37 44.00  88 78   805000 1302000   250 10.12
1.380 0.0615 63.48 44.00  88 78   805000 1302000   250 10.12
1.382 0.0667 63.59 44.00  88 78   805000 1302000   250 10.12
1.384 0.0617 63.72 44.00  88 78   805000 1302000   250 10.12
1.386 0.0669 63.85 44.00  88 78   805000 1302000   250 10.12
1.388 0.0623 63.99 44.00  88 78   805000 1302000   250 10.12
1.390 0.0675 64.13 44.00  88 78   805000 1302000   250 10.12
1.392 0.0608 64.27 44.00  88 78   805000 1302000   250 10.12
1.394 0.0643 64.40 44.00  88 78   805000 1302000   250 10.12
1.396 0.0650 64.52 44.00  88 78   805000 1302000   250 10.12
1.398 0.0604 64.62 44.00  88 78   805000 1302000   250 10.12
1.400 0.0676 64.70 44.00  88 78   805000 1302000   250 10.12
1.402 0.0662 64.76 44.00  88 78   805000 1302000   250 10.12
1.404 0.0638 64.81 44.00  88 78   805000 1302000   250 10.12
1.406 0.0638 64.84 44.00  88 78   805000 1302000   250 10.12
1.408 0.0669 64.85 44.00  88 78   805000 1302000   250 10.12
1.410 0.0654 64.85 44.00  88 78   805000 1302000   250 10.12
1.412 0.0658 64.84 44.00  88 78   805000 1302000   250 10.12
1.414 0.0637 64.83 44.00  88 78   805000 1302000   250 10.12
1.416 0.0651 64.82 44.00  88 78   805000 1302000   250 10.12
1.419 0.0642 64.81 44.00  88 78   805000 1302000   250 10.12
1.421 0.0641 64.80 44.00  88 78   805000 1302000   250 10.12
1.423 0.0662 64.78 44.00  88 78   805000 1302000   250 10.12
1.425 0.0658 64.75 44.00  88 78   805000 1302000   250 10.12
1.427 0.0652 64.72 44.00  88 78   805000 1302000   250 10.12
1.429 0.0648 64.69 44.00  88 78   805000 1302000   250 10.12
1.431 0.0603 64.66 44.00  88 78   805000 1302000   250 10.12
1.433 0.0657 64.63 44.00  88 78   805000 1302000   250 10.12
1.435 0.0638 64.61 44.00  88 78   805000 1302000   250 10.12
1.437 0.0609 64.59 44.00  88 78   805000 1302000   250 10.12
1.439 0.0700 64.58 44.00  88 78   805000 1302000   250 10.12
1.441 0.0651 64.57 44.00  88 78   805000 1302000   250 10.12
1.443 0.0636 64.57 44.00  88 78   805000 1302000   250 10.12
1.445 0.0619 64.56 44.00  88 78   805000 1302000   250 10.12
1.447 0.0657 64.55 44.00  88 78   805000 1302000   250 10.12
1.449 0.0678 64.54 44.00  88 78   805000 1302000   250 10.12
1.451 0.0660 64.53 44.00  88 78   805000 1302000   250 10.12
1.453 0.0634 64.52 44.00  88 78   805000 1302000   250 10.12
1.455 0.0597 64.50 44.00  88 78   805000 1302000   250 10.12
1.457 0.0659 64.50 44.00  88 78   805000 1302000   250 10.12
1.459 0.0659 64.49 44.00  88 78   805000 1302000   250 10.12
1.461 0.0636 64.49 44.00  88 78   805000 1302000   250 10.12
1.463 0.0681 64.48 44.00  88 78   805000 1302000   250 10.12
1.465 0.0637 64.47 44.00  88 78   805000 1302000   250 10.12
1.467 0.0662 64.44 44.00  88 78   805000 1302000   250 10.12
1.469 0.0605 64.40 44.00  88 78   805000 1302000   250 10.12
1.471 0.0630 64.37 44.00  88 78   805000 1302000   250 10.12
1.473 0.0649 64.35 44.00  88 78   805000 1302000   250 10.12
1.475 0.0633 64.33 44.00  88 78   805000 1302000   250 10.12
1.477 0.0642 64.32 44.00  88 78   805000 1302000   250 10.12
1.479 0.0669 64.31 44.00  88 78   805000 1302000   250 10.12
1.481 0.0614 64.32 44.00  88 78   805000 1302000   250 10.12
1.483 0.0667 64.32 44.00  88 78   805000 1302000   250 10.12
1.485 0.0647 64.34 44.00  88 78   805000 1302000   250 10.12
1.487 0.0647 64.35 44.00  88 78   805000 1302000   250 10.12
1.489 0.0652 64.37 44.00  88 78   805000 1302000   250 10.12
1.491 0.0634 64.38 44.00  88 78   805000 1302000   250 10.12
1.493 0.0633 64.38 44.00  88 78   805000 1302000   250 10.12
1.495 0.0681 64.38 44.00  88 78   805000 1302000   250 10.12
1.497 0.0605 64.37 44.00  88 78   805000 1302000   250 10.12
1.499 0.0602 64.36 44.00  88 78   805000 1302000   250 10.12
1.501 0.0700 64.36 44.00  88 78   805000 1302000   250 10.12
1.503 0.0628 64.34 44.00  88 78   805000 1302000   250 10.12
1.505 0.0645 64.32 44.00  88 78   805000 1302000   250 10.12
1.507 0.0666 64.31 44.00  88 78   805000 1302000   250 10.12
1.509 0.0666 64.30 44.00  88 78   805000 1302000   250 10.12
1.511 0.0600 64.30 44.00  88 78   805000 1302000   250 10.12
1.513 0.0628 64.33 44.00  88 78   805000 1302000   250 10.12
1.515 0.0667 64.38 44.00  88 78   805000 1302000   250 10.12
1.517 0.0658 64.46 44.00  88 78   805000 1302000   250 10.12
1.519 0.0654 64.57 44.00  88 78   805000 1302000   250 10.12
1.521 0.0613 64.70 44.00  88 78   805000 1302000   250 10.12
1.523 0.0622 64.85 44.00  88 78   805000 1302000   250 10.12
1.525 0.0701 65.01 44.00  88 78   805000 1302000   250 10.12
1.527 0.0591 65.17 44.00  88 78   805000 1302000   250 10.12
1.529 0.0668 65.32 44.00  88 78   805000 1302000   250 10.12
1.531 0.0649 65.46 44.00  88 78   805000 1302000   250 10.12
1.533 0.0665 65.59 44.00  88 78   805000 1302000   250 10.12
1.535 0.0686 65.70 44.00  88 78   805000 1302000   250 10.12
1.537 0.0620 65.78 44.00  88 78   805000 1302000   250 10.12
1.539 0.0656 65.84 44.00  88 78   805000 1302000   250 10.12
1.541 0.0684 65.87 44.00  88 78   805000 1302000   250 10.12
1.543 0.0669 65.88 44.00  88 78   805000 1302000   250 10.12
1.545 0.0654 65.86 44.00  88 78   805000 1302000   250 10.12
1.547 0.0675 65.81 44.00  88 78   805000 1302000   250 10.12
1.549 0.0651 65.74 44.00  88 78   805000 1302000   250 10.12
1.551 0.0698 65.65 44.00  88 78   805000 1302000   250 10.12
1.553 0.0636 65.55 44.00  88 78   805000 1302000   250 10.12
1.555 0.0680 65.44 44.00  88 78   805000 1302000   250 10.12
1.557 0.0642 65.34 44.00  88 78   805000 1302000   250 10.12
1.559 0.0646 65.22 44.00  88 78   805000 1302000   250 10.12
1.561 0.0630 65.10 44.00  88 78   805000 1302000   250 10.12
1.563 0.0646 64.96 44.00  88 78   805000 1302000   250 10.12
1.565 0.0605 64.83 44.00  88 78   805000 1302000   250 10.12
1.567 0.0666 64.69 44.00  88 78   805000 1302000   250 10.12
1.569 0.0650 64.55 44.00  88 78   805000 1302000   250 10.12
1.571 0.0634 64.43 44.00  88 78   805000 1302000   250 10.12
1.573 0.0638 64.34 44.00  88 78   805000 1302000   250 10.12
1.575 0.0609 64.28 44.00  88 78   805000 1302000   250 10.12
1.577 0.0688 64.25 44.00  88 78   805000 1302000   250 10.12
1.579 0.0684 64.26 44.00  88 78   805000 1302000   250 10.12
1.581 0.0607 64.29 44.00  88 78   805000 1302000   250 10.12
1.584 0.0651 64.36 44.00  88 78   805000 1302000   250 10.12
1.586 0.0643 64.44 44.00  88 78   805000 1302000   250 10.12
1.588 0.0676 64.53 44.00  88 78   805000 1302000   250 10.12
1.590 0.0645 64.63 44.00  88 78   805000 1302000   250 10.12
1.592 0.0647 64.75 44.00  88 78   805000 1302000   250 10.12
1.594 0.0614 64.86 44.00  88 78   805000 1302000   250 10.12
1.596 0.0650 64.95 44.00  88 78   805000 1302000   250 10.12
1.598 0.0618 65.03 44.00  88 78   805000 1302000   250 10.12
1.600 0.0643 65.09 44.00  88 78   805000 1302000   250 10.12
1.602 0.0660 65.12 44.00  88 78   805000 1302000   250 10.12
1.604 0.0647 65.14 44.00  88 78   805000 1302000   250 10.12
1.606 0.0658 65.14 44.00  88 78   805000 1302000   250 10.12
1.608 0.0698 65.12 44.00  88 78   805000 1302000   250 10.12
1.611 0.0667 65.09 44.00  88 78   805000 1302000   250 10.12
1.613 0.0662 65.04 44.00  88 78   805000 1302000   250 10.12
1.616 0.0620 64.97 44.00  88 78   805000 1302000   250 10.12
1.618 0.0620 64.90 44.00  88 78   805000 1302000   250 10.12
1.621 0.0668 64.83 44.00  88 78   805000 1302000   250 10.12
1.624 0.0655 64.75 44.00  88 78   805000 1302000   250 10.12
1.627 0.0656 64.65 44.00  88 78   805000 1302000   250 10.12
1.630 0.0662 64.55 44.00  88 78   805000 1302000   250 10.12
1.634 0.0646 64.44 44.00  88 78   805000 1302000   250 10.12
1.637 0.0663 64.33 44.00  88 78   805000 1302000   250 10.12
1.641 0.0622 64.22 44.00  88 78   805000 1302000   250 10.12
1.644 0.0597 64.12 44.00  88 78   805000 1302000   250 10.12
1.648 0.0639 64.02 44.00  88 78   805000 1302000   250 10.12
1.652 0.0630 63.94 44.00  88 78   805000 1302000   250 10.12
1.656 0.0637 63.88 44.00  88 78   805000 1302000   250 10.12
1.661 0.0660 63.84 44.00  88 78   805000 1302000   250 10.12
1.665 0.0604 63.81 44.00  88 78   805000 1302000   250 10.12
1.670 0.0647 63.79 44.00  88 78   805000 1302000   250 10.12
1.675 0.0643 63.78 44.00  88 78   805000 1302000   250 10.12
1.680 0.0648 63.77 44.00  88 78   805000 1302000   250 10.12
1.686 0.0651 63.76 44.00  88 78   805000 1302000   250 10.12
1.692 0.0655 63.74 44.00  88 78   805000 1302000   250 10.12
1.697 0.0635 63.73 44.00  88 78   805000 1302000   250 10.12
1.704 0.0649 63.73 44.00  88 78   805000 1302000   250 10.12
1.710 0.0626 63.75 44.00  88 78   805000 1302000   250 10.12
1.717 0.0649 63.80 44.00  88 78   805000 1302000   250 10.12
1.724 0.0662 63.88 44.00  88 78   805000 1302000   250 10.12
1.731 0.0648 64.01 44.00  88 78   805000 1302000   250 10.12
1.738 0.0636 64.18 44.00  88 78   805000 1302000   250 10.12
1.746 0.0652 64.42 44.00  88 78   805000 1302000   250 10.12
1.754 0.0647 64.76 44.00  88 78   805000 1302000   250 10.12
1.763 0.0642 65.23 44.00  88 78   805000 1302000   250 10.12
1.772 0.0652 65.86 44.00  88 78   805000 1302000   250 10.12
1.781 0.0647 66.67 44.00  88 78   805000 1302000   250 10.12
1.791 0.0673 67.68 44.00  88 78   805000 1302000   250 10.12
1.801 0.0669 68.89 44.00  88 78   805000 1302000   250 10.12
1.811 0.0697 70.30 44.00  88 78   805000 1302000   250 10.12
1.821 0.0699 71.89 44.00  88 78   805000 1302000   250 10.12
1.831 0.0719 73.63 44.00  88 78   805000 1302000   250 10.12
1.841 0.0731 75.51 44.00  88 78   805000 1302000   250 10.12
1.851 0.0758 77.49 44.00  88 78   805000 1302000   250 10.12
1.861 0.0782 79.54 44.00  88 78   805000 1302000   250 10.12
1.871 0.0813 81.67 44.00  88 78   805000 1302000   250 10.12
1.881 0.0835 83.85 44.00  88 78   805000 1302000   250 10.12
1.891 0.0865 86.10 44.00  88 78   805000 1302000   250 10.12
1.901 0.0888 88.41 44.00  88 78   805000 1302000   250 10.12
1.911 0.0918 90.77 44.00  88 78   805000 1302000   250 10.12
1.922 0.0968 93.18 44.00  88 78   805000 1302000   250 10.12
1.932 0.1010 95.64 44.00  88 78   805000 1302000   250 10.12
1.942 0.1018 98.12 44.00  88 78   805000 1302000   250 10.12
1.952 0.1036 100.62 44.00  88 78   805000 1302000   250 10.12
1.962 0.1040 103.12 44.00  88 78   805000 1302000   250 10.12
1.972 0.1061 105.59 44.00  88 78   805000 1302000   250 10.12
1.982 0.1046 108.02 44.00  88 78   805000 1302000   250 10.12
1.992 0.1055 110.37 44.00  88 78   805000 1302000   250 10.12
2.002 0.1066 112.63 44.00  88 78   805000 1302000   250 10.12
2.012 0.1074 114.76 44.00  88 78   805000 1302000   250 10.12
2.022 0.1140 116.75 44.00  88 78   805000 1302000   250 10.12
2.032 0.1180 118.58 44.00  88 78   805000 1302000   250 10.12
2.042 0.1203 120.21 44.00  88 78   805000 1302000   250 10.12
2.052 0.1262 121.65 44.00  88 78   805000 1302000   250 10.12
2.062 0.1278 122.88 44.00  88 78   805000 1302000   250 10.12
2.072 0.1280 123.89 44.00  88 78   805000 1302000   250 10.12
2.082 0.1298 124.67 44.00  88 78   805000 1302000   250 10.12
2.093 0.1303 125.20 44.00  88 78   805000 1302000   250 10.12
2.103 0.1277 125.49 44.00  88 78   805000 1302000   250 10.12
2.113 0.1293 125.52 44.00  88 78   805000 1302000   250 10.12
2.123 0.1320 125.29 44.00  88 78   805000 1302000   250 10.12
2.133 0.1280 124.78 44.00  88 78   805000 1302000   250 10.12
2.143 0.1274 124.01 44.00  88 78   805000 1302000   250 10.12
2.153 0.1266 123.01 44.00  88 78   805000 1302000   250 10.12
2.163 0.1261 121.84 44.00  88 78   805000 1302000   250 10.12
2.173 0.1246 120.73 44.00  88 78   805000 1302000   250 10.12
2.183 0.1240 120.88 44.00  88 78   805000 1302000   250 10.12
2.193 0.1236 124.05 44.00  88 78   805000 1302000   250 10.12
2.203 0.1215 128.74 44.00  88 78   805000 1302000   250 10.12
2.213 0.1213 133.93 44.00  88 78   805000 1302000   250 10.12
2.223 0.1225 139.19 44.00  88 78   805000 1302000   250 10.12
2.233 0.1240 144.32 44.00  88 78   805000 1302000   250 10.12
2.243 0.1293 149.30 44.00  88 78   805000 1302000   250 10.12
2.254 0.1304 154.10 44.00  88 78   805000 1302000   250 10.12
2.264 0.1355 158.77 44.00  88 78   805000 1302000   250 10.12
2.274 0.1416 163.33 44.00  88 78   805000 1302000   250 10.12
2.284 0.1482 167.82 44.00  88 78   805000 1302000   250 10.12
2.294 0.1577 172.28 44.00  88 78   805000 1302000   250 10.12
2.304 0.1700 176.74 44.00  88 78   805000 1302000   250 10.12
2.314 0.1841 181.21 44.00  88 78   805000 1302000   250 10.12
2.324 0.2035 185.73 44.00  88 78   805000 1302000   250 10.12
2.334 0.2286 190.31 44.00  88 78   805000 1302000   250 10.12
2.344 0.2599 194.94 44.00  88 78   805000 1302000   250 10.12
2.354 0.2865 199.64 44.00  88 78   805000 1302000   250 10.12
2.364 0.3220 204.39 44.00  88 78   805000 1302000   250 10.12
2.374 0.3500 209.18 44.00  88 78   805000 1302000   250 10.12
2.384 0.3845 213.98 44.00  88 78   805000 1302000   250 10.12
2.394 0.0000 218.76 44.00  88 78   805000 1302000   250 10.12
2.404 0.0000 223.46 44.00  88 78   805000 1302000   250 10.12
