     x     qy smooth tpara  cd  zL     xTr    xCpl frame tma
-1.292 0.3209 241.97 55.00  85 78   685000 1215000   250 10.19
-1.283 0.2651 225.73 55.00  85 78   685000 1215000   250 10.19
-1.274 0.2344 210.34 55.00  85 78   685000 1215000   250 10.19
-1.264 0.1741 195.77 55.00  85 78   685000 1215000   250 10.19
-1.255 0.1611 182.00 55.00  85 78   685000 1215000   250 10.19
-1.245 0.1279 169.00 55.00  85 78   685000 1215000   250 10.19
-1.236 0.1222 156.77 55.00  85 78   685000 1215000   250 10.19
-1.226 0.1120 145.28 55.00  85 78   685000 1215000   250 10.19
-1.217 0.1060 134.51 55.00  85 78   685000 1215000   250 10.19
-1.208 0.0988 124.47 55.00  85 78   685000 1215000   250 10.19
-1.198 0.0929 115.13 55.00  85 78   685000 1215000   250 10.19
-1.189 0.0907 106.50 55.00  85 78   685000 1215000   250 10.19
-1.179 0.0867 98.58 55.00  85 78   685000 1215000   250 10.19
-1.170 0.0830 91.37 55.00  85 78   685000 1215000   250 10.19
-1.160 0.0798 84.88 55.00  85 78   685000 1215000   250 10.19
-1.151 0.0791 79.13 55.00  85 78   685000 1215000   250 10.19
-1.142 0.0757 74.15 55.00  85 78   685000 1215000   250 10.19
-1.132 0.0746 69.97 55.00  85 78   685000 1215000   250 10.19
-1.123 0.0711 66.63 55.00  85 78   685000 1215000   250 10.19
-1.113 0.0703 64.17 55.00  85 78   685000 1215000   250 10.19
-1.104 0.0679 62.66 55.00  85 78   685000 1215000   250 10.19
-1.094 0.0666 62.08 55.00  85 78   685000 1215000   250 10.19
-1.085 0.0644 62.20 55.00  85 78   685000 1215000   250 10.19
-1.075 0.0633 62.20 55.00  85 78   685000 1215000   250 10.19
-1.066 0.0633 61.29 55.00  85 78   685000 1215000   250 10.19
-1.057 0.0600 60.30 55.00  85 78   685000 1215000   250 10.19
-1.047 0.0582 59.28 55.00  85 78   685000 1215000   250 10.19
-1.038 0.0611 58.28 55.00  85 78   685000 1215000   250 10.19
-1.028 0.0580 57.33 55.00  85 78   685000 1215000   250 10.19
-1.019 0.0558 56.44 55.00  85 78   685000 1215000   250 10.19
-1.009 0.0566 55.61 55.00  85 78   685000 1215000   250 10.19
-1.000 0.0552 54.85 55.00  85 78   685000 1215000   250 10.19
-0.991 0.0543 54.18 55.00  85 78   685000 1215000   250 10.19
-0.981 0.0541 53.58 55.00  85 78   685000 1215000   250 10.19
-0.972 0.0529 53.06 55.00  85 78   685000 1215000   250 10.19
-0.962 0.0522 52.62 55.00  85 78   685000 1215000   250 10.19
-0.953 0.0521 52.25 55.00  85 78   685000 1215000   250 10.19
-0.943 0.0502 51.96 55.00  85 78   685000 1215000   250 10.19
-0.934 0.0498 51.73 55.00  85 78   685000 1215000   250 10.19
-0.925 0.0518 51.57 55.00  85 78   685000 1215000   250 10.19
-0.915 0.0506 51.46 55.00  85 78   685000 1215000   250 10.19
-0.906 0.0508 51.40 55.00  85 78   685000 1215000   250 10.19
-0.896 0.0516 51.38 55.00  85 78   685000 1215000   250 10.19
-0.887 0.0523 51.40 55.00  85 78   685000 1215000   250 10.19
-0.877 0.0518 51.44 55.00  85 78   685000 1215000   250 10.19
-0.868 0.0519 51.51 55.00  85 78   685000 1215000   250 10.19
-0.858 0.0524 51.58 55.00  85 78   685000 1215000   250 10.19
-0.849 0.0523 51.65 55.00  85 78   685000 1215000   250 10.19
-0.840 0.0522 51.73 55.00  85 78   685000 1215000   250 10.19
-0.830 0.0519 51.79 55.00  85 78   685000 1215000   250 10.19
-0.821 0.0514 51.83 55.00  85 78   685000 1215000   250 10.19
-0.811 0.0526 51.86 55.00  85 78   685000 1215000   250 10.19
-0.802 0.0526 51.86 55.00  85 78   685000 1215000   250 10.19
-0.792 0.0530 51.83 55.00  85 78   685000 1215000   250 10.19
-0.783 0.0514 51.77 55.00  85 78   685000 1215000   250 10.19
-0.774 0.0519 51.69 55.00  85 78   685000 1215000   250 10.19
-0.764 0.0515 51.59 55.00  85 78   685000 1215000   250 10.19
-0.755 0.0513 51.47 55.00  85 78   685000 1215000   250 10.19
-0.745 0.0513 51.34 55.00  85 78   685000 1215000   250 10.19
-0.736 0.0510 51.20 55.00  85 78   685000 1215000   250 10.19
-0.726 0.0495 51.06 55.00  85 78   685000 1215000   250 10.19
-0.717 0.0510 50.92 55.00  85 78   685000 1215000   250 10.19
-0.708 0.0507 50.77 55.00  85 78   685000 1215000   250 10.19
-0.698 0.0507 50.63 55.00  85 78   685000 1215000   250 10.19
-0.689 0.0505 50.49 55.00  85 78   685000 1215000   250 10.19
-0.679 0.0509 50.37 55.00  85 78   685000 1215000   250 10.19
-0.670 0.0505 50.25 55.00  85 78   685000 1215000   250 10.19
-0.660 0.0501 50.14 55.00  85 78   685000 1215000   250 10.19
-0.651 0.0497 50.04 55.00  85 78   685000 1215000   250 10.19
-0.642 0.0501 49.95 55.00  85 78   685000 1215000   250 10.19
-0.632 0.0493 49.86 55.00  85 78   685000 1215000   250 10.19
-0.623 0.0500 49.77 55.00  85 78   685000 1215000   250 10.19
-0.613 0.0501 49.68 55.00  85 78   685000 1215000   250 10.19
-0.604 0.0496 49.58 55.00  85 78   685000 1215000   250 10.19
-0.594 0.0501 49.48 55.00  85 78   685000 1215000   250 10.19
-0.585 0.0487 49.38 55.00  85 78   685000 1215000   250 10.19
-0.575 0.0485 49.27 55.00  85 78   685000 1215000   250 10.19
-0.566 0.0493 49.16 55.00  85 78   685000 1215000   250 10.19
-0.557 0.0482 49.05 55.00  85 78   685000 1215000   250 10.19
-0.547 0.0501 48.94 55.00  85 78   685000 1215000   250 10.19
-0.538 0.0497 48.83 55.00  85 78   685000 1215000   250 10.19
-0.528 0.0483 48.71 55.00  85 78   685000 1215000   250 10.19
-0.519 0.0497 48.59 55.00  85 78   685000 1215000   250 10.19
-0.509 0.0488 48.46 55.00  85 78   685000 1215000   250 10.19
-0.500 0.0478 48.34 55.00  85 78   685000 1215000   250 10.19
-0.491 0.0480 48.22 55.00  85 78   685000 1215000   250 10.19
-0.481 0.0476 48.12 55.00  85 78   685000 1215000   250 10.19
-0.472 0.0482 48.03 55.00  85 78   685000 1215000   250 10.19
-0.462 0.0470 47.97 55.00  85 78   685000 1215000   250 10.19
-0.453 0.0481 47.93 55.00  85 78   685000 1215000   250 10.19
-0.443 0.0485 47.91 55.00  85 78   685000 1215000   250 10.19
-0.434 0.0479 47.92 55.00  85 78   685000 1215000   250 10.19
-0.425 0.0481 47.96 55.00  85 78   685000 1215000   250 10.19
-0.415 0.0485 48.01 55.00  85 78   685000 1215000   250 10.19
-0.406 0.0472 48.08 55.00  85 78   685000 1215000   250 10.19
-0.396 0.0484 48.16 55.00  85 78   685000 1215000   250 10.19
-0.387 0.0474 48.24 55.00  85 78   685000 1215000   250 10.19
-0.377 0.0464 48.33 55.00  85 78   685000 1215000   250 10.19
-0.368 0.0460 48.40 55.00  85 78   685000 1215000   250 10.19
-0.358 0.0487 48.47 55.00  85 78   685000 1215000   250 10.19
-0.349 0.0485 48.53 55.00  85 78   685000 1215000   250 10.19
-0.340 0.0499 48.56 55.00  85 78   685000 1215000   250 10.19
-0.330 0.0521 48.57 55.00  85 78   685000 1215000   250 10.19
-0.321 0.0498 48.55 55.00  85 78   685000 1215000   250 10.19
-0.311 0.0495 48.52 55.00  85 78   685000 1215000   250 10.19
-0.302 0.0482 48.46 55.00  85 78   685000 1215000   250 10.19
-0.292 0.0494 48.38 55.00  85 78   685000 1215000   250 10.19
-0.283 0.0478 48.29 55.00  85 78   685000 1215000   250 10.19
-0.274 0.0479 48.19 55.00  85 78   685000 1215000   250 10.19
-0.264 0.0488 48.09 55.00  85 78   685000 1215000   250 10.19
-0.255 0.0487 47.99 55.00  85 78   685000 1215000   250 10.19
-0.245 0.0473 47.91 55.00  85 78   685000 1215000   250 10.19
-0.236 0.0471 47.83 55.00  85 78   685000 1215000   250 10.19
-0.226 0.0465 47.78 55.00  85 78   685000 1215000   250 10.19
-0.217 0.0478 47.76 55.00  85 78   685000 1215000   250 10.19
-0.208 0.0468 47.77 55.00  85 78   685000 1215000   250 10.19
-0.198 0.0471 47.83 55.00  85 78   685000 1215000   250 10.19
-0.189 0.0476 47.93 55.00  85 78   685000 1215000   250 10.19
-0.179 0.0467 48.09 55.00  85 78   685000 1215000   250 10.19
-0.170 0.0472 48.30 55.00  85 78   685000 1215000   250 10.19
-0.160 0.0484 48.56 55.00  85 78   685000 1215000   250 10.19
-0.151 0.0480 48.85 55.00  85 78   685000 1215000   250 10.19
-0.142 0.0482 49.14 55.00  85 78   685000 1215000   250 10.19
-0.132 0.0495 49.42 55.00  85 78   685000 1215000   250 10.19
-0.123 0.0494 49.66 55.00  85 78   685000 1215000   250 10.19
-0.113 0.0496 49.83 55.00  85 78   685000 1215000   250 10.19
-0.104 0.0519 49.93 55.00  85 78   685000 1215000   250 10.19
-0.094 0.0498 49.91 55.00  85 78   685000 1215000   250 10.19
-0.085 0.0502 49.79 55.00  85 78   685000 1215000   250 10.19
-0.075 0.0503 49.53 55.00  85 78   685000 1215000   250 10.19
-0.066 0.0503 49.13 55.00  85 78   685000 1215000   250 10.19
-0.057 0.0493 48.60 55.00  85 78   685000 1215000   250 10.19
-0.047 0.0498 47.93 55.00  85 78   685000 1215000   250 10.19
-0.038 0.0499 47.15 55.00  85 78   685000 1215000   250 10.19
-0.028 0.0497 46.25 55.00  85 78   685000 1215000   250 10.19
-0.019 0.0460 45.26 55.00  85 78   685000 1215000   250 10.19
-0.009 0.0445 44.19 55.00  85 78   685000 1215000   250 10.19
0.000 0.0439 43.08 55.00  85 78   685000 1215000   250 10.19
0.009 0.0439 41.92 55.00  85 78   685000 1215000   250 10.19
0.019 0.0410 40.75 55.00  85 78   685000 1215000   250 10.19
0.028 0.0376 39.59 55.00  85 78   685000 1215000   250 10.19
0.038 0.0350 38.46 55.00  85 78   685000 1215000   250 10.19
0.047 0.0359 37.36 55.00  85 78   685000 1215000   250 10.19
0.057 0.0333 36.33 55.00  85 78   685000 1215000   250 10.19
0.066 0.0333 35.36 55.00  85 78   685000 1215000   250 10.19
0.075 0.0327 34.49 55.00  85 78   685000 1215000   250 10.19
0.085 0.0332 33.71 55.00  85 78   685000 1215000   250 10.19
0.094 0.0327 33.03 55.00  85 78   685000 1215000   250 10.19
0.104 0.0318 32.46 55.00  85 78   685000 1215000   250 10.19
0.113 0.0327 32.01 55.00  85 78   685000 1215000   250 10.19
0.123 0.0321 31.67 55.00  85 78   685000 1215000   250 10.19
0.132 0.0315 31.43 55.00  85 78   685000 1215000   250 10.19
0.142 0.0323 31.29 55.00  85 78   685000 1215000   250 10.19
0.151 0.0317 31.24 55.00  85 78   685000 1215000   250 10.19
0.160 0.0320 31.25 55.00  85 78   685000 1215000   250 10.19
0.170 0.0316 31.32 55.00  85 78   685000 1215000   250 10.19
0.179 0.0310 31.43 55.00  85 78   685000 1215000   250 10.19
0.189 0.0320 31.57 55.00  85 78   685000 1215000   250 10.19
0.198 0.0317 31.73 55.00  85 78   685000 1215000   250 10.19
0.208 0.0310 31.91 55.00  85 78   685000 1215000   250 10.19
0.217 0.0323 32.10 55.00  85 78   685000 1215000   250 10.19
0.226 0.0326 32.29 55.00  85 78   685000 1215000   250 10.19
0.236 0.0321 32.49 55.00  85 78   685000 1215000   250 10.19
0.245 0.0318 32.70 55.00  85 78   685000 1215000   250 10.19
0.255 0.0331 32.92 55.00  85 78   685000 1215000   250 10.19
0.264 0.0331 33.14 55.00  85 78   685000 1215000   250 10.19
0.274 0.0345 33.37 55.00  85 78   685000 1215000   250 10.19
0.283 0.0337 33.60 55.00  85 78   685000 1215000   250 10.19
0.292 0.0340 33.84 55.00  85 78   685000 1215000   250 10.19
0.302 0.0335 34.07 55.00  85 78   685000 1215000   250 10.19
0.311 0.0354 34.32 55.00  85 78   685000 1215000   250 10.19
0.321 0.0346 34.56 55.00  85 78   685000 1215000   250 10.19
0.330 0.0339 34.82 55.00  85 78   685000 1215000   250 10.19
0.340 0.0370 35.07 55.00  85 78   685000 1215000   250 10.19
0.349 0.0357 35.33 55.00  85 78   685000 1215000   250 10.19
0.358 0.0356 35.60 55.00  85 78   685000 1215000   250 10.19
0.368 0.0360 35.87 55.00  85 78   685000 1215000   250 10.19
0.377 0.0353 36.15 55.00  85 78   685000 1215000   250 10.19
0.387 0.0359 36.45 55.00  85 78   685000 1215000   250 10.19
0.396 0.0361 36.76 55.00  85 78   685000 1215000   250 10.19
0.406 0.0370 37.07 55.00  85 78   685000 1215000   250 10.19
0.415 0.0357 37.39 55.00  85 78   685000 1215000   250 10.19
0.424 0.0366 37.72 55.00  85 78   685000 1215000   250 10.19
0.433 0.0385 38.05 55.00  85 78   685000 1215000   250 10.19
0.441 0.0391 38.38 55.00  85 78   685000 1215000   250 10.19
0.449 0.0383 38.70 55.00  85 78   685000 1215000   250 10.19
0.457 0.0387 39.01 55.00  85 78   685000 1215000   250 10.19
0.464 0.0405 39.31 55.00  85 78   685000 1215000   250 10.19
0.471 0.0411 39.60 55.00  85 78   685000 1215000   250 10.19
0.478 0.0391 39.85 55.00  85 78   685000 1215000   250 10.19
0.485 0.0401 40.08 55.00  85 78   685000 1215000   250 10.19
0.491 0.0395 40.28 55.00  85 78   685000 1215000   250 10.19
0.497 0.0409 40.43 55.00  85 78   685000 1215000   250 10.19
0.503 0.0434 40.55 55.00  85 78   685000 1215000   250 10.19
0.508 0.0417 40.62 55.00  85 78   685000 1215000   250 10.19
0.513 0.0388 40.67 55.00  85 78   685000 1215000   250 10.19
0.519 0.0422 40.70 55.00  85 78   685000 1215000   250 10.19
0.523 0.0416 40.72 55.00  85 78   685000 1215000   250 10.19
0.528 0.0382 40.73 55.00  85 78   685000 1215000   250 10.19
0.533 0.0414 40.74 55.00  85 78   685000 1215000   250 10.19
0.537 0.0425 40.76 55.00  85 78   685000 1215000   250 10.19
0.541 0.0394 40.78 55.00  85 78   685000 1215000   250 10.19
0.545 0.0407 40.80 55.00  85 78   685000 1215000   250 10.19
0.549 0.0386 40.84 55.00  85 78   685000 1215000   250 10.19
0.552 0.0406 40.89 55.00  85 78   685000 1215000   250 10.19
0.556 0.0438 40.96 55.00  85 78   685000 1215000   250 10.19
0.559 0.0396 41.06 55.00  85 78   685000 1215000   250 10.19
0.563 0.0382 41.18 55.00  85 78   685000 1215000   250 10.19
0.566 0.0400 41.33 55.00  85 78   685000 1215000   250 10.19
0.569 0.0415 41.49 55.00  85 78   685000 1215000   250 10.19
0.571 0.0419 41.68 55.00  85 78   685000 1215000   250 10.19
0.574 0.0442 41.89 55.00  85 78   685000 1215000   250 10.19
0.577 0.0419 42.11 55.00  85 78   685000 1215000   250 10.19
0.579 0.0451 42.36 55.00  85 78   685000 1215000   250 10.19
0.582 0.0458 42.62 55.00  85 78   685000 1215000   250 10.19
0.584 0.0412 42.90 55.00  85 78   685000 1215000   250 10.19
0.586 0.0405 43.18 55.00  85 78   685000 1215000   250 10.19
0.588 0.0433 43.47 55.00  85 78   685000 1215000   250 10.19
0.590 0.0435 43.77 55.00  85 78   685000 1215000   250 10.19
0.592 0.0434 44.06 55.00  85 78   685000 1215000   250 10.19
0.594 0.0417 44.35 55.00  85 78   685000 1215000   250 10.19
0.596 0.0470 44.64 55.00  85 78   685000 1215000   250 10.19
0.598 0.0461 44.91 55.00  85 78   685000 1215000   250 10.19
0.600 0.0467 45.17 55.00  85 78   685000 1215000   250 10.19
0.602 0.0470 45.44 55.00  85 78   685000 1215000   250 10.19
0.604 0.0409 45.71 55.00  85 78   685000 1215000   250 10.19
0.606 0.0466 45.99 55.00  85 78   685000 1215000   250 10.19
0.608 0.0439 46.28 55.00  85 78   685000 1215000   250 10.19
0.609 0.0501 46.56 55.00  85 78   685000 1215000   250 10.19
0.611 0.0462 46.83 55.00  85 78   685000 1215000   250 10.19
0.613 0.0463 47.10 55.00  85 78   685000 1215000   250 10.19
0.615 0.0499 47.36 55.00  85 78   685000 1215000   250 10.19
0.617 0.0498 47.61 55.00  85 78   685000 1215000   250 10.19
0.619 0.0443 47.86 55.00  85 78   685000 1215000   250 10.19
0.621 0.0487 48.10 55.00  85 78   685000 1215000   250 10.19
0.623 0.0497 48.33 55.00  85 78   685000 1215000   250 10.19
0.625 0.0501 48.57 55.00  85 78   685000 1215000   250 10.19
0.626 0.0420 48.81 55.00  85 78   685000 1215000   250 10.19
0.628 0.0506 49.06 55.00  85 78   685000 1215000   250 10.19
0.630 0.0520 49.31 55.00  85 78   685000 1215000   250 10.19
0.632 0.0490 49.57 55.00  85 78   685000 1215000   250 10.19
0.634 0.0486 49.81 55.00  85 78   685000 1215000   250 10.19
0.636 0.0508 50.04 55.00  85 78   685000 1215000   250 10.19
0.638 0.0523 50.23 55.00  85 78   685000 1215000   250 10.19
0.640 0.0524 50.39 55.00  85 78   685000 1215000   250 10.19
0.642 0.0443 50.52 55.00  85 78   685000 1215000   250 10.19
0.643 0.0475 50.62 55.00  85 78   685000 1215000   250 10.19
0.645 0.0508 50.71 55.00  85 78   685000 1215000   250 10.19
0.647 0.0512 50.80 55.00  85 78   685000 1215000   250 10.19
0.649 0.0581 50.88 55.00  85 78   685000 1215000   250 10.19
0.651 0.0526 50.96 55.00  85 78   685000 1215000   250 10.19
0.653 0.0505 51.02 55.00  85 78   685000 1215000   250 10.19
0.655 0.0521 51.08 55.00  85 78   685000 1215000   250 10.19
0.657 0.0526 51.13 55.00  85 78   685000 1215000   250 10.19
0.658 0.0486 51.18 55.00  85 78   685000 1215000   250 10.19
0.660 0.0494 51.23 55.00  85 78   685000 1215000   250 10.19
0.662 0.0532 51.30 55.00  85 78   685000 1215000   250 10.19
0.664 0.0502 51.38 55.00  85 78   685000 1215000   250 10.19
0.666 0.0509 51.49 55.00  85 78   685000 1215000   250 10.19
0.668 0.0483 51.62 55.00  85 78   685000 1215000   250 10.19
0.670 0.0497 51.76 55.00  85 78   685000 1215000   250 10.19
0.672 0.0506 51.90 55.00  85 78   685000 1215000   250 10.19
0.674 0.0524 52.05 55.00  85 78   685000 1215000   250 10.19
0.675 0.0574 52.21 55.00  85 78   685000 1215000   250 10.19
0.677 0.0502 52.40 55.00  85 78   685000 1215000   250 10.19
0.679 0.0537 52.61 55.00  85 78   685000 1215000   250 10.19
0.681 0.0548 52.83 55.00  85 78   685000 1215000   250 10.19
0.683 0.0502 53.08 55.00  85 78   685000 1215000   250 10.19
0.685 0.0536 53.33 55.00  85 78   685000 1215000   250 10.19
0.687 0.0535 53.57 55.00  85 78   685000 1215000   250 10.19
0.689 0.0530 53.80 55.00  85 78   685000 1215000   250 10.19
0.691 0.0545 54.00 55.00  85 78   685000 1215000   250 10.19
0.692 0.0577 54.16 55.00  85 78   685000 1215000   250 10.19
0.694 0.0531 54.31 55.00  85 78   685000 1215000   250 10.19
0.696 0.0573 54.44 55.00  85 78   685000 1215000   250 10.19
0.698 0.0552 54.55 55.00  85 78   685000 1215000   250 10.19
0.700 0.0525 54.64 55.00  85 78   685000 1215000   250 10.19
0.702 0.0563 54.73 55.00  85 78   685000 1215000   250 10.19
0.704 0.0493 54.80 55.00  85 78   685000 1215000   250 10.19
0.706 0.0530 54.87 55.00  85 78   685000 1215000   250 10.19
0.708 0.0578 54.95 55.00  85 78   685000 1215000   250 10.19
0.709 0.0584 55.04 55.00  85 78   685000 1215000   250 10.19
0.711 0.0572 55.14 55.00  85 78   685000 1215000   250 10.19
0.713 0.0534 55.26 55.00  85 78   685000 1215000   250 10.19
0.715 0.0559 55.38 55.00  85 78   685000 1215000   250 10.19
0.717 0.0488 55.51 55.00  85 78   685000 1215000   250 10.19
0.719 0.0528 55.67 55.00  85 78   685000 1215000   250 10.19
0.721 0.0627 55.84 55.00  85 78   685000 1215000   250 10.19
0.723 0.0575 56.05 55.00  85 78   685000 1215000   250 10.19
0.725 0.0544 56.28 55.00  85 78   685000 1215000   250 10.19
0.726 0.0572 56.54 55.00  85 78   685000 1215000   250 10.19
0.728 0.0575 56.81 55.00  85 78   685000 1215000   250 10.19
0.730 0.0545 57.09 55.00  85 78   685000 1215000   250 10.19
0.732 0.0595 57.38 55.00  85 78   685000 1215000   250 10.19
0.734 0.0548 57.66 55.00  85 78   685000 1215000   250 10.19
0.736 0.0574 57.93 55.00  85 78   685000 1215000   250 10.19
0.738 0.0565 58.20 55.00  85 78   685000 1215000   250 10.19
0.740 0.0634 58.45 55.00  85 78   685000 1215000   250 10.19
0.742 0.0596 58.69 55.00  85 78   685000 1215000   250 10.19
0.743 0.0544 58.90 55.00  85 78   685000 1215000   250 10.19
0.745 0.0577 59.09 55.00  85 78   685000 1215000   250 10.19
0.747 0.0644 59.26 55.00  85 78   685000 1215000   250 10.19
0.749 0.0595 59.40 55.00  85 78   685000 1215000   250 10.19
0.751 0.0586 59.51 55.00  85 78   685000 1215000   250 10.19
0.753 0.0606 59.60 55.00  85 78   685000 1215000   250 10.19
0.755 0.0625 59.69 55.00  85 78   685000 1215000   250 10.19
0.757 0.0592 59.78 55.00  85 78   685000 1215000   250 10.19
0.758 0.0563 59.87 55.00  85 78   685000 1215000   250 10.19
0.760 0.0617 59.96 55.00  85 78   685000 1215000   250 10.19
0.762 0.0605 60.06 55.00  85 78   685000 1215000   250 10.19
0.764 0.0608 60.15 55.00  85 78   685000 1215000   250 10.19
0.766 0.0576 60.25 55.00  85 78   685000 1215000   250 10.19
0.768 0.0619 60.36 55.00  85 78   685000 1215000   250 10.19
0.770 0.0617 60.48 55.00  85 78   685000 1215000   250 10.19
0.772 0.0556 60.60 55.00  85 78   685000 1215000   250 10.19
0.774 0.0610 60.74 55.00  85 78   685000 1215000   250 10.19
0.775 0.0590 60.87 55.00  85 78   685000 1215000   250 10.19
0.777 0.0603 61.00 55.00  85 78   685000 1215000   250 10.19
0.779 0.0613 61.14 55.00  85 78   685000 1215000   250 10.19
0.781 0.0625 61.26 55.00  85 78   685000 1215000   250 10.19
0.783 0.0656 61.37 55.00  85 78   685000 1215000   250 10.19
0.785 0.0590 61.48 55.00  85 78   685000 1215000   250 10.19
0.787 0.0642 61.56 55.00  85 78   685000 1215000   250 10.19
0.789 0.0587 61.62 55.00  85 78   685000 1215000   250 10.19
0.791 0.0623 61.64 55.00  85 78   685000 1215000   250 10.19
0.792 0.0648 61.63 55.00  85 78   685000 1215000   250 10.19
0.794 0.0611 61.58 55.00  85 78   685000 1215000   250 10.19
0.796 0.0608 61.50 55.00  85 78   685000 1215000   250 10.19
0.798 0.0672 61.40 55.00  85 78   685000 1215000   250 10.19
0.800 0.0588 61.30 55.00  85 78   685000 1215000   250 10.19
0.802 0.0583 61.22 55.00  85 78   685000 1215000   250 10.19
0.804 0.0626 61.14 55.00  85 78   685000 1215000   250 10.19
0.806 0.0595 61.09 55.00  85 78   685000 1215000   250 10.19
0.808 0.0610 61.07 55.00  85 78   685000 1215000   250 10.19
0.809 0.0611 61.08 55.00  85 78   685000 1215000   250 10.19
0.811 0.0621 61.12 55.00  85 78   685000 1215000   250 10.19
0.813 0.0577 61.20 55.00  85 78   685000 1215000   250 10.19
0.815 0.0637 61.32 55.00  85 78   685000 1215000   250 10.19
0.817 0.0605 61.47 55.00  85 78   685000 1215000   250 10.19
0.819 0.0528 61.63 55.00  85 78   685000 1215000   250 10.19
0.821 0.0679 61.80 55.00  85 78   685000 1215000   250 10.19
0.823 0.0637 61.96 55.00  85 78   685000 1215000   250 10.19
0.825 0.0524 62.12 55.00  85 78   685000 1215000   250 10.19
0.826 0.0670 62.27 55.00  85 78   685000 1215000   250 10.19
0.828 0.0653 62.42 55.00  85 78   685000 1215000   250 10.19
0.830 0.0626 62.56 55.00  85 78   685000 1215000   250 10.19
0.832 0.0646 62.69 55.00  85 78   685000 1215000   250 10.19
0.834 0.0675 62.80 55.00  85 78   685000 1215000   250 10.19
0.836 0.0677 62.89 55.00  85 78   685000 1215000   250 10.19
0.838 0.0590 62.97 55.00  85 78   685000 1215000   250 10.19
0.840 0.0633 63.03 55.00  85 78   685000 1215000   250 10.19
0.842 0.0613 63.07 55.00  85 78   685000 1215000   250 10.19
0.843 0.0611 63.10 55.00  85 78   685000 1215000   250 10.19
0.845 0.0641 63.11 55.00  85 78   685000 1215000   250 10.19
0.847 0.0624 63.10 55.00  85 78   685000 1215000   250 10.19
0.849 0.0665 63.08 55.00  85 78   685000 1215000   250 10.19
0.851 0.0581 63.06 55.00  85 78   685000 1215000   250 10.19
0.853 0.0597 63.03 55.00  85 78   685000 1215000   250 10.19
0.855 0.0657 63.02 55.00  85 78   685000 1215000   250 10.19
0.857 0.0588 63.03 55.00  85 78   685000 1215000   250 10.19
0.858 0.0670 63.08 55.00  85 78   685000 1215000   250 10.19
0.860 0.0658 63.16 55.00  85 78   685000 1215000   250 10.19
0.862 0.0595 63.29 55.00  85 78   685000 1215000   250 10.19
0.864 0.0651 63.42 55.00  85 78   685000 1215000   250 10.19
0.866 0.0656 63.57 55.00  85 78   685000 1215000   250 10.19
0.868 0.0602 63.73 55.00  85 78   685000 1215000   250 10.19
0.870 0.0668 63.86 55.00  85 78   685000 1215000   250 10.19
0.872 0.0631 63.98 55.00  85 78   685000 1215000   250 10.19
0.874 0.0651 64.06 55.00  85 78   685000 1215000   250 10.19
0.875 0.0652 64.13 55.00  85 78   685000 1215000   250 10.19
0.877 0.0626 64.17 55.00  85 78   685000 1215000   250 10.19
0.879 0.0613 64.21 55.00  85 78   685000 1215000   250 10.19
0.881 0.0651 64.26 55.00  85 78   685000 1215000   250 10.19
0.883 0.0664 64.32 55.00  85 78   685000 1215000   250 10.19
0.885 0.0686 64.38 55.00  85 78   685000 1215000   250 10.19
0.887 0.0622 64.46 55.00  85 78   685000 1215000   250 10.19
0.889 0.0640 64.56 55.00  85 78   685000 1215000   250 10.19
0.891 0.0662 64.67 55.00  85 78   685000 1215000   250 10.19
0.892 0.0639 64.80 55.00  85 78   685000 1215000   250 10.19
0.894 0.0657 64.93 55.00  85 78   685000 1215000   250 10.19
0.896 0.0623 65.06 55.00  85 78   685000 1215000   250 10.19
0.898 0.0599 65.18 55.00  85 78   685000 1215000   250 10.19
0.900 0.0649 65.30 55.00  85 78   685000 1215000   250 10.19
0.902 0.0657 65.40 55.00  85 78   685000 1215000   250 10.19
0.904 0.0673 65.52 55.00  85 78   685000 1215000   250 10.19
0.906 0.0683 65.66 55.00  85 78   685000 1215000   250 10.19
0.908 0.0659 65.83 55.00  85 78   685000 1215000   250 10.19
0.909 0.0645 66.05 55.00  85 78   685000 1215000   250 10.19
0.911 0.0723 66.30 55.00  85 78   685000 1215000   250 10.19
0.913 0.0657 66.60 55.00  85 78   685000 1215000   250 10.19
0.915 0.0664 66.92 55.00  85 78   685000 1215000   250 10.19
0.917 0.0675 67.26 55.00  85 78   685000 1215000   250 10.19
0.919 0.0672 67.61 55.00  85 78   685000 1215000   250 10.19
0.921 0.0665 67.94 55.00  85 78   685000 1215000   250 10.19
0.923 0.0656 68.26 55.00  85 78   685000 1215000   250 10.19
0.925 0.0714 68.54 55.00  85 78   685000 1215000   250 10.19
0.926 0.0661 68.77 55.00  85 78   685000 1215000   250 10.19
0.928 0.0603 68.98 55.00  85 78   685000 1215000   250 10.19
0.930 0.0713 69.16 55.00  85 78   685000 1215000   250 10.19
0.932 0.0730 69.33 55.00  85 78   685000 1215000   250 10.19
0.934 0.0704 69.50 55.00  85 78   685000 1215000   250 10.19
0.936 0.0736 69.68 55.00  85 78   685000 1215000   250 10.19
0.938 0.0724 69.89 55.00  85 78   685000 1215000   250 10.19
0.940 0.0703 70.14 55.00  85 78   685000 1215000   250 10.19
0.942 0.0787 70.42 55.00  85 78   685000 1215000   250 10.19
0.943 0.0675 70.72 55.00  85 78   685000 1215000   250 10.19
0.945 0.0664 71.04 55.00  85 78   685000 1215000   250 10.19
0.947 0.0721 71.37 55.00  85 78   685000 1215000   250 10.19
0.949 0.0701 71.71 55.00  85 78   685000 1215000   250 10.19
0.951 0.0675 72.06 55.00  85 78   685000 1215000   250 10.19
0.953 0.0715 72.41 55.00  85 78   685000 1215000   250 10.19
0.955 0.0726 72.76 55.00  85 78   685000 1215000   250 10.19
0.957 0.0708 73.13 55.00  85 78   685000 1215000   250 10.19
0.958 0.0744 73.50 55.00  85 78   685000 1215000   250 10.19
0.960 0.0748 73.89 55.00  85 78   685000 1215000   250 10.19
0.962 0.0705 74.31 55.00  85 78   685000 1215000   250 10.19
0.964 0.0810 74.77 55.00  85 78   685000 1215000   250 10.19
0.966 0.0749 75.24 55.00  85 78   685000 1215000   250 10.19
0.968 0.0764 75.73 55.00  85 78   685000 1215000   250 10.19
0.970 0.0746 76.23 55.00  85 78   685000 1215000   250 10.19
0.972 0.0814 76.73 55.00  85 78   685000 1215000   250 10.19
0.974 0.0755 77.21 55.00  85 78   685000 1215000   250 10.19
0.975 0.0780 77.67 55.00  85 78   685000 1215000   250 10.19
0.977 0.0769 78.10 55.00  85 78   685000 1215000   250 10.19
0.979 0.0775 78.50 55.00  85 78   685000 1215000   250 10.19
0.981 0.0841 78.84 55.00  85 78   685000 1215000   250 10.19
0.983 0.0760 79.12 55.00  85 78   685000 1215000   250 10.19
0.985 0.0806 79.35 55.00  85 78   685000 1215000   250 10.19
0.987 0.0744 79.55 55.00  85 78   685000 1215000   250 10.19
0.989 0.0838 79.71 55.00  85 78   685000 1215000   250 10.19
0.991 0.0791 79.86 55.00  85 78   685000 1215000   250 10.19
0.992 0.0796 80.01 55.00  85 78   685000 1215000   250 10.19
0.994 0.0818 80.15 55.00  85 78   685000 1215000   250 10.19
0.996 0.0798 80.29 55.00  85 78   685000 1215000   250 10.19
0.998 0.0792 80.43 55.00  85 78   685000 1215000   250 10.19
1.000 0.0835 80.57 55.00  85 78   685000 1215000   250 10.19
1.002 0.0737 80.71 55.00  85 78   685000 1215000   250 10.19
1.004 0.0809 80.86 55.00  85 78   685000 1215000   250 10.19
1.006 0.0879 81.01 55.00  85 78   685000 1215000   250 10.19
1.008 0.0818 81.18 55.00  85 78   685000 1215000   250 10.19
1.009 0.0851 81.37 55.00  85 78   685000 1215000   250 10.19
1.011 0.0776 81.58 55.00  85 78   685000 1215000   250 10.19
1.013 0.0786 81.81 55.00  85 78   685000 1215000   250 10.19
1.015 0.0785 82.03 55.00  85 78   685000 1215000   250 10.19
1.017 0.0818 82.25 55.00  85 78   685000 1215000   250 10.19
1.019 0.0750 82.44 55.00  85 78   685000 1215000   250 10.19
1.021 0.0943 82.60 55.00  85 78   685000 1215000   250 10.19
1.023 0.0823 82.72 55.00  85 78   685000 1215000   250 10.19
1.025 0.0830 82.79 55.00  85 78   685000 1215000   250 10.19
1.026 0.0827 82.84 55.00  85 78   685000 1215000   250 10.19
1.028 0.0815 82.85 55.00  85 78   685000 1215000   250 10.19
1.030 0.0818 82.84 55.00  85 78   685000 1215000   250 10.19
1.032 0.0850 82.81 55.00  85 78   685000 1215000   250 10.19
1.034 0.0825 82.77 55.00  85 78   685000 1215000   250 10.19
1.036 0.0828 82.70 55.00  85 78   685000 1215000   250 10.19
1.038 0.0847 82.61 55.00  85 78   685000 1215000   250 10.19
1.040 0.0876 82.50 55.00  85 78   685000 1215000   250 10.19
1.042 0.0836 82.37 55.00  85 78   685000 1215000   250 10.19
1.043 0.0790 82.23 55.00  85 78   685000 1215000   250 10.19
1.045 0.0850 82.08 55.00  85 78   685000 1215000   250 10.19
1.047 0.0770 81.90 55.00  85 78   685000 1215000   250 10.19
1.049 0.0815 81.70 55.00  85 78   685000 1215000   250 10.19
1.051 0.0737 81.52 55.00  85 78   685000 1215000   250 10.19
1.053 0.0837 81.35 55.00  85 78   685000 1215000   250 10.19
1.055 0.0768 81.21 55.00  85 78   685000 1215000   250 10.19
1.057 0.0853 81.10 55.00  85 78   685000 1215000   250 10.19
1.058 0.0818 81.00 55.00  85 78   685000 1215000   250 10.19
1.060 0.0834 80.92 55.00  85 78   685000 1215000   250 10.19
1.062 0.0820 80.82 55.00  85 78   685000 1215000   250 10.19
1.064 0.0813 80.72 55.00  85 78   685000 1215000   250 10.19
1.066 0.0788 80.61 55.00  85 78   685000 1215000   250 10.19
1.068 0.0842 80.52 55.00  85 78   685000 1215000   250 10.19
1.070 0.0738 80.46 55.00  85 78   685000 1215000   250 10.19
1.072 0.0818 80.43 55.00  85 78   685000 1215000   250 10.19
1.074 0.0793 80.43 55.00  85 78   685000 1215000   250 10.19
1.075 0.0873 80.45 55.00  85 78   685000 1215000   250 10.19
1.077 0.0801 80.48 55.00  85 78   685000 1215000   250 10.19
1.079 0.0776 80.51 55.00  85 78   685000 1215000   250 10.19
1.081 0.0839 80.54 55.00  85 78   685000 1215000   250 10.19
1.083 0.0787 80.58 55.00  85 78   685000 1215000   250 10.19
1.085 0.0810 80.64 55.00  85 78   685000 1215000   250 10.19
1.087 0.0829 80.74 55.00  85 78   685000 1215000   250 10.19
1.089 0.0784 80.86 55.00  85 78   685000 1215000   250 10.19
1.091 0.0729 81.03 55.00  85 78   685000 1215000   250 10.19
1.092 0.0803 81.24 55.00  85 78   685000 1215000   250 10.19
1.094 0.0842 81.47 55.00  85 78   685000 1215000   250 10.19
1.096 0.0827 81.71 55.00  85 78   685000 1215000   250 10.19
1.098 0.0773 81.98 55.00  85 78   685000 1215000   250 10.19
1.100 0.0835 82.27 55.00  85 78   685000 1215000   250 10.19
1.102 0.0906 82.59 55.00  85 78   685000 1215000   250 10.19
1.104 0.0901 82.95 55.00  85 78   685000 1215000   250 10.19
1.106 0.0789 83.34 55.00  85 78   685000 1215000   250 10.19
1.108 0.0798 83.76 55.00  85 78   685000 1215000   250 10.19
1.109 0.0850 84.20 55.00  85 78   685000 1215000   250 10.19
1.111 0.0814 84.65 55.00  85 78   685000 1215000   250 10.19
1.113 0.0838 85.09 55.00  85 78   685000 1215000   250 10.19
1.115 0.0893 85.51 55.00  85 78   685000 1215000   250 10.19
1.117 0.0847 85.90 55.00  85 78   685000 1215000   250 10.19
1.119 0.0881 86.28 55.00  85 78   685000 1215000   250 10.19
1.121 0.0846 86.63 55.00  85 78   685000 1215000   250 10.19
1.123 0.0881 86.97 55.00  85 78   685000 1215000   250 10.19
1.125 0.0839 87.30 55.00  85 78   685000 1215000   250 10.19
1.126 0.0900 87.63 55.00  85 78   685000 1215000   250 10.19
1.128 0.0855 87.97 55.00  85 78   685000 1215000   250 10.19
1.130 0.0888 88.34 55.00  85 78   685000 1215000   250 10.19
1.132 0.0880 88.73 55.00  85 78   685000 1215000   250 10.19
1.134 0.0982 89.15 55.00  85 78   685000 1215000   250 10.19
1.136 0.0959 89.59 55.00  85 78   685000 1215000   250 10.19
1.138 0.0766 90.02 55.00  85 78   685000 1215000   250 10.19
1.140 0.0922 90.44 55.00  85 78   685000 1215000   250 10.19
1.142 0.0910 90.84 55.00  85 78   685000 1215000   250 10.19
1.143 0.0855 91.20 55.00  85 78   685000 1215000   250 10.19
1.145 0.0924 91.53 55.00  85 78   685000 1215000   250 10.19
1.147 0.0921 91.82 55.00  85 78   685000 1215000   250 10.19
1.149 0.0922 92.08 55.00  85 78   685000 1215000   250 10.19
1.151 0.0926 92.31 55.00  85 78   685000 1215000   250 10.19
1.153 0.0939 92.51 55.00  85 78   685000 1215000   250 10.19
1.155 0.0949 92.68 55.00  85 78   685000 1215000   250 10.19
1.157 0.0878 92.80 55.00  85 78   685000 1215000   250 10.19
1.158 0.0978 92.87 55.00  85 78   685000 1215000   250 10.19
1.160 0.0936 92.89 55.00  85 78   685000 1215000   250 10.19
1.162 0.0933 92.84 55.00  85 78   685000 1215000   250 10.19
1.164 0.0910 92.73 55.00  85 78   685000 1215000   250 10.19
1.166 0.0946 92.54 55.00  85 78   685000 1215000   250 10.19
1.168 0.0907 92.26 55.00  85 78   685000 1215000   250 10.19
1.170 0.0939 91.88 55.00  85 78   685000 1215000   250 10.19
1.172 0.0926 91.41 55.00  85 78   685000 1215000   250 10.19
1.174 0.0857 90.84 55.00  85 78   685000 1215000   250 10.19
1.175 0.0911 90.17 55.00  85 78   685000 1215000   250 10.19
1.177 0.0935 89.41 55.00  85 78   685000 1215000   250 10.19
1.179 0.0886 88.60 55.00  85 78   685000 1215000   250 10.19
1.181 0.0834 87.74 55.00  85 78   685000 1215000   250 10.19
1.183 0.0911 86.83 55.00  85 78   685000 1215000   250 10.19
1.185 0.0840 85.89 55.00  85 78   685000 1215000   250 10.19
1.187 0.0910 84.92 55.00  85 78   685000 1215000   250 10.19
1.189 0.0821 83.93 55.00  85 78   685000 1215000   250 10.19
1.191 0.0843 82.91 55.00  85 78   685000 1215000   250 10.19
1.192 0.0812 81.89 55.00  85 78   685000 1215000   250 10.19
1.194 0.0730 80.87 55.00  85 78   685000 1215000   250 10.19
1.196 0.0830 79.86 55.00  85 78   685000 1215000   250 10.19
1.198 0.0816 78.88 55.00  85 78   685000 1215000   250 10.19
1.200 0.0738 77.93 55.00  85 78   685000 1215000   250 10.19
1.202 0.0765 77.02 55.00  85 78   685000 1215000   250 10.19
1.204 0.0766 76.16 55.00  85 78   685000 1215000   250 10.19
1.206 0.0767 75.34 55.00  85 78   685000 1215000   250 10.19
1.208 0.0759 74.59 55.00  85 78   685000 1215000   250 10.19
1.209 0.0738 73.89 55.00  85 78   685000 1215000   250 10.19
1.211 0.0718 73.25 55.00  85 78   685000 1215000   250 10.19
1.213 0.0684 72.67 55.00  85 78   685000 1215000   250 10.19
1.215 0.0751 72.14 55.00  85 78   685000 1215000   250 10.19
1.217 0.0698 71.67 55.00  85 78   685000 1215000   250 10.19
1.219 0.0700 71.24 55.00  85 78   685000 1215000   250 10.19
1.221 0.0745 70.85 55.00  85 78   685000 1215000   250 10.19
1.223 0.0680 70.50 55.00  85 78   685000 1215000   250 10.19
1.225 0.0677 70.18 55.00  85 78   685000 1215000   250 10.19
1.226 0.0750 69.88 55.00  85 78   685000 1215000   250 10.19
1.228 0.0690 69.60 55.00  85 78   685000 1215000   250 10.19
1.230 0.0678 69.33 55.00  85 78   685000 1215000   250 10.19
1.232 0.0724 69.08 55.00  85 78   685000 1215000   250 10.19
1.234 0.0681 68.85 55.00  85 78   685000 1215000   250 10.19
1.236 0.0687 68.62 55.00  85 78   685000 1215000   250 10.19
1.238 0.0663 68.40 55.00  85 78   685000 1215000   250 10.19
1.240 0.0678 68.18 55.00  85 78   685000 1215000   250 10.19
1.242 0.0707 67.95 55.00  85 78   685000 1215000   250 10.19
1.243 0.0670 67.71 55.00  85 78   685000 1215000   250 10.19
1.245 0.0671 67.47 55.00  85 78   685000 1215000   250 10.19
1.247 0.0653 67.22 55.00  85 78   685000 1215000   250 10.19
1.249 0.0696 66.97 55.00  85 78   685000 1215000   250 10.19
1.251 0.0649 66.73 55.00  85 78   685000 1215000   250 10.19
1.253 0.0696 66.50 55.00  85 78   685000 1215000   250 10.19
1.255 0.0663 66.29 55.00  85 78   685000 1215000   250 10.19
1.257 0.0654 66.09 55.00  85 78   685000 1215000   250 10.19
1.258 0.0651 65.91 55.00  85 78   685000 1215000   250 10.19
1.260 0.0669 65.74 55.00  85 78   685000 1215000   250 10.19
1.262 0.0638 65.59 55.00  85 78   685000 1215000   250 10.19
1.264 0.0667 65.46 55.00  85 78   685000 1215000   250 10.19
1.266 0.0644 65.36 55.00  85 78   685000 1215000   250 10.19
1.268 0.0629 65.27 55.00  85 78   685000 1215000   250 10.19
1.270 0.0663 65.19 55.00  85 78   685000 1215000   250 10.19
1.272 0.0668 65.13 55.00  85 78   685000 1215000   250 10.19
1.274 0.0620 65.09 55.00  85 78   685000 1215000   250 10.19
1.275 0.0665 65.05 55.00  85 78   685000 1215000   250 10.19
1.277 0.0653 65.02 55.00  85 78   685000 1215000   250 10.19
1.279 0.0649 65.01 55.00  85 78   685000 1215000   250 10.19
1.281 0.0654 65.01 55.00  85 78   685000 1215000   250 10.19
1.283 0.0642 65.01 55.00  85 78   685000 1215000   250 10.19
1.285 0.0660 65.00 55.00  85 78   685000 1215000   250 10.19
1.287 0.0654 65.00 55.00  85 78   685000 1215000   250 10.19
1.289 0.0649 64.98 55.00  85 78   685000 1215000   250 10.19
1.291 0.0640 64.96 55.00  85 78   685000 1215000   250 10.19
1.292 0.0626 64.91 55.00  85 78   685000 1215000   250 10.19
1.294 0.0684 64.85 55.00  85 78   685000 1215000   250 10.19
1.296 0.0672 64.78 55.00  85 78   685000 1215000   250 10.19
1.298 0.0654 64.69 55.00  85 78   685000 1215000   250 10.19
1.300 0.0609 64.60 55.00  85 78   685000 1215000   250 10.19
1.302 0.0655 64.50 55.00  85 78   685000 1215000   250 10.19
1.304 0.0655 64.38 55.00  85 78   685000 1215000   250 10.19
1.306 0.0612 64.26 55.00  85 78   685000 1215000   250 10.19
1.308 0.0659 64.13 55.00  85 78   685000 1215000   250 10.19
1.309 0.0637 64.00 55.00  85 78   685000 1215000   250 10.19
1.311 0.0649 63.86 55.00  85 78   685000 1215000   250 10.19
1.313 0.0620 63.72 55.00  85 78   685000 1215000   250 10.19
1.315 0.0664 63.59 55.00  85 78   685000 1215000   250 10.19
1.317 0.0618 63.46 55.00  85 78   685000 1215000   250 10.19
1.319 0.0639 63.34 55.00  85 78   685000 1215000   250 10.19
1.321 0.0588 63.23 55.00  85 78   685000 1215000   250 10.19
1.323 0.0663 63.12 55.00  85 78   685000 1215000   250 10.19
1.325 0.0632 63.02 55.00  85 78   685000 1215000   250 10.19
1.326 0.0628 62.92 55.00  85 78   685000 1215000   250 10.19
1.328 0.0645 62.84 55.00  85 78   685000 1215000   250 10.19
1.330 0.0603 62.76 55.00  85 78   685000 1215000   250 10.19
1.332 0.0655 62.70 55.00  85 78   685000 1215000   250 10.19
1.334 0.0615 62.64 55.00  85 78   685000 1215000   250 10.19
1.336 0.0636 62.59 55.00  85 78   685000 1215000   250 10.19
1.338 0.0571 62.55 55.00  85 78   685000 1215000   250 10.19
1.340 0.0664 62.53 55.00  85 78   685000 1215000   250 10.19
1.342 0.0623 62.51 55.00  85 78   685000 1215000   250 10.19
1.343 0.0608 62.51 55.00  85 78   685000 1215000   250 10.19
1.345 0.0660 62.53 55.00  85 78   685000 1215000   250 10.19
1.347 0.0617 62.54 55.00  85 78   685000 1215000   250 10.19
1.349 0.0622 62.57 55.00  85 78   685000 1215000   250 10.19
1.351 0.0628 62.60 55.00  85 78   685000 1215000   250 10.19
1.353 0.0611 62.62 55.00  85 78   685000 1215000   250 10.19
1.355 0.0611 62.65 55.00  85 78   685000 1215000   250 10.19
1.357 0.0641 62.68 55.00  85 78   685000 1215000   250 10.19
1.358 0.0630 62.71 55.00  85 78   685000 1215000   250 10.19
1.360 0.0622 62.74 55.00  85 78   685000 1215000   250 10.19
1.362 0.0640 62.78 55.00  85 78   685000 1215000   250 10.19
1.364 0.0616 62.84 55.00  85 78   685000 1215000   250 10.19
1.366 0.0652 62.89 55.00  85 78   685000 1215000   250 10.19
1.368 0.0619 62.96 55.00  85 78   685000 1215000   250 10.19
1.370 0.0647 63.02 55.00  85 78   685000 1215000   250 10.19
1.372 0.0641 63.10 55.00  85 78   685000 1215000   250 10.19
1.374 0.0610 63.17 55.00  85 78   685000 1215000   250 10.19
1.375 0.0629 63.25 55.00  85 78   685000 1215000   250 10.19
1.377 0.0622 63.33 55.00  85 78   685000 1215000   250 10.19
1.379 0.0635 63.42 55.00  85 78   685000 1215000   250 10.19
1.381 0.0648 63.49 55.00  85 78   685000 1215000   250 10.19
1.383 0.0607 63.56 55.00  85 78   685000 1215000   250 10.19
1.385 0.0658 63.61 55.00  85 78   685000 1215000   250 10.19
1.387 0.0621 63.65 55.00  85 78   685000 1215000   250 10.19
1.389 0.0636 63.69 55.00  85 78   685000 1215000   250 10.19
1.391 0.0642 63.73 55.00  85 78   685000 1215000   250 10.19
1.392 0.0651 63.76 55.00  85 78   685000 1215000   250 10.19
1.394 0.0630 63.79 55.00  85 78   685000 1215000   250 10.19
1.396 0.0655 63.82 55.00  85 78   685000 1215000   250 10.19
1.398 0.0652 63.85 55.00  85 78   685000 1215000   250 10.19
1.400 0.0655 63.88 55.00  85 78   685000 1215000   250 10.19
1.402 0.0592 63.91 55.00  85 78   685000 1215000   250 10.19
1.404 0.0650 63.93 55.00  85 78   685000 1215000   250 10.19
1.406 0.0645 63.95 55.00  85 78   685000 1215000   250 10.19
1.408 0.0661 63.97 55.00  85 78   685000 1215000   250 10.19
1.409 0.0603 63.96 55.00  85 78   685000 1215000   250 10.19
1.411 0.0651 63.95 55.00  85 78   685000 1215000   250 10.19
1.413 0.0616 63.94 55.00  85 78   685000 1215000   250 10.19
1.415 0.0665 63.92 55.00  85 78   685000 1215000   250 10.19
1.417 0.0642 63.90 55.00  85 78   685000 1215000   250 10.19
1.419 0.0607 63.89 55.00  85 78   685000 1215000   250 10.19
1.421 0.0658 63.89 55.00  85 78   685000 1215000   250 10.19
1.423 0.0639 63.88 55.00  85 78   685000 1215000   250 10.19
1.425 0.0657 63.88 55.00  85 78   685000 1215000   250 10.19
1.426 0.0631 63.88 55.00  85 78   685000 1215000   250 10.19
1.428 0.0609 63.89 55.00  85 78   685000 1215000   250 10.19
1.430 0.0666 63.90 55.00  85 78   685000 1215000   250 10.19
1.432 0.0655 63.92 55.00  85 78   685000 1215000   250 10.19
1.434 0.0650 63.95 55.00  85 78   685000 1215000   250 10.19
1.436 0.0622 63.97 55.00  85 78   685000 1215000   250 10.19
1.438 0.0637 64.01 55.00  85 78   685000 1215000   250 10.19
1.440 0.0634 64.04 55.00  85 78   685000 1215000   250 10.19
1.442 0.0632 64.09 55.00  85 78   685000 1215000   250 10.19
1.443 0.0653 64.14 55.00  85 78   685000 1215000   250 10.19
1.445 0.0603 64.21 55.00  85 78   685000 1215000   250 10.19
1.447 0.0685 64.27 55.00  85 78   685000 1215000   250 10.19
1.449 0.0655 64.34 55.00  85 78   685000 1215000   250 10.19
1.451 0.0614 64.41 55.00  85 78   685000 1215000   250 10.19
1.453 0.0653 64.49 55.00  85 78   685000 1215000   250 10.19
1.455 0.0626 64.57 55.00  85 78   685000 1215000   250 10.19
1.457 0.0662 64.64 55.00  85 78   685000 1215000   250 10.19
1.458 0.0629 64.71 55.00  85 78   685000 1215000   250 10.19
1.460 0.0656 64.77 55.00  85 78   685000 1215000   250 10.19
1.462 0.0658 64.82 55.00  85 78   685000 1215000   250 10.19
1.464 0.0666 64.86 55.00  85 78   685000 1215000   250 10.19
1.466 0.0657 64.88 55.00  85 78   685000 1215000   250 10.19
1.468 0.0636 64.88 55.00  85 78   685000 1215000   250 10.19
1.470 0.0648 64.87 55.00  85 78   685000 1215000   250 10.19
1.472 0.0640 64.85 55.00  85 78   685000 1215000   250 10.19
1.474 0.0677 64.82 55.00  85 78   685000 1215000   250 10.19
1.475 0.0640 64.78 55.00  85 78   685000 1215000   250 10.19
1.477 0.0649 64.74 55.00  85 78   685000 1215000   250 10.19
1.479 0.0660 64.71 55.00  85 78   685000 1215000   250 10.19
1.481 0.0599 64.67 55.00  85 78   685000 1215000   250 10.19
1.483 0.0662 64.65 55.00  85 78   685000 1215000   250 10.19
1.485 0.0652 64.62 55.00  85 78   685000 1215000   250 10.19
1.487 0.0646 64.60 55.00  85 78   685000 1215000   250 10.19
1.489 0.0672 64.58 55.00  85 78   685000 1215000   250 10.19
1.491 0.0598 64.56 55.00  85 78   685000 1215000   250 10.19
1.492 0.0645 64.55 55.00  85 78   685000 1215000   250 10.19
1.494 0.0640 64.55 55.00  85 78   685000 1215000   250 10.19
1.496 0.0658 64.56 55.00  85 78   685000 1215000   250 10.19
1.498 0.0636 64.57 55.00  85 78   685000 1215000   250 10.19
1.500 0.0645 64.58 55.00  85 78   685000 1215000   250 10.19
1.502 0.0663 64.59 55.00  85 78   685000 1215000   250 10.19
1.504 0.0638 64.60 55.00  85 78   685000 1215000   250 10.19
1.506 0.0665 64.61 55.00  85 78   685000 1215000   250 10.19
1.508 0.0658 64.61 55.00  85 78   685000 1215000   250 10.19
1.509 0.0639 64.63 55.00  85 78   685000 1215000   250 10.19
1.511 0.0645 64.64 55.00  85 78   685000 1215000   250 10.19
1.513 0.0644 64.65 55.00  85 78   685000 1215000   250 10.19
1.515 0.0647 64.65 55.00  85 78   685000 1215000   250 10.19
1.517 0.0646 64.65 55.00  85 78   685000 1215000   250 10.19
1.519 0.0657 64.65 55.00  85 78   685000 1215000   250 10.19
1.521 0.0616 64.65 55.00  85 78   685000 1215000   250 10.19
1.523 0.0646 64.65 55.00  85 78   685000 1215000   250 10.19
1.525 0.0651 64.65 55.00  85 78   685000 1215000   250 10.19
1.526 0.0658 64.63 55.00  85 78   685000 1215000   250 10.19
1.528 0.0664 64.62 55.00  85 78   685000 1215000   250 10.19
1.530 0.0600 64.60 55.00  85 78   685000 1215000   250 10.19
1.532 0.0658 64.59 55.00  85 78   685000 1215000   250 10.19
1.534 0.0642 64.59 55.00  85 78   685000 1215000   250 10.19
1.536 0.0644 64.60 55.00  85 78   685000 1215000   250 10.19
1.538 0.0667 64.61 55.00  85 78   685000 1215000   250 10.19
1.540 0.0638 64.62 55.00  85 78   685000 1215000   250 10.19
1.542 0.0693 64.64 55.00  85 78   685000 1215000   250 10.19
1.543 0.0605 64.65 55.00  85 78   685000 1215000   250 10.19
1.545 0.0658 64.67 55.00  85 78   685000 1215000   250 10.19
1.547 0.0647 64.68 55.00  85 78   685000 1215000   250 10.19
1.549 0.0626 64.68 55.00  85 78   685000 1215000   250 10.19
1.551 0.0654 64.68 55.00  85 78   685000 1215000   250 10.19
1.553 0.0667 64.67 55.00  85 78   685000 1215000   250 10.19
1.555 0.0646 64.66 55.00  85 78   685000 1215000   250 10.19
1.557 0.0614 64.64 55.00  85 78   685000 1215000   250 10.19
1.558 0.0652 64.61 55.00  85 78   685000 1215000   250 10.19
1.560 0.0629 64.58 55.00  85 78   685000 1215000   250 10.19
1.562 0.0688 64.55 55.00  85 78   685000 1215000   250 10.19
1.564 0.0624 64.52 55.00  85 78   685000 1215000   250 10.19
1.566 0.0646 64.50 55.00  85 78   685000 1215000   250 10.19
1.568 0.0677 64.47 55.00  85 78   685000 1215000   250 10.19
1.570 0.0616 64.46 55.00  85 78   685000 1215000   250 10.19
1.572 0.0653 64.45 55.00  85 78   685000 1215000   250 10.19
1.574 0.0617 64.46 55.00  85 78   685000 1215000   250 10.19
1.575 0.0680 64.48 55.00  85 78   685000 1215000   250 10.19
1.577 0.0647 64.51 55.00  85 78   685000 1215000   250 10.19
1.579 0.0639 64.53 55.00  85 78   685000 1215000   250 10.19
1.581 0.0639 64.56 55.00  85 78   685000 1215000   250 10.19
1.583 0.0655 64.60 55.00  85 78   685000 1215000   250 10.19
1.585 0.0617 64.64 55.00  85 78   685000 1215000   250 10.19
1.587 0.0649 64.69 55.00  85 78   685000 1215000   250 10.19
1.589 0.0651 64.75 55.00  85 78   685000 1215000   250 10.19
1.591 0.0639 64.81 55.00  85 78   685000 1215000   250 10.19
1.592 0.0657 64.87 55.00  85 78   685000 1215000   250 10.19
1.594 0.0676 64.94 55.00  85 78   685000 1215000   250 10.19
1.596 0.0605 65.01 55.00  85 78   685000 1215000   250 10.19
1.598 0.0697 65.08 55.00  85 78   685000 1215000   250 10.19
1.600 0.0614 65.17 55.00  85 78   685000 1215000   250 10.19
1.602 0.0675 65.25 55.00  85 78   685000 1215000   250 10.19
1.604 0.0632 65.32 55.00  85 78   685000 1215000   250 10.19
1.606 0.0691 65.39 55.00  85 78   685000 1215000   250 10.19
1.608 0.0647 65.44 55.00  85 78   685000 1215000   250 10.19
1.609 0.0629 65.48 55.00  85 78   685000 1215000   250 10.19
1.611 0.0683 65.52 55.00  85 78   685000 1215000   250 10.19
1.613 0.0637 65.55 55.00  85 78   685000 1215000   250 10.19
1.615 0.0669 65.59 55.00  85 78   685000 1215000   250 10.19
1.617 0.0657 65.62 55.00  85 78   685000 1215000   250 10.19
1.619 0.0652 65.64 55.00  85 78   685000 1215000   250 10.19
1.621 0.0662 65.65 55.00  85 78   685000 1215000   250 10.19
1.623 0.0629 65.65 55.00  85 78   685000 1215000   250 10.19
1.625 0.0686 65.63 55.00  85 78   685000 1215000   250 10.19
1.626 0.0629 65.60 55.00  85 78   685000 1215000   250 10.19
1.628 0.0657 65.56 55.00  85 78   685000 1215000   250 10.19
1.630 0.0683 65.52 55.00  85 78   685000 1215000   250 10.19
1.632 0.0641 65.48 55.00  85 78   685000 1215000   250 10.19
1.634 0.0661 65.43 55.00  85 78   685000 1215000   250 10.19
1.636 0.0668 65.39 55.00  85 78   685000 1215000   250 10.19
1.638 0.0609 65.35 55.00  85 78   685000 1215000   250 10.19
1.640 0.0658 65.33 55.00  85 78   685000 1215000   250 10.19
1.642 0.0686 65.32 55.00  85 78   685000 1215000   250 10.19
1.643 0.0649 65.31 55.00  85 78   685000 1215000   250 10.19
1.645 0.0655 65.32 55.00  85 78   685000 1215000   250 10.19
1.647 0.0671 65.33 55.00  85 78   685000 1215000   250 10.19
1.649 0.0678 65.36 55.00  85 78   685000 1215000   250 10.19
1.651 0.0619 65.39 55.00  85 78   685000 1215000   250 10.19
1.653 0.0594 65.44 55.00  85 78   685000 1215000   250 10.19
1.655 0.0672 65.49 55.00  85 78   685000 1215000   250 10.19
1.657 0.0645 65.55 55.00  85 78   685000 1215000   250 10.19
1.658 0.0660 65.62 55.00  85 78   685000 1215000   250 10.19
1.660 0.0663 65.69 55.00  85 78   685000 1215000   250 10.19
1.662 0.0668 65.75 55.00  85 78   685000 1215000   250 10.19
1.664 0.0707 65.81 55.00  85 78   685000 1215000   250 10.19
1.666 0.0610 65.87 55.00  85 78   685000 1215000   250 10.19
1.668 0.0644 65.92 55.00  85 78   685000 1215000   250 10.19
1.670 0.0697 65.96 55.00  85 78   685000 1215000   250 10.19
1.672 0.0677 65.99 55.00  85 78   685000 1215000   250 10.19
1.674 0.0624 66.01 55.00  85 78   685000 1215000   250 10.19
1.675 0.0694 66.03 55.00  85 78   685000 1215000   250 10.19
1.677 0.0628 66.05 55.00  85 78   685000 1215000   250 10.19
1.679 0.0657 66.07 55.00  85 78   685000 1215000   250 10.19
1.681 0.0714 66.08 55.00  85 78   685000 1215000   250 10.19
1.683 0.0649 66.09 55.00  85 78   685000 1215000   250 10.19
1.685 0.0647 66.07 55.00  85 78   685000 1215000   250 10.19
1.687 0.0644 66.05 55.00  85 78   685000 1215000   250 10.19
1.689 0.0684 66.02 55.00  85 78   685000 1215000   250 10.19
1.691 0.0652 65.98 55.00  85 78   685000 1215000   250 10.19
1.692 0.0637 65.97 55.00  85 78   685000 1215000   250 10.19
1.694 0.0670 65.98 55.00  85 78   685000 1215000   250 10.19
1.696 0.0631 66.01 55.00  85 78   685000 1215000   250 10.19
1.698 0.0654 66.06 55.00  85 78   685000 1215000   250 10.19
1.700 0.0704 66.13 55.00  85 78   685000 1215000   250 10.19
1.702 0.0663 66.21 55.00  85 78   685000 1215000   250 10.19
1.704 0.0639 66.30 55.00  85 78   685000 1215000   250 10.19
1.706 0.0647 66.38 55.00  85 78   685000 1215000   250 10.19
1.708 0.0702 66.46 55.00  85 78   685000 1215000   250 10.19
1.709 0.0658 66.53 55.00  85 78   685000 1215000   250 10.19
1.711 0.0688 66.58 55.00  85 78   685000 1215000   250 10.19
1.713 0.0666 66.61 55.00  85 78   685000 1215000   250 10.19
1.715 0.0642 66.62 55.00  85 78   685000 1215000   250 10.19
1.717 0.0641 66.62 55.00  85 78   685000 1215000   250 10.19
1.719 0.0674 66.59 55.00  85 78   685000 1215000   250 10.19
1.721 0.0653 66.55 55.00  85 78   685000 1215000   250 10.19
1.723 0.0723 66.50 55.00  85 78   685000 1215000   250 10.19
1.725 0.0643 66.45 55.00  85 78   685000 1215000   250 10.19
1.726 0.0711 66.42 55.00  85 78   685000 1215000   250 10.19
1.728 0.0666 66.40 55.00  85 78   685000 1215000   250 10.19
1.730 0.0672 66.42 55.00  85 78   685000 1215000   250 10.19
1.732 0.0642 66.45 55.00  85 78   685000 1215000   250 10.19
1.734 0.0645 66.50 55.00  85 78   685000 1215000   250 10.19
1.737 0.0659 66.58 55.00  85 78   685000 1215000   250 10.19
1.739 0.0673 66.68 55.00  85 78   685000 1215000   250 10.19
1.741 0.0659 66.80 55.00  85 78   685000 1215000   250 10.19
1.744 0.0615 66.93 55.00  85 78   685000 1215000   250 10.19
1.747 0.0673 67.08 55.00  85 78   685000 1215000   250 10.19
1.749 0.0685 67.25 55.00  85 78   685000 1215000   250 10.19
1.752 0.0687 67.44 55.00  85 78   685000 1215000   250 10.19
1.755 0.0675 67.64 55.00  85 78   685000 1215000   250 10.19
1.758 0.0686 67.86 55.00  85 78   685000 1215000   250 10.19
1.761 0.0689 68.11 55.00  85 78   685000 1215000   250 10.19
1.765 0.0693 68.37 55.00  85 78   685000 1215000   250 10.19
1.768 0.0685 68.65 55.00  85 78   685000 1215000   250 10.19
1.772 0.0727 68.96 55.00  85 78   685000 1215000   250 10.19
1.776 0.0697 69.28 55.00  85 78   685000 1215000   250 10.19
1.780 0.0709 69.62 55.00  85 78   685000 1215000   250 10.19
1.784 0.0700 69.97 55.00  85 78   685000 1215000   250 10.19
1.788 0.0673 70.35 55.00  85 78   685000 1215000   250 10.19
1.793 0.0697 70.79 55.00  85 78   685000 1215000   250 10.19
1.797 0.0730 71.30 55.00  85 78   685000 1215000   250 10.19
1.802 0.0720 71.90 55.00  85 78   685000 1215000   250 10.19
1.807 0.0746 72.62 55.00  85 78   685000 1215000   250 10.19
1.813 0.0724 73.48 55.00  85 78   685000 1215000   250 10.19
1.818 0.0736 74.45 55.00  85 78   685000 1215000   250 10.19
1.824 0.0736 75.55 55.00  85 78   685000 1215000   250 10.19
1.830 0.0747 76.76 55.00  85 78   685000 1215000   250 10.19
1.836 0.0780 78.06 55.00  85 78   685000 1215000   250 10.19
1.843 0.0771 79.45 55.00  85 78   685000 1215000   250 10.19
1.849 0.0785 80.91 55.00  85 78   685000 1215000   250 10.19
1.856 0.0845 82.46 55.00  85 78   685000 1215000   250 10.19
1.864 0.0806 84.10 55.00  85 78   685000 1215000   250 10.19
1.872 0.0855 85.85 55.00  85 78   685000 1215000   250 10.19
1.880 0.0888 87.72 55.00  85 78   685000 1215000   250 10.19
1.888 0.0920 89.73 55.00  85 78   685000 1215000   250 10.19
1.897 0.0940 91.90 55.00  85 78   685000 1215000   250 10.19
1.906 0.0985 94.23 55.00  85 78   685000 1215000   250 10.19
1.915 0.0996 96.72 55.00  85 78   685000 1215000   250 10.19
1.925 0.0996 99.36 55.00  85 78   685000 1215000   250 10.19
1.934 0.1027 102.15 55.00  85 78   685000 1215000   250 10.19
1.943 0.1033 105.04 55.00  85 78   685000 1215000   250 10.19
1.953 0.1026 107.99 55.00  85 78   685000 1215000   250 10.19
1.962 0.1046 110.94 55.00  85 78   685000 1215000   250 10.19
1.972 0.1056 113.84 55.00  85 78   685000 1215000   250 10.19
1.981 0.1097 116.64 55.00  85 78   685000 1215000   250 10.19
1.991 0.1160 119.28 55.00  85 78   685000 1215000   250 10.19
2.000 0.1204 121.71 55.00  85 78   685000 1215000   250 10.19
2.009 0.1243 123.92 55.00  85 78   685000 1215000   250 10.19
2.019 0.1322 125.84 55.00  85 78   685000 1215000   250 10.19
2.028 0.1320 127.47 55.00  85 78   685000 1215000   250 10.19
2.038 0.1344 128.78 55.00  85 78   685000 1215000   250 10.19
2.047 0.1370 129.77 55.00  85 78   685000 1215000   250 10.19
2.057 0.1373 130.43 55.00  85 78   685000 1215000   250 10.19
2.066 0.1392 130.76 55.00  85 78   685000 1215000   250 10.19
2.075 0.1364 130.78 55.00  85 78   685000 1215000   250 10.19
2.085 0.1344 130.50 55.00  85 78   685000 1215000   250 10.19
2.094 0.1352 129.93 55.00  85 78   685000 1215000   250 10.19
2.104 0.1285 129.10 55.00  85 78   685000 1215000   250 10.19
2.113 0.1290 128.05 55.00  85 78   685000 1215000   250 10.19
2.123 0.1231 126.80 55.00  85 78   685000 1215000   250 10.19
2.132 0.1219 125.41 55.00  85 78   685000 1215000   250 10.19
2.142 0.1204 123.92 55.00  85 78   685000 1215000   250 10.19
2.151 0.1179 122.39 55.00  85 78   685000 1215000   250 10.19
2.160 0.1153 120.88 55.00  85 78   685000 1215000   250 10.19
2.170 0.1165 119.44 55.00  85 78   685000 1215000   250 10.19
2.179 0.1153 118.12 55.00  85 78   685000 1215000   250 10.19
2.189 0.1163 116.97 55.00  85 78   685000 1215000   250 10.19
2.198 0.1149 116.00 55.00  85 78   685000 1215000   250 10.19
2.208 0.1156 115.22 55.00  85 78   685000 1215000   250 10.19
2.217 0.1191 114.66 55.00  85 78   685000 1215000   250 10.19
2.226 0.1199 114.31 55.00  85 78   685000 1215000   250 10.19
2.236 0.1186 114.17 55.00  85 78   685000 1215000   250 10.19
2.245 0.1216 114.26 55.00  85 78   685000 1215000   250 10.19
2.255 0.1224 114.59 55.00  85 78   685000 1215000   250 10.19
2.264 0.1232 115.35 55.00  85 78   685000 1215000   250 10.19
2.274 0.1223 117.87 55.00  85 78   685000 1215000   250 10.19
2.283 0.1231 124.13 55.00  85 78   685000 1215000   250 10.19
2.292 0.1251 132.17 55.00  85 78   685000 1215000   250 10.19
2.302 0.1272 140.74 55.00  85 78   685000 1215000   250 10.19
2.311 0.1319 149.33 55.00  85 78   685000 1215000   250 10.19
2.321 0.1369 157.75 55.00  85 78   685000 1215000   250 10.19
2.330 0.1420 165.96 55.00  85 78   685000 1215000   250 10.19
2.340 0.1492 173.97 55.00  85 78   685000 1215000   250 10.19
2.349 0.1597 181.83 55.00  85 78   685000 1215000   250 10.19
2.358 0.1667 189.57 55.00  85 78   685000 1215000   250 10.19
2.368 0.1825 197.24 55.00  85 78   685000 1215000   250 10.19
2.377 0.1934 204.89 55.00  85 78   685000 1215000   250 10.19
2.387 0.2074 212.56 55.00  85 78   685000 1215000   250 10.19
2.396 0.2369 220.27 55.00  85 78   685000 1215000   250 10.19
2.406 0.2553 228.04 55.00  85 78   685000 1215000   250 10.19
2.415 0.2858 235.88 55.00  85 78   685000 1215000   250 10.19
2.425 0.3175 243.81 55.00  85 78   685000 1215000   250 10.19
2.434 0.3579 251.80 55.00  85 78   685000 1215000   250 10.19
2.443 0.4108 259.86 55.00  85 78   685000 1215000   250 10.19
2.453 0.4488 267.96 55.00  85 78   685000 1215000   250 10.19
2.462 0.4928 276.06 55.00  85 78   685000 1215000   250 10.19
2.472 0.0000 284.11 55.00  85 78   685000 1215000   250 10.19
2.481 0.0000 292.05 55.00  85 78   685000 1215000   250 10.19
