     x     qy smooth tpara  cd  zL     xTr    xCpl frame tma
-3.076 0.2165 195.22 34.00  97 78  1089000 1443000   260 9.82
-3.062 0.2141 182.98 34.00  97 78  1089000 1443000   260 9.82
-3.048 0.2016 171.36 34.00  97 78  1089000 1443000   260 9.82
-3.034 0.1757 160.32 34.00  97 78  1089000 1443000   260 9.82
-3.020 0.1329 149.86 34.00  97 78  1089000 1443000   260 9.82
-3.006 0.1106 139.97 34.00  97 78  1089000 1443000   260 9.82
-2.992 0.1025 130.62 34.00  97 78  1089000 1443000   260 9.82
-2.977 0.0994 121.81 34.00  97 78  1089000 1443000   260 9.82
-2.963 0.0944 113.53 34.00  97 78  1089000 1443000   260 9.82
-2.949 0.0877 105.77 34.00  97 78  1089000 1443000   260 9.82
-2.935 0.0843 98.52 34.00  97 78  1089000 1443000   260 9.82
-2.921 0.0801 91.78 34.00  97 78  1089000 1443000   260 9.82
-2.907 0.0758 85.55 34.00  97 78  1089000 1443000   260 9.82
-2.893 0.0729 79.82 34.00  97 78  1089000 1443000   260 9.82
-2.879 0.0707 74.62 34.00  97 78  1089000 1443000   260 9.82
-2.864 0.0690 69.94 34.00  97 78  1089000 1443000   260 9.82
-2.850 0.0670 65.80 34.00  97 78  1089000 1443000   260 9.82
-2.836 0.0642 62.23 34.00  97 78  1089000 1443000   260 9.82
-2.822 0.0618 59.26 34.00  97 78  1089000 1443000   260 9.82
-2.808 0.0592 56.93 34.00  97 78  1089000 1443000   260 9.82
-2.794 0.0580 55.29 34.00  97 78  1089000 1443000   260 9.82
-2.780 0.0575 54.38 34.00  97 78  1089000 1443000   260 9.82
-2.766 0.0559 54.10 34.00  97 78  1089000 1443000   260 9.82
-2.751 0.0553 53.93 34.00  97 78  1089000 1443000   260 9.82
-2.737 0.0530 53.11 34.00  97 78  1089000 1443000   260 9.82
-2.723 0.0529 52.22 34.00  97 78  1089000 1443000   260 9.82
-2.709 0.0527 51.31 34.00  97 78  1089000 1443000   260 9.82
-2.695 0.0514 50.44 34.00  97 78  1089000 1443000   260 9.82
-2.681 0.0500 49.63 34.00  97 78  1089000 1443000   260 9.82
-2.667 0.0500 48.88 34.00  97 78  1089000 1443000   260 9.82
-2.653 0.0487 48.20 34.00  97 78  1089000 1443000   260 9.82
-2.638 0.0486 47.58 34.00  97 78  1089000 1443000   260 9.82
-2.624 0.0464 47.02 34.00  97 78  1089000 1443000   260 9.82
-2.610 0.0472 46.53 34.00  97 78  1089000 1443000   260 9.82
-2.596 0.0462 46.09 34.00  97 78  1089000 1443000   260 9.82
-2.582 0.0453 45.72 34.00  97 78  1089000 1443000   260 9.82
-2.568 0.0445 45.40 34.00  97 78  1089000 1443000   260 9.82
-2.554 0.0441 45.14 34.00  97 78  1089000 1443000   260 9.82
-2.540 0.0435 44.92 34.00  97 78  1089000 1443000   260 9.82
-2.525 0.0435 44.75 34.00  97 78  1089000 1443000   260 9.82
-2.511 0.0435 44.63 34.00  97 78  1089000 1443000   260 9.82
-2.497 0.0449 44.55 34.00  97 78  1089000 1443000   260 9.82
-2.483 0.0449 44.52 34.00  97 78  1089000 1443000   260 9.82
-2.469 0.0452 44.53 34.00  97 78  1089000 1443000   260 9.82
-2.455 0.0449 44.58 34.00  97 78  1089000 1443000   260 9.82
-2.441 0.0458 44.65 34.00  97 78  1089000 1443000   260 9.82
-2.427 0.0451 44.74 34.00  97 78  1089000 1443000   260 9.82
-2.412 0.0456 44.85 34.00  97 78  1089000 1443000   260 9.82
-2.398 0.0452 44.96 34.00  97 78  1089000 1443000   260 9.82
-2.384 0.0449 45.07 34.00  97 78  1089000 1443000   260 9.82
-2.370 0.0449 45.16 34.00  97 78  1089000 1443000   260 9.82
-2.356 0.0456 45.24 34.00  97 78  1089000 1443000   260 9.82
-2.342 0.0463 45.30 34.00  97 78  1089000 1443000   260 9.82
-2.328 0.0451 45.34 34.00  97 78  1089000 1443000   260 9.82
-2.314 0.0450 45.35 34.00  97 78  1089000 1443000   260 9.82
-2.299 0.0453 45.34 34.00  97 78  1089000 1443000   260 9.82
-2.285 0.0462 45.32 34.00  97 78  1089000 1443000   260 9.82
-2.271 0.0447 45.28 34.00  97 78  1089000 1443000   260 9.82
-2.257 0.0450 45.23 34.00  97 78  1089000 1443000   260 9.82
-2.243 0.0457 45.18 34.00  97 78  1089000 1443000   260 9.82
-2.229 0.0455 45.12 34.00  97 78  1089000 1443000   260 9.82
-2.215 0.0447 45.07 34.00  97 78  1089000 1443000   260 9.82
-2.201 0.0443 45.03 34.00  97 78  1089000 1443000   260 9.82
-2.186 0.0466 44.99 34.00  97 78  1089000 1443000   260 9.82
-2.172 0.0444 44.96 34.00  97 78  1089000 1443000   260 9.82
-2.158 0.0442 44.94 34.00  97 78  1089000 1443000   260 9.82
-2.144 0.0452 44.92 34.00  97 78  1089000 1443000   260 9.82
-2.130 0.0447 44.92 34.00  97 78  1089000 1443000   260 9.82
-2.116 0.0445 44.93 34.00  97 78  1089000 1443000   260 9.82
-2.102 0.0456 44.95 34.00  97 78  1089000 1443000   260 9.82
-2.088 0.0445 44.99 34.00  97 78  1089000 1443000   260 9.82
-2.073 0.0448 45.05 34.00  97 78  1089000 1443000   260 9.82
-2.059 0.0451 45.12 34.00  97 78  1089000 1443000   260 9.82
-2.045 0.0456 45.20 34.00  97 78  1089000 1443000   260 9.82
-2.031 0.0447 45.30 34.00  97 78  1089000 1443000   260 9.82
-2.017 0.0451 45.41 34.00  97 78  1089000 1443000   260 9.82
-2.003 0.0454 45.53 34.00  97 78  1089000 1443000   260 9.82
-1.989 0.0458 45.66 34.00  97 78  1089000 1443000   260 9.82
-1.975 0.0455 45.78 34.00  97 78  1089000 1443000   260 9.82
-1.960 0.0456 45.90 34.00  97 78  1089000 1443000   260 9.82
-1.946 0.0464 46.01 34.00  97 78  1089000 1443000   260 9.82
-1.932 0.0464 46.10 34.00  97 78  1089000 1443000   260 9.82
-1.918 0.0464 46.18 34.00  97 78  1089000 1443000   260 9.82
-1.904 0.0464 46.23 34.00  97 78  1089000 1443000   260 9.82
-1.890 0.0466 46.27 34.00  97 78  1089000 1443000   260 9.82
-1.876 0.0464 46.30 34.00  97 78  1089000 1443000   260 9.82
-1.862 0.0467 46.31 34.00  97 78  1089000 1443000   260 9.82
-1.847 0.0465 46.31 34.00  97 78  1089000 1443000   260 9.82
-1.833 0.0469 46.31 34.00  97 78  1089000 1443000   260 9.82
-1.819 0.0462 46.31 34.00  97 78  1089000 1443000   260 9.82
-1.805 0.0465 46.31 34.00  97 78  1089000 1443000   260 9.82
-1.791 0.0472 46.30 34.00  97 78  1089000 1443000   260 9.82
-1.777 0.0470 46.30 34.00  97 78  1089000 1443000   260 9.82
-1.763 0.0454 46.30 34.00  97 78  1089000 1443000   260 9.82
-1.749 0.0453 46.29 34.00  97 78  1089000 1443000   260 9.82
-1.734 0.0454 46.29 34.00  97 78  1089000 1443000   260 9.82
-1.720 0.0453 46.28 34.00  97 78  1089000 1443000   260 9.82
-1.706 0.0455 46.27 34.00  97 78  1089000 1443000   260 9.82
-1.692 0.0455 46.26 34.00  97 78  1089000 1443000   260 9.82
-1.678 0.0467 46.25 34.00  97 78  1089000 1443000   260 9.82
-1.664 0.0460 46.25 34.00  97 78  1089000 1443000   260 9.82
-1.650 0.0468 46.25 34.00  97 78  1089000 1443000   260 9.82
-1.636 0.0473 46.25 34.00  97 78  1089000 1443000   260 9.82
-1.621 0.0474 46.26 34.00  97 78  1089000 1443000   260 9.82
-1.607 0.0467 46.27 34.00  97 78  1089000 1443000   260 9.82
-1.593 0.0463 46.29 34.00  97 78  1089000 1443000   260 9.82
-1.579 0.0465 46.31 34.00  97 78  1089000 1443000   260 9.82
-1.565 0.0468 46.33 34.00  97 78  1089000 1443000   260 9.82
-1.551 0.0457 46.35 34.00  97 78  1089000 1443000   260 9.82
-1.537 0.0461 46.36 34.00  97 78  1089000 1443000   260 9.82
-1.523 0.0466 46.36 34.00  97 78  1089000 1443000   260 9.82
-1.508 0.0455 46.36 34.00  97 78  1089000 1443000   260 9.82
-1.494 0.0455 46.35 34.00  97 78  1089000 1443000   260 9.82
-1.480 0.0460 46.34 34.00  97 78  1089000 1443000   260 9.82
-1.466 0.0466 46.32 34.00  97 78  1089000 1443000   260 9.82
-1.452 0.0459 46.30 34.00  97 78  1089000 1443000   260 9.82
-1.438 0.0464 46.29 34.00  97 78  1089000 1443000   260 9.82
-1.424 0.0466 46.27 34.00  97 78  1089000 1443000   260 9.82
-1.410 0.0466 46.26 34.00  97 78  1089000 1443000   260 9.82
-1.395 0.0467 46.25 34.00  97 78  1089000 1443000   260 9.82
-1.381 0.0457 46.24 34.00  97 78  1089000 1443000   260 9.82
-1.367 0.0463 46.23 34.00  97 78  1089000 1443000   260 9.82
-1.353 0.0467 46.21 34.00  97 78  1089000 1443000   260 9.82
-1.339 0.0460 46.19 34.00  97 78  1089000 1443000   260 9.82
-1.325 0.0465 46.15 34.00  97 78  1089000 1443000   260 9.82
-1.311 0.0460 46.11 34.00  97 78  1089000 1443000   260 9.82
-1.297 0.0466 46.06 34.00  97 78  1089000 1443000   260 9.82
-1.282 0.0461 46.00 34.00  97 78  1089000 1443000   260 9.82
-1.268 0.0455 45.94 34.00  97 78  1089000 1443000   260 9.82
-1.254 0.0468 45.87 34.00  97 78  1089000 1443000   260 9.82
-1.240 0.0456 45.81 34.00  97 78  1089000 1443000   260 9.82
-1.226 0.0452 45.74 34.00  97 78  1089000 1443000   260 9.82
-1.212 0.0459 45.68 34.00  97 78  1089000 1443000   260 9.82
-1.198 0.0448 45.62 34.00  97 78  1089000 1443000   260 9.82
-1.184 0.0456 45.57 34.00  97 78  1089000 1443000   260 9.82
-1.169 0.0452 45.52 34.00  97 78  1089000 1443000   260 9.82
-1.155 0.0445 45.47 34.00  97 78  1089000 1443000   260 9.82
-1.141 0.0458 45.42 34.00  97 78  1089000 1443000   260 9.82
-1.127 0.0462 45.37 34.00  97 78  1089000 1443000   260 9.82
-1.113 0.0454 45.33 34.00  97 78  1089000 1443000   260 9.82
-1.099 0.0456 45.29 34.00  97 78  1089000 1443000   260 9.82
-1.085 0.0445 45.25 34.00  97 78  1089000 1443000   260 9.82
-1.071 0.0452 45.22 34.00  97 78  1089000 1443000   260 9.82
-1.056 0.0452 45.18 34.00  97 78  1089000 1443000   260 9.82
-1.042 0.0458 45.15 34.00  97 78  1089000 1443000   260 9.82
-1.028 0.0454 45.12 34.00  97 78  1089000 1443000   260 9.82
-1.014 0.0454 45.09 34.00  97 78  1089000 1443000   260 9.82
-1.000 0.0454 45.06 34.00  97 78  1089000 1443000   260 9.82
-0.986 0.0445 45.02 34.00  97 78  1089000 1443000   260 9.82
-0.972 0.0454 44.98 34.00  97 78  1089000 1443000   260 9.82
-0.958 0.0440 44.93 34.00  97 78  1089000 1443000   260 9.82
-0.944 0.0445 44.88 34.00  97 78  1089000 1443000   260 9.82
-0.929 0.0444 44.82 34.00  97 78  1089000 1443000   260 9.82
-0.915 0.0457 44.77 34.00  97 78  1089000 1443000   260 9.82
-0.901 0.0451 44.71 34.00  97 78  1089000 1443000   260 9.82
-0.887 0.0447 44.66 34.00  97 78  1089000 1443000   260 9.82
-0.873 0.0442 44.60 34.00  97 78  1089000 1443000   260 9.82
-0.859 0.0444 44.56 34.00  97 78  1089000 1443000   260 9.82
-0.845 0.0445 44.51 34.00  97 78  1089000 1443000   260 9.82
-0.831 0.0447 44.47 34.00  97 78  1089000 1443000   260 9.82
-0.816 0.0448 44.42 34.00  97 78  1089000 1443000   260 9.82
-0.802 0.0444 44.38 34.00  97 78  1089000 1443000   260 9.82
-0.788 0.0438 44.34 34.00  97 78  1089000 1443000   260 9.82
-0.774 0.0451 44.30 34.00  97 78  1089000 1443000   260 9.82
-0.760 0.0437 44.26 34.00  97 78  1089000 1443000   260 9.82
-0.746 0.0436 44.21 34.00  97 78  1089000 1443000   260 9.82
-0.732 0.0442 44.17 34.00  97 78  1089000 1443000   260 9.82
-0.718 0.0442 44.11 34.00  97 78  1089000 1443000   260 9.82
-0.703 0.0448 44.06 34.00  97 78  1089000 1443000   260 9.82
-0.689 0.0438 44.00 34.00  97 78  1089000 1443000   260 9.82
-0.675 0.0440 43.95 34.00  97 78  1089000 1443000   260 9.82
-0.661 0.0438 43.90 34.00  97 78  1089000 1443000   260 9.82
-0.647 0.0442 43.85 34.00  97 78  1089000 1443000   260 9.82
-0.633 0.0438 43.81 34.00  97 78  1089000 1443000   260 9.82
-0.619 0.0438 43.78 34.00  97 78  1089000 1443000   260 9.82
-0.605 0.0438 43.75 34.00  97 78  1089000 1443000   260 9.82
-0.590 0.0436 43.73 34.00  97 78  1089000 1443000   260 9.82
-0.576 0.0437 43.71 34.00  97 78  1089000 1443000   260 9.82
-0.562 0.0434 43.70 34.00  97 78  1089000 1443000   260 9.82
-0.548 0.0432 43.69 34.00  97 78  1089000 1443000   260 9.82
-0.534 0.0439 43.68 34.00  97 78  1089000 1443000   260 9.82
-0.520 0.0439 43.67 34.00  97 78  1089000 1443000   260 9.82
-0.506 0.0429 43.66 34.00  97 78  1089000 1443000   260 9.82
-0.493 0.0439 43.66 34.00  97 78  1089000 1443000   260 9.82
-0.481 0.0430 43.65 34.00  97 78  1089000 1443000   260 9.82
-0.469 0.0436 43.65 34.00  97 78  1089000 1443000   260 9.82
-0.457 0.0449 43.64 34.00  97 78  1089000 1443000   260 9.82
-0.446 0.0433 43.63 34.00  97 78  1089000 1443000   260 9.82
-0.436 0.0444 43.63 34.00  97 78  1089000 1443000   260 9.82
-0.425 0.0431 43.62 34.00  97 78  1089000 1443000   260 9.82
-0.416 0.0443 43.61 34.00  97 78  1089000 1443000   260 9.82
-0.406 0.0440 43.59 34.00  97 78  1089000 1443000   260 9.82
-0.397 0.0431 43.57 34.00  97 78  1089000 1443000   260 9.82
-0.389 0.0429 43.54 34.00  97 78  1089000 1443000   260 9.82
-0.380 0.0444 43.50 34.00  97 78  1089000 1443000   260 9.82
-0.373 0.0430 43.45 34.00  97 78  1089000 1443000   260 9.82
-0.365 0.0435 43.41 34.00  97 78  1089000 1443000   260 9.82
-0.358 0.0433 43.36 34.00  97 78  1089000 1443000   260 9.82
-0.351 0.0435 43.32 34.00  97 78  1089000 1443000   260 9.82
-0.344 0.0431 43.29 34.00  97 78  1089000 1443000   260 9.82
-0.337 0.0425 43.26 34.00  97 78  1089000 1443000   260 9.82
-0.331 0.0455 43.24 34.00  97 78  1089000 1443000   260 9.82
-0.325 0.0422 43.23 34.00  97 78  1089000 1443000   260 9.82
-0.320 0.0411 43.23 34.00  97 78  1089000 1443000   260 9.82
-0.314 0.0443 43.23 34.00  97 78  1089000 1443000   260 9.82
-0.309 0.0437 43.24 34.00  97 78  1089000 1443000   260 9.82
-0.304 0.0438 43.25 34.00  97 78  1089000 1443000   260 9.82
-0.299 0.0428 43.27 34.00  97 78  1089000 1443000   260 9.82
-0.294 0.0417 43.28 34.00  97 78  1089000 1443000   260 9.82
-0.290 0.0448 43.29 34.00  97 78  1089000 1443000   260 9.82
-0.286 0.0412 43.30 34.00  97 78  1089000 1443000   260 9.82
-0.282 0.0436 43.30 34.00  97 78  1089000 1443000   260 9.82
-0.278 0.0444 43.30 34.00  97 78  1089000 1443000   260 9.82
-0.274 0.0437 43.30 34.00  97 78  1089000 1443000   260 9.82
-0.270 0.0443 43.30 34.00  97 78  1089000 1443000   260 9.82
-0.267 0.0433 43.31 34.00  97 78  1089000 1443000   260 9.82
-0.263 0.0436 43.31 34.00  97 78  1089000 1443000   260 9.82
-0.260 0.0437 43.30 34.00  97 78  1089000 1443000   260 9.82
-0.257 0.0417 43.30 34.00  97 78  1089000 1443000   260 9.82
-0.254 0.0436 43.29 34.00  97 78  1089000 1443000   260 9.82
-0.251 0.0438 43.27 34.00  97 78  1089000 1443000   260 9.82
-0.249 0.0435 43.24 34.00  97 78  1089000 1443000   260 9.82
-0.246 0.0415 43.21 34.00  97 78  1089000 1443000   260 9.82
-0.243 0.0432 43.18 34.00  97 78  1089000 1443000   260 9.82
-0.240 0.0437 43.15 34.00  97 78  1089000 1443000   260 9.82
-0.237 0.0430 43.12 34.00  97 78  1089000 1443000   260 9.82
-0.234 0.0438 43.10 34.00  97 78  1089000 1443000   260 9.82
-0.232 0.0422 43.07 34.00  97 78  1089000 1443000   260 9.82
-0.229 0.0434 43.05 34.00  97 78  1089000 1443000   260 9.82
-0.226 0.0422 43.05 34.00  97 78  1089000 1443000   260 9.82
-0.223 0.0437 43.05 34.00  97 78  1089000 1443000   260 9.82
-0.220 0.0455 43.07 34.00  97 78  1089000 1443000   260 9.82
-0.218 0.0416 43.09 34.00  97 78  1089000 1443000   260 9.82
-0.215 0.0437 43.12 34.00  97 78  1089000 1443000   260 9.82
-0.212 0.0414 43.15 34.00  97 78  1089000 1443000   260 9.82
-0.209 0.0442 43.18 34.00  97 78  1089000 1443000   260 9.82
-0.206 0.0419 43.21 34.00  97 78  1089000 1443000   260 9.82
-0.203 0.0430 43.25 34.00  97 78  1089000 1443000   260 9.82
-0.201 0.0434 43.30 34.00  97 78  1089000 1443000   260 9.82
-0.198 0.0438 43.35 34.00  97 78  1089000 1443000   260 9.82
-0.195 0.0434 43.40 34.00  97 78  1089000 1443000   260 9.82
-0.192 0.0455 43.46 34.00  97 78  1089000 1443000   260 9.82
-0.189 0.0417 43.52 34.00  97 78  1089000 1443000   260 9.82
-0.186 0.0416 43.58 34.00  97 78  1089000 1443000   260 9.82
-0.184 0.0470 43.63 34.00  97 78  1089000 1443000   260 9.82
-0.181 0.0426 43.68 34.00  97 78  1089000 1443000   260 9.82
-0.178 0.0415 43.73 34.00  97 78  1089000 1443000   260 9.82
-0.175 0.0455 43.77 34.00  97 78  1089000 1443000   260 9.82
-0.172 0.0457 43.81 34.00  97 78  1089000 1443000   260 9.82
-0.169 0.0427 43.83 34.00  97 78  1089000 1443000   260 9.82
-0.167 0.0419 43.84 34.00  97 78  1089000 1443000   260 9.82
-0.164 0.0448 43.83 34.00  97 78  1089000 1443000   260 9.82
-0.161 0.0444 43.79 34.00  97 78  1089000 1443000   260 9.82
-0.158 0.0447 43.74 34.00  97 78  1089000 1443000   260 9.82
-0.155 0.0414 43.67 34.00  97 78  1089000 1443000   260 9.82
-0.153 0.0470 43.59 34.00  97 78  1089000 1443000   260 9.82
-0.150 0.0453 43.52 34.00  97 78  1089000 1443000   260 9.82
-0.147 0.0409 43.45 34.00  97 78  1089000 1443000   260 9.82
-0.144 0.0425 43.39 34.00  97 78  1089000 1443000   260 9.82
-0.141 0.0423 43.34 34.00  97 78  1089000 1443000   260 9.82
-0.138 0.0459 43.29 34.00  97 78  1089000 1443000   260 9.82
-0.136 0.0412 43.26 34.00  97 78  1089000 1443000   260 9.82
-0.133 0.0432 43.24 34.00  97 78  1089000 1443000   260 9.82
-0.130 0.0454 43.24 34.00  97 78  1089000 1443000   260 9.82
-0.127 0.0440 43.25 34.00  97 78  1089000 1443000   260 9.82
-0.124 0.0395 43.27 34.00  97 78  1089000 1443000   260 9.82
-0.121 0.0427 43.30 34.00  97 78  1089000 1443000   260 9.82
-0.119 0.0442 43.33 34.00  97 78  1089000 1443000   260 9.82
-0.116 0.0402 43.37 34.00  97 78  1089000 1443000   260 9.82
-0.113 0.0428 43.41 34.00  97 78  1089000 1443000   260 9.82
-0.110 0.0448 43.44 34.00  97 78  1089000 1443000   260 9.82
-0.107 0.0456 43.47 34.00  97 78  1089000 1443000   260 9.82
-0.105 0.0404 43.50 34.00  97 78  1089000 1443000   260 9.82
-0.102 0.0482 43.51 34.00  97 78  1089000 1443000   260 9.82
-0.099 0.0448 43.50 34.00  97 78  1089000 1443000   260 9.82
-0.096 0.0425 43.47 34.00  97 78  1089000 1443000   260 9.82
-0.093 0.0439 43.41 34.00  97 78  1089000 1443000   260 9.82
-0.090 0.0418 43.33 34.00  97 78  1089000 1443000   260 9.82
-0.088 0.0430 43.23 34.00  97 78  1089000 1443000   260 9.82
-0.085 0.0452 43.11 34.00  97 78  1089000 1443000   260 9.82
-0.082 0.0465 43.00 34.00  97 78  1089000 1443000   260 9.82
-0.079 0.0391 42.87 34.00  97 78  1089000 1443000   260 9.82
-0.076 0.0413 42.75 34.00  97 78  1089000 1443000   260 9.82
-0.073 0.0448 42.61 34.00  97 78  1089000 1443000   260 9.82
-0.071 0.0395 42.48 34.00  97 78  1089000 1443000   260 9.82
-0.068 0.0432 42.35 34.00  97 78  1089000 1443000   260 9.82
-0.065 0.0432 42.22 34.00  97 78  1089000 1443000   260 9.82
-0.062 0.0414 42.10 34.00  97 78  1089000 1443000   260 9.82
-0.059 0.0410 41.98 34.00  97 78  1089000 1443000   260 9.82
-0.056 0.0406 41.86 34.00  97 78  1089000 1443000   260 9.82
-0.054 0.0429 41.73 34.00  97 78  1089000 1443000   260 9.82
-0.051 0.0397 41.59 34.00  97 78  1089000 1443000   260 9.82
-0.048 0.0381 41.43 34.00  97 78  1089000 1443000   260 9.82
-0.045 0.0436 41.24 34.00  97 78  1089000 1443000   260 9.82
-0.042 0.0431 41.03 34.00  97 78  1089000 1443000   260 9.82
-0.040 0.0396 40.79 34.00  97 78  1089000 1443000   260 9.82
-0.037 0.0439 40.52 34.00  97 78  1089000 1443000   260 9.82
-0.034 0.0437 40.22 34.00  97 78  1089000 1443000   260 9.82
-0.031 0.0401 39.91 34.00  97 78  1089000 1443000   260 9.82
-0.028 0.0360 39.57 34.00  97 78  1089000 1443000   260 9.82
-0.025 0.0424 39.21 34.00  97 78  1089000 1443000   260 9.82
-0.023 0.0391 38.84 34.00  97 78  1089000 1443000   260 9.82
-0.020 0.0363 38.45 34.00  97 78  1089000 1443000   260 9.82
-0.017 0.0410 38.06 34.00  97 78  1089000 1443000   260 9.82
-0.014 0.0348 37.68 34.00  97 78  1089000 1443000   260 9.82
-0.011 0.0386 37.30 34.00  97 78  1089000 1443000   260 9.82
-0.008 0.0353 36.93 34.00  97 78  1089000 1443000   260 9.82
-0.006 0.0337 36.57 34.00  97 78  1089000 1443000   260 9.82
-0.003 0.0358 36.22 34.00  97 78  1089000 1443000   260 9.82
0.000 0.0350 35.88 34.00  97 78  1089000 1443000   260 9.82
0.003 0.0377 35.55 34.00  97 78  1089000 1443000   260 9.82
0.006 0.0350 35.26 34.00  97 78  1089000 1443000   260 9.82
0.008 0.0340 34.98 34.00  97 78  1089000 1443000   260 9.82
0.011 0.0343 34.74 34.00  97 78  1089000 1443000   260 9.82
0.014 0.0358 34.53 34.00  97 78  1089000 1443000   260 9.82
0.017 0.0342 34.35 34.00  97 78  1089000 1443000   260 9.82
0.020 0.0348 34.19 34.00  97 78  1089000 1443000   260 9.82
0.023 0.0356 34.06 34.00  97 78  1089000 1443000   260 9.82
0.025 0.0320 33.94 34.00  97 78  1089000 1443000   260 9.82
0.028 0.0367 33.84 34.00  97 78  1089000 1443000   260 9.82
0.031 0.0327 33.75 34.00  97 78  1089000 1443000   260 9.82
0.034 0.0344 33.66 34.00  97 78  1089000 1443000   260 9.82
0.037 0.0352 33.58 34.00  97 78  1089000 1443000   260 9.82
0.040 0.0323 33.49 34.00  97 78  1089000 1443000   260 9.82
0.042 0.0296 33.38 34.00  97 78  1089000 1443000   260 9.82
0.045 0.0329 33.25 34.00  97 78  1089000 1443000   260 9.82
0.048 0.0315 33.11 34.00  97 78  1089000 1443000   260 9.82
0.051 0.0332 32.96 34.00  97 78  1089000 1443000   260 9.82
0.054 0.0344 32.81 34.00  97 78  1089000 1443000   260 9.82
0.056 0.0328 32.67 34.00  97 78  1089000 1443000   260 9.82
0.059 0.0329 32.53 34.00  97 78  1089000 1443000   260 9.82
0.062 0.0337 32.39 34.00  97 78  1089000 1443000   260 9.82
0.065 0.0334 32.26 34.00  97 78  1089000 1443000   260 9.82
0.068 0.0332 32.14 34.00  97 78  1089000 1443000   260 9.82
0.071 0.0323 32.02 34.00  97 78  1089000 1443000   260 9.82
0.073 0.0324 31.90 34.00  97 78  1089000 1443000   260 9.82
0.076 0.0330 31.80 34.00  97 78  1089000 1443000   260 9.82
0.079 0.0284 31.69 34.00  97 78  1089000 1443000   260 9.82
0.082 0.0328 31.58 34.00  97 78  1089000 1443000   260 9.82
0.085 0.0283 31.47 34.00  97 78  1089000 1443000   260 9.82
0.088 0.0321 31.36 34.00  97 78  1089000 1443000   260 9.82
0.090 0.0300 31.24 34.00  97 78  1089000 1443000   260 9.82
0.093 0.0306 31.12 34.00  97 78  1089000 1443000   260 9.82
0.096 0.0300 31.01 34.00  97 78  1089000 1443000   260 9.82
0.099 0.0329 30.90 34.00  97 78  1089000 1443000   260 9.82
0.102 0.0328 30.82 34.00  97 78  1089000 1443000   260 9.82
0.105 0.0308 30.75 34.00  97 78  1089000 1443000   260 9.82
0.107 0.0302 30.71 34.00  97 78  1089000 1443000   260 9.82
0.110 0.0305 30.69 34.00  97 78  1089000 1443000   260 9.82
0.113 0.0311 30.69 34.00  97 78  1089000 1443000   260 9.82
0.116 0.0294 30.70 34.00  97 78  1089000 1443000   260 9.82
0.119 0.0315 30.72 34.00  97 78  1089000 1443000   260 9.82
0.121 0.0319 30.75 34.00  97 78  1089000 1443000   260 9.82
0.124 0.0295 30.78 34.00  97 78  1089000 1443000   260 9.82
0.127 0.0317 30.83 34.00  97 78  1089000 1443000   260 9.82
0.130 0.0308 30.87 34.00  97 78  1089000 1443000   260 9.82
0.133 0.0313 30.92 34.00  97 78  1089000 1443000   260 9.82
0.136 0.0293 30.97 34.00  97 78  1089000 1443000   260 9.82
0.138 0.0295 31.04 34.00  97 78  1089000 1443000   260 9.82
0.141 0.0336 31.13 34.00  97 78  1089000 1443000   260 9.82
0.144 0.0298 31.23 34.00  97 78  1089000 1443000   260 9.82
0.147 0.0326 31.35 34.00  97 78  1089000 1443000   260 9.82
0.150 0.0301 31.49 34.00  97 78  1089000 1443000   260 9.82
0.153 0.0327 31.65 34.00  97 78  1089000 1443000   260 9.82
0.155 0.0305 31.82 34.00  97 78  1089000 1443000   260 9.82
0.158 0.0325 32.00 34.00  97 78  1089000 1443000   260 9.82
0.161 0.0325 32.18 34.00  97 78  1089000 1443000   260 9.82
0.164 0.0326 32.37 34.00  97 78  1089000 1443000   260 9.82
0.167 0.0326 32.56 34.00  97 78  1089000 1443000   260 9.82
0.169 0.0339 32.74 34.00  97 78  1089000 1443000   260 9.82
0.172 0.0307 32.93 34.00  97 78  1089000 1443000   260 9.82
0.175 0.0344 33.11 34.00  97 78  1089000 1443000   260 9.82
0.178 0.0315 33.28 34.00  97 78  1089000 1443000   260 9.82
0.181 0.0359 33.45 34.00  97 78  1089000 1443000   260 9.82
0.184 0.0328 33.60 34.00  97 78  1089000 1443000   260 9.82
0.186 0.0323 33.75 34.00  97 78  1089000 1443000   260 9.82
0.189 0.0351 33.88 34.00  97 78  1089000 1443000   260 9.82
0.192 0.0361 34.02 34.00  97 78  1089000 1443000   260 9.82
0.195 0.0331 34.15 34.00  97 78  1089000 1443000   260 9.82
0.198 0.0339 34.27 34.00  97 78  1089000 1443000   260 9.82
0.201 0.0324 34.39 34.00  97 78  1089000 1443000   260 9.82
0.203 0.0370 34.49 34.00  97 78  1089000 1443000   260 9.82
0.206 0.0357 34.59 34.00  97 78  1089000 1443000   260 9.82
0.209 0.0341 34.68 34.00  97 78  1089000 1443000   260 9.82
0.212 0.0334 34.77 34.00  97 78  1089000 1443000   260 9.82
0.215 0.0344 34.84 34.00  97 78  1089000 1443000   260 9.82
0.218 0.0353 34.91 34.00  97 78  1089000 1443000   260 9.82
0.220 0.0350 34.98 34.00  97 78  1089000 1443000   260 9.82
0.223 0.0349 35.04 34.00  97 78  1089000 1443000   260 9.82
0.226 0.0348 35.10 34.00  97 78  1089000 1443000   260 9.82
0.229 0.0349 35.17 34.00  97 78  1089000 1443000   260 9.82
0.232 0.0373 35.24 34.00  97 78  1089000 1443000   260 9.82
0.234 0.0352 35.32 34.00  97 78  1089000 1443000   260 9.82
0.237 0.0355 35.42 34.00  97 78  1089000 1443000   260 9.82
0.240 0.0336 35.54 34.00  97 78  1089000 1443000   260 9.82
0.243 0.0385 35.65 34.00  97 78  1089000 1443000   260 9.82
0.246 0.0355 35.77 34.00  97 78  1089000 1443000   260 9.82
0.249 0.0329 35.89 34.00  97 78  1089000 1443000   260 9.82
0.251 0.0357 36.01 34.00  97 78  1089000 1443000   260 9.82
0.254 0.0357 36.13 34.00  97 78  1089000 1443000   260 9.82
0.257 0.0377 36.24 34.00  97 78  1089000 1443000   260 9.82
0.260 0.0352 36.35 34.00  97 78  1089000 1443000   260 9.82
0.263 0.0380 36.46 34.00  97 78  1089000 1443000   260 9.82
0.266 0.0358 36.56 34.00  97 78  1089000 1443000   260 9.82
0.268 0.0355 36.66 34.00  97 78  1089000 1443000   260 9.82
0.271 0.0377 36.76 34.00  97 78  1089000 1443000   260 9.82
0.274 0.0377 36.86 34.00  97 78  1089000 1443000   260 9.82
0.277 0.0382 36.96 34.00  97 78  1089000 1443000   260 9.82
0.280 0.0373 37.06 34.00  97 78  1089000 1443000   260 9.82
0.282 0.0375 37.14 34.00  97 78  1089000 1443000   260 9.82
0.285 0.0343 37.20 34.00  97 78  1089000 1443000   260 9.82
0.288 0.0407 37.24 34.00  97 78  1089000 1443000   260 9.82
0.291 0.0379 37.25 34.00  97 78  1089000 1443000   260 9.82
0.294 0.0345 37.24 34.00  97 78  1089000 1443000   260 9.82
0.297 0.0351 37.21 34.00  97 78  1089000 1443000   260 9.82
0.299 0.0368 37.18 34.00  97 78  1089000 1443000   260 9.82
0.302 0.0400 37.15 34.00  97 78  1089000 1443000   260 9.82
0.305 0.0399 37.13 34.00  97 78  1089000 1443000   260 9.82
0.308 0.0361 37.11 34.00  97 78  1089000 1443000   260 9.82
0.311 0.0336 37.11 34.00  97 78  1089000 1443000   260 9.82
0.314 0.0390 37.13 34.00  97 78  1089000 1443000   260 9.82
0.316 0.0388 37.17 34.00  97 78  1089000 1443000   260 9.82
0.319 0.0372 37.24 34.00  97 78  1089000 1443000   260 9.82
0.322 0.0403 37.34 34.00  97 78  1089000 1443000   260 9.82
0.325 0.0330 37.47 34.00  97 78  1089000 1443000   260 9.82
0.328 0.0375 37.64 34.00  97 78  1089000 1443000   260 9.82
0.331 0.0367 37.82 34.00  97 78  1089000 1443000   260 9.82
0.333 0.0351 38.02 34.00  97 78  1089000 1443000   260 9.82
0.336 0.0380 38.24 34.00  97 78  1089000 1443000   260 9.82
0.339 0.0361 38.46 34.00  97 78  1089000 1443000   260 9.82
0.342 0.0439 38.69 34.00  97 78  1089000 1443000   260 9.82
0.345 0.0390 38.93 34.00  97 78  1089000 1443000   260 9.82
0.347 0.0364 39.18 34.00  97 78  1089000 1443000   260 9.82
0.350 0.0433 39.42 34.00  97 78  1089000 1443000   260 9.82
0.353 0.0415 39.67 34.00  97 78  1089000 1443000   260 9.82
0.356 0.0376 39.92 34.00  97 78  1089000 1443000   260 9.82
0.359 0.0378 40.17 34.00  97 78  1089000 1443000   260 9.82
0.362 0.0403 40.42 34.00  97 78  1089000 1443000   260 9.82
0.364 0.0421 40.66 34.00  97 78  1089000 1443000   260 9.82
0.367 0.0450 40.89 34.00  97 78  1089000 1443000   260 9.82
0.370 0.0415 41.11 34.00  97 78  1089000 1443000   260 9.82
0.373 0.0407 41.33 34.00  97 78  1089000 1443000   260 9.82
0.376 0.0430 41.54 34.00  97 78  1089000 1443000   260 9.82
0.379 0.0367 41.73 34.00  97 78  1089000 1443000   260 9.82
0.381 0.0412 41.89 34.00  97 78  1089000 1443000   260 9.82
0.384 0.0434 42.05 34.00  97 78  1089000 1443000   260 9.82
0.387 0.0411 42.20 34.00  97 78  1089000 1443000   260 9.82
0.390 0.0417 42.35 34.00  97 78  1089000 1443000   260 9.82
0.393 0.0466 42.50 34.00  97 78  1089000 1443000   260 9.82
0.395 0.0383 42.66 34.00  97 78  1089000 1443000   260 9.82
0.398 0.0406 42.82 34.00  97 78  1089000 1443000   260 9.82
0.401 0.0471 42.98 34.00  97 78  1089000 1443000   260 9.82
0.404 0.0441 43.14 34.00  97 78  1089000 1443000   260 9.82
0.407 0.0418 43.31 34.00  97 78  1089000 1443000   260 9.82
0.410 0.0436 43.48 34.00  97 78  1089000 1443000   260 9.82
0.412 0.0455 43.66 34.00  97 78  1089000 1443000   260 9.82
0.415 0.0462 43.84 34.00  97 78  1089000 1443000   260 9.82
0.418 0.0421 44.03 34.00  97 78  1089000 1443000   260 9.82
0.421 0.0440 44.23 34.00  97 78  1089000 1443000   260 9.82
0.424 0.0436 44.41 34.00  97 78  1089000 1443000   260 9.82
0.427 0.0445 44.59 34.00  97 78  1089000 1443000   260 9.82
0.429 0.0423 44.75 34.00  97 78  1089000 1443000   260 9.82
0.432 0.0463 44.91 34.00  97 78  1089000 1443000   260 9.82
0.435 0.0437 45.07 34.00  97 78  1089000 1443000   260 9.82
0.438 0.0472 45.24 34.00  97 78  1089000 1443000   260 9.82
0.441 0.0469 45.42 34.00  97 78  1089000 1443000   260 9.82
0.444 0.0429 45.61 34.00  97 78  1089000 1443000   260 9.82
0.446 0.0442 45.80 34.00  97 78  1089000 1443000   260 9.82
0.449 0.0489 46.00 34.00  97 78  1089000 1443000   260 9.82
0.452 0.0466 46.20 34.00  97 78  1089000 1443000   260 9.82
0.455 0.0464 46.41 34.00  97 78  1089000 1443000   260 9.82
0.458 0.0464 46.62 34.00  97 78  1089000 1443000   260 9.82
0.460 0.0473 46.83 34.00  97 78  1089000 1443000   260 9.82
0.463 0.0463 47.04 34.00  97 78  1089000 1443000   260 9.82
0.466 0.0480 47.23 34.00  97 78  1089000 1443000   260 9.82
0.469 0.0460 47.42 34.00  97 78  1089000 1443000   260 9.82
0.472 0.0458 47.60 34.00  97 78  1089000 1443000   260 9.82
0.475 0.0498 47.78 34.00  97 78  1089000 1443000   260 9.82
0.477 0.0482 47.94 34.00  97 78  1089000 1443000   260 9.82
0.480 0.0485 48.10 34.00  97 78  1089000 1443000   260 9.82
0.483 0.0494 48.26 34.00  97 78  1089000 1443000   260 9.82
0.486 0.0483 48.41 34.00  97 78  1089000 1443000   260 9.82
0.489 0.0491 48.54 34.00  97 78  1089000 1443000   260 9.82
0.492 0.0463 48.67 34.00  97 78  1089000 1443000   260 9.82
0.494 0.0487 48.80 34.00  97 78  1089000 1443000   260 9.82
0.497 0.0495 48.92 34.00  97 78  1089000 1443000   260 9.82
0.500 0.0491 49.04 34.00  97 78  1089000 1443000   260 9.82
0.503 0.0509 49.16 34.00  97 78  1089000 1443000   260 9.82
0.506 0.0472 49.28 34.00  97 78  1089000 1443000   260 9.82
0.508 0.0497 49.41 34.00  97 78  1089000 1443000   260 9.82
0.511 0.0506 49.55 34.00  97 78  1089000 1443000   260 9.82
0.514 0.0495 49.70 34.00  97 78  1089000 1443000   260 9.82
0.517 0.0492 49.85 34.00  97 78  1089000 1443000   260 9.82
0.520 0.0514 50.01 34.00  97 78  1089000 1443000   260 9.82
0.523 0.0496 50.18 34.00  97 78  1089000 1443000   260 9.82
0.525 0.0507 50.37 34.00  97 78  1089000 1443000   260 9.82
0.528 0.0490 50.56 34.00  97 78  1089000 1443000   260 9.82
0.531 0.0511 50.76 34.00  97 78  1089000 1443000   260 9.82
0.534 0.0490 50.95 34.00  97 78  1089000 1443000   260 9.82
0.537 0.0504 51.15 34.00  97 78  1089000 1443000   260 9.82
0.540 0.0511 51.33 34.00  97 78  1089000 1443000   260 9.82
0.542 0.0525 51.51 34.00  97 78  1089000 1443000   260 9.82
0.545 0.0538 51.68 34.00  97 78  1089000 1443000   260 9.82
0.548 0.0527 51.86 34.00  97 78  1089000 1443000   260 9.82
0.551 0.0513 52.04 34.00  97 78  1089000 1443000   260 9.82
0.554 0.0529 52.22 34.00  97 78  1089000 1443000   260 9.82
0.556 0.0514 52.41 34.00  97 78  1089000 1443000   260 9.82
0.559 0.0538 52.59 34.00  97 78  1089000 1443000   260 9.82
0.562 0.0534 52.77 34.00  97 78  1089000 1443000   260 9.82
0.565 0.0518 52.95 34.00  97 78  1089000 1443000   260 9.82
0.568 0.0528 53.11 34.00  97 78  1089000 1443000   260 9.82
0.571 0.0537 53.28 34.00  97 78  1089000 1443000   260 9.82
0.573 0.0536 53.43 34.00  97 78  1089000 1443000   260 9.82
0.576 0.0535 53.58 34.00  97 78  1089000 1443000   260 9.82
0.579 0.0524 53.72 34.00  97 78  1089000 1443000   260 9.82
0.582 0.0532 53.86 34.00  97 78  1089000 1443000   260 9.82
0.585 0.0533 54.00 34.00  97 78  1089000 1443000   260 9.82
0.588 0.0545 54.14 34.00  97 78  1089000 1443000   260 9.82
0.590 0.0551 54.28 34.00  97 78  1089000 1443000   260 9.82
0.593 0.0545 54.42 34.00  97 78  1089000 1443000   260 9.82
0.596 0.0561 54.56 34.00  97 78  1089000 1443000   260 9.82
0.599 0.0544 54.71 34.00  97 78  1089000 1443000   260 9.82
0.602 0.0546 54.86 34.00  97 78  1089000 1443000   260 9.82
0.605 0.0560 55.01 34.00  97 78  1089000 1443000   260 9.82
0.607 0.0538 55.16 34.00  97 78  1089000 1443000   260 9.82
0.610 0.0542 55.31 34.00  97 78  1089000 1443000   260 9.82
0.613 0.0584 55.47 34.00  97 78  1089000 1443000   260 9.82
0.616 0.0542 55.63 34.00  97 78  1089000 1443000   260 9.82
0.619 0.0565 55.79 34.00  97 78  1089000 1443000   260 9.82
0.621 0.0543 55.96 34.00  97 78  1089000 1443000   260 9.82
0.624 0.0578 56.13 34.00  97 78  1089000 1443000   260 9.82
0.627 0.0569 56.31 34.00  97 78  1089000 1443000   260 9.82
0.630 0.0549 56.49 34.00  97 78  1089000 1443000   260 9.82
0.633 0.0572 56.68 34.00  97 78  1089000 1443000   260 9.82
0.636 0.0553 56.87 34.00  97 78  1089000 1443000   260 9.82
0.638 0.0568 57.08 34.00  97 78  1089000 1443000   260 9.82
0.641 0.0568 57.30 34.00  97 78  1089000 1443000   260 9.82
0.644 0.0583 57.53 34.00  97 78  1089000 1443000   260 9.82
0.647 0.0575 57.78 34.00  97 78  1089000 1443000   260 9.82
0.650 0.0601 58.03 34.00  97 78  1089000 1443000   260 9.82
0.653 0.0581 58.30 34.00  97 78  1089000 1443000   260 9.82
0.655 0.0582 58.57 34.00  97 78  1089000 1443000   260 9.82
0.658 0.0593 58.85 34.00  97 78  1089000 1443000   260 9.82
0.661 0.0590 59.14 34.00  97 78  1089000 1443000   260 9.82
0.664 0.0586 59.45 34.00  97 78  1089000 1443000   260 9.82
0.667 0.0596 59.77 34.00  97 78  1089000 1443000   260 9.82
0.669 0.0626 60.09 34.00  97 78  1089000 1443000   260 9.82
0.672 0.0579 60.42 34.00  97 78  1089000 1443000   260 9.82
0.675 0.0603 60.75 34.00  97 78  1089000 1443000   260 9.82
0.678 0.0620 61.07 34.00  97 78  1089000 1443000   260 9.82
0.681 0.0595 61.39 34.00  97 78  1089000 1443000   260 9.82
0.684 0.0638 61.69 34.00  97 78  1089000 1443000   260 9.82
0.686 0.0594 61.99 34.00  97 78  1089000 1443000   260 9.82
0.689 0.0640 62.28 34.00  97 78  1089000 1443000   260 9.82
0.692 0.0638 62.58 34.00  97 78  1089000 1443000   260 9.82
0.695 0.0608 62.89 34.00  97 78  1089000 1443000   260 9.82
0.698 0.0649 63.21 34.00  97 78  1089000 1443000   260 9.82
0.701 0.0608 63.54 34.00  97 78  1089000 1443000   260 9.82
0.703 0.0685 63.86 34.00  97 78  1089000 1443000   260 9.82
0.706 0.0628 64.17 34.00  97 78  1089000 1443000   260 9.82
0.709 0.0644 64.48 34.00  97 78  1089000 1443000   260 9.82
0.712 0.0653 64.78 34.00  97 78  1089000 1443000   260 9.82
0.715 0.0655 65.06 34.00  97 78  1089000 1443000   260 9.82
0.718 0.0649 65.33 34.00  97 78  1089000 1443000   260 9.82
0.720 0.0631 65.58 34.00  97 78  1089000 1443000   260 9.82
0.723 0.0652 65.82 34.00  97 78  1089000 1443000   260 9.82
0.726 0.0660 66.05 34.00  97 78  1089000 1443000   260 9.82
0.729 0.0683 66.27 34.00  97 78  1089000 1443000   260 9.82
0.732 0.0656 66.48 34.00  97 78  1089000 1443000   260 9.82
0.734 0.0654 66.69 34.00  97 78  1089000 1443000   260 9.82
0.737 0.0669 66.90 34.00  97 78  1089000 1443000   260 9.82
0.740 0.0707 67.10 34.00  97 78  1089000 1443000   260 9.82
0.743 0.0707 67.31 34.00  97 78  1089000 1443000   260 9.82
0.746 0.0634 67.51 34.00  97 78  1089000 1443000   260 9.82
0.749 0.0718 67.72 34.00  97 78  1089000 1443000   260 9.82
0.751 0.0617 67.92 34.00  97 78  1089000 1443000   260 9.82
0.754 0.0663 68.11 34.00  97 78  1089000 1443000   260 9.82
0.757 0.0694 68.29 34.00  97 78  1089000 1443000   260 9.82
0.760 0.0720 68.46 34.00  97 78  1089000 1443000   260 9.82
0.763 0.0659 68.62 34.00  97 78  1089000 1443000   260 9.82
0.766 0.0699 68.76 34.00  97 78  1089000 1443000   260 9.82
0.768 0.0668 68.87 34.00  97 78  1089000 1443000   260 9.82
0.771 0.0705 68.98 34.00  97 78  1089000 1443000   260 9.82
0.774 0.0686 69.07 34.00  97 78  1089000 1443000   260 9.82
0.777 0.0689 69.14 34.00  97 78  1089000 1443000   260 9.82
0.780 0.0705 69.20 34.00  97 78  1089000 1443000   260 9.82
0.782 0.0693 69.25 34.00  97 78  1089000 1443000   260 9.82
0.785 0.0703 69.28 34.00  97 78  1089000 1443000   260 9.82
0.788 0.0686 69.29 34.00  97 78  1089000 1443000   260 9.82
0.791 0.0690 69.28 34.00  97 78  1089000 1443000   260 9.82
0.794 0.0688 69.24 34.00  97 78  1089000 1443000   260 9.82
0.797 0.0728 69.18 34.00  97 78  1089000 1443000   260 9.82
0.799 0.0669 69.08 34.00  97 78  1089000 1443000   260 9.82
0.802 0.0678 68.96 34.00  97 78  1089000 1443000   260 9.82
0.805 0.0694 68.82 34.00  97 78  1089000 1443000   260 9.82
0.808 0.0689 68.66 34.00  97 78  1089000 1443000   260 9.82
0.811 0.0697 68.49 34.00  97 78  1089000 1443000   260 9.82
0.814 0.0679 68.32 34.00  97 78  1089000 1443000   260 9.82
0.816 0.0659 68.16 34.00  97 78  1089000 1443000   260 9.82
0.819 0.0706 68.00 34.00  97 78  1089000 1443000   260 9.82
0.822 0.0680 67.83 34.00  97 78  1089000 1443000   260 9.82
0.825 0.0661 67.67 34.00  97 78  1089000 1443000   260 9.82
0.828 0.0695 67.51 34.00  97 78  1089000 1443000   260 9.82
0.831 0.0631 67.37 34.00  97 78  1089000 1443000   260 9.82
0.833 0.0698 67.24 34.00  97 78  1089000 1443000   260 9.82
0.836 0.0646 67.12 34.00  97 78  1089000 1443000   260 9.82
0.839 0.0696 67.02 34.00  97 78  1089000 1443000   260 9.82
0.842 0.0680 66.94 34.00  97 78  1089000 1443000   260 9.82
0.845 0.0634 66.87 34.00  97 78  1089000 1443000   260 9.82
0.847 0.0665 66.82 34.00  97 78  1089000 1443000   260 9.82
0.850 0.0697 66.78 34.00  97 78  1089000 1443000   260 9.82
0.853 0.0652 66.74 34.00  97 78  1089000 1443000   260 9.82
0.856 0.0666 66.71 34.00  97 78  1089000 1443000   260 9.82
0.859 0.0667 66.68 34.00  97 78  1089000 1443000   260 9.82
0.862 0.0691 66.65 34.00  97 78  1089000 1443000   260 9.82
0.864 0.0637 66.62 34.00  97 78  1089000 1443000   260 9.82
0.867 0.0668 66.59 34.00  97 78  1089000 1443000   260 9.82
0.870 0.0663 66.56 34.00  97 78  1089000 1443000   260 9.82
0.873 0.0670 66.52 34.00  97 78  1089000 1443000   260 9.82
0.876 0.0665 66.48 34.00  97 78  1089000 1443000   260 9.82
0.879 0.0672 66.44 34.00  97 78  1089000 1443000   260 9.82
0.881 0.0661 66.40 34.00  97 78  1089000 1443000   260 9.82
0.884 0.0684 66.35 34.00  97 78  1089000 1443000   260 9.82
0.887 0.0669 66.32 34.00  97 78  1089000 1443000   260 9.82
0.890 0.0650 66.31 34.00  97 78  1089000 1443000   260 9.82
0.893 0.0650 66.30 34.00  97 78  1089000 1443000   260 9.82
0.895 0.0686 66.29 34.00  97 78  1089000 1443000   260 9.82
0.898 0.0658 66.29 34.00  97 78  1089000 1443000   260 9.82
0.901 0.0626 66.28 34.00  97 78  1089000 1443000   260 9.82
0.904 0.0664 66.27 34.00  97 78  1089000 1443000   260 9.82
0.907 0.0655 66.26 34.00  97 78  1089000 1443000   260 9.82
0.910 0.0677 66.25 34.00  97 78  1089000 1443000   260 9.82
0.912 0.0684 66.25 34.00  97 78  1089000 1443000   260 9.82
0.915 0.0646 66.24 34.00  97 78  1089000 1443000   260 9.82
0.918 0.0660 66.24 34.00  97 78  1089000 1443000   260 9.82
0.921 0.0661 66.24 34.00  97 78  1089000 1443000   260 9.82
0.924 0.0668 66.24 34.00  97 78  1089000 1443000   260 9.82
0.927 0.0663 66.24 34.00  97 78  1089000 1443000   260 9.82
0.929 0.0645 66.25 34.00  97 78  1089000 1443000   260 9.82
0.932 0.0680 66.25 34.00  97 78  1089000 1443000   260 9.82
0.935 0.0703 66.24 34.00  97 78  1089000 1443000   260 9.82
0.938 0.0659 66.21 34.00  97 78  1089000 1443000   260 9.82
0.941 0.0639 66.16 34.00  97 78  1089000 1443000   260 9.82
0.944 0.0675 66.10 34.00  97 78  1089000 1443000   260 9.82
0.946 0.0617 66.03 34.00  97 78  1089000 1443000   260 9.82
0.949 0.0653 65.96 34.00  97 78  1089000 1443000   260 9.82
0.952 0.0693 65.89 34.00  97 78  1089000 1443000   260 9.82
0.955 0.0650 65.84 34.00  97 78  1089000 1443000   260 9.82
0.958 0.0671 65.81 34.00  97 78  1089000 1443000   260 9.82
0.960 0.0659 65.80 34.00  97 78  1089000 1443000   260 9.82
0.963 0.0669 65.84 34.00  97 78  1089000 1443000   260 9.82
0.966 0.0642 65.90 34.00  97 78  1089000 1443000   260 9.82
0.969 0.0651 65.99 34.00  97 78  1089000 1443000   260 9.82
0.972 0.0659 66.08 34.00  97 78  1089000 1443000   260 9.82
0.975 0.0674 66.18 34.00  97 78  1089000 1443000   260 9.82
0.977 0.0636 66.28 34.00  97 78  1089000 1443000   260 9.82
0.980 0.0668 66.38 34.00  97 78  1089000 1443000   260 9.82
0.983 0.0652 66.49 34.00  97 78  1089000 1443000   260 9.82
0.986 0.0638 66.58 34.00  97 78  1089000 1443000   260 9.82
0.989 0.0656 66.67 34.00  97 78  1089000 1443000   260 9.82
0.992 0.0706 66.74 34.00  97 78  1089000 1443000   260 9.82
0.994 0.0671 66.79 34.00  97 78  1089000 1443000   260 9.82
0.997 0.0696 66.80 34.00  97 78  1089000 1443000   260 9.82
1.000 0.0664 66.80 34.00  97 78  1089000 1443000   260 9.82
1.003 0.0681 66.77 34.00  97 78  1089000 1443000   260 9.82
1.006 0.0653 66.74 34.00  97 78  1089000 1443000   260 9.82
1.008 0.0725 66.68 34.00  97 78  1089000 1443000   260 9.82
1.011 0.0628 66.61 34.00  97 78  1089000 1443000   260 9.82
1.014 0.0691 66.50 34.00  97 78  1089000 1443000   260 9.82
1.017 0.0645 66.37 34.00  97 78  1089000 1443000   260 9.82
1.020 0.0634 66.20 34.00  97 78  1089000 1443000   260 9.82
1.023 0.0643 66.00 34.00  97 78  1089000 1443000   260 9.82
1.025 0.0666 65.79 34.00  97 78  1089000 1443000   260 9.82
1.028 0.0668 65.57 34.00  97 78  1089000 1443000   260 9.82
1.031 0.0650 65.36 34.00  97 78  1089000 1443000   260 9.82
1.034 0.0692 65.17 34.00  97 78  1089000 1443000   260 9.82
1.037 0.0631 65.00 34.00  97 78  1089000 1443000   260 9.82
1.040 0.0624 64.87 34.00  97 78  1089000 1443000   260 9.82
1.042 0.0637 64.78 34.00  97 78  1089000 1443000   260 9.82
1.045 0.0659 64.73 34.00  97 78  1089000 1443000   260 9.82
1.048 0.0641 64.71 34.00  97 78  1089000 1443000   260 9.82
1.051 0.0623 64.72 34.00  97 78  1089000 1443000   260 9.82
1.054 0.0699 64.75 34.00  97 78  1089000 1443000   260 9.82
1.056 0.0638 64.78 34.00  97 78  1089000 1443000   260 9.82
1.059 0.0641 64.82 34.00  97 78  1089000 1443000   260 9.82
1.062 0.0605 64.85 34.00  97 78  1089000 1443000   260 9.82
1.065 0.0671 64.85 34.00  97 78  1089000 1443000   260 9.82
1.068 0.0643 64.83 34.00  97 78  1089000 1443000   260 9.82
1.071 0.0625 64.79 34.00  97 78  1089000 1443000   260 9.82
1.073 0.0659 64.72 34.00  97 78  1089000 1443000   260 9.82
1.076 0.0697 64.64 34.00  97 78  1089000 1443000   260 9.82
1.079 0.0626 64.56 34.00  97 78  1089000 1443000   260 9.82
1.082 0.0676 64.48 34.00  97 78  1089000 1443000   260 9.82
1.085 0.0669 64.41 34.00  97 78  1089000 1443000   260 9.82
1.088 0.0635 64.34 34.00  97 78  1089000 1443000   260 9.82
1.090 0.0618 64.28 34.00  97 78  1089000 1443000   260 9.82
1.093 0.0644 64.22 34.00  97 78  1089000 1443000   260 9.82
1.096 0.0655 64.17 34.00  97 78  1089000 1443000   260 9.82
1.099 0.0635 64.13 34.00  97 78  1089000 1443000   260 9.82
1.102 0.0636 64.10 34.00  97 78  1089000 1443000   260 9.82
1.105 0.0621 64.07 34.00  97 78  1089000 1443000   260 9.82
1.107 0.0646 64.04 34.00  97 78  1089000 1443000   260 9.82
1.110 0.0630 64.02 34.00  97 78  1089000 1443000   260 9.82
1.113 0.0599 64.01 34.00  97 78  1089000 1443000   260 9.82
1.116 0.0606 64.02 34.00  97 78  1089000 1443000   260 9.82
1.119 0.0672 64.03 34.00  97 78  1089000 1443000   260 9.82
1.121 0.0657 64.06 34.00  97 78  1089000 1443000   260 9.82
1.124 0.0662 64.11 34.00  97 78  1089000 1443000   260 9.82
1.127 0.0635 64.18 34.00  97 78  1089000 1443000   260 9.82
1.130 0.0670 64.26 34.00  97 78  1089000 1443000   260 9.82
1.133 0.0647 64.35 34.00  97 78  1089000 1443000   260 9.82
1.136 0.0651 64.44 34.00  97 78  1089000 1443000   260 9.82
1.138 0.0635 64.52 34.00  97 78  1089000 1443000   260 9.82
1.141 0.0688 64.59 34.00  97 78  1089000 1443000   260 9.82
1.144 0.0594 64.64 34.00  97 78  1089000 1443000   260 9.82
1.147 0.0666 64.67 34.00  97 78  1089000 1443000   260 9.82
1.150 0.0612 64.70 34.00  97 78  1089000 1443000   260 9.82
1.153 0.0651 64.72 34.00  97 78  1089000 1443000   260 9.82
1.155 0.0650 64.72 34.00  97 78  1089000 1443000   260 9.82
1.158 0.0648 64.72 34.00  97 78  1089000 1443000   260 9.82
1.161 0.0667 64.71 34.00  97 78  1089000 1443000   260 9.82
1.164 0.0657 64.69 34.00  97 78  1089000 1443000   260 9.82
1.167 0.0624 64.68 34.00  97 78  1089000 1443000   260 9.82
1.169 0.0609 64.68 34.00  97 78  1089000 1443000   260 9.82
1.172 0.0683 64.69 34.00  97 78  1089000 1443000   260 9.82
1.175 0.0644 64.71 34.00  97 78  1089000 1443000   260 9.82
1.178 0.0640 64.75 34.00  97 78  1089000 1443000   260 9.82
1.181 0.0638 64.80 34.00  97 78  1089000 1443000   260 9.82
1.184 0.0699 64.85 34.00  97 78  1089000 1443000   260 9.82
1.186 0.0606 64.90 34.00  97 78  1089000 1443000   260 9.82
1.189 0.0669 64.94 34.00  97 78  1089000 1443000   260 9.82
1.192 0.0630 64.97 34.00  97 78  1089000 1443000   260 9.82
1.195 0.0669 64.99 34.00  97 78  1089000 1443000   260 9.82
1.198 0.0654 64.99 34.00  97 78  1089000 1443000   260 9.82
1.201 0.0661 64.98 34.00  97 78  1089000 1443000   260 9.82
1.203 0.0644 64.95 34.00  97 78  1089000 1443000   260 9.82
1.206 0.0611 64.91 34.00  97 78  1089000 1443000   260 9.82
1.209 0.0671 64.85 34.00  97 78  1089000 1443000   260 9.82
1.212 0.0617 64.77 34.00  97 78  1089000 1443000   260 9.82
1.215 0.0680 64.69 34.00  97 78  1089000 1443000   260 9.82
1.218 0.0654 64.59 34.00  97 78  1089000 1443000   260 9.82
1.220 0.0640 64.49 34.00  97 78  1089000 1443000   260 9.82
1.223 0.0651 64.39 34.00  97 78  1089000 1443000   260 9.82
1.226 0.0636 64.30 34.00  97 78  1089000 1443000   260 9.82
1.229 0.0653 64.23 34.00  97 78  1089000 1443000   260 9.82
1.232 0.0671 64.16 34.00  97 78  1089000 1443000   260 9.82
1.234 0.0634 64.11 34.00  97 78  1089000 1443000   260 9.82
1.237 0.0605 64.06 34.00  97 78  1089000 1443000   260 9.82
1.240 0.0625 64.02 34.00  97 78  1089000 1443000   260 9.82
1.243 0.0661 63.99 34.00  97 78  1089000 1443000   260 9.82
1.246 0.0637 63.96 34.00  97 78  1089000 1443000   260 9.82
1.249 0.0623 63.94 34.00  97 78  1089000 1443000   260 9.82
1.251 0.0630 63.93 34.00  97 78  1089000 1443000   260 9.82
1.254 0.0642 63.92 34.00  97 78  1089000 1443000   260 9.82
1.257 0.0627 63.91 34.00  97 78  1089000 1443000   260 9.82
1.260 0.0647 63.91 34.00  97 78  1089000 1443000   260 9.82
1.263 0.0651 63.91 34.00  97 78  1089000 1443000   260 9.82
1.266 0.0643 63.92 34.00  97 78  1089000 1443000   260 9.82
1.268 0.0655 63.94 34.00  97 78  1089000 1443000   260 9.82
1.271 0.0632 63.96 34.00  97 78  1089000 1443000   260 9.82
1.274 0.0660 63.98 34.00  97 78  1089000 1443000   260 9.82
1.277 0.0630 63.99 34.00  97 78  1089000 1443000   260 9.82
1.280 0.0649 64.00 34.00  97 78  1089000 1443000   260 9.82
1.282 0.0616 63.99 34.00  97 78  1089000 1443000   260 9.82
1.285 0.0633 63.99 34.00  97 78  1089000 1443000   260 9.82
1.288 0.0650 63.96 34.00  97 78  1089000 1443000   260 9.82
1.291 0.0654 63.93 34.00  97 78  1089000 1443000   260 9.82
1.294 0.0632 63.89 34.00  97 78  1089000 1443000   260 9.82
1.297 0.0638 63.85 34.00  97 78  1089000 1443000   260 9.82
1.299 0.0643 63.81 34.00  97 78  1089000 1443000   260 9.82
1.302 0.0627 63.79 34.00  97 78  1089000 1443000   260 9.82
1.305 0.0625 63.77 34.00  97 78  1089000 1443000   260 9.82
1.308 0.0646 63.75 34.00  97 78  1089000 1443000   260 9.82
1.311 0.0644 63.75 34.00  97 78  1089000 1443000   260 9.82
1.314 0.0649 63.76 34.00  97 78  1089000 1443000   260 9.82
1.316 0.0618 63.79 34.00  97 78  1089000 1443000   260 9.82
1.319 0.0628 63.82 34.00  97 78  1089000 1443000   260 9.82
1.322 0.0641 63.87 34.00  97 78  1089000 1443000   260 9.82
1.325 0.0659 63.92 34.00  97 78  1089000 1443000   260 9.82
1.328 0.0633 63.97 34.00  97 78  1089000 1443000   260 9.82
1.331 0.0641 64.02 34.00  97 78  1089000 1443000   260 9.82
1.333 0.0663 64.06 34.00  97 78  1089000 1443000   260 9.82
1.336 0.0626 64.10 34.00  97 78  1089000 1443000   260 9.82
1.339 0.0612 64.14 34.00  97 78  1089000 1443000   260 9.82
1.342 0.0652 64.17 34.00  97 78  1089000 1443000   260 9.82
1.345 0.0654 64.21 34.00  97 78  1089000 1443000   260 9.82
1.347 0.0652 64.25 34.00  97 78  1089000 1443000   260 9.82
1.350 0.0639 64.28 34.00  97 78  1089000 1443000   260 9.82
1.353 0.0655 64.31 34.00  97 78  1089000 1443000   260 9.82
1.356 0.0624 64.33 34.00  97 78  1089000 1443000   260 9.82
1.359 0.0660 64.36 34.00  97 78  1089000 1443000   260 9.82
1.362 0.0630 64.39 34.00  97 78  1089000 1443000   260 9.82
1.364 0.0640 64.43 34.00  97 78  1089000 1443000   260 9.82
1.367 0.0669 64.47 34.00  97 78  1089000 1443000   260 9.82
1.370 0.0650 64.52 34.00  97 78  1089000 1443000   260 9.82
1.373 0.0632 64.58 34.00  97 78  1089000 1443000   260 9.82
1.376 0.0642 64.64 34.00  97 78  1089000 1443000   260 9.82
1.379 0.0635 64.71 34.00  97 78  1089000 1443000   260 9.82
1.381 0.0643 64.78 34.00  97 78  1089000 1443000   260 9.82
1.384 0.0640 64.85 34.00  97 78  1089000 1443000   260 9.82
1.387 0.0640 64.93 34.00  97 78  1089000 1443000   260 9.82
1.390 0.0704 65.00 34.00  97 78  1089000 1443000   260 9.82
1.393 0.0623 65.08 34.00  97 78  1089000 1443000   260 9.82
1.395 0.0661 65.17 34.00  97 78  1089000 1443000   260 9.82
1.398 0.0639 65.26 34.00  97 78  1089000 1443000   260 9.82
1.401 0.0650 65.35 34.00  97 78  1089000 1443000   260 9.82
1.404 0.0663 65.44 34.00  97 78  1089000 1443000   260 9.82
1.407 0.0657 65.53 34.00  97 78  1089000 1443000   260 9.82
1.410 0.0663 65.60 34.00  97 78  1089000 1443000   260 9.82
1.412 0.0660 65.67 34.00  97 78  1089000 1443000   260 9.82
1.415 0.0655 65.72 34.00  97 78  1089000 1443000   260 9.82
1.418 0.0661 65.77 34.00  97 78  1089000 1443000   260 9.82
1.421 0.0649 65.80 34.00  97 78  1089000 1443000   260 9.82
1.424 0.0671 65.82 34.00  97 78  1089000 1443000   260 9.82
1.427 0.0630 65.84 34.00  97 78  1089000 1443000   260 9.82
1.429 0.0674 65.85 34.00  97 78  1089000 1443000   260 9.82
1.432 0.0677 65.86 34.00  97 78  1089000 1443000   260 9.82
1.435 0.0622 65.87 34.00  97 78  1089000 1443000   260 9.82
1.438 0.0687 65.89 34.00  97 78  1089000 1443000   260 9.82
1.441 0.0678 65.92 34.00  97 78  1089000 1443000   260 9.82
1.444 0.0640 65.95 34.00  97 78  1089000 1443000   260 9.82
1.446 0.0651 65.99 34.00  97 78  1089000 1443000   260 9.82
1.449 0.0659 66.03 34.00  97 78  1089000 1443000   260 9.82
1.452 0.0680 66.07 34.00  97 78  1089000 1443000   260 9.82
1.456 0.0624 66.11 34.00  97 78  1089000 1443000   260 9.82
1.459 0.0681 66.16 34.00  97 78  1089000 1443000   260 9.82
1.462 0.0650 66.22 34.00  97 78  1089000 1443000   260 9.82
1.466 0.0665 66.28 34.00  97 78  1089000 1443000   260 9.82
1.470 0.0667 66.34 34.00  97 78  1089000 1443000   260 9.82
1.474 0.0649 66.40 34.00  97 78  1089000 1443000   260 9.82
1.478 0.0686 66.47 34.00  97 78  1089000 1443000   260 9.82
1.482 0.0674 66.53 34.00  97 78  1089000 1443000   260 9.82
1.486 0.0659 66.60 34.00  97 78  1089000 1443000   260 9.82
1.491 0.0673 66.68 34.00  97 78  1089000 1443000   260 9.82
1.496 0.0665 66.75 34.00  97 78  1089000 1443000   260 9.82
1.501 0.0667 66.82 34.00  97 78  1089000 1443000   260 9.82
1.506 0.0662 66.90 34.00  97 78  1089000 1443000   260 9.82
1.512 0.0668 66.96 34.00  97 78  1089000 1443000   260 9.82
1.517 0.0671 67.02 34.00  97 78  1089000 1443000   260 9.82
1.523 0.0679 67.07 34.00  97 78  1089000 1443000   260 9.82
1.530 0.0663 67.10 34.00  97 78  1089000 1443000   260 9.82
1.536 0.0674 67.12 34.00  97 78  1089000 1443000   260 9.82
1.543 0.0663 67.13 34.00  97 78  1089000 1443000   260 9.82
1.550 0.0680 67.14 34.00  97 78  1089000 1443000   260 9.82
1.557 0.0683 67.14 34.00  97 78  1089000 1443000   260 9.82
1.565 0.0665 67.15 34.00  97 78  1089000 1443000   260 9.82
1.573 0.0664 67.15 34.00  97 78  1089000 1443000   260 9.82
1.581 0.0676 67.17 34.00  97 78  1089000 1443000   260 9.82
1.589 0.0679 67.18 34.00  97 78  1089000 1443000   260 9.82
1.598 0.0668 67.20 34.00  97 78  1089000 1443000   260 9.82
1.608 0.0682 67.23 34.00  97 78  1089000 1443000   260 9.82
1.618 0.0671 67.26 34.00  97 78  1089000 1443000   260 9.82
1.628 0.0668 67.29 34.00  97 78  1089000 1443000   260 9.82
1.638 0.0673 67.32 34.00  97 78  1089000 1443000   260 9.82
1.649 0.0664 67.36 34.00  97 78  1089000 1443000   260 9.82
1.661 0.0671 67.40 34.00  97 78  1089000 1443000   260 9.82
1.673 0.0673 67.44 34.00  97 78  1089000 1443000   260 9.82
1.685 0.0668 67.49 34.00  97 78  1089000 1443000   260 9.82
1.698 0.0674 67.54 34.00  97 78  1089000 1443000   260 9.82
1.712 0.0679 67.59 34.00  97 78  1089000 1443000   260 9.82
1.726 0.0682 67.64 34.00  97 78  1089000 1443000   260 9.82
1.740 0.0674 67.68 34.00  97 78  1089000 1443000   260 9.82
1.754 0.0685 67.71 34.00  97 78  1089000 1443000   260 9.82
1.768 0.0679 67.73 34.00  97 78  1089000 1443000   260 9.82
1.782 0.0675 67.73 34.00  97 78  1089000 1443000   260 9.82
1.797 0.0678 67.71 34.00  97 78  1089000 1443000   260 9.82
1.811 0.0681 67.67 34.00  97 78  1089000 1443000   260 9.82
1.825 0.0676 67.60 34.00  97 78  1089000 1443000   260 9.82
1.839 0.0678 67.51 34.00  97 78  1089000 1443000   260 9.82
1.853 0.0679 67.40 34.00  97 78  1089000 1443000   260 9.82
1.867 0.0678 67.26 34.00  97 78  1089000 1443000   260 9.82
1.881 0.0672 67.10 34.00  97 78  1089000 1443000   260 9.82
1.895 0.0671 66.93 34.00  97 78  1089000 1443000   260 9.82
1.910 0.0682 66.74 34.00  97 78  1089000 1443000   260 9.82
1.924 0.0674 66.55 34.00  97 78  1089000 1443000   260 9.82
1.938 0.0663 66.36 34.00  97 78  1089000 1443000   260 9.82
1.952 0.0664 66.18 34.00  97 78  1089000 1443000   260 9.82
1.966 0.0662 66.02 34.00  97 78  1089000 1443000   260 9.82
1.980 0.0660 65.88 34.00  97 78  1089000 1443000   260 9.82
1.994 0.0658 65.77 34.00  97 78  1089000 1443000   260 9.82
2.008 0.0656 65.71 34.00  97 78  1089000 1443000   260 9.82
2.023 0.0672 65.70 34.00  97 78  1089000 1443000   260 9.82
2.037 0.0668 65.78 34.00  97 78  1089000 1443000   260 9.82
2.051 0.0659 65.97 34.00  97 78  1089000 1443000   260 9.82
2.065 0.0676 66.30 34.00  97 78  1089000 1443000   260 9.82
2.079 0.0678 66.81 34.00  97 78  1089000 1443000   260 9.82
2.093 0.0679 67.54 34.00  97 78  1089000 1443000   260 9.82
2.107 0.0694 68.53 34.00  97 78  1089000 1443000   260 9.82
2.121 0.0705 69.80 34.00  97 78  1089000 1443000   260 9.82
2.136 0.0715 71.37 34.00  97 78  1089000 1443000   260 9.82
2.150 0.0721 73.25 34.00  97 78  1089000 1443000   260 9.82
2.164 0.0747 75.47 34.00  97 78  1089000 1443000   260 9.82
2.178 0.0769 78.02 34.00  97 78  1089000 1443000   260 9.82
2.192 0.0798 80.90 34.00  97 78  1089000 1443000   260 9.82
2.206 0.0826 84.09 34.00  97 78  1089000 1443000   260 9.82
2.220 0.0848 87.60 34.00  97 78  1089000 1443000   260 9.82
2.234 0.0906 91.42 34.00  97 78  1089000 1443000   260 9.82
2.249 0.0945 95.67 34.00  97 78  1089000 1443000   260 9.82
2.263 0.1010 101.68 34.00  97 78  1089000 1443000   260 9.82
2.277 0.1074 110.10 34.00  97 78  1089000 1443000   260 9.82
2.291 0.1155 119.28 34.00  97 78  1089000 1443000   260 9.82
2.305 0.1218 128.32 34.00  97 78  1089000 1443000   260 9.82
2.319 0.1291 136.92 34.00  97 78  1089000 1443000   260 9.82
2.333 0.1383 145.00 34.00  97 78  1089000 1443000   260 9.82
2.347 0.1418 152.57 34.00  97 78  1089000 1443000   260 9.82
2.362 0.1518 159.66 34.00  97 78  1089000 1443000   260 9.82
2.376 0.1598 166.32 34.00  97 78  1089000 1443000   260 9.82
2.390 0.1667 172.57 34.00  97 78  1089000 1443000   260 9.82
2.404 0.1755 178.47 34.00  97 78  1089000 1443000   260 9.82
2.418 0.1887 184.03 34.00  97 78  1089000 1443000   260 9.82
2.432 0.2002 189.29 34.00  97 78  1089000 1443000   260 9.82
2.446 0.2160 194.26 34.00  97 78  1089000 1443000   260 9.82
2.460 0.2294 198.94 34.00  97 78  1089000 1443000   260 9.82
2.475 0.2421 203.35 34.00  97 78  1089000 1443000   260 9.82
2.489 0.2729 207.46 34.00  97 78  1089000 1443000   260 9.82
2.503 0.2976 211.28 34.00  97 78  1089000 1443000   260 9.82
2.517 0.3218 214.79 34.00  97 78  1089000 1443000   260 9.82
2.531 0.3448 217.95 34.00  97 78  1089000 1443000   260 9.82
2.545 0.3678 220.73 34.00  97 78  1089000 1443000   260 9.82
2.559 0.0000 223.09 34.00  97 78  1089000 1443000   260 9.82
2.573 0.0000 224.98 34.00  97 78  1089000 1443000   260 9.82
