     x     qy smooth tpara  cd  zL     xTr    xCpl frame tma
-1.693 0.2105 165.92 56.10  91 78   850000 1352000   260 9.92
-1.683 0.1612 156.27 56.10  91 78   850000 1352000   260 9.92
-1.673 0.1557 147.07 56.10  91 78   850000 1352000   260 9.92
-1.663 0.1309 138.34 56.10  91 78   850000 1352000   260 9.92
-1.653 0.1312 130.04 56.10  91 78   850000 1352000   260 9.92
-1.643 0.1015 122.18 56.10  91 78   850000 1352000   260 9.92
-1.633 0.0995 114.74 56.10  91 78   850000 1352000   260 9.92
-1.624 0.0921 107.71 56.10  91 78   850000 1352000   260 9.92
-1.614 0.0870 101.10 56.10  91 78   850000 1352000   260 9.92
-1.604 0.0824 94.88 56.10  91 78   850000 1352000   260 9.92
-1.594 0.0791 89.07 56.10  91 78   850000 1352000   260 9.92
-1.584 0.0749 83.64 56.10  91 78   850000 1352000   260 9.92
-1.574 0.0703 78.62 56.10  91 78   850000 1352000   260 9.92
-1.564 0.0688 73.99 56.10  91 78   850000 1352000   260 9.92
-1.554 0.0664 69.76 56.10  91 78   850000 1352000   260 9.92
-1.544 0.0646 65.94 56.10  91 78   850000 1352000   260 9.92
-1.534 0.0631 62.54 56.10  91 78   850000 1352000   260 9.92
-1.524 0.0606 59.58 56.10  91 78   850000 1352000   260 9.92
-1.514 0.0588 57.07 56.10  91 78   850000 1352000   260 9.92
-1.504 0.0580 55.04 56.10  91 78   850000 1352000   260 9.92
-1.494 0.0551 53.52 56.10  91 78   850000 1352000   260 9.92
-1.484 0.0545 52.52 56.10  91 78   850000 1352000   260 9.92
-1.474 0.0541 51.94 56.10  91 78   850000 1352000   260 9.92
-1.464 0.0528 51.42 56.10  91 78   850000 1352000   260 9.92
-1.454 0.0509 50.53 56.10  91 78   850000 1352000   260 9.92
-1.444 0.0509 49.64 56.10  91 78   850000 1352000   260 9.92
-1.434 0.0483 48.76 56.10  91 78   850000 1352000   260 9.92
-1.424 0.0488 47.91 56.10  91 78   850000 1352000   260 9.92
-1.414 0.0480 47.10 56.10  91 78   850000 1352000   260 9.92
-1.404 0.0471 46.34 56.10  91 78   850000 1352000   260 9.92
-1.394 0.0460 45.63 56.10  91 78   850000 1352000   260 9.92
-1.384 0.0452 44.98 56.10  91 78   850000 1352000   260 9.92
-1.375 0.0436 44.39 56.10  91 78   850000 1352000   260 9.92
-1.365 0.0445 43.87 56.10  91 78   850000 1352000   260 9.92
-1.355 0.0436 43.41 56.10  91 78   850000 1352000   260 9.92
-1.345 0.0427 43.02 56.10  91 78   850000 1352000   260 9.92
-1.335 0.0415 42.70 56.10  91 78   850000 1352000   260 9.92
-1.325 0.0415 42.43 56.10  91 78   850000 1352000   260 9.92
-1.315 0.0416 42.21 56.10  91 78   850000 1352000   260 9.92
-1.305 0.0407 42.05 56.10  91 78   850000 1352000   260 9.92
-1.295 0.0418 41.93 56.10  91 78   850000 1352000   260 9.92
-1.285 0.0410 41.86 56.10  91 78   850000 1352000   260 9.92
-1.275 0.0427 41.82 56.10  91 78   850000 1352000   260 9.92
-1.265 0.0424 41.82 56.10  91 78   850000 1352000   260 9.92
-1.255 0.0424 41.83 56.10  91 78   850000 1352000   260 9.92
-1.245 0.0420 41.87 56.10  91 78   850000 1352000   260 9.92
-1.235 0.0416 41.91 56.10  91 78   850000 1352000   260 9.92
-1.225 0.0434 41.96 56.10  91 78   850000 1352000   260 9.92
-1.215 0.0424 42.02 56.10  91 78   850000 1352000   260 9.92
-1.205 0.0430 42.06 56.10  91 78   850000 1352000   260 9.92
-1.195 0.0426 42.10 56.10  91 78   850000 1352000   260 9.92
-1.185 0.0420 42.11 56.10  91 78   850000 1352000   260 9.92
-1.175 0.0426 42.11 56.10  91 78   850000 1352000   260 9.92
-1.165 0.0420 42.09 56.10  91 78   850000 1352000   260 9.92
-1.155 0.0414 42.05 56.10  91 78   850000 1352000   260 9.92
-1.145 0.0420 42.00 56.10  91 78   850000 1352000   260 9.92
-1.135 0.0422 41.93 56.10  91 78   850000 1352000   260 9.92
-1.125 0.0424 41.86 56.10  91 78   850000 1352000   260 9.92
-1.116 0.0409 41.77 56.10  91 78   850000 1352000   260 9.92
-1.106 0.0413 41.69 56.10  91 78   850000 1352000   260 9.92
-1.096 0.0414 41.61 56.10  91 78   850000 1352000   260 9.92
-1.086 0.0415 41.53 56.10  91 78   850000 1352000   260 9.92
-1.076 0.0411 41.45 56.10  91 78   850000 1352000   260 9.92
-1.066 0.0419 41.37 56.10  91 78   850000 1352000   260 9.92
-1.056 0.0416 41.30 56.10  91 78   850000 1352000   260 9.92
-1.046 0.0414 41.22 56.10  91 78   850000 1352000   260 9.92
-1.036 0.0408 41.15 56.10  91 78   850000 1352000   260 9.92
-1.026 0.0411 41.09 56.10  91 78   850000 1352000   260 9.92
-1.016 0.0412 41.03 56.10  91 78   850000 1352000   260 9.92
-1.006 0.0405 40.97 56.10  91 78   850000 1352000   260 9.92
-0.996 0.0411 40.92 56.10  91 78   850000 1352000   260 9.92
-0.986 0.0415 40.87 56.10  91 78   850000 1352000   260 9.92
-0.976 0.0412 40.82 56.10  91 78   850000 1352000   260 9.92
-0.966 0.0412 40.78 56.10  91 78   850000 1352000   260 9.92
-0.956 0.0399 40.74 56.10  91 78   850000 1352000   260 9.92
-0.946 0.0407 40.70 56.10  91 78   850000 1352000   260 9.92
-0.936 0.0401 40.68 56.10  91 78   850000 1352000   260 9.92
-0.926 0.0406 40.65 56.10  91 78   850000 1352000   260 9.92
-0.916 0.0406 40.63 56.10  91 78   850000 1352000   260 9.92
-0.906 0.0403 40.62 56.10  91 78   850000 1352000   260 9.92
-0.896 0.0402 40.61 56.10  91 78   850000 1352000   260 9.92
-0.886 0.0406 40.60 56.10  91 78   850000 1352000   260 9.92
-0.876 0.0401 40.59 56.10  91 78   850000 1352000   260 9.92
-0.867 0.0421 40.58 56.10  91 78   850000 1352000   260 9.92
-0.857 0.0405 40.58 56.10  91 78   850000 1352000   260 9.92
-0.847 0.0405 40.58 56.10  91 78   850000 1352000   260 9.92
-0.837 0.0413 40.58 56.10  91 78   850000 1352000   260 9.92
-0.827 0.0403 40.60 56.10  91 78   850000 1352000   260 9.92
-0.817 0.0407 40.64 56.10  91 78   850000 1352000   260 9.92
-0.807 0.0408 40.68 56.10  91 78   850000 1352000   260 9.92
-0.797 0.0406 40.74 56.10  91 78   850000 1352000   260 9.92
-0.787 0.0408 40.81 56.10  91 78   850000 1352000   260 9.92
-0.777 0.0412 40.89 56.10  91 78   850000 1352000   260 9.92
-0.767 0.0412 40.98 56.10  91 78   850000 1352000   260 9.92
-0.757 0.0404 41.07 56.10  91 78   850000 1352000   260 9.92
-0.747 0.0407 41.16 56.10  91 78   850000 1352000   260 9.92
-0.737 0.0406 41.25 56.10  91 78   850000 1352000   260 9.92
-0.727 0.0411 41.35 56.10  91 78   850000 1352000   260 9.92
-0.717 0.0414 41.44 56.10  91 78   850000 1352000   260 9.92
-0.707 0.0395 41.53 56.10  91 78   850000 1352000   260 9.92
-0.697 0.0421 41.62 56.10  91 78   850000 1352000   260 9.92
-0.687 0.0433 41.71 56.10  91 78   850000 1352000   260 9.92
-0.677 0.0425 41.81 56.10  91 78   850000 1352000   260 9.92
-0.667 0.0427 41.91 56.10  91 78   850000 1352000   260 9.92
-0.657 0.0421 42.01 56.10  91 78   850000 1352000   260 9.92
-0.647 0.0430 42.11 56.10  91 78   850000 1352000   260 9.92
-0.637 0.0420 42.20 56.10  91 78   850000 1352000   260 9.92
-0.627 0.0425 42.29 56.10  91 78   850000 1352000   260 9.92
-0.618 0.0422 42.38 56.10  91 78   850000 1352000   260 9.92
-0.608 0.0424 42.46 56.10  91 78   850000 1352000   260 9.92
-0.598 0.0415 42.53 56.10  91 78   850000 1352000   260 9.92
-0.588 0.0424 42.61 56.10  91 78   850000 1352000   260 9.92
-0.578 0.0423 42.68 56.10  91 78   850000 1352000   260 9.92
-0.568 0.0428 42.74 56.10  91 78   850000 1352000   260 9.92
-0.558 0.0418 42.81 56.10  91 78   850000 1352000   260 9.92
-0.548 0.0427 42.87 56.10  91 78   850000 1352000   260 9.92
-0.538 0.0430 42.93 56.10  91 78   850000 1352000   260 9.92
-0.528 0.0439 42.99 56.10  91 78   850000 1352000   260 9.92
-0.518 0.0432 43.05 56.10  91 78   850000 1352000   260 9.92
-0.508 0.0434 43.11 56.10  91 78   850000 1352000   260 9.92
-0.498 0.0436 43.17 56.10  91 78   850000 1352000   260 9.92
-0.488 0.0429 43.23 56.10  91 78   850000 1352000   260 9.92
-0.478 0.0420 43.28 56.10  91 78   850000 1352000   260 9.92
-0.468 0.0443 43.32 56.10  91 78   850000 1352000   260 9.92
-0.458 0.0435 43.34 56.10  91 78   850000 1352000   260 9.92
-0.448 0.0436 43.35 56.10  91 78   850000 1352000   260 9.92
-0.438 0.0433 43.34 56.10  91 78   850000 1352000   260 9.92
-0.428 0.0436 43.32 56.10  91 78   850000 1352000   260 9.92
-0.418 0.0439 43.28 56.10  91 78   850000 1352000   260 9.92
-0.408 0.0439 43.22 56.10  91 78   850000 1352000   260 9.92
-0.398 0.0430 43.15 56.10  91 78   850000 1352000   260 9.92
-0.388 0.0421 43.06 56.10  91 78   850000 1352000   260 9.92
-0.378 0.0424 42.97 56.10  91 78   850000 1352000   260 9.92
-0.369 0.0430 42.87 56.10  91 78   850000 1352000   260 9.92
-0.359 0.0432 42.76 56.10  91 78   850000 1352000   260 9.92
-0.349 0.0431 42.65 56.10  91 78   850000 1352000   260 9.92
-0.339 0.0424 42.54 56.10  91 78   850000 1352000   260 9.92
-0.329 0.0418 42.44 56.10  91 78   850000 1352000   260 9.92
-0.319 0.0429 42.36 56.10  91 78   850000 1352000   260 9.92
-0.309 0.0429 42.28 56.10  91 78   850000 1352000   260 9.92
-0.299 0.0418 42.23 56.10  91 78   850000 1352000   260 9.92
-0.289 0.0426 42.20 56.10  91 78   850000 1352000   260 9.92
-0.279 0.0428 42.21 56.10  91 78   850000 1352000   260 9.92
-0.269 0.0412 42.25 56.10  91 78   850000 1352000   260 9.92
-0.259 0.0419 42.33 56.10  91 78   850000 1352000   260 9.92
-0.249 0.0423 42.44 56.10  91 78   850000 1352000   260 9.92
-0.239 0.0412 42.58 56.10  91 78   850000 1352000   260 9.92
-0.229 0.0420 42.74 56.10  91 78   850000 1352000   260 9.92
-0.219 0.0425 42.92 56.10  91 78   850000 1352000   260 9.92
-0.209 0.0436 43.13 56.10  91 78   850000 1352000   260 9.92
-0.199 0.0427 43.34 56.10  91 78   850000 1352000   260 9.92
-0.189 0.0422 43.55 56.10  91 78   850000 1352000   260 9.92
-0.179 0.0436 43.76 56.10  91 78   850000 1352000   260 9.92
-0.169 0.0438 43.95 56.10  91 78   850000 1352000   260 9.92
-0.159 0.0440 44.12 56.10  91 78   850000 1352000   260 9.92
-0.149 0.0448 44.24 56.10  91 78   850000 1352000   260 9.92
-0.139 0.0443 44.30 56.10  91 78   850000 1352000   260 9.92
-0.129 0.0458 44.30 56.10  91 78   850000 1352000   260 9.92
-0.120 0.0444 44.22 56.10  91 78   850000 1352000   260 9.92
-0.110 0.0453 44.05 56.10  91 78   850000 1352000   260 9.92
-0.100 0.0447 43.79 56.10  91 78   850000 1352000   260 9.92
-0.090 0.0435 43.44 56.10  91 78   850000 1352000   260 9.92
-0.080 0.0440 42.99 56.10  91 78   850000 1352000   260 9.92
-0.070 0.0426 42.45 56.10  91 78   850000 1352000   260 9.92
-0.060 0.0429 41.81 56.10  91 78   850000 1352000   260 9.92
-0.050 0.0423 41.09 56.10  91 78   850000 1352000   260 9.92
-0.040 0.0411 40.30 56.10  91 78   850000 1352000   260 9.92
-0.030 0.0406 39.46 56.10  91 78   850000 1352000   260 9.92
-0.020 0.0388 38.58 56.10  91 78   850000 1352000   260 9.92
-0.010 0.0377 37.68 56.10  91 78   850000 1352000   260 9.92
0.000 0.0362 36.77 56.10  91 78   850000 1352000   260 9.92
0.010 0.0352 35.87 56.10  91 78   850000 1352000   260 9.92
0.020 0.0341 34.99 56.10  91 78   850000 1352000   260 9.92
0.030 0.0336 34.15 56.10  91 78   850000 1352000   260 9.92
0.040 0.0330 33.37 56.10  91 78   850000 1352000   260 9.92
0.050 0.0315 32.64 56.10  91 78   850000 1352000   260 9.92
0.060 0.0307 31.98 56.10  91 78   850000 1352000   260 9.92
0.070 0.0314 31.39 56.10  91 78   850000 1352000   260 9.92
0.080 0.0300 30.88 56.10  91 78   850000 1352000   260 9.92
0.090 0.0297 30.46 56.10  91 78   850000 1352000   260 9.92
0.100 0.0295 30.13 56.10  91 78   850000 1352000   260 9.92
0.110 0.0294 29.88 56.10  91 78   850000 1352000   260 9.92
0.119 0.0293 29.72 56.10  91 78   850000 1352000   260 9.92
0.128 0.0295 29.63 56.10  91 78   850000 1352000   260 9.92
0.137 0.0295 29.60 56.10  91 78   850000 1352000   260 9.92
0.146 0.0307 29.64 56.10  91 78   850000 1352000   260 9.92
0.154 0.0310 29.71 56.10  91 78   850000 1352000   260 9.92
0.161 0.0296 29.83 56.10  91 78   850000 1352000   260 9.92
0.169 0.0294 29.97 56.10  91 78   850000 1352000   260 9.92
0.176 0.0298 30.12 56.10  91 78   850000 1352000   260 9.92
0.183 0.0318 30.29 56.10  91 78   850000 1352000   260 9.92
0.190 0.0288 30.47 56.10  91 78   850000 1352000   260 9.92
0.196 0.0302 30.65 56.10  91 78   850000 1352000   260 9.92
0.202 0.0318 30.82 56.10  91 78   850000 1352000   260 9.92
0.208 0.0308 31.00 56.10  91 78   850000 1352000   260 9.92
0.213 0.0309 31.16 56.10  91 78   850000 1352000   260 9.92
0.219 0.0342 31.31 56.10  91 78   850000 1352000   260 9.92
0.224 0.0325 31.45 56.10  91 78   850000 1352000   260 9.92
0.229 0.0316 31.56 56.10  91 78   850000 1352000   260 9.92
0.234 0.0294 31.66 56.10  91 78   850000 1352000   260 9.92
0.238 0.0321 31.74 56.10  91 78   850000 1352000   260 9.92
0.243 0.0317 31.81 56.10  91 78   850000 1352000   260 9.92
0.247 0.0314 31.88 56.10  91 78   850000 1352000   260 9.92
0.251 0.0313 31.95 56.10  91 78   850000 1352000   260 9.92
0.255 0.0330 32.02 56.10  91 78   850000 1352000   260 9.92
0.258 0.0335 32.08 56.10  91 78   850000 1352000   260 9.92
0.262 0.0325 32.13 56.10  91 78   850000 1352000   260 9.92
0.265 0.0303 32.18 56.10  91 78   850000 1352000   260 9.92
0.269 0.0330 32.23 56.10  91 78   850000 1352000   260 9.92
0.272 0.0323 32.28 56.10  91 78   850000 1352000   260 9.92
0.275 0.0332 32.33 56.10  91 78   850000 1352000   260 9.92
0.278 0.0313 32.38 56.10  91 78   850000 1352000   260 9.92
0.280 0.0328 32.44 56.10  91 78   850000 1352000   260 9.92
0.283 0.0317 32.51 56.10  91 78   850000 1352000   260 9.92
0.286 0.0302 32.57 56.10  91 78   850000 1352000   260 9.92
0.288 0.0330 32.64 56.10  91 78   850000 1352000   260 9.92
0.290 0.0332 32.71 56.10  91 78   850000 1352000   260 9.92
0.293 0.0337 32.78 56.10  91 78   850000 1352000   260 9.92
0.295 0.0334 32.85 56.10  91 78   850000 1352000   260 9.92
0.297 0.0350 32.92 56.10  91 78   850000 1352000   260 9.92
0.299 0.0330 32.99 56.10  91 78   850000 1352000   260 9.92
0.301 0.0329 33.06 56.10  91 78   850000 1352000   260 9.92
0.303 0.0308 33.13 56.10  91 78   850000 1352000   260 9.92
0.305 0.0336 33.19 56.10  91 78   850000 1352000   260 9.92
0.307 0.0323 33.26 56.10  91 78   850000 1352000   260 9.92
0.309 0.0341 33.31 56.10  91 78   850000 1352000   260 9.92
0.311 0.0339 33.37 56.10  91 78   850000 1352000   260 9.92
0.313 0.0343 33.42 56.10  91 78   850000 1352000   260 9.92
0.315 0.0326 33.47 56.10  91 78   850000 1352000   260 9.92
0.317 0.0345 33.51 56.10  91 78   850000 1352000   260 9.92
0.319 0.0318 33.56 56.10  91 78   850000 1352000   260 9.92
0.321 0.0353 33.62 56.10  91 78   850000 1352000   260 9.92
0.323 0.0323 33.68 56.10  91 78   850000 1352000   260 9.92
0.325 0.0348 33.75 56.10  91 78   850000 1352000   260 9.92
0.327 0.0340 33.84 56.10  91 78   850000 1352000   260 9.92
0.329 0.0333 33.95 56.10  91 78   850000 1352000   260 9.92
0.331 0.0350 34.07 56.10  91 78   850000 1352000   260 9.92
0.333 0.0322 34.19 56.10  91 78   850000 1352000   260 9.92
0.335 0.0341 34.32 56.10  91 78   850000 1352000   260 9.92
0.337 0.0350 34.44 56.10  91 78   850000 1352000   260 9.92
0.339 0.0333 34.55 56.10  91 78   850000 1352000   260 9.92
0.341 0.0347 34.65 56.10  91 78   850000 1352000   260 9.92
0.343 0.0345 34.74 56.10  91 78   850000 1352000   260 9.92
0.345 0.0374 34.84 56.10  91 78   850000 1352000   260 9.92
0.347 0.0345 34.93 56.10  91 78   850000 1352000   260 9.92
0.349 0.0353 35.03 56.10  91 78   850000 1352000   260 9.92
0.351 0.0342 35.14 56.10  91 78   850000 1352000   260 9.92
0.353 0.0355 35.25 56.10  91 78   850000 1352000   260 9.92
0.355 0.0350 35.37 56.10  91 78   850000 1352000   260 9.92
0.357 0.0371 35.48 56.10  91 78   850000 1352000   260 9.92
0.359 0.0376 35.60 56.10  91 78   850000 1352000   260 9.92
0.361 0.0337 35.73 56.10  91 78   850000 1352000   260 9.92
0.363 0.0367 35.85 56.10  91 78   850000 1352000   260 9.92
0.365 0.0357 35.98 56.10  91 78   850000 1352000   260 9.92
0.367 0.0338 36.10 56.10  91 78   850000 1352000   260 9.92
0.369 0.0345 36.22 56.10  91 78   850000 1352000   260 9.92
0.371 0.0380 36.34 56.10  91 78   850000 1352000   260 9.92
0.373 0.0366 36.45 56.10  91 78   850000 1352000   260 9.92
0.375 0.0360 36.57 56.10  91 78   850000 1352000   260 9.92
0.376 0.0338 36.69 56.10  91 78   850000 1352000   260 9.92
0.378 0.0385 36.83 56.10  91 78   850000 1352000   260 9.92
0.380 0.0407 36.99 56.10  91 78   850000 1352000   260 9.92
0.382 0.0366 37.16 56.10  91 78   850000 1352000   260 9.92
0.384 0.0364 37.34 56.10  91 78   850000 1352000   260 9.92
0.386 0.0385 37.54 56.10  91 78   850000 1352000   260 9.92
0.388 0.0391 37.75 56.10  91 78   850000 1352000   260 9.92
0.390 0.0378 37.96 56.10  91 78   850000 1352000   260 9.92
0.392 0.0344 38.17 56.10  91 78   850000 1352000   260 9.92
0.394 0.0393 38.40 56.10  91 78   850000 1352000   260 9.92
0.396 0.0393 38.61 56.10  91 78   850000 1352000   260 9.92
0.398 0.0384 38.82 56.10  91 78   850000 1352000   260 9.92
0.400 0.0388 39.01 56.10  91 78   850000 1352000   260 9.92
0.402 0.0380 39.18 56.10  91 78   850000 1352000   260 9.92
0.404 0.0389 39.33 56.10  91 78   850000 1352000   260 9.92
0.406 0.0395 39.48 56.10  91 78   850000 1352000   260 9.92
0.408 0.0405 39.61 56.10  91 78   850000 1352000   260 9.92
0.410 0.0394 39.74 56.10  91 78   850000 1352000   260 9.92
0.412 0.0411 39.87 56.10  91 78   850000 1352000   260 9.92
0.414 0.0438 40.00 56.10  91 78   850000 1352000   260 9.92
0.416 0.0385 40.14 56.10  91 78   850000 1352000   260 9.92
0.418 0.0386 40.28 56.10  91 78   850000 1352000   260 9.92
0.420 0.0418 40.40 56.10  91 78   850000 1352000   260 9.92
0.422 0.0406 40.51 56.10  91 78   850000 1352000   260 9.92
0.424 0.0403 40.60 56.10  91 78   850000 1352000   260 9.92
0.426 0.0403 40.68 56.10  91 78   850000 1352000   260 9.92
0.428 0.0419 40.75 56.10  91 78   850000 1352000   260 9.92
0.430 0.0388 40.83 56.10  91 78   850000 1352000   260 9.92
0.432 0.0414 40.90 56.10  91 78   850000 1352000   260 9.92
0.434 0.0400 40.97 56.10  91 78   850000 1352000   260 9.92
0.436 0.0382 41.04 56.10  91 78   850000 1352000   260 9.92
0.438 0.0415 41.10 56.10  91 78   850000 1352000   260 9.92
0.440 0.0430 41.15 56.10  91 78   850000 1352000   260 9.92
0.442 0.0427 41.18 56.10  91 78   850000 1352000   260 9.92
0.444 0.0404 41.21 56.10  91 78   850000 1352000   260 9.92
0.446 0.0414 41.24 56.10  91 78   850000 1352000   260 9.92
0.448 0.0421 41.27 56.10  91 78   850000 1352000   260 9.92
0.450 0.0437 41.29 56.10  91 78   850000 1352000   260 9.92
0.452 0.0408 41.30 56.10  91 78   850000 1352000   260 9.92
0.454 0.0374 41.30 56.10  91 78   850000 1352000   260 9.92
0.456 0.0400 41.29 56.10  91 78   850000 1352000   260 9.92
0.458 0.0411 41.27 56.10  91 78   850000 1352000   260 9.92
0.460 0.0464 41.24 56.10  91 78   850000 1352000   260 9.92
0.462 0.0446 41.20 56.10  91 78   850000 1352000   260 9.92
0.464 0.0367 41.17 56.10  91 78   850000 1352000   260 9.92
0.466 0.0455 41.13 56.10  91 78   850000 1352000   260 9.92
0.468 0.0379 41.09 56.10  91 78   850000 1352000   260 9.92
0.470 0.0382 41.05 56.10  91 78   850000 1352000   260 9.92
0.472 0.0409 41.02 56.10  91 78   850000 1352000   260 9.92
0.474 0.0381 41.00 56.10  91 78   850000 1352000   260 9.92
0.476 0.0432 41.00 56.10  91 78   850000 1352000   260 9.92
0.478 0.0420 41.02 56.10  91 78   850000 1352000   260 9.92
0.480 0.0397 41.06 56.10  91 78   850000 1352000   260 9.92
0.482 0.0434 41.11 56.10  91 78   850000 1352000   260 9.92
0.484 0.0425 41.17 56.10  91 78   850000 1352000   260 9.92
0.486 0.0395 41.22 56.10  91 78   850000 1352000   260 9.92
0.488 0.0404 41.27 56.10  91 78   850000 1352000   260 9.92
0.490 0.0408 41.32 56.10  91 78   850000 1352000   260 9.92
0.492 0.0405 41.38 56.10  91 78   850000 1352000   260 9.92
0.494 0.0438 41.45 56.10  91 78   850000 1352000   260 9.92
0.496 0.0421 41.52 56.10  91 78   850000 1352000   260 9.92
0.498 0.0401 41.60 56.10  91 78   850000 1352000   260 9.92
0.500 0.0421 41.70 56.10  91 78   850000 1352000   260 9.92
0.502 0.0443 41.79 56.10  91 78   850000 1352000   260 9.92
0.504 0.0393 41.88 56.10  91 78   850000 1352000   260 9.92
0.506 0.0416 41.96 56.10  91 78   850000 1352000   260 9.92
0.508 0.0421 42.02 56.10  91 78   850000 1352000   260 9.92
0.510 0.0448 42.09 56.10  91 78   850000 1352000   260 9.92
0.512 0.0434 42.16 56.10  91 78   850000 1352000   260 9.92
0.514 0.0422 42.24 56.10  91 78   850000 1352000   260 9.92
0.516 0.0372 42.34 56.10  91 78   850000 1352000   260 9.92
0.518 0.0432 42.45 56.10  91 78   850000 1352000   260 9.92
0.520 0.0390 42.57 56.10  91 78   850000 1352000   260 9.92
0.522 0.0453 42.69 56.10  91 78   850000 1352000   260 9.92
0.524 0.0455 42.84 56.10  91 78   850000 1352000   260 9.92
0.526 0.0439 42.99 56.10  91 78   850000 1352000   260 9.92
0.528 0.0421 43.15 56.10  91 78   850000 1352000   260 9.92
0.530 0.0430 43.34 56.10  91 78   850000 1352000   260 9.92
0.532 0.0445 43.54 56.10  91 78   850000 1352000   260 9.92
0.534 0.0439 43.75 56.10  91 78   850000 1352000   260 9.92
0.536 0.0431 43.98 56.10  91 78   850000 1352000   260 9.92
0.538 0.0447 44.21 56.10  91 78   850000 1352000   260 9.92
0.540 0.0440 44.44 56.10  91 78   850000 1352000   260 9.92
0.542 0.0408 44.68 56.10  91 78   850000 1352000   260 9.92
0.544 0.0448 44.91 56.10  91 78   850000 1352000   260 9.92
0.546 0.0457 45.15 56.10  91 78   850000 1352000   260 9.92
0.548 0.0470 45.38 56.10  91 78   850000 1352000   260 9.92
0.550 0.0495 45.62 56.10  91 78   850000 1352000   260 9.92
0.552 0.0436 45.85 56.10  91 78   850000 1352000   260 9.92
0.554 0.0484 46.07 56.10  91 78   850000 1352000   260 9.92
0.556 0.0424 46.26 56.10  91 78   850000 1352000   260 9.92
0.558 0.0454 46.45 56.10  91 78   850000 1352000   260 9.92
0.560 0.0503 46.62 56.10  91 78   850000 1352000   260 9.92
0.562 0.0474 46.78 56.10  91 78   850000 1352000   260 9.92
0.564 0.0439 46.92 56.10  91 78   850000 1352000   260 9.92
0.566 0.0467 47.05 56.10  91 78   850000 1352000   260 9.92
0.568 0.0509 47.15 56.10  91 78   850000 1352000   260 9.92
0.570 0.0472 47.25 56.10  91 78   850000 1352000   260 9.92
0.572 0.0444 47.35 56.10  91 78   850000 1352000   260 9.92
0.574 0.0502 47.46 56.10  91 78   850000 1352000   260 9.92
0.576 0.0466 47.58 56.10  91 78   850000 1352000   260 9.92
0.578 0.0475 47.71 56.10  91 78   850000 1352000   260 9.92
0.580 0.0508 47.87 56.10  91 78   850000 1352000   260 9.92
0.582 0.0443 48.04 56.10  91 78   850000 1352000   260 9.92
0.584 0.0511 48.22 56.10  91 78   850000 1352000   260 9.92
0.586 0.0468 48.40 56.10  91 78   850000 1352000   260 9.92
0.588 0.0474 48.59 56.10  91 78   850000 1352000   260 9.92
0.590 0.0462 48.77 56.10  91 78   850000 1352000   260 9.92
0.592 0.0474 48.96 56.10  91 78   850000 1352000   260 9.92
0.594 0.0494 49.16 56.10  91 78   850000 1352000   260 9.92
0.596 0.0481 49.37 56.10  91 78   850000 1352000   260 9.92
0.598 0.0554 49.61 56.10  91 78   850000 1352000   260 9.92
0.600 0.0490 49.86 56.10  91 78   850000 1352000   260 9.92
0.602 0.0518 50.12 56.10  91 78   850000 1352000   260 9.92
0.604 0.0452 50.41 56.10  91 78   850000 1352000   260 9.92
0.606 0.0564 50.71 56.10  91 78   850000 1352000   260 9.92
0.608 0.0538 51.02 56.10  91 78   850000 1352000   260 9.92
0.610 0.0518 51.36 56.10  91 78   850000 1352000   260 9.92
0.612 0.0474 51.69 56.10  91 78   850000 1352000   260 9.92
0.614 0.0481 52.01 56.10  91 78   850000 1352000   260 9.92
0.616 0.0549 52.31 56.10  91 78   850000 1352000   260 9.92
0.618 0.0547 52.59 56.10  91 78   850000 1352000   260 9.92
0.620 0.0463 52.86 56.10  91 78   850000 1352000   260 9.92
0.622 0.0516 53.11 56.10  91 78   850000 1352000   260 9.92
0.624 0.0555 53.34 56.10  91 78   850000 1352000   260 9.92
0.625 0.0561 53.57 56.10  91 78   850000 1352000   260 9.92
0.627 0.0599 53.79 56.10  91 78   850000 1352000   260 9.92
0.629 0.0509 54.01 56.10  91 78   850000 1352000   260 9.92
0.631 0.0519 54.23 56.10  91 78   850000 1352000   260 9.92
0.633 0.0558 54.47 56.10  91 78   850000 1352000   260 9.92
0.635 0.0561 54.70 56.10  91 78   850000 1352000   260 9.92
0.637 0.0509 54.93 56.10  91 78   850000 1352000   260 9.92
0.639 0.0583 55.14 56.10  91 78   850000 1352000   260 9.92
0.641 0.0599 55.34 56.10  91 78   850000 1352000   260 9.92
0.643 0.0529 55.52 56.10  91 78   850000 1352000   260 9.92
0.645 0.0531 55.70 56.10  91 78   850000 1352000   260 9.92
0.647 0.0568 55.86 56.10  91 78   850000 1352000   260 9.92
0.649 0.0535 56.02 56.10  91 78   850000 1352000   260 9.92
0.651 0.0519 56.17 56.10  91 78   850000 1352000   260 9.92
0.653 0.0606 56.32 56.10  91 78   850000 1352000   260 9.92
0.655 0.0596 56.48 56.10  91 78   850000 1352000   260 9.92
0.657 0.0567 56.66 56.10  91 78   850000 1352000   260 9.92
0.659 0.0561 56.85 56.10  91 78   850000 1352000   260 9.92
0.661 0.0555 57.04 56.10  91 78   850000 1352000   260 9.92
0.663 0.0559 57.23 56.10  91 78   850000 1352000   260 9.92
0.665 0.0608 57.43 56.10  91 78   850000 1352000   260 9.92
0.667 0.0550 57.63 56.10  91 78   850000 1352000   260 9.92
0.669 0.0583 57.83 56.10  91 78   850000 1352000   260 9.92
0.671 0.0609 58.03 56.10  91 78   850000 1352000   260 9.92
0.673 0.0525 58.25 56.10  91 78   850000 1352000   260 9.92
0.675 0.0601 58.49 56.10  91 78   850000 1352000   260 9.92
0.677 0.0631 58.75 56.10  91 78   850000 1352000   260 9.92
0.679 0.0569 59.01 56.10  91 78   850000 1352000   260 9.92
0.681 0.0603 59.28 56.10  91 78   850000 1352000   260 9.92
0.683 0.0591 59.56 56.10  91 78   850000 1352000   260 9.92
0.685 0.0601 59.82 56.10  91 78   850000 1352000   260 9.92
0.687 0.0598 60.09 56.10  91 78   850000 1352000   260 9.92
0.689 0.0591 60.36 56.10  91 78   850000 1352000   260 9.92
0.691 0.0577 60.64 56.10  91 78   850000 1352000   260 9.92
0.693 0.0624 60.91 56.10  91 78   850000 1352000   260 9.92
0.695 0.0574 61.16 56.10  91 78   850000 1352000   260 9.92
0.697 0.0645 61.38 56.10  91 78   850000 1352000   260 9.92
0.699 0.0609 61.57 56.10  91 78   850000 1352000   260 9.92
0.701 0.0630 61.74 56.10  91 78   850000 1352000   260 9.92
0.703 0.0627 61.89 56.10  91 78   850000 1352000   260 9.92
0.705 0.0644 62.03 56.10  91 78   850000 1352000   260 9.92
0.707 0.0651 62.16 56.10  91 78   850000 1352000   260 9.92
0.709 0.0603 62.27 56.10  91 78   850000 1352000   260 9.92
0.711 0.0626 62.37 56.10  91 78   850000 1352000   260 9.92
0.713 0.0630 62.45 56.10  91 78   850000 1352000   260 9.92
0.715 0.0590 62.53 56.10  91 78   850000 1352000   260 9.92
0.717 0.0651 62.59 56.10  91 78   850000 1352000   260 9.92
0.719 0.0613 62.65 56.10  91 78   850000 1352000   260 9.92
0.721 0.0643 62.69 56.10  91 78   850000 1352000   260 9.92
0.723 0.0602 62.72 56.10  91 78   850000 1352000   260 9.92
0.725 0.0648 62.75 56.10  91 78   850000 1352000   260 9.92
0.727 0.0612 62.78 56.10  91 78   850000 1352000   260 9.92
0.729 0.0648 62.81 56.10  91 78   850000 1352000   260 9.92
0.731 0.0572 62.86 56.10  91 78   850000 1352000   260 9.92
0.733 0.0619 62.93 56.10  91 78   850000 1352000   260 9.92
0.735 0.0638 63.01 56.10  91 78   850000 1352000   260 9.92
0.737 0.0689 63.11 56.10  91 78   850000 1352000   260 9.92
0.739 0.0615 63.23 56.10  91 78   850000 1352000   260 9.92
0.741 0.0640 63.36 56.10  91 78   850000 1352000   260 9.92
0.743 0.0598 63.49 56.10  91 78   850000 1352000   260 9.92
0.745 0.0661 63.61 56.10  91 78   850000 1352000   260 9.92
0.747 0.0657 63.73 56.10  91 78   850000 1352000   260 9.92
0.749 0.0607 63.85 56.10  91 78   850000 1352000   260 9.92
0.751 0.0649 63.95 56.10  91 78   850000 1352000   260 9.92
0.753 0.0656 64.04 56.10  91 78   850000 1352000   260 9.92
0.755 0.0631 64.12 56.10  91 78   850000 1352000   260 9.92
0.757 0.0648 64.20 56.10  91 78   850000 1352000   260 9.92
0.759 0.0626 64.27 56.10  91 78   850000 1352000   260 9.92
0.761 0.0659 64.33 56.10  91 78   850000 1352000   260 9.92
0.763 0.0652 64.38 56.10  91 78   850000 1352000   260 9.92
0.765 0.0622 64.42 56.10  91 78   850000 1352000   260 9.92
0.767 0.0657 64.45 56.10  91 78   850000 1352000   260 9.92
0.769 0.0643 64.47 56.10  91 78   850000 1352000   260 9.92
0.771 0.0634 64.49 56.10  91 78   850000 1352000   260 9.92
0.773 0.0657 64.50 56.10  91 78   850000 1352000   260 9.92
0.775 0.0641 64.51 56.10  91 78   850000 1352000   260 9.92
0.777 0.0652 64.51 56.10  91 78   850000 1352000   260 9.92
0.779 0.0630 64.49 56.10  91 78   850000 1352000   260 9.92
0.781 0.0637 64.47 56.10  91 78   850000 1352000   260 9.92
0.783 0.0679 64.44 56.10  91 78   850000 1352000   260 9.92
0.785 0.0646 64.41 56.10  91 78   850000 1352000   260 9.92
0.787 0.0622 64.39 56.10  91 78   850000 1352000   260 9.92
0.789 0.0632 64.39 56.10  91 78   850000 1352000   260 9.92
0.791 0.0673 64.41 56.10  91 78   850000 1352000   260 9.92
0.793 0.0639 64.43 56.10  91 78   850000 1352000   260 9.92
0.795 0.0673 64.46 56.10  91 78   850000 1352000   260 9.92
0.797 0.0614 64.49 56.10  91 78   850000 1352000   260 9.92
0.799 0.0629 64.52 56.10  91 78   850000 1352000   260 9.92
0.801 0.0641 64.57 56.10  91 78   850000 1352000   260 9.92
0.803 0.0662 64.62 56.10  91 78   850000 1352000   260 9.92
0.805 0.0642 64.67 56.10  91 78   850000 1352000   260 9.92
0.807 0.0642 64.73 56.10  91 78   850000 1352000   260 9.92
0.809 0.0639 64.79 56.10  91 78   850000 1352000   260 9.92
0.811 0.0645 64.85 56.10  91 78   850000 1352000   260 9.92
0.813 0.0642 64.92 56.10  91 78   850000 1352000   260 9.92
0.815 0.0644 65.01 56.10  91 78   850000 1352000   260 9.92
0.817 0.0694 65.10 56.10  91 78   850000 1352000   260 9.92
0.819 0.0663 65.19 56.10  91 78   850000 1352000   260 9.92
0.821 0.0618 65.29 56.10  91 78   850000 1352000   260 9.92
0.823 0.0699 65.39 56.10  91 78   850000 1352000   260 9.92
0.825 0.0635 65.48 56.10  91 78   850000 1352000   260 9.92
0.827 0.0670 65.58 56.10  91 78   850000 1352000   260 9.92
0.829 0.0665 65.67 56.10  91 78   850000 1352000   260 9.92
0.831 0.0579 65.76 56.10  91 78   850000 1352000   260 9.92
0.833 0.0632 65.83 56.10  91 78   850000 1352000   260 9.92
0.835 0.0754 65.90 56.10  91 78   850000 1352000   260 9.92
0.837 0.0646 65.96 56.10  91 78   850000 1352000   260 9.92
0.839 0.0687 66.01 56.10  91 78   850000 1352000   260 9.92
0.841 0.0619 66.07 56.10  91 78   850000 1352000   260 9.92
0.843 0.0610 66.13 56.10  91 78   850000 1352000   260 9.92
0.845 0.0707 66.19 56.10  91 78   850000 1352000   260 9.92
0.847 0.0692 66.27 56.10  91 78   850000 1352000   260 9.92
0.849 0.0659 66.36 56.10  91 78   850000 1352000   260 9.92
0.851 0.0662 66.46 56.10  91 78   850000 1352000   260 9.92
0.853 0.0676 66.57 56.10  91 78   850000 1352000   260 9.92
0.855 0.0602 66.69 56.10  91 78   850000 1352000   260 9.92
0.857 0.0697 66.81 56.10  91 78   850000 1352000   260 9.92
0.859 0.0691 66.94 56.10  91 78   850000 1352000   260 9.92
0.861 0.0658 67.06 56.10  91 78   850000 1352000   260 9.92
0.863 0.0669 67.17 56.10  91 78   850000 1352000   260 9.92
0.865 0.0705 67.27 56.10  91 78   850000 1352000   260 9.92
0.867 0.0638 67.37 56.10  91 78   850000 1352000   260 9.92
0.869 0.0660 67.47 56.10  91 78   850000 1352000   260 9.92
0.871 0.0669 67.56 56.10  91 78   850000 1352000   260 9.92
0.873 0.0675 67.65 56.10  91 78   850000 1352000   260 9.92
0.875 0.0728 67.74 56.10  91 78   850000 1352000   260 9.92
0.876 0.0670 67.84 56.10  91 78   850000 1352000   260 9.92
0.878 0.0674 67.92 56.10  91 78   850000 1352000   260 9.92
0.880 0.0675 67.99 56.10  91 78   850000 1352000   260 9.92
0.882 0.0678 68.06 56.10  91 78   850000 1352000   260 9.92
0.884 0.0700 68.13 56.10  91 78   850000 1352000   260 9.92
0.886 0.0681 68.21 56.10  91 78   850000 1352000   260 9.92
0.888 0.0658 68.28 56.10  91 78   850000 1352000   260 9.92
0.890 0.0702 68.34 56.10  91 78   850000 1352000   260 9.92
0.892 0.0678 68.39 56.10  91 78   850000 1352000   260 9.92
0.894 0.0677 68.44 56.10  91 78   850000 1352000   260 9.92
0.896 0.0701 68.48 56.10  91 78   850000 1352000   260 9.92
0.898 0.0677 68.53 56.10  91 78   850000 1352000   260 9.92
0.900 0.0659 68.56 56.10  91 78   850000 1352000   260 9.92
0.902 0.0717 68.60 56.10  91 78   850000 1352000   260 9.92
0.904 0.0668 68.63 56.10  91 78   850000 1352000   260 9.92
0.906 0.0692 68.67 56.10  91 78   850000 1352000   260 9.92
0.908 0.0688 68.72 56.10  91 78   850000 1352000   260 9.92
0.910 0.0686 68.77 56.10  91 78   850000 1352000   260 9.92
0.912 0.0700 68.83 56.10  91 78   850000 1352000   260 9.92
0.914 0.0700 68.88 56.10  91 78   850000 1352000   260 9.92
0.916 0.0665 68.95 56.10  91 78   850000 1352000   260 9.92
0.918 0.0715 69.01 56.10  91 78   850000 1352000   260 9.92
0.920 0.0687 69.06 56.10  91 78   850000 1352000   260 9.92
0.922 0.0692 69.12 56.10  91 78   850000 1352000   260 9.92
0.924 0.0683 69.18 56.10  91 78   850000 1352000   260 9.92
0.926 0.0700 69.24 56.10  91 78   850000 1352000   260 9.92
0.928 0.0684 69.31 56.10  91 78   850000 1352000   260 9.92
0.930 0.0679 69.39 56.10  91 78   850000 1352000   260 9.92
0.932 0.0716 69.49 56.10  91 78   850000 1352000   260 9.92
0.934 0.0715 69.62 56.10  91 78   850000 1352000   260 9.92
0.936 0.0672 69.79 56.10  91 78   850000 1352000   260 9.92
0.938 0.0727 70.00 56.10  91 78   850000 1352000   260 9.92
0.940 0.0696 70.25 56.10  91 78   850000 1352000   260 9.92
0.942 0.0712 70.57 56.10  91 78   850000 1352000   260 9.92
0.944 0.0710 70.96 56.10  91 78   850000 1352000   260 9.92
0.946 0.0691 71.42 56.10  91 78   850000 1352000   260 9.92
0.948 0.0699 71.95 56.10  91 78   850000 1352000   260 9.92
0.950 0.0734 72.56 56.10  91 78   850000 1352000   260 9.92
0.952 0.0754 73.23 56.10  91 78   850000 1352000   260 9.92
0.954 0.0758 73.97 56.10  91 78   850000 1352000   260 9.92
0.956 0.0682 74.77 56.10  91 78   850000 1352000   260 9.92
0.958 0.0732 75.63 56.10  91 78   850000 1352000   260 9.92
0.960 0.0786 76.55 56.10  91 78   850000 1352000   260 9.92
0.962 0.0802 77.53 56.10  91 78   850000 1352000   260 9.92
0.964 0.0755 78.56 56.10  91 78   850000 1352000   260 9.92
0.966 0.0803 79.64 56.10  91 78   850000 1352000   260 9.92
0.968 0.0796 80.79 56.10  91 78   850000 1352000   260 9.92
0.970 0.0866 81.99 56.10  91 78   850000 1352000   260 9.92
0.972 0.0811 83.23 56.10  91 78   850000 1352000   260 9.92
0.974 0.0835 84.50 56.10  91 78   850000 1352000   260 9.92
0.976 0.0871 85.79 56.10  91 78   850000 1352000   260 9.92
0.978 0.0898 87.08 56.10  91 78   850000 1352000   260 9.92
0.980 0.0865 88.38 56.10  91 78   850000 1352000   260 9.92
0.982 0.0909 89.65 56.10  91 78   850000 1352000   260 9.92
0.984 0.0904 90.91 56.10  91 78   850000 1352000   260 9.92
0.986 0.0896 92.13 56.10  91 78   850000 1352000   260 9.92
0.988 0.0917 93.33 56.10  91 78   850000 1352000   260 9.92
0.990 0.0940 94.50 56.10  91 78   850000 1352000   260 9.92
0.992 0.0990 95.64 56.10  91 78   850000 1352000   260 9.92
0.994 0.0935 96.75 56.10  91 78   850000 1352000   260 9.92
0.996 0.1019 97.83 56.10  91 78   850000 1352000   260 9.92
0.998 0.0983 98.88 56.10  91 78   850000 1352000   260 9.92
1.000 0.0995 99.90 56.10  91 78   850000 1352000   260 9.92
1.002 0.1018 100.88 56.10  91 78   850000 1352000   260 9.92
1.004 0.1049 101.81 56.10  91 78   850000 1352000   260 9.92
1.006 0.1042 102.68 56.10  91 78   850000 1352000   260 9.92
1.008 0.0968 103.50 56.10  91 78   850000 1352000   260 9.92
1.010 0.1058 104.27 56.10  91 78   850000 1352000   260 9.92
1.012 0.1056 104.97 56.10  91 78   850000 1352000   260 9.92
1.014 0.1022 105.61 56.10  91 78   850000 1352000   260 9.92
1.016 0.1085 106.18 56.10  91 78   850000 1352000   260 9.92
1.018 0.1052 106.67 56.10  91 78   850000 1352000   260 9.92
1.020 0.1083 107.08 56.10  91 78   850000 1352000   260 9.92
1.022 0.1043 107.42 56.10  91 78   850000 1352000   260 9.92
1.024 0.1153 107.67 56.10  91 78   850000 1352000   260 9.92
1.026 0.1039 107.84 56.10  91 78   850000 1352000   260 9.92
1.028 0.1103 107.94 56.10  91 78   850000 1352000   260 9.92
1.030 0.1087 107.96 56.10  91 78   850000 1352000   260 9.92
1.032 0.1066 107.89 56.10  91 78   850000 1352000   260 9.92
1.034 0.1064 107.74 56.10  91 78   850000 1352000   260 9.92
1.036 0.1076 107.50 56.10  91 78   850000 1352000   260 9.92
1.038 0.1053 107.16 56.10  91 78   850000 1352000   260 9.92
1.040 0.1085 106.72 56.10  91 78   850000 1352000   260 9.92
1.042 0.1075 106.17 56.10  91 78   850000 1352000   260 9.92
1.044 0.1095 105.53 56.10  91 78   850000 1352000   260 9.92
1.046 0.1003 104.79 56.10  91 78   850000 1352000   260 9.92
1.048 0.1054 103.96 56.10  91 78   850000 1352000   260 9.92
1.050 0.1077 103.05 56.10  91 78   850000 1352000   260 9.92
1.052 0.0981 102.08 56.10  91 78   850000 1352000   260 9.92
1.054 0.0982 101.06 56.10  91 78   850000 1352000   260 9.92
1.056 0.1032 99.99 56.10  91 78   850000 1352000   260 9.92
1.058 0.0979 98.88 56.10  91 78   850000 1352000   260 9.92
1.060 0.1010 97.74 56.10  91 78   850000 1352000   260 9.92
1.062 0.0937 96.58 56.10  91 78   850000 1352000   260 9.92
1.064 0.0973 95.41 56.10  91 78   850000 1352000   260 9.92
1.066 0.0928 94.23 56.10  91 78   850000 1352000   260 9.92
1.068 0.0936 93.05 56.10  91 78   850000 1352000   260 9.92
1.070 0.0907 91.87 56.10  91 78   850000 1352000   260 9.92
1.072 0.0909 90.71 56.10  91 78   850000 1352000   260 9.92
1.074 0.0889 89.56 56.10  91 78   850000 1352000   260 9.92
1.076 0.0856 88.43 56.10  91 78   850000 1352000   260 9.92
1.078 0.0870 87.33 56.10  91 78   850000 1352000   260 9.92
1.080 0.0875 86.26 56.10  91 78   850000 1352000   260 9.92
1.082 0.0854 85.22 56.10  91 78   850000 1352000   260 9.92
1.084 0.0836 84.21 56.10  91 78   850000 1352000   260 9.92
1.086 0.0837 83.23 56.10  91 78   850000 1352000   260 9.92
1.088 0.0814 82.28 56.10  91 78   850000 1352000   260 9.92
1.090 0.0830 81.37 56.10  91 78   850000 1352000   260 9.92
1.092 0.0819 80.49 56.10  91 78   850000 1352000   260 9.92
1.094 0.0769 79.66 56.10  91 78   850000 1352000   260 9.92
1.096 0.0814 78.86 56.10  91 78   850000 1352000   260 9.92
1.098 0.0783 78.10 56.10  91 78   850000 1352000   260 9.92
1.100 0.0773 77.37 56.10  91 78   850000 1352000   260 9.92
1.102 0.0750 76.66 56.10  91 78   850000 1352000   260 9.92
1.104 0.0776 75.97 56.10  91 78   850000 1352000   260 9.92
1.106 0.0729 75.30 56.10  91 78   850000 1352000   260 9.92
1.108 0.0770 74.66 56.10  91 78   850000 1352000   260 9.92
1.110 0.0691 74.06 56.10  91 78   850000 1352000   260 9.92
1.112 0.0758 73.48 56.10  91 78   850000 1352000   260 9.92
1.114 0.0724 72.94 56.10  91 78   850000 1352000   260 9.92
1.116 0.0728 72.44 56.10  91 78   850000 1352000   260 9.92
1.118 0.0744 71.97 56.10  91 78   850000 1352000   260 9.92
1.120 0.0710 71.54 56.10  91 78   850000 1352000   260 9.92
1.122 0.0693 71.15 56.10  91 78   850000 1352000   260 9.92
1.124 0.0739 70.78 56.10  91 78   850000 1352000   260 9.92
1.125 0.0689 70.45 56.10  91 78   850000 1352000   260 9.92
1.127 0.0681 70.14 56.10  91 78   850000 1352000   260 9.92
1.129 0.0705 69.86 56.10  91 78   850000 1352000   260 9.92
1.131 0.0729 69.60 56.10  91 78   850000 1352000   260 9.92
1.133 0.0672 69.36 56.10  91 78   850000 1352000   260 9.92
1.135 0.0676 69.14 56.10  91 78   850000 1352000   260 9.92
1.137 0.0668 68.94 56.10  91 78   850000 1352000   260 9.92
1.139 0.0692 68.75 56.10  91 78   850000 1352000   260 9.92
1.141 0.0738 68.57 56.10  91 78   850000 1352000   260 9.92
1.143 0.0666 68.41 56.10  91 78   850000 1352000   260 9.92
1.145 0.0699 68.26 56.10  91 78   850000 1352000   260 9.92
1.147 0.0669 68.13 56.10  91 78   850000 1352000   260 9.92
1.149 0.0657 68.01 56.10  91 78   850000 1352000   260 9.92
1.151 0.0695 67.90 56.10  91 78   850000 1352000   260 9.92
1.153 0.0676 67.81 56.10  91 78   850000 1352000   260 9.92
1.155 0.0674 67.72 56.10  91 78   850000 1352000   260 9.92
1.157 0.0669 67.63 56.10  91 78   850000 1352000   260 9.92
1.159 0.0672 67.54 56.10  91 78   850000 1352000   260 9.92
1.161 0.0700 67.44 56.10  91 78   850000 1352000   260 9.92
1.163 0.0685 67.33 56.10  91 78   850000 1352000   260 9.92
1.165 0.0659 67.22 56.10  91 78   850000 1352000   260 9.92
1.167 0.0657 67.11 56.10  91 78   850000 1352000   260 9.92
1.169 0.0666 67.00 56.10  91 78   850000 1352000   260 9.92
1.171 0.0678 66.88 56.10  91 78   850000 1352000   260 9.92
1.173 0.0692 66.78 56.10  91 78   850000 1352000   260 9.92
1.175 0.0650 66.67 56.10  91 78   850000 1352000   260 9.92
1.177 0.0671 66.57 56.10  91 78   850000 1352000   260 9.92
1.179 0.0652 66.48 56.10  91 78   850000 1352000   260 9.92
1.181 0.0664 66.40 56.10  91 78   850000 1352000   260 9.92
1.183 0.0672 66.31 56.10  91 78   850000 1352000   260 9.92
1.185 0.0672 66.22 56.10  91 78   850000 1352000   260 9.92
1.187 0.0644 66.14 56.10  91 78   850000 1352000   260 9.92
1.189 0.0674 66.06 56.10  91 78   850000 1352000   260 9.92
1.191 0.0662 65.99 56.10  91 78   850000 1352000   260 9.92
1.193 0.0622 65.93 56.10  91 78   850000 1352000   260 9.92
1.195 0.0668 65.88 56.10  91 78   850000 1352000   260 9.92
1.197 0.0660 65.83 56.10  91 78   850000 1352000   260 9.92
1.199 0.0653 65.78 56.10  91 78   850000 1352000   260 9.92
1.201 0.0666 65.73 56.10  91 78   850000 1352000   260 9.92
1.203 0.0670 65.69 56.10  91 78   850000 1352000   260 9.92
1.205 0.0652 65.64 56.10  91 78   850000 1352000   260 9.92
1.207 0.0653 65.59 56.10  91 78   850000 1352000   260 9.92
1.209 0.0669 65.55 56.10  91 78   850000 1352000   260 9.92
1.211 0.0640 65.51 56.10  91 78   850000 1352000   260 9.92
1.213 0.0669 65.46 56.10  91 78   850000 1352000   260 9.92
1.215 0.0637 65.42 56.10  91 78   850000 1352000   260 9.92
1.217 0.0673 65.36 56.10  91 78   850000 1352000   260 9.92
1.219 0.0643 65.29 56.10  91 78   850000 1352000   260 9.92
1.221 0.0640 65.22 56.10  91 78   850000 1352000   260 9.92
1.223 0.0690 65.14 56.10  91 78   850000 1352000   260 9.92
1.225 0.0631 65.07 56.10  91 78   850000 1352000   260 9.92
1.227 0.0642 65.01 56.10  91 78   850000 1352000   260 9.92
1.229 0.0669 64.95 56.10  91 78   850000 1352000   260 9.92
1.231 0.0638 64.91 56.10  91 78   850000 1352000   260 9.92
1.233 0.0611 64.89 56.10  91 78   850000 1352000   260 9.92
1.235 0.0682 64.90 56.10  91 78   850000 1352000   260 9.92
1.237 0.0647 64.92 56.10  91 78   850000 1352000   260 9.92
1.239 0.0661 64.97 56.10  91 78   850000 1352000   260 9.92
1.241 0.0657 65.03 56.10  91 78   850000 1352000   260 9.92
1.243 0.0618 65.11 56.10  91 78   850000 1352000   260 9.92
1.245 0.0660 65.20 56.10  91 78   850000 1352000   260 9.92
1.247 0.0641 65.29 56.10  91 78   850000 1352000   260 9.92
1.249 0.0668 65.38 56.10  91 78   850000 1352000   260 9.92
1.251 0.0625 65.48 56.10  91 78   850000 1352000   260 9.92
1.253 0.0655 65.57 56.10  91 78   850000 1352000   260 9.92
1.255 0.0672 65.66 56.10  91 78   850000 1352000   260 9.92
1.257 0.0633 65.74 56.10  91 78   850000 1352000   260 9.92
1.259 0.0701 65.81 56.10  91 78   850000 1352000   260 9.92
1.261 0.0671 65.88 56.10  91 78   850000 1352000   260 9.92
1.263 0.0657 65.93 56.10  91 78   850000 1352000   260 9.92
1.265 0.0655 65.98 56.10  91 78   850000 1352000   260 9.92
1.267 0.0673 66.02 56.10  91 78   850000 1352000   260 9.92
1.269 0.0646 66.05 56.10  91 78   850000 1352000   260 9.92
1.271 0.0679 66.08 56.10  91 78   850000 1352000   260 9.92
1.273 0.0644 66.10 56.10  91 78   850000 1352000   260 9.92
1.275 0.0659 66.13 56.10  91 78   850000 1352000   260 9.92
1.277 0.0679 66.15 56.10  91 78   850000 1352000   260 9.92
1.279 0.0617 66.16 56.10  91 78   850000 1352000   260 9.92
1.281 0.0695 66.16 56.10  91 78   850000 1352000   260 9.92
1.283 0.0662 66.15 56.10  91 78   850000 1352000   260 9.92
1.285 0.0617 66.13 56.10  91 78   850000 1352000   260 9.92
1.287 0.0694 66.09 56.10  91 78   850000 1352000   260 9.92
1.289 0.0631 66.06 56.10  91 78   850000 1352000   260 9.92
1.291 0.0685 66.01 56.10  91 78   850000 1352000   260 9.92
1.293 0.0656 65.96 56.10  91 78   850000 1352000   260 9.92
1.295 0.0657 65.91 56.10  91 78   850000 1352000   260 9.92
1.297 0.0647 65.86 56.10  91 78   850000 1352000   260 9.92
1.299 0.0695 65.81 56.10  91 78   850000 1352000   260 9.92
1.301 0.0671 65.77 56.10  91 78   850000 1352000   260 9.92
1.303 0.0615 65.74 56.10  91 78   850000 1352000   260 9.92
1.305 0.0689 65.73 56.10  91 78   850000 1352000   260 9.92
1.307 0.0684 65.72 56.10  91 78   850000 1352000   260 9.92
1.309 0.0654 65.72 56.10  91 78   850000 1352000   260 9.92
1.311 0.0630 65.71 56.10  91 78   850000 1352000   260 9.92
1.313 0.0640 65.71 56.10  91 78   850000 1352000   260 9.92
1.315 0.0649 65.71 56.10  91 78   850000 1352000   260 9.92
1.317 0.0666 65.73 56.10  91 78   850000 1352000   260 9.92
1.319 0.0679 65.75 56.10  91 78   850000 1352000   260 9.92
1.321 0.0597 65.78 56.10  91 78   850000 1352000   260 9.92
1.323 0.0674 65.81 56.10  91 78   850000 1352000   260 9.92
1.325 0.0627 65.84 56.10  91 78   850000 1352000   260 9.92
1.327 0.0690 65.88 56.10  91 78   850000 1352000   260 9.92
1.329 0.0684 65.91 56.10  91 78   850000 1352000   260 9.92
1.331 0.0650 65.95 56.10  91 78   850000 1352000   260 9.92
1.333 0.0648 66.00 56.10  91 78   850000 1352000   260 9.92
1.335 0.0687 66.05 56.10  91 78   850000 1352000   260 9.92
1.337 0.0702 66.11 56.10  91 78   850000 1352000   260 9.92
1.339 0.0652 66.19 56.10  91 78   850000 1352000   260 9.92
1.341 0.0662 66.27 56.10  91 78   850000 1352000   260 9.92
1.343 0.0629 66.36 56.10  91 78   850000 1352000   260 9.92
1.345 0.0635 66.43 56.10  91 78   850000 1352000   260 9.92
1.347 0.0683 66.50 56.10  91 78   850000 1352000   260 9.92
1.349 0.0680 66.56 56.10  91 78   850000 1352000   260 9.92
1.351 0.0657 66.60 56.10  91 78   850000 1352000   260 9.92
1.353 0.0707 66.63 56.10  91 78   850000 1352000   260 9.92
1.355 0.0671 66.64 56.10  91 78   850000 1352000   260 9.92
1.357 0.0577 66.65 56.10  91 78   850000 1352000   260 9.92
1.359 0.0662 66.64 56.10  91 78   850000 1352000   260 9.92
1.361 0.0704 66.62 56.10  91 78   850000 1352000   260 9.92
1.363 0.0663 66.60 56.10  91 78   850000 1352000   260 9.92
1.365 0.0665 66.57 56.10  91 78   850000 1352000   260 9.92
1.367 0.0662 66.57 56.10  91 78   850000 1352000   260 9.92
1.369 0.0694 66.57 56.10  91 78   850000 1352000   260 9.92
1.371 0.0699 66.57 56.10  91 78   850000 1352000   260 9.92
1.373 0.0660 66.58 56.10  91 78   850000 1352000   260 9.92
1.375 0.0668 66.60 56.10  91 78   850000 1352000   260 9.92
1.376 0.0684 66.62 56.10  91 78   850000 1352000   260 9.92
1.378 0.0644 66.65 56.10  91 78   850000 1352000   260 9.92
1.380 0.0622 66.66 56.10  91 78   850000 1352000   260 9.92
1.382 0.0668 66.68 56.10  91 78   850000 1352000   260 9.92
1.384 0.0686 66.70 56.10  91 78   850000 1352000   260 9.92
1.386 0.0650 66.73 56.10  91 78   850000 1352000   260 9.92
1.388 0.0685 66.76 56.10  91 78   850000 1352000   260 9.92
1.390 0.0620 66.79 56.10  91 78   850000 1352000   260 9.92
1.392 0.0672 66.81 56.10  91 78   850000 1352000   260 9.92
1.394 0.0677 66.83 56.10  91 78   850000 1352000   260 9.92
1.396 0.0674 66.85 56.10  91 78   850000 1352000   260 9.92
1.398 0.0661 66.87 56.10  91 78   850000 1352000   260 9.92
1.400 0.0703 66.90 56.10  91 78   850000 1352000   260 9.92
1.402 0.0685 66.96 56.10  91 78   850000 1352000   260 9.92
1.404 0.0663 67.03 56.10  91 78   850000 1352000   260 9.92
1.406 0.0672 67.10 56.10  91 78   850000 1352000   260 9.92
1.408 0.0669 67.15 56.10  91 78   850000 1352000   260 9.92
1.410 0.0645 67.18 56.10  91 78   850000 1352000   260 9.92
1.412 0.0714 67.17 56.10  91 78   850000 1352000   260 9.92
1.414 0.0674 67.13 56.10  91 78   850000 1352000   260 9.92
1.416 0.0610 67.06 56.10  91 78   850000 1352000   260 9.92
1.418 0.0700 66.96 56.10  91 78   850000 1352000   260 9.92
1.420 0.0682 66.84 56.10  91 78   850000 1352000   260 9.92
1.422 0.0646 66.69 56.10  91 78   850000 1352000   260 9.92
1.424 0.0697 66.55 56.10  91 78   850000 1352000   260 9.92
1.426 0.0631 66.40 56.10  91 78   850000 1352000   260 9.92
1.428 0.0659 66.26 56.10  91 78   850000 1352000   260 9.92
1.430 0.0677 66.14 56.10  91 78   850000 1352000   260 9.92
1.432 0.0682 66.05 56.10  91 78   850000 1352000   260 9.92
1.434 0.0644 66.00 56.10  91 78   850000 1352000   260 9.92
1.436 0.0663 66.00 56.10  91 78   850000 1352000   260 9.92
1.438 0.0701 66.03 56.10  91 78   850000 1352000   260 9.92
1.440 0.0682 66.09 56.10  91 78   850000 1352000   260 9.92
1.442 0.0596 66.17 56.10  91 78   850000 1352000   260 9.92
1.444 0.0616 66.27 56.10  91 78   850000 1352000   260 9.92
1.446 0.0662 66.38 56.10  91 78   850000 1352000   260 9.92
1.448 0.0683 66.52 56.10  91 78   850000 1352000   260 9.92
1.450 0.0668 66.67 56.10  91 78   850000 1352000   260 9.92
1.452 0.0663 66.83 56.10  91 78   850000 1352000   260 9.92
1.454 0.0669 67.01 56.10  91 78   850000 1352000   260 9.92
1.456 0.0667 67.20 56.10  91 78   850000 1352000   260 9.92
1.458 0.0652 67.39 56.10  91 78   850000 1352000   260 9.92
1.460 0.0664 67.59 56.10  91 78   850000 1352000   260 9.92
1.462 0.0762 67.78 56.10  91 78   850000 1352000   260 9.92
1.464 0.0671 67.96 56.10  91 78   850000 1352000   260 9.92
1.466 0.0691 68.12 56.10  91 78   850000 1352000   260 9.92
1.468 0.0677 68.27 56.10  91 78   850000 1352000   260 9.92
1.470 0.0685 68.40 56.10  91 78   850000 1352000   260 9.92
1.472 0.0723 68.50 56.10  91 78   850000 1352000   260 9.92
1.474 0.0649 68.58 56.10  91 78   850000 1352000   260 9.92
1.476 0.0658 68.63 56.10  91 78   850000 1352000   260 9.92
1.478 0.0673 68.66 56.10  91 78   850000 1352000   260 9.92
1.480 0.0705 68.66 56.10  91 78   850000 1352000   260 9.92
1.482 0.0727 68.64 56.10  91 78   850000 1352000   260 9.92
1.484 0.0696 68.61 56.10  91 78   850000 1352000   260 9.92
1.486 0.0636 68.58 56.10  91 78   850000 1352000   260 9.92
1.488 0.0711 68.57 56.10  91 78   850000 1352000   260 9.92
1.490 0.0665 68.58 56.10  91 78   850000 1352000   260 9.92
1.492 0.0698 68.60 56.10  91 78   850000 1352000   260 9.92
1.494 0.0679 68.64 56.10  91 78   850000 1352000   260 9.92
1.496 0.0679 68.70 56.10  91 78   850000 1352000   260 9.92
1.498 0.0665 68.79 56.10  91 78   850000 1352000   260 9.92
1.500 0.0713 68.90 56.10  91 78   850000 1352000   260 9.92
1.503 0.0690 69.02 56.10  91 78   850000 1352000   260 9.92
1.505 0.0673 69.16 56.10  91 78   850000 1352000   260 9.92
1.507 0.0719 69.30 56.10  91 78   850000 1352000   260 9.92
1.510 0.0704 69.44 56.10  91 78   850000 1352000   260 9.92
1.513 0.0663 69.57 56.10  91 78   850000 1352000   260 9.92
1.515 0.0729 69.71 56.10  91 78   850000 1352000   260 9.92
1.518 0.0699 69.83 56.10  91 78   850000 1352000   260 9.92
1.521 0.0658 69.96 56.10  91 78   850000 1352000   260 9.92
1.524 0.0701 70.07 56.10  91 78   850000 1352000   260 9.92
1.528 0.0709 70.17 56.10  91 78   850000 1352000   260 9.92
1.531 0.0729 70.25 56.10  91 78   850000 1352000   260 9.92
1.535 0.0716 70.32 56.10  91 78   850000 1352000   260 9.92
1.538 0.0695 70.36 56.10  91 78   850000 1352000   260 9.92
1.542 0.0702 70.38 56.10  91 78   850000 1352000   260 9.92
1.546 0.0719 70.38 56.10  91 78   850000 1352000   260 9.92
1.550 0.0695 70.38 56.10  91 78   850000 1352000   260 9.92
1.555 0.0674 70.37 56.10  91 78   850000 1352000   260 9.92
1.559 0.0732 70.35 56.10  91 78   850000 1352000   260 9.92
1.564 0.0718 70.33 56.10  91 78   850000 1352000   260 9.92
1.569 0.0690 70.30 56.10  91 78   850000 1352000   260 9.92
1.574 0.0689 70.27 56.10  91 78   850000 1352000   260 9.92
1.579 0.0708 70.23 56.10  91 78   850000 1352000   260 9.92
1.585 0.0695 70.18 56.10  91 78   850000 1352000   260 9.92
1.591 0.0692 70.12 56.10  91 78   850000 1352000   260 9.92
1.597 0.0714 70.04 56.10  91 78   850000 1352000   260 9.92
1.603 0.0694 69.96 56.10  91 78   850000 1352000   260 9.92
1.610 0.0692 69.86 56.10  91 78   850000 1352000   260 9.92
1.617 0.0699 69.76 56.10  91 78   850000 1352000   260 9.92
1.624 0.0694 69.65 56.10  91 78   850000 1352000   260 9.92
1.631 0.0708 69.52 56.10  91 78   850000 1352000   260 9.92
1.639 0.0700 69.39 56.10  91 78   850000 1352000   260 9.92
1.647 0.0701 69.24 56.10  91 78   850000 1352000   260 9.92
1.656 0.0698 69.08 56.10  91 78   850000 1352000   260 9.92
1.665 0.0684 68.90 56.10  91 78   850000 1352000   260 9.92
1.674 0.0703 68.72 56.10  91 78   850000 1352000   260 9.92
1.683 0.0688 68.54 56.10  91 78   850000 1352000   260 9.92
1.693 0.0691 68.36 56.10  91 78   850000 1352000   260 9.92
1.703 0.0684 68.20 56.10  91 78   850000 1352000   260 9.92
1.713 0.0682 68.08 56.10  91 78   850000 1352000   260 9.92
1.723 0.0687 68.00 56.10  91 78   850000 1352000   260 9.92
1.733 0.0682 68.00 56.10  91 78   850000 1352000   260 9.92
1.743 0.0682 68.10 56.10  91 78   850000 1352000   260 9.92
1.753 0.0678 68.34 56.10  91 78   850000 1352000   260 9.92
1.763 0.0694 68.74 56.10  91 78   850000 1352000   260 9.92
1.773 0.0685 69.35 56.10  91 78   850000 1352000   260 9.92
1.783 0.0687 70.18 56.10  91 78   850000 1352000   260 9.92
1.793 0.0717 71.26 56.10  91 78   850000 1352000   260 9.92
1.803 0.0705 72.59 56.10  91 78   850000 1352000   260 9.92
1.813 0.0719 74.18 56.10  91 78   850000 1352000   260 9.92
1.823 0.0730 76.01 56.10  91 78   850000 1352000   260 9.92
1.833 0.0747 78.04 56.10  91 78   850000 1352000   260 9.92
1.843 0.0770 80.21 56.10  91 78   850000 1352000   260 9.92
1.853 0.0786 82.48 56.10  91 78   850000 1352000   260 9.92
1.863 0.0811 84.78 56.10  91 78   850000 1352000   260 9.92
1.873 0.0843 87.03 56.10  91 78   850000 1352000   260 9.92
1.882 0.0889 89.18 56.10  91 78   850000 1352000   260 9.92
1.892 0.0913 91.18 56.10  91 78   850000 1352000   260 9.92
1.902 0.0963 92.98 56.10  91 78   850000 1352000   260 9.92
1.912 0.0976 94.56 56.10  91 78   850000 1352000   260 9.92
1.922 0.1013 95.93 56.10  91 78   850000 1352000   260 9.92
1.932 0.1068 97.07 56.10  91 78   850000 1352000   260 9.92
1.942 0.1079 98.04 56.10  91 78   850000 1352000   260 9.92
1.952 0.1074 98.85 56.10  91 78   850000 1352000   260 9.92
1.962 0.1080 99.56 56.10  91 78   850000 1352000   260 9.92
1.972 0.1081 100.21 56.10  91 78   850000 1352000   260 9.92
1.982 0.1061 100.86 56.10  91 78   850000 1352000   260 9.92
1.992 0.1050 101.58 56.10  91 78   850000 1352000   260 9.92
2.002 0.1023 102.43 56.10  91 78   850000 1352000   260 9.92
2.012 0.0991 103.47 56.10  91 78   850000 1352000   260 9.92
2.022 0.0983 104.76 56.10  91 78   850000 1352000   260 9.92
2.032 0.0990 106.36 56.10  91 78   850000 1352000   260 9.92
2.042 0.1005 108.36 56.10  91 78   850000 1352000   260 9.92
2.052 0.1059 110.82 56.10  91 78   850000 1352000   260 9.92
2.062 0.1089 114.00 56.10  91 78   850000 1352000   260 9.92
2.072 0.1148 120.15 56.10  91 78   850000 1352000   260 9.92
2.082 0.1220 129.56 56.10  91 78   850000 1352000   260 9.92
2.092 0.1298 140.10 56.10  91 78   850000 1352000   260 9.92
2.102 0.1394 150.59 56.10  91 78   850000 1352000   260 9.92
2.112 0.1471 160.66 56.10  91 78   850000 1352000   260 9.92
2.122 0.1552 170.20 56.10  91 78   850000 1352000   260 9.92
2.131 0.1657 179.22 56.10  91 78   850000 1352000   260 9.92
2.141 0.1766 187.77 56.10  91 78   850000 1352000   260 9.92
2.151 0.1836 195.91 56.10  91 78   850000 1352000   260 9.92
2.161 0.1986 203.68 56.10  91 78   850000 1352000   260 9.92
2.171 0.2124 211.14 56.10  91 78   850000 1352000   260 9.92
2.181 0.2288 218.32 56.10  91 78   850000 1352000   260 9.92
2.191 0.2388 225.25 56.10  91 78   850000 1352000   260 9.92
2.201 0.2571 231.96 56.10  91 78   850000 1352000   260 9.92
2.211 0.2835 238.45 56.10  91 78   850000 1352000   260 9.92
2.221 0.3033 244.73 56.10  91 78   850000 1352000   260 9.92
2.231 0.3336 250.79 56.10  91 78   850000 1352000   260 9.92
2.241 0.3643 256.62 56.10  91 78   850000 1352000   260 9.92
2.251 0.3970 262.18 56.10  91 78   850000 1352000   260 9.92
2.261 0.4286 267.45 56.10  91 78   850000 1352000   260 9.92
2.271 0.4402 272.37 56.10  91 78   850000 1352000   260 9.92
2.281 0.0000 276.90 56.10  91 78   850000 1352000   260 9.92
2.291 0.0000 280.96 56.10  91 78   850000 1352000   260 9.92
