     x     qy smooth tpara  cd  zL     xTr    xCpl frame tma
-1.388 0.2038 180.95 68.00  84 78   740000 1273000   260 10.00
-1.379 0.1984 169.51 68.00  84 78   740000 1273000   260 10.00
-1.370 0.1939 158.65 68.00  84 78   740000 1273000   260 10.00
-1.360 0.1442 148.35 68.00  84 78   740000 1273000   260 10.00
-1.351 0.1468 138.59 68.00  84 78   740000 1273000   260 10.00
-1.341 0.0887 129.37 68.00  84 78   740000 1273000   260 10.00
-1.332 0.0901 120.65 68.00  84 78   740000 1273000   260 10.00
-1.323 0.0928 112.45 68.00  84 78   740000 1273000   260 10.00
-1.313 0.0849 104.74 68.00  84 78   740000 1273000   260 10.00
-1.304 0.0805 97.51 68.00  84 78   740000 1273000   260 10.00
-1.295 0.0768 90.77 68.00  84 78   740000 1273000   260 10.00
-1.285 0.0725 84.51 68.00  84 78   740000 1273000   260 10.00
-1.276 0.0704 78.73 68.00  84 78   740000 1273000   260 10.00
-1.266 0.0679 73.42 68.00  84 78   740000 1273000   260 10.00
-1.257 0.0657 68.60 68.00  84 78   740000 1273000   260 10.00
-1.248 0.0631 64.28 68.00  84 78   740000 1273000   260 10.00
-1.238 0.0619 60.47 68.00  84 78   740000 1273000   260 10.00
-1.229 0.0579 57.19 68.00  84 78   740000 1273000   260 10.00
-1.220 0.0569 54.48 68.00  84 78   740000 1273000   260 10.00
-1.210 0.0563 52.38 68.00  84 78   740000 1273000   260 10.00
-1.201 0.0543 50.94 68.00  84 78   740000 1273000   260 10.00
-1.191 0.0531 50.18 68.00  84 78   740000 1273000   260 10.00
-1.182 0.0517 50.00 68.00  84 78   740000 1273000   260 10.00
-1.173 0.0508 49.90 68.00  84 78   740000 1273000   260 10.00
-1.163 0.0492 49.14 68.00  84 78   740000 1273000   260 10.00
-1.154 0.0491 48.29 68.00  84 78   740000 1273000   260 10.00
-1.144 0.0477 47.42 68.00  84 78   740000 1273000   260 10.00
-1.135 0.0480 46.56 68.00  84 78   740000 1273000   260 10.00
-1.126 0.0457 45.76 68.00  84 78   740000 1273000   260 10.00
-1.116 0.0457 45.02 68.00  84 78   740000 1273000   260 10.00
-1.107 0.0455 44.33 68.00  84 78   740000 1273000   260 10.00
-1.098 0.0437 43.70 68.00  84 78   740000 1273000   260 10.00
-1.088 0.0440 43.12 68.00  84 78   740000 1273000   260 10.00
-1.079 0.0420 42.59 68.00  84 78   740000 1273000   260 10.00
-1.069 0.0420 42.13 68.00  84 78   740000 1273000   260 10.00
-1.060 0.0416 41.71 68.00  84 78   740000 1273000   260 10.00
-1.051 0.0415 41.36 68.00  84 78   740000 1273000   260 10.00
-1.041 0.0402 41.05 68.00  84 78   740000 1273000   260 10.00
-1.032 0.0393 40.80 68.00  84 78   740000 1273000   260 10.00
-1.023 0.0400 40.61 68.00  84 78   740000 1273000   260 10.00
-1.013 0.0391 40.46 68.00  84 78   740000 1273000   260 10.00
-1.004 0.0406 40.36 68.00  84 78   740000 1273000   260 10.00
-0.994 0.0413 40.31 68.00  84 78   740000 1273000   260 10.00
-0.985 0.0399 40.30 68.00  84 78   740000 1273000   260 10.00
-0.976 0.0400 40.33 68.00  84 78   740000 1273000   260 10.00
-0.966 0.0406 40.38 68.00  84 78   740000 1273000   260 10.00
-0.957 0.0421 40.46 68.00  84 78   740000 1273000   260 10.00
-0.947 0.0410 40.56 68.00  84 78   740000 1273000   260 10.00
-0.938 0.0390 40.66 68.00  84 78   740000 1273000   260 10.00
-0.929 0.0413 40.75 68.00  84 78   740000 1273000   260 10.00
-0.919 0.0418 40.84 68.00  84 78   740000 1273000   260 10.00
-0.910 0.0411 40.92 68.00  84 78   740000 1273000   260 10.00
-0.901 0.0413 40.98 68.00  84 78   740000 1273000   260 10.00
-0.891 0.0414 41.02 68.00  84 78   740000 1273000   260 10.00
-0.882 0.0414 41.04 68.00  84 78   740000 1273000   260 10.00
-0.872 0.0411 41.04 68.00  84 78   740000 1273000   260 10.00
-0.863 0.0408 41.02 68.00  84 78   740000 1273000   260 10.00
-0.854 0.0407 40.97 68.00  84 78   740000 1273000   260 10.00
-0.844 0.0417 40.91 68.00  84 78   740000 1273000   260 10.00
-0.835 0.0411 40.84 68.00  84 78   740000 1273000   260 10.00
-0.826 0.0407 40.77 68.00  84 78   740000 1273000   260 10.00
-0.816 0.0403 40.69 68.00  84 78   740000 1273000   260 10.00
-0.807 0.0411 40.60 68.00  84 78   740000 1273000   260 10.00
-0.797 0.0397 40.53 68.00  84 78   740000 1273000   260 10.00
-0.788 0.0394 40.45 68.00  84 78   740000 1273000   260 10.00
-0.779 0.0408 40.38 68.00  84 78   740000 1273000   260 10.00
-0.769 0.0403 40.32 68.00  84 78   740000 1273000   260 10.00
-0.760 0.0404 40.26 68.00  84 78   740000 1273000   260 10.00
-0.750 0.0401 40.21 68.00  84 78   740000 1273000   260 10.00
-0.741 0.0402 40.17 68.00  84 78   740000 1273000   260 10.00
-0.732 0.0401 40.13 68.00  84 78   740000 1273000   260 10.00
-0.722 0.0397 40.10 68.00  84 78   740000 1273000   260 10.00
-0.713 0.0400 40.07 68.00  84 78   740000 1273000   260 10.00
-0.704 0.0404 40.05 68.00  84 78   740000 1273000   260 10.00
-0.694 0.0396 40.04 68.00  84 78   740000 1273000   260 10.00
-0.685 0.0396 40.03 68.00  84 78   740000 1273000   260 10.00
-0.675 0.0397 40.03 68.00  84 78   740000 1273000   260 10.00
-0.666 0.0409 40.03 68.00  84 78   740000 1273000   260 10.00
-0.657 0.0408 40.03 68.00  84 78   740000 1273000   260 10.00
-0.647 0.0399 40.03 68.00  84 78   740000 1273000   260 10.00
-0.638 0.0401 40.02 68.00  84 78   740000 1273000   260 10.00
-0.629 0.0398 40.00 68.00  84 78   740000 1273000   260 10.00
-0.619 0.0401 39.97 68.00  84 78   740000 1273000   260 10.00
-0.610 0.0405 39.92 68.00  84 78   740000 1273000   260 10.00
-0.600 0.0388 39.87 68.00  84 78   740000 1273000   260 10.00
-0.591 0.0397 39.81 68.00  84 78   740000 1273000   260 10.00
-0.582 0.0394 39.75 68.00  84 78   740000 1273000   260 10.00
-0.572 0.0400 39.69 68.00  84 78   740000 1273000   260 10.00
-0.563 0.0396 39.63 68.00  84 78   740000 1273000   260 10.00
-0.553 0.0400 39.58 68.00  84 78   740000 1273000   260 10.00
-0.544 0.0403 39.53 68.00  84 78   740000 1273000   260 10.00
-0.535 0.0405 39.50 68.00  84 78   740000 1273000   260 10.00
-0.525 0.0394 39.47 68.00  84 78   740000 1273000   260 10.00
-0.516 0.0395 39.45 68.00  84 78   740000 1273000   260 10.00
-0.507 0.0387 39.44 68.00  84 78   740000 1273000   260 10.00
-0.497 0.0386 39.42 68.00  84 78   740000 1273000   260 10.00
-0.488 0.0386 39.41 68.00  84 78   740000 1273000   260 10.00
-0.478 0.0389 39.39 68.00  84 78   740000 1273000   260 10.00
-0.469 0.0388 39.38 68.00  84 78   740000 1273000   260 10.00
-0.460 0.0388 39.36 68.00  84 78   740000 1273000   260 10.00
-0.450 0.0392 39.34 68.00  84 78   740000 1273000   260 10.00
-0.441 0.0417 39.31 68.00  84 78   740000 1273000   260 10.00
-0.432 0.0380 39.29 68.00  84 78   740000 1273000   260 10.00
-0.422 0.0407 39.27 68.00  84 78   740000 1273000   260 10.00
-0.413 0.0407 39.26 68.00  84 78   740000 1273000   260 10.00
-0.403 0.0398 39.27 68.00  84 78   740000 1273000   260 10.00
-0.394 0.0389 39.28 68.00  84 78   740000 1273000   260 10.00
-0.385 0.0396 39.30 68.00  84 78   740000 1273000   260 10.00
-0.375 0.0395 39.34 68.00  84 78   740000 1273000   260 10.00
-0.366 0.0391 39.38 68.00  84 78   740000 1273000   260 10.00
-0.356 0.0382 39.43 68.00  84 78   740000 1273000   260 10.00
-0.347 0.0393 39.48 68.00  84 78   740000 1273000   260 10.00
-0.338 0.0389 39.54 68.00  84 78   740000 1273000   260 10.00
-0.328 0.0390 39.60 68.00  84 78   740000 1273000   260 10.00
-0.319 0.0400 39.67 68.00  84 78   740000 1273000   260 10.00
-0.310 0.0397 39.76 68.00  84 78   740000 1273000   260 10.00
-0.300 0.0400 39.87 68.00  84 78   740000 1273000   260 10.00
-0.291 0.0401 40.00 68.00  84 78   740000 1273000   260 10.00
-0.281 0.0400 40.16 68.00  84 78   740000 1273000   260 10.00
-0.272 0.0395 40.34 68.00  84 78   740000 1273000   260 10.00
-0.263 0.0406 40.55 68.00  84 78   740000 1273000   260 10.00
-0.253 0.0415 40.78 68.00  84 78   740000 1273000   260 10.00
-0.244 0.0422 41.02 68.00  84 78   740000 1273000   260 10.00
-0.235 0.0413 41.28 68.00  84 78   740000 1273000   260 10.00
-0.225 0.0407 41.55 68.00  84 78   740000 1273000   260 10.00
-0.216 0.0410 41.82 68.00  84 78   740000 1273000   260 10.00
-0.206 0.0418 42.09 68.00  84 78   740000 1273000   260 10.00
-0.197 0.0428 42.36 68.00  84 78   740000 1273000   260 10.00
-0.188 0.0426 42.63 68.00  84 78   740000 1273000   260 10.00
-0.178 0.0417 42.90 68.00  84 78   740000 1273000   260 10.00
-0.169 0.0440 43.16 68.00  84 78   740000 1273000   260 10.00
-0.159 0.0426 43.41 68.00  84 78   740000 1273000   260 10.00
-0.150 0.0432 43.63 68.00  84 78   740000 1273000   260 10.00
-0.141 0.0442 43.82 68.00  84 78   740000 1273000   260 10.00
-0.131 0.0441 43.98 68.00  84 78   740000 1273000   260 10.00
-0.122 0.0438 44.08 68.00  84 78   740000 1273000   260 10.00
-0.113 0.0437 44.13 68.00  84 78   740000 1273000   260 10.00
-0.103 0.0446 44.11 68.00  84 78   740000 1273000   260 10.00
-0.094 0.0444 44.01 68.00  84 78   740000 1273000   260 10.00
-0.084 0.0439 43.83 68.00  84 78   740000 1273000   260 10.00
-0.075 0.0443 43.56 68.00  84 78   740000 1273000   260 10.00
-0.066 0.0437 43.19 68.00  84 78   740000 1273000   260 10.00
-0.056 0.0439 42.74 68.00  84 78   740000 1273000   260 10.00
-0.047 0.0426 42.19 68.00  84 78   740000 1273000   260 10.00
-0.038 0.0432 41.56 68.00  84 78   740000 1273000   260 10.00
-0.028 0.0424 40.85 68.00  84 78   740000 1273000   260 10.00
-0.019 0.0411 40.08 68.00  84 78   740000 1273000   260 10.00
-0.009 0.0398 39.25 68.00  84 78   740000 1273000   260 10.00
0.000 0.0381 38.39 68.00  84 78   740000 1273000   260 10.00
0.009 0.0381 37.51 68.00  84 78   740000 1273000   260 10.00
0.019 0.0362 36.62 68.00  84 78   740000 1273000   260 10.00
0.028 0.0351 35.74 68.00  84 78   740000 1273000   260 10.00
0.038 0.0345 34.89 68.00  84 78   740000 1273000   260 10.00
0.047 0.0340 34.07 68.00  84 78   740000 1273000   260 10.00
0.056 0.0321 33.29 68.00  84 78   740000 1273000   260 10.00
0.066 0.0314 32.57 68.00  84 78   740000 1273000   260 10.00
0.075 0.0305 31.92 68.00  84 78   740000 1273000   260 10.00
0.084 0.0301 31.34 68.00  84 78   740000 1273000   260 10.00
0.094 0.0297 30.83 68.00  84 78   740000 1273000   260 10.00
0.103 0.0301 30.41 68.00  84 78   740000 1273000   260 10.00
0.113 0.0299 30.08 68.00  84 78   740000 1273000   260 10.00
0.122 0.0290 29.82 68.00  84 78   740000 1273000   260 10.00
0.131 0.0299 29.64 68.00  84 78   740000 1273000   260 10.00
0.141 0.0287 29.53 68.00  84 78   740000 1273000   260 10.00
0.150 0.0315 29.48 68.00  84 78   740000 1273000   260 10.00
0.159 0.0299 29.49 68.00  84 78   740000 1273000   260 10.00
0.169 0.0293 29.54 68.00  84 78   740000 1273000   260 10.00
0.178 0.0306 29.63 68.00  84 78   740000 1273000   260 10.00
0.188 0.0305 29.74 68.00  84 78   740000 1273000   260 10.00
0.197 0.0300 29.88 68.00  84 78   740000 1273000   260 10.00
0.206 0.0292 30.03 68.00  84 78   740000 1273000   260 10.00
0.216 0.0296 30.18 68.00  84 78   740000 1273000   260 10.00
0.225 0.0301 30.34 68.00  84 78   740000 1273000   260 10.00
0.235 0.0311 30.50 68.00  84 78   740000 1273000   260 10.00
0.244 0.0305 30.65 68.00  84 78   740000 1273000   260 10.00
0.253 0.0311 30.79 68.00  84 78   740000 1273000   260 10.00
0.263 0.0308 30.92 68.00  84 78   740000 1273000   260 10.00
0.272 0.0320 31.06 68.00  84 78   740000 1273000   260 10.00
0.281 0.0317 31.19 68.00  84 78   740000 1273000   260 10.00
0.291 0.0306 31.32 68.00  84 78   740000 1273000   260 10.00
0.300 0.0301 31.45 68.00  84 78   740000 1273000   260 10.00
0.310 0.0332 31.58 68.00  84 78   740000 1273000   260 10.00
0.319 0.0322 31.72 68.00  84 78   740000 1273000   260 10.00
0.327 0.0307 31.85 68.00  84 78   740000 1273000   260 10.00
0.336 0.0328 31.98 68.00  84 78   740000 1273000   260 10.00
0.343 0.0321 32.11 68.00  84 78   740000 1273000   260 10.00
0.351 0.0326 32.23 68.00  84 78   740000 1273000   260 10.00
0.358 0.0321 32.35 68.00  84 78   740000 1273000   260 10.00
0.365 0.0325 32.48 68.00  84 78   740000 1273000   260 10.00
0.372 0.0329 32.62 68.00  84 78   740000 1273000   260 10.00
0.379 0.0313 32.76 68.00  84 78   740000 1273000   260 10.00
0.385 0.0339 32.92 68.00  84 78   740000 1273000   260 10.00
0.391 0.0321 33.08 68.00  84 78   740000 1273000   260 10.00
0.397 0.0333 33.26 68.00  84 78   740000 1273000   260 10.00
0.402 0.0333 33.43 68.00  84 78   740000 1273000   260 10.00
0.407 0.0342 33.61 68.00  84 78   740000 1273000   260 10.00
0.412 0.0345 33.78 68.00  84 78   740000 1273000   260 10.00
0.417 0.0327 33.96 68.00  84 78   740000 1273000   260 10.00
0.422 0.0336 34.14 68.00  84 78   740000 1273000   260 10.00
0.426 0.0335 34.32 68.00  84 78   740000 1273000   260 10.00
0.431 0.0359 34.51 68.00  84 78   740000 1273000   260 10.00
0.435 0.0355 34.70 68.00  84 78   740000 1273000   260 10.00
0.439 0.0343 34.90 68.00  84 78   740000 1273000   260 10.00
0.443 0.0333 35.08 68.00  84 78   740000 1273000   260 10.00
0.446 0.0366 35.27 68.00  84 78   740000 1273000   260 10.00
0.450 0.0368 35.44 68.00  84 78   740000 1273000   260 10.00
0.453 0.0377 35.61 68.00  84 78   740000 1273000   260 10.00
0.456 0.0343 35.77 68.00  84 78   740000 1273000   260 10.00
0.459 0.0362 35.92 68.00  84 78   740000 1273000   260 10.00
0.462 0.0346 36.05 68.00  84 78   740000 1273000   260 10.00
0.465 0.0363 36.17 68.00  84 78   740000 1273000   260 10.00
0.468 0.0331 36.28 68.00  84 78   740000 1273000   260 10.00
0.470 0.0373 36.40 68.00  84 78   740000 1273000   260 10.00
0.473 0.0389 36.51 68.00  84 78   740000 1273000   260 10.00
0.475 0.0358 36.62 68.00  84 78   740000 1273000   260 10.00
0.478 0.0377 36.73 68.00  84 78   740000 1273000   260 10.00
0.480 0.0391 36.83 68.00  84 78   740000 1273000   260 10.00
0.482 0.0360 36.93 68.00  84 78   740000 1273000   260 10.00
0.484 0.0351 37.03 68.00  84 78   740000 1273000   260 10.00
0.486 0.0386 37.14 68.00  84 78   740000 1273000   260 10.00
0.488 0.0357 37.27 68.00  84 78   740000 1273000   260 10.00
0.490 0.0364 37.39 68.00  84 78   740000 1273000   260 10.00
0.492 0.0388 37.53 68.00  84 78   740000 1273000   260 10.00
0.493 0.0381 37.68 68.00  84 78   740000 1273000   260 10.00
0.495 0.0370 37.83 68.00  84 78   740000 1273000   260 10.00
0.497 0.0380 37.99 68.00  84 78   740000 1273000   260 10.00
0.499 0.0384 38.14 68.00  84 78   740000 1273000   260 10.00
0.501 0.0369 38.29 68.00  84 78   740000 1273000   260 10.00
0.503 0.0377 38.44 68.00  84 78   740000 1273000   260 10.00
0.505 0.0414 38.60 68.00  84 78   740000 1273000   260 10.00
0.507 0.0396 38.77 68.00  84 78   740000 1273000   260 10.00
0.508 0.0381 38.93 68.00  84 78   740000 1273000   260 10.00
0.510 0.0388 39.11 68.00  84 78   740000 1273000   260 10.00
0.512 0.0364 39.28 68.00  84 78   740000 1273000   260 10.00
0.514 0.0371 39.45 68.00  84 78   740000 1273000   260 10.00
0.516 0.0454 39.60 68.00  84 78   740000 1273000   260 10.00
0.518 0.0389 39.74 68.00  84 78   740000 1273000   260 10.00
0.520 0.0407 39.85 68.00  84 78   740000 1273000   260 10.00
0.522 0.0395 39.93 68.00  84 78   740000 1273000   260 10.00
0.523 0.0403 39.99 68.00  84 78   740000 1273000   260 10.00
0.525 0.0390 40.03 68.00  84 78   740000 1273000   260 10.00
0.527 0.0392 40.05 68.00  84 78   740000 1273000   260 10.00
0.529 0.0431 40.04 68.00  84 78   740000 1273000   260 10.00
0.531 0.0383 40.01 68.00  84 78   740000 1273000   260 10.00
0.533 0.0380 39.96 68.00  84 78   740000 1273000   260 10.00
0.535 0.0427 39.91 68.00  84 78   740000 1273000   260 10.00
0.537 0.0400 39.85 68.00  84 78   740000 1273000   260 10.00
0.538 0.0422 39.80 68.00  84 78   740000 1273000   260 10.00
0.540 0.0401 39.76 68.00  84 78   740000 1273000   260 10.00
0.542 0.0358 39.74 68.00  84 78   740000 1273000   260 10.00
0.544 0.0411 39.73 68.00  84 78   740000 1273000   260 10.00
0.546 0.0429 39.74 68.00  84 78   740000 1273000   260 10.00
0.548 0.0366 39.76 68.00  84 78   740000 1273000   260 10.00
0.550 0.0390 39.79 68.00  84 78   740000 1273000   260 10.00
0.552 0.0378 39.84 68.00  84 78   740000 1273000   260 10.00
0.553 0.0396 39.91 68.00  84 78   740000 1273000   260 10.00
0.555 0.0395 40.00 68.00  84 78   740000 1273000   260 10.00
0.557 0.0410 40.11 68.00  84 78   740000 1273000   260 10.00
0.559 0.0409 40.24 68.00  84 78   740000 1273000   260 10.00
0.561 0.0378 40.40 68.00  84 78   740000 1273000   260 10.00
0.563 0.0410 40.59 68.00  84 78   740000 1273000   260 10.00
0.565 0.0429 40.80 68.00  84 78   740000 1273000   260 10.00
0.567 0.0404 41.03 68.00  84 78   740000 1273000   260 10.00
0.568 0.0425 41.29 68.00  84 78   740000 1273000   260 10.00
0.570 0.0427 41.55 68.00  84 78   740000 1273000   260 10.00
0.572 0.0446 41.83 68.00  84 78   740000 1273000   260 10.00
0.574 0.0411 42.11 68.00  84 78   740000 1273000   260 10.00
0.576 0.0396 42.38 68.00  84 78   740000 1273000   260 10.00
0.578 0.0415 42.65 68.00  84 78   740000 1273000   260 10.00
0.580 0.0444 42.89 68.00  84 78   740000 1273000   260 10.00
0.582 0.0378 43.12 68.00  84 78   740000 1273000   260 10.00
0.583 0.0440 43.34 68.00  84 78   740000 1273000   260 10.00
0.585 0.0482 43.54 68.00  84 78   740000 1273000   260 10.00
0.587 0.0447 43.74 68.00  84 78   740000 1273000   260 10.00
0.589 0.0443 43.94 68.00  84 78   740000 1273000   260 10.00
0.591 0.0438 44.15 68.00  84 78   740000 1273000   260 10.00
0.593 0.0440 44.39 68.00  84 78   740000 1273000   260 10.00
0.595 0.0465 44.65 68.00  84 78   740000 1273000   260 10.00
0.597 0.0432 44.93 68.00  84 78   740000 1273000   260 10.00
0.598 0.0453 45.22 68.00  84 78   740000 1273000   260 10.00
0.600 0.0430 45.54 68.00  84 78   740000 1273000   260 10.00
0.602 0.0470 45.88 68.00  84 78   740000 1273000   260 10.00
0.604 0.0516 46.24 68.00  84 78   740000 1273000   260 10.00
0.606 0.0394 46.61 68.00  84 78   740000 1273000   260 10.00
0.608 0.0475 46.98 68.00  84 78   740000 1273000   260 10.00
0.610 0.0481 47.34 68.00  84 78   740000 1273000   260 10.00
0.612 0.0469 47.69 68.00  84 78   740000 1273000   260 10.00
0.614 0.0445 48.04 68.00  84 78   740000 1273000   260 10.00
0.615 0.0493 48.38 68.00  84 78   740000 1273000   260 10.00
0.617 0.0497 48.73 68.00  84 78   740000 1273000   260 10.00
0.619 0.0512 49.09 68.00  84 78   740000 1273000   260 10.00
0.621 0.0472 49.45 68.00  84 78   740000 1273000   260 10.00
0.623 0.0538 49.79 68.00  84 78   740000 1273000   260 10.00
0.625 0.0515 50.11 68.00  84 78   740000 1273000   260 10.00
0.627 0.0484 50.40 68.00  84 78   740000 1273000   260 10.00
0.629 0.0517 50.64 68.00  84 78   740000 1273000   260 10.00
0.630 0.0525 50.85 68.00  84 78   740000 1273000   260 10.00
0.632 0.0489 51.02 68.00  84 78   740000 1273000   260 10.00
0.634 0.0492 51.16 68.00  84 78   740000 1273000   260 10.00
0.636 0.0552 51.27 68.00  84 78   740000 1273000   260 10.00
0.638 0.0525 51.36 68.00  84 78   740000 1273000   260 10.00
0.640 0.0486 51.42 68.00  84 78   740000 1273000   260 10.00
0.642 0.0492 51.46 68.00  84 78   740000 1273000   260 10.00
0.644 0.0522 51.48 68.00  84 78   740000 1273000   260 10.00
0.645 0.0520 51.48 68.00  84 78   740000 1273000   260 10.00
0.647 0.0520 51.47 68.00  84 78   740000 1273000   260 10.00
0.649 0.0513 51.46 68.00  84 78   740000 1273000   260 10.00
0.651 0.0552 51.43 68.00  84 78   740000 1273000   260 10.00
0.653 0.0497 51.40 68.00  84 78   740000 1273000   260 10.00
0.655 0.0510 51.37 68.00  84 78   740000 1273000   260 10.00
0.657 0.0489 51.34 68.00  84 78   740000 1273000   260 10.00
0.659 0.0505 51.33 68.00  84 78   740000 1273000   260 10.00
0.660 0.0480 51.34 68.00  84 78   740000 1273000   260 10.00
0.662 0.0549 51.36 68.00  84 78   740000 1273000   260 10.00
0.664 0.0576 51.40 68.00  84 78   740000 1273000   260 10.00
0.666 0.0486 51.47 68.00  84 78   740000 1273000   260 10.00
0.668 0.0509 51.57 68.00  84 78   740000 1273000   260 10.00
0.670 0.0511 51.69 68.00  84 78   740000 1273000   260 10.00
0.672 0.0534 51.84 68.00  84 78   740000 1273000   260 10.00
0.674 0.0505 51.99 68.00  84 78   740000 1273000   260 10.00
0.675 0.0496 52.15 68.00  84 78   740000 1273000   260 10.00
0.677 0.0529 52.29 68.00  84 78   740000 1273000   260 10.00
0.679 0.0532 52.42 68.00  84 78   740000 1273000   260 10.00
0.681 0.0485 52.56 68.00  84 78   740000 1273000   260 10.00
0.683 0.0548 52.69 68.00  84 78   740000 1273000   260 10.00
0.685 0.0512 52.84 68.00  84 78   740000 1273000   260 10.00
0.687 0.0531 52.99 68.00  84 78   740000 1273000   260 10.00
0.689 0.0530 53.15 68.00  84 78   740000 1273000   260 10.00
0.690 0.0625 53.33 68.00  84 78   740000 1273000   260 10.00
0.692 0.0502 53.54 68.00  84 78   740000 1273000   260 10.00
0.694 0.0570 53.77 68.00  84 78   740000 1273000   260 10.00
0.696 0.0528 54.03 68.00  84 78   740000 1273000   260 10.00
0.698 0.0514 54.33 68.00  84 78   740000 1273000   260 10.00
0.700 0.0557 54.63 68.00  84 78   740000 1273000   260 10.00
0.702 0.0567 54.94 68.00  84 78   740000 1273000   260 10.00
0.704 0.0533 55.23 68.00  84 78   740000 1273000   260 10.00
0.705 0.0507 55.51 68.00  84 78   740000 1273000   260 10.00
0.707 0.0540 55.75 68.00  84 78   740000 1273000   260 10.00
0.709 0.0538 55.98 68.00  84 78   740000 1273000   260 10.00
0.711 0.0546 56.19 68.00  84 78   740000 1273000   260 10.00
0.713 0.0608 56.39 68.00  84 78   740000 1273000   260 10.00
0.715 0.0568 56.57 68.00  84 78   740000 1273000   260 10.00
0.717 0.0617 56.73 68.00  84 78   740000 1273000   260 10.00
0.719 0.0560 56.89 68.00  84 78   740000 1273000   260 10.00
0.720 0.0578 57.03 68.00  84 78   740000 1273000   260 10.00
0.722 0.0583 57.16 68.00  84 78   740000 1273000   260 10.00
0.724 0.0568 57.28 68.00  84 78   740000 1273000   260 10.00
0.726 0.0599 57.39 68.00  84 78   740000 1273000   260 10.00
0.728 0.0573 57.48 68.00  84 78   740000 1273000   260 10.00
0.730 0.0597 57.55 68.00  84 78   740000 1273000   260 10.00
0.732 0.0566 57.60 68.00  84 78   740000 1273000   260 10.00
0.734 0.0523 57.64 68.00  84 78   740000 1273000   260 10.00
0.735 0.0585 57.66 68.00  84 78   740000 1273000   260 10.00
0.737 0.0574 57.69 68.00  84 78   740000 1273000   260 10.00
0.739 0.0579 57.73 68.00  84 78   740000 1273000   260 10.00
0.741 0.0583 57.77 68.00  84 78   740000 1273000   260 10.00
0.743 0.0543 57.85 68.00  84 78   740000 1273000   260 10.00
0.745 0.0620 57.96 68.00  84 78   740000 1273000   260 10.00
0.747 0.0557 58.12 68.00  84 78   740000 1273000   260 10.00
0.749 0.0544 58.34 68.00  84 78   740000 1273000   260 10.00
0.750 0.0626 58.59 68.00  84 78   740000 1273000   260 10.00
0.752 0.0548 58.85 68.00  84 78   740000 1273000   260 10.00
0.754 0.0626 59.11 68.00  84 78   740000 1273000   260 10.00
0.756 0.0598 59.35 68.00  84 78   740000 1273000   260 10.00
0.758 0.0559 59.58 68.00  84 78   740000 1273000   260 10.00
0.760 0.0617 59.78 68.00  84 78   740000 1273000   260 10.00
0.762 0.0654 59.97 68.00  84 78   740000 1273000   260 10.00
0.764 0.0596 60.14 68.00  84 78   740000 1273000   260 10.00
0.765 0.0580 60.27 68.00  84 78   740000 1273000   260 10.00
0.767 0.0594 60.38 68.00  84 78   740000 1273000   260 10.00
0.769 0.0615 60.46 68.00  84 78   740000 1273000   260 10.00
0.771 0.0620 60.52 68.00  84 78   740000 1273000   260 10.00
0.773 0.0616 60.57 68.00  84 78   740000 1273000   260 10.00
0.775 0.0609 60.61 68.00  84 78   740000 1273000   260 10.00
0.777 0.0598 60.65 68.00  84 78   740000 1273000   260 10.00
0.779 0.0643 60.69 68.00  84 78   740000 1273000   260 10.00
0.780 0.0620 60.75 68.00  84 78   740000 1273000   260 10.00
0.782 0.0552 60.83 68.00  84 78   740000 1273000   260 10.00
0.784 0.0621 60.93 68.00  84 78   740000 1273000   260 10.00
0.786 0.0556 61.03 68.00  84 78   740000 1273000   260 10.00
0.788 0.0586 61.15 68.00  84 78   740000 1273000   260 10.00
0.790 0.0607 61.28 68.00  84 78   740000 1273000   260 10.00
0.792 0.0672 61.43 68.00  84 78   740000 1273000   260 10.00
0.794 0.0643 61.58 68.00  84 78   740000 1273000   260 10.00
0.795 0.0565 61.75 68.00  84 78   740000 1273000   260 10.00
0.797 0.0626 61.93 68.00  84 78   740000 1273000   260 10.00
0.799 0.0614 62.12 68.00  84 78   740000 1273000   260 10.00
0.801 0.0657 62.32 68.00  84 78   740000 1273000   260 10.00
0.803 0.0569 62.52 68.00  84 78   740000 1273000   260 10.00
0.805 0.0661 62.69 68.00  84 78   740000 1273000   260 10.00
0.807 0.0673 62.85 68.00  84 78   740000 1273000   260 10.00
0.809 0.0628 62.98 68.00  84 78   740000 1273000   260 10.00
0.811 0.0606 63.09 68.00  84 78   740000 1273000   260 10.00
0.812 0.0627 63.18 68.00  84 78   740000 1273000   260 10.00
0.814 0.0718 63.25 68.00  84 78   740000 1273000   260 10.00
0.816 0.0634 63.31 68.00  84 78   740000 1273000   260 10.00
0.818 0.0537 63.36 68.00  84 78   740000 1273000   260 10.00
0.820 0.0604 63.41 68.00  84 78   740000 1273000   260 10.00
0.822 0.0687 63.48 68.00  84 78   740000 1273000   260 10.00
0.824 0.0628 63.58 68.00  84 78   740000 1273000   260 10.00
0.826 0.0654 63.70 68.00  84 78   740000 1273000   260 10.00
0.827 0.0647 63.83 68.00  84 78   740000 1273000   260 10.00
0.829 0.0609 63.97 68.00  84 78   740000 1273000   260 10.00
0.831 0.0664 64.10 68.00  84 78   740000 1273000   260 10.00
0.833 0.0618 64.20 68.00  84 78   740000 1273000   260 10.00
0.835 0.0627 64.27 68.00  84 78   740000 1273000   260 10.00
0.837 0.0670 64.33 68.00  84 78   740000 1273000   260 10.00
0.839 0.0532 64.37 68.00  84 78   740000 1273000   260 10.00
0.841 0.0689 64.40 68.00  84 78   740000 1273000   260 10.00
0.842 0.0672 64.42 68.00  84 78   740000 1273000   260 10.00
0.844 0.0684 64.43 68.00  84 78   740000 1273000   260 10.00
0.846 0.0672 64.44 68.00  84 78   740000 1273000   260 10.00
0.848 0.0665 64.45 68.00  84 78   740000 1273000   260 10.00
0.850 0.0630 64.46 68.00  84 78   740000 1273000   260 10.00
0.852 0.0666 64.49 68.00  84 78   740000 1273000   260 10.00
0.854 0.0669 64.54 68.00  84 78   740000 1273000   260 10.00
0.856 0.0619 64.59 68.00  84 78   740000 1273000   260 10.00
0.857 0.0671 64.67 68.00  84 78   740000 1273000   260 10.00
0.859 0.0579 64.77 68.00  84 78   740000 1273000   260 10.00
0.861 0.0610 64.89 68.00  84 78   740000 1273000   260 10.00
0.863 0.0673 65.02 68.00  84 78   740000 1273000   260 10.00
0.865 0.0606 65.15 68.00  84 78   740000 1273000   260 10.00
0.867 0.0629 65.28 68.00  84 78   740000 1273000   260 10.00
0.869 0.0682 65.42 68.00  84 78   740000 1273000   260 10.00
0.871 0.0649 65.57 68.00  84 78   740000 1273000   260 10.00
0.872 0.0663 65.74 68.00  84 78   740000 1273000   260 10.00
0.874 0.0709 65.94 68.00  84 78   740000 1273000   260 10.00
0.876 0.0668 66.15 68.00  84 78   740000 1273000   260 10.00
0.878 0.0619 66.38 68.00  84 78   740000 1273000   260 10.00
0.880 0.0665 66.62 68.00  84 78   740000 1273000   260 10.00
0.882 0.0731 66.85 68.00  84 78   740000 1273000   260 10.00
0.884 0.0705 67.07 68.00  84 78   740000 1273000   260 10.00
0.886 0.0665 67.27 68.00  84 78   740000 1273000   260 10.00
0.887 0.0631 67.44 68.00  84 78   740000 1273000   260 10.00
0.889 0.0685 67.58 68.00  84 78   740000 1273000   260 10.00
0.891 0.0684 67.68 68.00  84 78   740000 1273000   260 10.00
0.893 0.0681 67.75 68.00  84 78   740000 1273000   260 10.00
0.895 0.0661 67.79 68.00  84 78   740000 1273000   260 10.00
0.897 0.0675 67.81 68.00  84 78   740000 1273000   260 10.00
0.899 0.0694 67.81 68.00  84 78   740000 1273000   260 10.00
0.901 0.0640 67.81 68.00  84 78   740000 1273000   260 10.00
0.902 0.0681 67.82 68.00  84 78   740000 1273000   260 10.00
0.904 0.0656 67.83 68.00  84 78   740000 1273000   260 10.00
0.906 0.0725 67.87 68.00  84 78   740000 1273000   260 10.00
0.908 0.0683 67.92 68.00  84 78   740000 1273000   260 10.00
0.910 0.0659 67.98 68.00  84 78   740000 1273000   260 10.00
0.912 0.0671 68.06 68.00  84 78   740000 1273000   260 10.00
0.914 0.0684 68.16 68.00  84 78   740000 1273000   260 10.00
0.916 0.0726 68.27 68.00  84 78   740000 1273000   260 10.00
0.917 0.0698 68.40 68.00  84 78   740000 1273000   260 10.00
0.919 0.0643 68.55 68.00  84 78   740000 1273000   260 10.00
0.921 0.0730 68.71 68.00  84 78   740000 1273000   260 10.00
0.923 0.0669 68.87 68.00  84 78   740000 1273000   260 10.00
0.925 0.0679 69.05 68.00  84 78   740000 1273000   260 10.00
0.927 0.0665 69.24 68.00  84 78   740000 1273000   260 10.00
0.929 0.0701 69.47 68.00  84 78   740000 1273000   260 10.00
0.931 0.0709 69.71 68.00  84 78   740000 1273000   260 10.00
0.932 0.0686 69.98 68.00  84 78   740000 1273000   260 10.00
0.934 0.0710 70.28 68.00  84 78   740000 1273000   260 10.00
0.936 0.0699 70.59 68.00  84 78   740000 1273000   260 10.00
0.938 0.0737 70.94 68.00  84 78   740000 1273000   260 10.00
0.940 0.0701 71.33 68.00  84 78   740000 1273000   260 10.00
0.942 0.0706 71.75 68.00  84 78   740000 1273000   260 10.00
0.944 0.0739 72.21 68.00  84 78   740000 1273000   260 10.00
0.946 0.0695 72.70 68.00  84 78   740000 1273000   260 10.00
0.947 0.0753 73.23 68.00  84 78   740000 1273000   260 10.00
0.949 0.0771 73.78 68.00  84 78   740000 1273000   260 10.00
0.951 0.0706 74.37 68.00  84 78   740000 1273000   260 10.00
0.953 0.0750 74.99 68.00  84 78   740000 1273000   260 10.00
0.955 0.0730 75.64 68.00  84 78   740000 1273000   260 10.00
0.957 0.0816 76.31 68.00  84 78   740000 1273000   260 10.00
0.959 0.0774 77.01 68.00  84 78   740000 1273000   260 10.00
0.961 0.0760 77.74 68.00  84 78   740000 1273000   260 10.00
0.962 0.0773 78.50 68.00  84 78   740000 1273000   260 10.00
0.964 0.0807 79.29 68.00  84 78   740000 1273000   260 10.00
0.966 0.0791 80.14 68.00  84 78   740000 1273000   260 10.00
0.968 0.0791 81.04 68.00  84 78   740000 1273000   260 10.00
0.970 0.0814 81.98 68.00  84 78   740000 1273000   260 10.00
0.972 0.0853 82.97 68.00  84 78   740000 1273000   260 10.00
0.974 0.0837 83.99 68.00  84 78   740000 1273000   260 10.00
0.976 0.0861 85.05 68.00  84 78   740000 1273000   260 10.00
0.977 0.0831 86.13 68.00  84 78   740000 1273000   260 10.00
0.979 0.0879 87.24 68.00  84 78   740000 1273000   260 10.00
0.981 0.0882 88.37 68.00  84 78   740000 1273000   260 10.00
0.983 0.0905 89.52 68.00  84 78   740000 1273000   260 10.00
0.985 0.0872 90.69 68.00  84 78   740000 1273000   260 10.00
0.987 0.0950 91.87 68.00  84 78   740000 1273000   260 10.00
0.989 0.0912 93.06 68.00  84 78   740000 1273000   260 10.00
0.991 0.0963 94.22 68.00  84 78   740000 1273000   260 10.00
0.992 0.0895 95.36 68.00  84 78   740000 1273000   260 10.00
0.994 0.1013 96.47 68.00  84 78   740000 1273000   260 10.00
0.996 0.0974 97.56 68.00  84 78   740000 1273000   260 10.00
0.998 0.0977 98.62 68.00  84 78   740000 1273000   260 10.00
1.000 0.1023 99.63 68.00  84 78   740000 1273000   260 10.00
1.002 0.1054 100.61 68.00  84 78   740000 1273000   260 10.00
1.004 0.0979 101.54 68.00  84 78   740000 1273000   260 10.00
1.006 0.0965 102.41 68.00  84 78   740000 1273000   260 10.00
1.008 0.1090 103.21 68.00  84 78   740000 1273000   260 10.00
1.009 0.1032 103.94 68.00  84 78   740000 1273000   260 10.00
1.011 0.0979 104.60 68.00  84 78   740000 1273000   260 10.00
1.013 0.1141 105.18 68.00  84 78   740000 1273000   260 10.00
1.015 0.1029 105.67 68.00  84 78   740000 1273000   260 10.00
1.017 0.1131 106.08 68.00  84 78   740000 1273000   260 10.00
1.019 0.1013 106.42 68.00  84 78   740000 1273000   260 10.00
1.021 0.1048 106.69 68.00  84 78   740000 1273000   260 10.00
1.023 0.1073 106.91 68.00  84 78   740000 1273000   260 10.00
1.024 0.1064 107.08 68.00  84 78   740000 1273000   260 10.00
1.026 0.1083 107.20 68.00  84 78   740000 1273000   260 10.00
1.028 0.1065 107.29 68.00  84 78   740000 1273000   260 10.00
1.030 0.1148 107.34 68.00  84 78   740000 1273000   260 10.00
1.032 0.1093 107.38 68.00  84 78   740000 1273000   260 10.00
1.034 0.1042 107.39 68.00  84 78   740000 1273000   260 10.00
1.036 0.1009 107.39 68.00  84 78   740000 1273000   260 10.00
1.038 0.1122 107.37 68.00  84 78   740000 1273000   260 10.00
1.039 0.1080 107.36 68.00  84 78   740000 1273000   260 10.00
1.041 0.0977 107.35 68.00  84 78   740000 1273000   260 10.00
1.043 0.1130 107.35 68.00  84 78   740000 1273000   260 10.00
1.045 0.1085 107.38 68.00  84 78   740000 1273000   260 10.00
1.047 0.1093 107.44 68.00  84 78   740000 1273000   260 10.00
1.049 0.1004 107.55 68.00  84 78   740000 1273000   260 10.00
1.051 0.1103 107.72 68.00  84 78   740000 1273000   260 10.00
1.053 0.1094 107.94 68.00  84 78   740000 1273000   260 10.00
1.054 0.1086 108.21 68.00  84 78   740000 1273000   260 10.00
1.056 0.1104 108.53 68.00  84 78   740000 1273000   260 10.00
1.058 0.1082 108.88 68.00  84 78   740000 1273000   260 10.00
1.060 0.1049 109.29 68.00  84 78   740000 1273000   260 10.00
1.062 0.1098 109.73 68.00  84 78   740000 1273000   260 10.00
1.064 0.1140 110.23 68.00  84 78   740000 1273000   260 10.00
1.066 0.1059 110.76 68.00  84 78   740000 1273000   260 10.00
1.068 0.1133 111.34 68.00  84 78   740000 1273000   260 10.00
1.069 0.1129 111.96 68.00  84 78   740000 1273000   260 10.00
1.071 0.1105 112.61 68.00  84 78   740000 1273000   260 10.00
1.073 0.1137 113.30 68.00  84 78   740000 1273000   260 10.00
1.075 0.1164 114.04 68.00  84 78   740000 1273000   260 10.00
1.077 0.1138 114.83 68.00  84 78   740000 1273000   260 10.00
1.079 0.1114 115.65 68.00  84 78   740000 1273000   260 10.00
1.081 0.1214 116.49 68.00  84 78   740000 1273000   260 10.00
1.083 0.1149 117.35 68.00  84 78   740000 1273000   260 10.00
1.084 0.1233 118.19 68.00  84 78   740000 1273000   260 10.00
1.086 0.1181 119.00 68.00  84 78   740000 1273000   260 10.00
1.088 0.1113 119.76 68.00  84 78   740000 1273000   260 10.00
1.090 0.1183 120.48 68.00  84 78   740000 1273000   260 10.00
1.092 0.1221 121.15 68.00  84 78   740000 1273000   260 10.00
1.094 0.1239 121.75 68.00  84 78   740000 1273000   260 10.00
1.096 0.1227 122.29 68.00  84 78   740000 1273000   260 10.00
1.098 0.1271 122.74 68.00  84 78   740000 1273000   260 10.00
1.099 0.1218 123.12 68.00  84 78   740000 1273000   260 10.00
1.101 0.1285 123.42 68.00  84 78   740000 1273000   260 10.00
1.103 0.1212 123.63 68.00  84 78   740000 1273000   260 10.00
1.105 0.1268 123.75 68.00  84 78   740000 1273000   260 10.00
1.107 0.1191 123.76 68.00  84 78   740000 1273000   260 10.00
1.109 0.1282 123.66 68.00  84 78   740000 1273000   260 10.00
1.111 0.1266 123.43 68.00  84 78   740000 1273000   260 10.00
1.113 0.1163 123.08 68.00  84 78   740000 1273000   260 10.00
1.114 0.1193 122.59 68.00  84 78   740000 1273000   260 10.00
1.116 0.1281 121.96 68.00  84 78   740000 1273000   260 10.00
1.118 0.1196 121.20 68.00  84 78   740000 1273000   260 10.00
1.120 0.1136 120.31 68.00  84 78   740000 1273000   260 10.00
1.122 0.1192 119.30 68.00  84 78   740000 1273000   260 10.00
1.124 0.1310 118.19 68.00  84 78   740000 1273000   260 10.00
1.126 0.1133 116.97 68.00  84 78   740000 1273000   260 10.00
1.128 0.1176 115.69 68.00  84 78   740000 1273000   260 10.00
1.129 0.1108 114.34 68.00  84 78   740000 1273000   260 10.00
1.131 0.1128 112.94 68.00  84 78   740000 1273000   260 10.00
1.133 0.1170 111.49 68.00  84 78   740000 1273000   260 10.00
1.135 0.1055 109.98 68.00  84 78   740000 1273000   260 10.00
1.137 0.1134 108.43 68.00  84 78   740000 1273000   260 10.00
1.139 0.1048 106.83 68.00  84 78   740000 1273000   260 10.00
1.141 0.1043 105.20 68.00  84 78   740000 1273000   260 10.00
1.143 0.1029 103.54 68.00  84 78   740000 1273000   260 10.00
1.144 0.0994 101.88 68.00  84 78   740000 1273000   260 10.00
1.146 0.0989 100.22 68.00  84 78   740000 1273000   260 10.00
1.148 0.0987 98.56 68.00  84 78   740000 1273000   260 10.00
1.150 0.0976 96.91 68.00  84 78   740000 1273000   260 10.00
1.152 0.0946 95.29 68.00  84 78   740000 1273000   260 10.00
1.154 0.0970 93.71 68.00  84 78   740000 1273000   260 10.00
1.156 0.0880 92.18 68.00  84 78   740000 1273000   260 10.00
1.158 0.0920 90.69 68.00  84 78   740000 1273000   260 10.00
1.159 0.0873 89.25 68.00  84 78   740000 1273000   260 10.00
1.161 0.0904 87.86 68.00  84 78   740000 1273000   260 10.00
1.163 0.0867 86.51 68.00  84 78   740000 1273000   260 10.00
1.165 0.0857 85.21 68.00  84 78   740000 1273000   260 10.00
1.167 0.0827 83.96 68.00  84 78   740000 1273000   260 10.00
1.169 0.0838 82.78 68.00  84 78   740000 1273000   260 10.00
1.171 0.0807 81.66 68.00  84 78   740000 1273000   260 10.00
1.173 0.0808 80.62 68.00  84 78   740000 1273000   260 10.00
1.174 0.0803 79.63 68.00  84 78   740000 1273000   260 10.00
1.176 0.0782 78.71 68.00  84 78   740000 1273000   260 10.00
1.178 0.0794 77.84 68.00  84 78   740000 1273000   260 10.00
1.180 0.0765 77.04 68.00  84 78   740000 1273000   260 10.00
1.182 0.0716 76.29 68.00  84 78   740000 1273000   260 10.00
1.184 0.0729 75.61 68.00  84 78   740000 1273000   260 10.00
1.186 0.0806 74.97 68.00  84 78   740000 1273000   260 10.00
1.188 0.0747 74.40 68.00  84 78   740000 1273000   260 10.00
1.189 0.0708 73.88 68.00  84 78   740000 1273000   260 10.00
1.191 0.0720 73.39 68.00  84 78   740000 1273000   260 10.00
1.193 0.0726 72.95 68.00  84 78   740000 1273000   260 10.00
1.195 0.0737 72.55 68.00  84 78   740000 1273000   260 10.00
1.197 0.0711 72.18 68.00  84 78   740000 1273000   260 10.00
1.199 0.0782 71.84 68.00  84 78   740000 1273000   260 10.00
1.201 0.0705 71.53 68.00  84 78   740000 1273000   260 10.00
1.203 0.0699 71.24 68.00  84 78   740000 1273000   260 10.00
1.205 0.0752 70.95 68.00  84 78   740000 1273000   260 10.00
1.206 0.0659 70.68 68.00  84 78   740000 1273000   260 10.00
1.208 0.0729 70.41 68.00  84 78   740000 1273000   260 10.00
1.210 0.0667 70.15 68.00  84 78   740000 1273000   260 10.00
1.212 0.0722 69.88 68.00  84 78   740000 1273000   260 10.00
1.214 0.0685 69.63 68.00  84 78   740000 1273000   260 10.00
1.216 0.0695 69.38 68.00  84 78   740000 1273000   260 10.00
1.218 0.0688 69.13 68.00  84 78   740000 1273000   260 10.00
1.220 0.0692 68.91 68.00  84 78   740000 1273000   260 10.00
1.221 0.0702 68.70 68.00  84 78   740000 1273000   260 10.00
1.223 0.0699 68.51 68.00  84 78   740000 1273000   260 10.00
1.225 0.0650 68.35 68.00  84 78   740000 1273000   260 10.00
1.227 0.0677 68.20 68.00  84 78   740000 1273000   260 10.00
1.229 0.0688 68.07 68.00  84 78   740000 1273000   260 10.00
1.231 0.0695 67.96 68.00  84 78   740000 1273000   260 10.00
1.233 0.0667 67.86 68.00  84 78   740000 1273000   260 10.00
1.235 0.0657 67.77 68.00  84 78   740000 1273000   260 10.00
1.236 0.0673 67.67 68.00  84 78   740000 1273000   260 10.00
1.238 0.0708 67.57 68.00  84 78   740000 1273000   260 10.00
1.240 0.0655 67.46 68.00  84 78   740000 1273000   260 10.00
1.242 0.0682 67.35 68.00  84 78   740000 1273000   260 10.00
1.244 0.0675 67.24 68.00  84 78   740000 1273000   260 10.00
1.246 0.0684 67.13 68.00  84 78   740000 1273000   260 10.00
1.248 0.0645 67.03 68.00  84 78   740000 1273000   260 10.00
1.250 0.0715 66.95 68.00  84 78   740000 1273000   260 10.00
1.251 0.0671 66.90 68.00  84 78   740000 1273000   260 10.00
1.253 0.0645 66.85 68.00  84 78   740000 1273000   260 10.00
1.255 0.0669 66.82 68.00  84 78   740000 1273000   260 10.00
1.257 0.0677 66.79 68.00  84 78   740000 1273000   260 10.00
1.259 0.0660 66.77 68.00  84 78   740000 1273000   260 10.00
1.261 0.0668 66.75 68.00  84 78   740000 1273000   260 10.00
1.263 0.0660 66.74 68.00  84 78   740000 1273000   260 10.00
1.265 0.0633 66.72 68.00  84 78   740000 1273000   260 10.00
1.266 0.0678 66.71 68.00  84 78   740000 1273000   260 10.00
1.268 0.0686 66.71 68.00  84 78   740000 1273000   260 10.00
1.270 0.0628 66.70 68.00  84 78   740000 1273000   260 10.00
1.272 0.0685 66.71 68.00  84 78   740000 1273000   260 10.00
1.274 0.0670 66.72 68.00  84 78   740000 1273000   260 10.00
1.276 0.0696 66.73 68.00  84 78   740000 1273000   260 10.00
1.278 0.0649 66.75 68.00  84 78   740000 1273000   260 10.00
1.280 0.0678 66.76 68.00  84 78   740000 1273000   260 10.00
1.281 0.0683 66.78 68.00  84 78   740000 1273000   260 10.00
1.283 0.0682 66.79 68.00  84 78   740000 1273000   260 10.00
1.285 0.0667 66.79 68.00  84 78   740000 1273000   260 10.00
1.287 0.0646 66.78 68.00  84 78   740000 1273000   260 10.00
1.289 0.0655 66.75 68.00  84 78   740000 1273000   260 10.00
1.291 0.0666 66.71 68.00  84 78   740000 1273000   260 10.00
1.293 0.0673 66.65 68.00  84 78   740000 1273000   260 10.00
1.295 0.0665 66.58 68.00  84 78   740000 1273000   260 10.00
1.296 0.0686 66.50 68.00  84 78   740000 1273000   260 10.00
1.298 0.0634 66.41 68.00  84 78   740000 1273000   260 10.00
1.300 0.0673 66.32 68.00  84 78   740000 1273000   260 10.00
1.302 0.0665 66.24 68.00  84 78   740000 1273000   260 10.00
1.304 0.0656 66.16 68.00  84 78   740000 1273000   260 10.00
1.306 0.0674 66.09 68.00  84 78   740000 1273000   260 10.00
1.308 0.0651 66.02 68.00  84 78   740000 1273000   260 10.00
1.310 0.0662 65.96 68.00  84 78   740000 1273000   260 10.00
1.311 0.0661 65.92 68.00  84 78   740000 1273000   260 10.00
1.313 0.0662 65.89 68.00  84 78   740000 1273000   260 10.00
1.315 0.0652 65.86 68.00  84 78   740000 1273000   260 10.00
1.317 0.0676 65.83 68.00  84 78   740000 1273000   260 10.00
1.319 0.0636 65.81 68.00  84 78   740000 1273000   260 10.00
1.321 0.0671 65.79 68.00  84 78   740000 1273000   260 10.00
1.323 0.0649 65.78 68.00  84 78   740000 1273000   260 10.00
1.325 0.0649 65.78 68.00  84 78   740000 1273000   260 10.00
1.326 0.0659 65.78 68.00  84 78   740000 1273000   260 10.00
1.328 0.0666 65.80 68.00  84 78   740000 1273000   260 10.00
1.330 0.0658 65.82 68.00  84 78   740000 1273000   260 10.00
1.332 0.0656 65.84 68.00  84 78   740000 1273000   260 10.00
1.334 0.0662 65.86 68.00  84 78   740000 1273000   260 10.00
1.336 0.0641 65.87 68.00  84 78   740000 1273000   260 10.00
1.338 0.0675 65.88 68.00  84 78   740000 1273000   260 10.00
1.340 0.0648 65.89 68.00  84 78   740000 1273000   260 10.00
1.341 0.0647 65.90 68.00  84 78   740000 1273000   260 10.00
1.343 0.0677 65.92 68.00  84 78   740000 1273000   260 10.00
1.345 0.0700 65.95 68.00  84 78   740000 1273000   260 10.00
1.347 0.0649 65.97 68.00  84 78   740000 1273000   260 10.00
1.349 0.0613 66.01 68.00  84 78   740000 1273000   260 10.00
1.351 0.0676 66.05 68.00  84 78   740000 1273000   260 10.00
1.353 0.0674 66.09 68.00  84 78   740000 1273000   260 10.00
1.355 0.0660 66.13 68.00  84 78   740000 1273000   260 10.00
1.356 0.0691 66.17 68.00  84 78   740000 1273000   260 10.00
1.358 0.0644 66.21 68.00  84 78   740000 1273000   260 10.00
1.360 0.0634 66.25 68.00  84 78   740000 1273000   260 10.00
1.362 0.0658 66.30 68.00  84 78   740000 1273000   260 10.00
1.364 0.0684 66.34 68.00  84 78   740000 1273000   260 10.00
1.366 0.0621 66.39 68.00  84 78   740000 1273000   260 10.00
1.368 0.0679 66.44 68.00  84 78   740000 1273000   260 10.00
1.370 0.0700 66.49 68.00  84 78   740000 1273000   260 10.00
1.371 0.0637 66.54 68.00  84 78   740000 1273000   260 10.00
1.373 0.0668 66.61 68.00  84 78   740000 1273000   260 10.00
1.375 0.0715 66.69 68.00  84 78   740000 1273000   260 10.00
1.377 0.0658 66.79 68.00  84 78   740000 1273000   260 10.00
1.379 0.0649 66.91 68.00  84 78   740000 1273000   260 10.00
1.381 0.0676 67.03 68.00  84 78   740000 1273000   260 10.00
1.383 0.0662 67.17 68.00  84 78   740000 1273000   260 10.00
1.385 0.0678 67.30 68.00  84 78   740000 1273000   260 10.00
1.386 0.0673 67.42 68.00  84 78   740000 1273000   260 10.00
1.388 0.0663 67.53 68.00  84 78   740000 1273000   260 10.00
1.390 0.0676 67.64 68.00  84 78   740000 1273000   260 10.00
1.392 0.0660 67.72 68.00  84 78   740000 1273000   260 10.00
1.394 0.0717 67.80 68.00  84 78   740000 1273000   260 10.00
1.396 0.0669 67.86 68.00  84 78   740000 1273000   260 10.00
1.398 0.0641 67.92 68.00  84 78   740000 1273000   260 10.00
1.400 0.0696 67.98 68.00  84 78   740000 1273000   260 10.00
1.402 0.0706 68.05 68.00  84 78   740000 1273000   260 10.00
1.403 0.0668 68.13 68.00  84 78   740000 1273000   260 10.00
1.405 0.0702 68.21 68.00  84 78   740000 1273000   260 10.00
1.407 0.0663 68.28 68.00  84 78   740000 1273000   260 10.00
1.409 0.0729 68.36 68.00  84 78   740000 1273000   260 10.00
1.411 0.0688 68.43 68.00  84 78   740000 1273000   260 10.00
1.413 0.0653 68.49 68.00  84 78   740000 1273000   260 10.00
1.415 0.0682 68.55 68.00  84 78   740000 1273000   260 10.00
1.417 0.0684 68.60 68.00  84 78   740000 1273000   260 10.00
1.418 0.0667 68.65 68.00  84 78   740000 1273000   260 10.00
1.420 0.0678 68.68 68.00  84 78   740000 1273000   260 10.00
1.422 0.0684 68.70 68.00  84 78   740000 1273000   260 10.00
1.424 0.0704 68.72 68.00  84 78   740000 1273000   260 10.00
1.426 0.0666 68.73 68.00  84 78   740000 1273000   260 10.00
1.428 0.0711 68.74 68.00  84 78   740000 1273000   260 10.00
1.430 0.0710 68.76 68.00  84 78   740000 1273000   260 10.00
1.432 0.0693 68.78 68.00  84 78   740000 1273000   260 10.00
1.433 0.0662 68.81 68.00  84 78   740000 1273000   260 10.00
1.435 0.0718 68.85 68.00  84 78   740000 1273000   260 10.00
1.437 0.0684 68.88 68.00  84 78   740000 1273000   260 10.00
1.439 0.0644 68.91 68.00  84 78   740000 1273000   260 10.00
1.441 0.0696 68.93 68.00  84 78   740000 1273000   260 10.00
1.443 0.0725 68.95 68.00  84 78   740000 1273000   260 10.00
1.445 0.0693 68.96 68.00  84 78   740000 1273000   260 10.00
1.447 0.0677 68.95 68.00  84 78   740000 1273000   260 10.00
1.448 0.0713 68.93 68.00  84 78   740000 1273000   260 10.00
1.450 0.0673 68.89 68.00  84 78   740000 1273000   260 10.00
1.452 0.0669 68.85 68.00  84 78   740000 1273000   260 10.00
1.454 0.0656 68.82 68.00  84 78   740000 1273000   260 10.00
1.456 0.0718 68.79 68.00  84 78   740000 1273000   260 10.00
1.458 0.0676 68.77 68.00  84 78   740000 1273000   260 10.00
1.460 0.0722 68.77 68.00  84 78   740000 1273000   260 10.00
1.462 0.0705 68.78 68.00  84 78   740000 1273000   260 10.00
1.463 0.0671 68.80 68.00  84 78   740000 1273000   260 10.00
1.465 0.0679 68.83 68.00  84 78   740000 1273000   260 10.00
1.467 0.0700 68.87 68.00  84 78   740000 1273000   260 10.00
1.469 0.0670 68.92 68.00  84 78   740000 1273000   260 10.00
1.471 0.0682 68.96 68.00  84 78   740000 1273000   260 10.00
1.473 0.0689 69.01 68.00  84 78   740000 1273000   260 10.00
1.475 0.0699 69.04 68.00  84 78   740000 1273000   260 10.00
1.477 0.0687 69.08 68.00  84 78   740000 1273000   260 10.00
1.478 0.0724 69.11 68.00  84 78   740000 1273000   260 10.00
1.480 0.0634 69.14 68.00  84 78   740000 1273000   260 10.00
1.482 0.0713 69.18 68.00  84 78   740000 1273000   260 10.00
1.484 0.0676 69.23 68.00  84 78   740000 1273000   260 10.00
1.486 0.0744 69.30 68.00  84 78   740000 1273000   260 10.00
1.488 0.0673 69.39 68.00  84 78   740000 1273000   260 10.00
1.490 0.0704 69.48 68.00  84 78   740000 1273000   260 10.00
1.492 0.0673 69.57 68.00  84 78   740000 1273000   260 10.00
1.493 0.0710 69.65 68.00  84 78   740000 1273000   260 10.00
1.495 0.0696 69.72 68.00  84 78   740000 1273000   260 10.00
1.497 0.0693 69.77 68.00  84 78   740000 1273000   260 10.00
1.499 0.0743 69.80 68.00  84 78   740000 1273000   260 10.00
1.501 0.0631 69.80 68.00  84 78   740000 1273000   260 10.00
1.503 0.0729 69.78 68.00  84 78   740000 1273000   260 10.00
1.505 0.0665 69.74 68.00  84 78   740000 1273000   260 10.00
1.507 0.0669 69.70 68.00  84 78   740000 1273000   260 10.00
1.508 0.0753 69.66 68.00  84 78   740000 1273000   260 10.00
1.510 0.0690 69.64 68.00  84 78   740000 1273000   260 10.00
1.512 0.0698 69.63 68.00  84 78   740000 1273000   260 10.00
1.514 0.0734 69.63 68.00  84 78   740000 1273000   260 10.00
1.516 0.0695 69.66 68.00  84 78   740000 1273000   260 10.00
1.518 0.0733 69.71 68.00  84 78   740000 1273000   260 10.00
1.520 0.0709 69.76 68.00  84 78   740000 1273000   260 10.00
1.522 0.0634 69.81 68.00  84 78   740000 1273000   260 10.00
1.523 0.0637 69.85 68.00  84 78   740000 1273000   260 10.00
1.525 0.0684 69.87 68.00  84 78   740000 1273000   260 10.00
1.527 0.0727 69.87 68.00  84 78   740000 1273000   260 10.00
1.529 0.0694 69.84 68.00  84 78   740000 1273000   260 10.00
1.531 0.0718 69.81 68.00  84 78   740000 1273000   260 10.00
1.533 0.0702 69.79 68.00  84 78   740000 1273000   260 10.00
1.535 0.0667 69.78 68.00  84 78   740000 1273000   260 10.00
1.537 0.0749 69.79 68.00  84 78   740000 1273000   260 10.00
1.538 0.0673 69.82 68.00  84 78   740000 1273000   260 10.00
1.540 0.0727 69.87 68.00  84 78   740000 1273000   260 10.00
1.542 0.0743 69.94 68.00  84 78   740000 1273000   260 10.00
1.544 0.0680 70.02 68.00  84 78   740000 1273000   260 10.00
1.546 0.0712 70.11 68.00  84 78   740000 1273000   260 10.00
1.548 0.0675 70.20 68.00  84 78   740000 1273000   260 10.00
1.550 0.0694 70.27 68.00  84 78   740000 1273000   260 10.00
1.552 0.0729 70.31 68.00  84 78   740000 1273000   260 10.00
1.553 0.0655 70.34 68.00  84 78   740000 1273000   260 10.00
1.555 0.0651 70.34 68.00  84 78   740000 1273000   260 10.00
1.557 0.0695 70.33 68.00  84 78   740000 1273000   260 10.00
1.559 0.0727 70.31 68.00  84 78   740000 1273000   260 10.00
1.561 0.0729 70.28 68.00  84 78   740000 1273000   260 10.00
1.563 0.0721 70.26 68.00  84 78   740000 1273000   260 10.00
1.565 0.0675 70.23 68.00  84 78   740000 1273000   260 10.00
1.567 0.0792 70.20 68.00  84 78   740000 1273000   260 10.00
1.568 0.0704 70.16 68.00  84 78   740000 1273000   260 10.00
1.570 0.0632 70.09 68.00  84 78   740000 1273000   260 10.00
1.572 0.0735 70.02 68.00  84 78   740000 1273000   260 10.00
1.574 0.0677 69.94 68.00  84 78   740000 1273000   260 10.00
1.576 0.0694 69.85 68.00  84 78   740000 1273000   260 10.00
1.578 0.0687 69.76 68.00  84 78   740000 1273000   260 10.00
1.580 0.0711 69.67 68.00  84 78   740000 1273000   260 10.00
1.582 0.0729 69.57 68.00  84 78   740000 1273000   260 10.00
1.583 0.0649 69.47 68.00  84 78   740000 1273000   260 10.00
1.585 0.0714 69.36 68.00  84 78   740000 1273000   260 10.00
1.587 0.0726 69.26 68.00  84 78   740000 1273000   260 10.00
1.589 0.0689 69.17 68.00  84 78   740000 1273000   260 10.00
1.591 0.0653 69.11 68.00  84 78   740000 1273000   260 10.00
1.593 0.0714 69.07 68.00  84 78   740000 1273000   260 10.00
1.595 0.0626 69.07 68.00  84 78   740000 1273000   260 10.00
1.597 0.0673 69.10 68.00  84 78   740000 1273000   260 10.00
1.598 0.0691 69.16 68.00  84 78   740000 1273000   260 10.00
1.600 0.0724 69.23 68.00  84 78   740000 1273000   260 10.00
1.602 0.0696 69.31 68.00  84 78   740000 1273000   260 10.00
1.604 0.0707 69.38 68.00  84 78   740000 1273000   260 10.00
1.606 0.0693 69.46 68.00  84 78   740000 1273000   260 10.00
1.608 0.0725 69.56 68.00  84 78   740000 1273000   260 10.00
1.610 0.0696 69.66 68.00  84 78   740000 1273000   260 10.00
1.612 0.0704 69.77 68.00  84 78   740000 1273000   260 10.00
1.614 0.0687 69.89 68.00  84 78   740000 1273000   260 10.00
1.615 0.0658 69.99 68.00  84 78   740000 1273000   260 10.00
1.617 0.0720 70.08 68.00  84 78   740000 1273000   260 10.00
1.619 0.0689 70.14 68.00  84 78   740000 1273000   260 10.00
1.622 0.0701 70.18 68.00  84 78   740000 1273000   260 10.00
1.624 0.0713 70.18 68.00  84 78   740000 1273000   260 10.00
1.626 0.0726 70.15 68.00  84 78   740000 1273000   260 10.00
1.628 0.0691 70.09 68.00  84 78   740000 1273000   260 10.00
1.631 0.0691 70.02 68.00  84 78   740000 1273000   260 10.00
1.634 0.0727 69.92 68.00  84 78   740000 1273000   260 10.00
1.636 0.0677 69.83 68.00  84 78   740000 1273000   260 10.00
1.639 0.0693 69.74 68.00  84 78   740000 1273000   260 10.00
1.642 0.0691 69.65 68.00  84 78   740000 1273000   260 10.00
1.645 0.0706 69.56 68.00  84 78   740000 1273000   260 10.00
1.648 0.0722 69.47 68.00  84 78   740000 1273000   260 10.00
1.652 0.0708 69.38 68.00  84 78   740000 1273000   260 10.00
1.655 0.0721 69.29 68.00  84 78   740000 1273000   260 10.00
1.659 0.0612 69.20 68.00  84 78   740000 1273000   260 10.00
1.663 0.0691 69.11 68.00  84 78   740000 1273000   260 10.00
1.667 0.0680 69.02 68.00  84 78   740000 1273000   260 10.00
1.671 0.0699 68.95 68.00  84 78   740000 1273000   260 10.00
1.675 0.0693 68.89 68.00  84 78   740000 1273000   260 10.00
1.679 0.0702 68.85 68.00  84 78   740000 1273000   260 10.00
1.684 0.0686 68.82 68.00  84 78   740000 1273000   260 10.00
1.689 0.0681 68.82 68.00  84 78   740000 1273000   260 10.00
1.694 0.0712 68.82 68.00  84 78   740000 1273000   260 10.00
1.699 0.0667 68.84 68.00  84 78   740000 1273000   260 10.00
1.705 0.0692 68.87 68.00  84 78   740000 1273000   260 10.00
1.710 0.0684 68.92 68.00  84 78   740000 1273000   260 10.00
1.716 0.0709 68.97 68.00  84 78   740000 1273000   260 10.00
1.723 0.0686 69.05 68.00  84 78   740000 1273000   260 10.00
1.729 0.0683 69.15 68.00  84 78   740000 1273000   260 10.00
1.736 0.0721 69.28 68.00  84 78   740000 1273000   260 10.00
1.743 0.0706 69.45 68.00  84 78   740000 1273000   260 10.00
1.750 0.0708 69.67 68.00  84 78   740000 1273000   260 10.00
1.758 0.0681 69.95 68.00  84 78   740000 1273000   260 10.00
1.766 0.0721 70.30 68.00  84 78   740000 1273000   260 10.00
1.774 0.0707 70.74 68.00  84 78   740000 1273000   260 10.00
1.783 0.0708 71.29 68.00  84 78   740000 1273000   260 10.00
1.792 0.0718 71.99 68.00  84 78   740000 1273000   260 10.00
1.801 0.0719 72.88 68.00  84 78   740000 1273000   260 10.00
1.811 0.0730 73.96 68.00  84 78   740000 1273000   260 10.00
1.820 0.0739 75.25 68.00  84 78   740000 1273000   260 10.00
1.829 0.0755 76.78 68.00  84 78   740000 1273000   260 10.00
1.839 0.0778 78.52 68.00  84 78   740000 1273000   260 10.00
1.848 0.0779 80.47 68.00  84 78   740000 1273000   260 10.00
1.857 0.0799 82.59 68.00  84 78   740000 1273000   260 10.00
1.867 0.0812 84.85 68.00  84 78   740000 1273000   260 10.00
1.876 0.0833 87.20 68.00  84 78   740000 1273000   260 10.00
1.886 0.0878 89.58 68.00  84 78   740000 1273000   260 10.00
1.895 0.0914 91.92 68.00  84 78   740000 1273000   260 10.00
1.904 0.0923 94.17 68.00  84 78   740000 1273000   260 10.00
1.914 0.0948 96.25 68.00  84 78   740000 1273000   260 10.00
1.923 0.0984 98.11 68.00  84 78   740000 1273000   260 10.00
1.932 0.1025 99.71 68.00  84 78   740000 1273000   260 10.00
1.942 0.1051 101.03 68.00  84 78   740000 1273000   260 10.00
1.951 0.1079 102.06 68.00  84 78   740000 1273000   260 10.00
1.961 0.1113 102.81 68.00  84 78   740000 1273000   260 10.00
1.970 0.1182 103.32 68.00  84 78   740000 1273000   260 10.00
1.979 0.1107 103.64 68.00  84 78   740000 1273000   260 10.00
1.989 0.1120 103.84 68.00  84 78   740000 1273000   260 10.00
1.998 0.1089 104.00 68.00  84 78   740000 1273000   260 10.00
2.008 0.1079 104.21 68.00  84 78   740000 1273000   260 10.00
2.017 0.1056 104.55 68.00  84 78   740000 1273000   260 10.00
2.026 0.1021 105.13 68.00  84 78   740000 1273000   260 10.00
2.036 0.1021 106.02 68.00  84 78   740000 1273000   260 10.00
2.045 0.1027 107.31 68.00  84 78   740000 1273000   260 10.00
2.054 0.1008 109.04 68.00  84 78   740000 1273000   260 10.00
2.064 0.1010 111.28 68.00  84 78   740000 1273000   260 10.00
2.073 0.1038 114.04 68.00  84 78   740000 1273000   260 10.00
2.083 0.1077 117.34 68.00  84 78   740000 1273000   260 10.00
2.092 0.1110 121.18 68.00  84 78   740000 1273000   260 10.00
2.101 0.1179 125.52 68.00  84 78   740000 1273000   260 10.00
2.111 0.1278 130.33 68.00  84 78   740000 1273000   260 10.00
2.120 0.1334 135.55 68.00  84 78   740000 1273000   260 10.00
2.129 0.1452 141.15 68.00  84 78   740000 1273000   260 10.00
2.139 0.1532 147.07 68.00  84 78   740000 1273000   260 10.00
2.148 0.1617 153.43 68.00  84 78   740000 1273000   260 10.00
2.158 0.1710 161.34 68.00  84 78   740000 1273000   260 10.00
2.167 0.1801 172.22 68.00  84 78   740000 1273000   260 10.00
2.176 0.1874 183.97 68.00  84 78   740000 1273000   260 10.00
2.186 0.1957 195.44 68.00  84 78   740000 1273000   260 10.00
2.195 0.2026 206.23 68.00  84 78   740000 1273000   260 10.00
2.205 0.2056 216.23 68.00  84 78   740000 1273000   260 10.00
2.214 0.2171 225.44 68.00  84 78   740000 1273000   260 10.00
2.223 0.2156 233.88 68.00  84 78   740000 1273000   260 10.00
2.233 0.2282 241.62 68.00  84 78   740000 1273000   260 10.00
2.242 0.2362 248.70 68.00  84 78   740000 1273000   260 10.00
2.251 0.2501 255.16 68.00  84 78   740000 1273000   260 10.00
2.261 0.2566 261.04 68.00  84 78   740000 1273000   260 10.00
2.270 0.2730 266.37 68.00  84 78   740000 1273000   260 10.00
2.280 0.2889 271.18 68.00  84 78   740000 1273000   260 10.00
2.289 0.3134 275.48 68.00  84 78   740000 1273000   260 10.00
2.298 0.3341 279.27 68.00  84 78   740000 1273000   260 10.00
2.308 0.3670 282.55 68.00  84 78   740000 1273000   260 10.00
2.317 0.3937 285.30 68.00  84 78   740000 1273000   260 10.00
2.326 0.4335 287.51 68.00  84 78   740000 1273000   260 10.00
2.336 0.4610 289.14 68.00  84 78   740000 1273000   260 10.00
2.345 0.4814 290.15 68.00  84 78   740000 1273000   260 10.00
2.355 0.0000 290.49 68.00  84 78   740000 1273000   260 10.00
2.364 0.0000 290.08 68.00  84 78   740000 1273000   260 10.00
