     x     qy smooth tpara  cd  zL     xTr    xCpl frame tma
-1.079 0.2050 188.38 85.00  77 78   600000 1156000   260 9.58
-1.070 0.2052 176.10 85.00  77 78   600000 1156000   260 9.58
-1.061 0.1919 164.44 85.00  77 78   600000 1156000   260 9.58
-1.052 0.1726 153.37 85.00  77 78   600000 1156000   260 9.58
-1.043 0.1371 142.90 85.00  77 78   600000 1156000   260 9.58
-1.034 0.1134 133.00 85.00  77 78   600000 1156000   260 9.58
-1.025 0.0950 123.65 85.00  77 78   600000 1156000   260 9.58
-1.016 0.0880 114.86 85.00  77 78   600000 1156000   260 9.58
-1.007 0.0838 106.60 85.00  77 78   600000 1156000   260 9.58
-0.998 0.0777 98.87 85.00  77 78   600000 1156000   260 9.58
-0.989 0.0743 91.66 85.00  77 78   600000 1156000   260 9.58
-0.980 0.0710 84.96 85.00  77 78   600000 1156000   260 9.58
-0.971 0.0687 78.77 85.00  77 78   600000 1156000   260 9.58
-0.962 0.0654 73.10 85.00  77 78   600000 1156000   260 9.58
-0.953 0.0636 67.94 85.00  77 78   600000 1156000   260 9.58
-0.944 0.0608 63.32 85.00  77 78   600000 1156000   260 9.58
-0.935 0.0588 59.23 85.00  77 78   600000 1156000   260 9.58
-0.926 0.0569 55.72 85.00  77 78   600000 1156000   260 9.58
-0.917 0.0559 52.82 85.00  77 78   600000 1156000   260 9.58
-0.908 0.0551 50.56 85.00  77 78   600000 1156000   260 9.58
-0.899 0.0530 49.03 85.00  77 78   600000 1156000   260 9.58
-0.890 0.0515 48.26 85.00  77 78   600000 1156000   260 9.58
-0.881 0.0513 48.20 85.00  77 78   600000 1156000   260 9.58
-0.872 0.0507 48.34 85.00  77 78   600000 1156000   260 9.58
-0.863 0.0493 47.75 85.00  77 78   600000 1156000   260 9.58
-0.854 0.0469 47.05 85.00  77 78   600000 1156000   260 9.58
-0.845 0.0467 46.28 85.00  77 78   600000 1156000   260 9.58
-0.836 0.0461 45.49 85.00  77 78   600000 1156000   260 9.58
-0.827 0.0464 44.72 85.00  77 78   600000 1156000   260 9.58
-0.818 0.0449 43.99 85.00  77 78   600000 1156000   260 9.58
-0.809 0.0432 43.31 85.00  77 78   600000 1156000   260 9.58
-0.800 0.0421 42.68 85.00  77 78   600000 1156000   260 9.58
-0.791 0.0423 42.10 85.00  77 78   600000 1156000   260 9.58
-0.782 0.0415 41.58 85.00  77 78   600000 1156000   260 9.58
-0.773 0.0400 41.12 85.00  77 78   600000 1156000   260 9.58
-0.764 0.0408 40.71 85.00  77 78   600000 1156000   260 9.58
-0.755 0.0402 40.36 85.00  77 78   600000 1156000   260 9.58
-0.746 0.0394 40.07 85.00  77 78   600000 1156000   260 9.58
-0.737 0.0386 39.82 85.00  77 78   600000 1156000   260 9.58
-0.728 0.0389 39.63 85.00  77 78   600000 1156000   260 9.58
-0.719 0.0391 39.49 85.00  77 78   600000 1156000   260 9.58
-0.710 0.0396 39.38 85.00  77 78   600000 1156000   260 9.58
-0.701 0.0392 39.32 85.00  77 78   600000 1156000   260 9.58
-0.692 0.0401 39.29 85.00  77 78   600000 1156000   260 9.58
-0.683 0.0403 39.29 85.00  77 78   600000 1156000   260 9.58
-0.674 0.0399 39.32 85.00  77 78   600000 1156000   260 9.58
-0.665 0.0395 39.36 85.00  77 78   600000 1156000   260 9.58
-0.656 0.0399 39.42 85.00  77 78   600000 1156000   260 9.58
-0.647 0.0395 39.50 85.00  77 78   600000 1156000   260 9.58
-0.638 0.0396 39.58 85.00  77 78   600000 1156000   260 9.58
-0.629 0.0406 39.67 85.00  77 78   600000 1156000   260 9.58
-0.621 0.0401 39.75 85.00  77 78   600000 1156000   260 9.58
-0.612 0.0400 39.83 85.00  77 78   600000 1156000   260 9.58
-0.603 0.0400 39.90 85.00  77 78   600000 1156000   260 9.58
-0.594 0.0386 39.97 85.00  77 78   600000 1156000   260 9.58
-0.585 0.0393 40.03 85.00  77 78   600000 1156000   260 9.58
-0.576 0.0402 40.09 85.00  77 78   600000 1156000   260 9.58
-0.567 0.0403 40.16 85.00  77 78   600000 1156000   260 9.58
-0.558 0.0402 40.23 85.00  77 78   600000 1156000   260 9.58
-0.549 0.0397 40.31 85.00  77 78   600000 1156000   260 9.58
-0.540 0.0415 40.39 85.00  77 78   600000 1156000   260 9.58
-0.531 0.0407 40.49 85.00  77 78   600000 1156000   260 9.58
-0.522 0.0397 40.59 85.00  77 78   600000 1156000   260 9.58
-0.513 0.0413 40.70 85.00  77 78   600000 1156000   260 9.58
-0.504 0.0408 40.82 85.00  77 78   600000 1156000   260 9.58
-0.495 0.0415 40.94 85.00  77 78   600000 1156000   260 9.58
-0.486 0.0410 41.06 85.00  77 78   600000 1156000   260 9.58
-0.477 0.0408 41.18 85.00  77 78   600000 1156000   260 9.58
-0.468 0.0407 41.29 85.00  77 78   600000 1156000   260 9.58
-0.459 0.0412 41.40 85.00  77 78   600000 1156000   260 9.58
-0.450 0.0410 41.49 85.00  77 78   600000 1156000   260 9.58
-0.441 0.0414 41.58 85.00  77 78   600000 1156000   260 9.58
-0.432 0.0422 41.65 85.00  77 78   600000 1156000   260 9.58
-0.423 0.0423 41.71 85.00  77 78   600000 1156000   260 9.58
-0.414 0.0423 41.76 85.00  77 78   600000 1156000   260 9.58
-0.405 0.0421 41.81 85.00  77 78   600000 1156000   260 9.58
-0.396 0.0413 41.84 85.00  77 78   600000 1156000   260 9.58
-0.387 0.0413 41.87 85.00  77 78   600000 1156000   260 9.58
-0.378 0.0416 41.88 85.00  77 78   600000 1156000   260 9.58
-0.369 0.0424 41.87 85.00  77 78   600000 1156000   260 9.58
-0.360 0.0420 41.82 85.00  77 78   600000 1156000   260 9.58
-0.351 0.0416 41.74 85.00  77 78   600000 1156000   260 9.58
-0.342 0.0421 41.62 85.00  77 78   600000 1156000   260 9.58
-0.333 0.0425 41.46 85.00  77 78   600000 1156000   260 9.58
-0.324 0.0403 41.26 85.00  77 78   600000 1156000   260 9.58
-0.315 0.0414 41.04 85.00  77 78   600000 1156000   260 9.58
-0.306 0.0405 40.81 85.00  77 78   600000 1156000   260 9.58
-0.297 0.0412 40.57 85.00  77 78   600000 1156000   260 9.58
-0.288 0.0413 40.34 85.00  77 78   600000 1156000   260 9.58
-0.279 0.0406 40.13 85.00  77 78   600000 1156000   260 9.58
-0.270 0.0414 39.94 85.00  77 78   600000 1156000   260 9.58
-0.261 0.0400 39.77 85.00  77 78   600000 1156000   260 9.58
-0.252 0.0400 39.64 85.00  77 78   600000 1156000   260 9.58
-0.243 0.0393 39.54 85.00  77 78   600000 1156000   260 9.58
-0.234 0.0379 39.48 85.00  77 78   600000 1156000   260 9.58
-0.225 0.0385 39.44 85.00  77 78   600000 1156000   260 9.58
-0.216 0.0375 39.44 85.00  77 78   600000 1156000   260 9.58
-0.207 0.0369 39.47 85.00  77 78   600000 1156000   260 9.58
-0.198 0.0377 39.53 85.00  77 78   600000 1156000   260 9.58
-0.189 0.0388 39.63 85.00  77 78   600000 1156000   260 9.58
-0.180 0.0395 39.74 85.00  77 78   600000 1156000   260 9.58
-0.171 0.0414 39.87 85.00  77 78   600000 1156000   260 9.58
-0.162 0.0393 40.02 85.00  77 78   600000 1156000   260 9.58
-0.153 0.0429 40.17 85.00  77 78   600000 1156000   260 9.58
-0.144 0.0417 40.34 85.00  77 78   600000 1156000   260 9.58
-0.135 0.0412 40.50 85.00  77 78   600000 1156000   260 9.58
-0.126 0.0402 40.65 85.00  77 78   600000 1156000   260 9.58
-0.117 0.0407 40.77 85.00  77 78   600000 1156000   260 9.58
-0.108 0.0412 40.87 85.00  77 78   600000 1156000   260 9.58
-0.099 0.0416 40.90 85.00  77 78   600000 1156000   260 9.58
-0.090 0.0398 40.87 85.00  77 78   600000 1156000   260 9.58
-0.081 0.0408 40.76 85.00  77 78   600000 1156000   260 9.58
-0.072 0.0407 40.55 85.00  77 78   600000 1156000   260 9.58
-0.063 0.0411 40.24 85.00  77 78   600000 1156000   260 9.58
-0.054 0.0400 39.84 85.00  77 78   600000 1156000   260 9.58
-0.045 0.0396 39.34 85.00  77 78   600000 1156000   260 9.58
-0.036 0.0381 38.76 85.00  77 78   600000 1156000   260 9.58
-0.027 0.0379 38.10 85.00  77 78   600000 1156000   260 9.58
-0.018 0.0388 37.38 85.00  77 78   600000 1156000   260 9.58
-0.009 0.0373 36.60 85.00  77 78   600000 1156000   260 9.58
0.000 0.0369 35.78 85.00  77 78   600000 1156000   260 9.58
0.009 0.0374 34.92 85.00  77 78   600000 1156000   260 9.58
0.018 0.0349 34.04 85.00  77 78   600000 1156000   260 9.58
0.027 0.0331 33.14 85.00  77 78   600000 1156000   260 9.58
0.036 0.0333 32.23 85.00  77 78   600000 1156000   260 9.58
0.045 0.0306 31.34 85.00  77 78   600000 1156000   260 9.58
0.054 0.0296 30.46 85.00  77 78   600000 1156000   260 9.58
0.063 0.0288 29.62 85.00  77 78   600000 1156000   260 9.58
0.072 0.0270 28.84 85.00  77 78   600000 1156000   260 9.58
0.081 0.0270 28.11 85.00  77 78   600000 1156000   260 9.58
0.090 0.0276 27.47 85.00  77 78   600000 1156000   260 9.58
0.099 0.0259 26.91 85.00  77 78   600000 1156000   260 9.58
0.108 0.0254 26.45 85.00  77 78   600000 1156000   260 9.58
0.117 0.0256 26.09 85.00  77 78   600000 1156000   260 9.58
0.126 0.0256 25.83 85.00  77 78   600000 1156000   260 9.58
0.135 0.0245 25.69 85.00  77 78   600000 1156000   260 9.58
0.144 0.0248 25.65 85.00  77 78   600000 1156000   260 9.58
0.153 0.0261 25.70 85.00  77 78   600000 1156000   260 9.58
0.162 0.0258 25.85 85.00  77 78   600000 1156000   260 9.58
0.171 0.0261 26.07 85.00  77 78   600000 1156000   260 9.58
0.180 0.0254 26.34 85.00  77 78   600000 1156000   260 9.58
0.189 0.0276 26.66 85.00  77 78   600000 1156000   260 9.58
0.198 0.0268 27.00 85.00  77 78   600000 1156000   260 9.58
0.207 0.0276 27.35 85.00  77 78   600000 1156000   260 9.58
0.216 0.0281 27.72 85.00  77 78   600000 1156000   260 9.58
0.225 0.0286 28.10 85.00  77 78   600000 1156000   260 9.58
0.234 0.0289 28.49 85.00  77 78   600000 1156000   260 9.58
0.243 0.0302 28.90 85.00  77 78   600000 1156000   260 9.58
0.252 0.0303 29.33 85.00  77 78   600000 1156000   260 9.58
0.261 0.0309 29.77 85.00  77 78   600000 1156000   260 9.58
0.270 0.0300 30.23 85.00  77 78   600000 1156000   260 9.58
0.279 0.0310 30.72 85.00  77 78   600000 1156000   260 9.58
0.288 0.0315 31.22 85.00  77 78   600000 1156000   260 9.58
0.297 0.0313 31.74 85.00  77 78   600000 1156000   260 9.58
0.306 0.0311 32.26 85.00  77 78   600000 1156000   260 9.58
0.315 0.0315 32.79 85.00  77 78   600000 1156000   260 9.58
0.324 0.0318 33.31 85.00  77 78   600000 1156000   260 9.58
0.333 0.0321 33.83 85.00  77 78   600000 1156000   260 9.58
0.342 0.0337 34.32 85.00  77 78   600000 1156000   260 9.58
0.351 0.0337 34.79 85.00  77 78   600000 1156000   260 9.58
0.360 0.0352 35.24 85.00  77 78   600000 1156000   260 9.58
0.369 0.0365 35.66 85.00  77 78   600000 1156000   260 9.58
0.378 0.0387 36.05 85.00  77 78   600000 1156000   260 9.58
0.387 0.0376 36.42 85.00  77 78   600000 1156000   260 9.58
0.396 0.0387 36.77 85.00  77 78   600000 1156000   260 9.58
0.405 0.0392 37.12 85.00  77 78   600000 1156000   260 9.58
0.414 0.0372 37.46 85.00  77 78   600000 1156000   260 9.58
0.423 0.0388 37.81 85.00  77 78   600000 1156000   260 9.58
0.432 0.0396 38.18 85.00  77 78   600000 1156000   260 9.58
0.441 0.0400 38.56 85.00  77 78   600000 1156000   260 9.58
0.450 0.0392 38.96 85.00  77 78   600000 1156000   260 9.58
0.459 0.0363 39.40 85.00  77 78   600000 1156000   260 9.58
0.468 0.0390 39.86 85.00  77 78   600000 1156000   260 9.58
0.477 0.0379 40.35 85.00  77 78   600000 1156000   260 9.58
0.486 0.0392 40.86 85.00  77 78   600000 1156000   260 9.58
0.495 0.0392 41.40 85.00  77 78   600000 1156000   260 9.58
0.504 0.0405 41.96 85.00  77 78   600000 1156000   260 9.58
0.513 0.0413 42.56 85.00  77 78   600000 1156000   260 9.58
0.522 0.0413 43.17 85.00  77 78   600000 1156000   260 9.58
0.531 0.0439 43.81 85.00  77 78   600000 1156000   260 9.58
0.540 0.0446 44.46 85.00  77 78   600000 1156000   260 9.58
0.549 0.0466 45.12 85.00  77 78   600000 1156000   260 9.58
0.557 0.0483 45.77 85.00  77 78   600000 1156000   260 9.58
0.565 0.0470 46.41 85.00  77 78   600000 1156000   260 9.58
0.573 0.0494 47.03 85.00  77 78   600000 1156000   260 9.58
0.581 0.0493 47.63 85.00  77 78   600000 1156000   260 9.58
0.588 0.0508 48.19 85.00  77 78   600000 1156000   260 9.58
0.595 0.0491 48.71 85.00  77 78   600000 1156000   260 9.58
0.602 0.0510 49.18 85.00  77 78   600000 1156000   260 9.58
0.609 0.0491 49.60 85.00  77 78   600000 1156000   260 9.58
0.615 0.0465 49.98 85.00  77 78   600000 1156000   260 9.58
0.621 0.0512 50.33 85.00  77 78   600000 1156000   260 9.58
0.627 0.0499 50.66 85.00  77 78   600000 1156000   260 9.58
0.632 0.0483 50.98 85.00  77 78   600000 1156000   260 9.58
0.637 0.0529 51.30 85.00  77 78   600000 1156000   260 9.58
0.642 0.0509 51.63 85.00  77 78   600000 1156000   260 9.58
0.647 0.0512 51.98 85.00  77 78   600000 1156000   260 9.58
0.652 0.0515 52.36 85.00  77 78   600000 1156000   260 9.58
0.656 0.0512 52.78 85.00  77 78   600000 1156000   260 9.58
0.661 0.0544 53.24 85.00  77 78   600000 1156000   260 9.58
0.665 0.0522 53.74 85.00  77 78   600000 1156000   260 9.58
0.669 0.0546 54.26 85.00  77 78   600000 1156000   260 9.58
0.672 0.0561 54.80 85.00  77 78   600000 1156000   260 9.58
0.676 0.0559 55.35 85.00  77 78   600000 1156000   260 9.58
0.679 0.0532 55.88 85.00  77 78   600000 1156000   260 9.58
0.683 0.0557 56.38 85.00  77 78   600000 1156000   260 9.58
0.686 0.0570 56.84 85.00  77 78   600000 1156000   260 9.58
0.689 0.0588 57.26 85.00  77 78   600000 1156000   260 9.58
0.692 0.0614 57.63 85.00  77 78   600000 1156000   260 9.58
0.695 0.0586 57.95 85.00  77 78   600000 1156000   260 9.58
0.698 0.0579 58.25 85.00  77 78   600000 1156000   260 9.58
0.700 0.0606 58.53 85.00  77 78   600000 1156000   260 9.58
0.703 0.0561 58.81 85.00  77 78   600000 1156000   260 9.58
0.705 0.0594 59.07 85.00  77 78   600000 1156000   260 9.58
0.707 0.0592 59.34 85.00  77 78   600000 1156000   260 9.58
0.710 0.0631 59.61 85.00  77 78   600000 1156000   260 9.58
0.712 0.0619 59.89 85.00  77 78   600000 1156000   260 9.58
0.714 0.0571 60.16 85.00  77 78   600000 1156000   260 9.58
0.716 0.0577 60.43 85.00  77 78   600000 1156000   260 9.58
0.718 0.0597 60.70 85.00  77 78   600000 1156000   260 9.58
0.719 0.0604 60.97 85.00  77 78   600000 1156000   260 9.58
0.721 0.0588 61.24 85.00  77 78   600000 1156000   260 9.58
0.723 0.0635 61.51 85.00  77 78   600000 1156000   260 9.58
0.725 0.0534 61.79 85.00  77 78   600000 1156000   260 9.58
0.727 0.0654 62.07 85.00  77 78   600000 1156000   260 9.58
0.728 0.0654 62.34 85.00  77 78   600000 1156000   260 9.58
0.730 0.0617 62.60 85.00  77 78   600000 1156000   260 9.58
0.732 0.0639 62.84 85.00  77 78   600000 1156000   260 9.58
0.734 0.0664 63.06 85.00  77 78   600000 1156000   260 9.58
0.736 0.0715 63.27 85.00  77 78   600000 1156000   260 9.58
0.737 0.0586 63.45 85.00  77 78   600000 1156000   260 9.58
0.739 0.0611 63.63 85.00  77 78   600000 1156000   260 9.58
0.741 0.0660 63.80 85.00  77 78   600000 1156000   260 9.58
0.743 0.0648 63.98 85.00  77 78   600000 1156000   260 9.58
0.745 0.0639 64.17 85.00  77 78   600000 1156000   260 9.58
0.746 0.0608 64.37 85.00  77 78   600000 1156000   260 9.58
0.748 0.0668 64.57 85.00  77 78   600000 1156000   260 9.58
0.750 0.0620 64.77 85.00  77 78   600000 1156000   260 9.58
0.752 0.0661 64.97 85.00  77 78   600000 1156000   260 9.58
0.754 0.0665 65.17 85.00  77 78   600000 1156000   260 9.58
0.755 0.0655 65.37 85.00  77 78   600000 1156000   260 9.58
0.757 0.0608 65.58 85.00  77 78   600000 1156000   260 9.58
0.759 0.0647 65.80 85.00  77 78   600000 1156000   260 9.58
0.761 0.0650 66.02 85.00  77 78   600000 1156000   260 9.58
0.763 0.0633 66.27 85.00  77 78   600000 1156000   260 9.58
0.764 0.0641 66.54 85.00  77 78   600000 1156000   260 9.58
0.766 0.0730 66.82 85.00  77 78   600000 1156000   260 9.58
0.768 0.0719 67.13 85.00  77 78   600000 1156000   260 9.58
0.770 0.0694 67.43 85.00  77 78   600000 1156000   260 9.58
0.772 0.0656 67.72 85.00  77 78   600000 1156000   260 9.58
0.773 0.0708 68.00 85.00  77 78   600000 1156000   260 9.58
0.775 0.0669 68.24 85.00  77 78   600000 1156000   260 9.58
0.777 0.0726 68.45 85.00  77 78   600000 1156000   260 9.58
0.779 0.0670 68.64 85.00  77 78   600000 1156000   260 9.58
0.781 0.0666 68.79 85.00  77 78   600000 1156000   260 9.58
0.782 0.0631 68.91 85.00  77 78   600000 1156000   260 9.58
0.784 0.0712 68.99 85.00  77 78   600000 1156000   260 9.58
0.786 0.0659 69.03 85.00  77 78   600000 1156000   260 9.58
0.788 0.0664 69.05 85.00  77 78   600000 1156000   260 9.58
0.790 0.0758 69.05 85.00  77 78   600000 1156000   260 9.58
0.791 0.0697 69.03 85.00  77 78   600000 1156000   260 9.58
0.793 0.0675 69.00 85.00  77 78   600000 1156000   260 9.58
0.795 0.0685 68.96 85.00  77 78   600000 1156000   260 9.58
0.797 0.0735 68.90 85.00  77 78   600000 1156000   260 9.58
0.799 0.0719 68.84 85.00  77 78   600000 1156000   260 9.58
0.800 0.0625 68.76 85.00  77 78   600000 1156000   260 9.58
0.802 0.0708 68.67 85.00  77 78   600000 1156000   260 9.58
0.804 0.0682 68.55 85.00  77 78   600000 1156000   260 9.58
0.806 0.0623 68.41 85.00  77 78   600000 1156000   260 9.58
0.808 0.0708 68.25 85.00  77 78   600000 1156000   260 9.58
0.809 0.0744 68.09 85.00  77 78   600000 1156000   260 9.58
0.811 0.0644 67.93 85.00  77 78   600000 1156000   260 9.58
0.813 0.0695 67.80 85.00  77 78   600000 1156000   260 9.58
0.815 0.0667 67.69 85.00  77 78   600000 1156000   260 9.58
0.817 0.0680 67.60 85.00  77 78   600000 1156000   260 9.58
0.818 0.0694 67.53 85.00  77 78   600000 1156000   260 9.58
0.820 0.0658 67.48 85.00  77 78   600000 1156000   260 9.58
0.822 0.0681 67.46 85.00  77 78   600000 1156000   260 9.58
0.824 0.0676 67.46 85.00  77 78   600000 1156000   260 9.58
0.826 0.0632 67.47 85.00  77 78   600000 1156000   260 9.58
0.827 0.0631 67.51 85.00  77 78   600000 1156000   260 9.58
0.829 0.0678 67.57 85.00  77 78   600000 1156000   260 9.58
0.831 0.0656 67.66 85.00  77 78   600000 1156000   260 9.58
0.833 0.0742 67.79 85.00  77 78   600000 1156000   260 9.58
0.835 0.0692 67.95 85.00  77 78   600000 1156000   260 9.58
0.836 0.0628 68.16 85.00  77 78   600000 1156000   260 9.58
0.838 0.0756 68.39 85.00  77 78   600000 1156000   260 9.58
0.840 0.0705 68.64 85.00  77 78   600000 1156000   260 9.58
0.842 0.0702 68.93 85.00  77 78   600000 1156000   260 9.58
0.844 0.0665 69.22 85.00  77 78   600000 1156000   260 9.58
0.845 0.0684 69.53 85.00  77 78   600000 1156000   260 9.58
0.847 0.0718 69.81 85.00  77 78   600000 1156000   260 9.58
0.849 0.0653 70.06 85.00  77 78   600000 1156000   260 9.58
0.851 0.0615 70.27 85.00  77 78   600000 1156000   260 9.58
0.853 0.0737 70.44 85.00  77 78   600000 1156000   260 9.58
0.854 0.0732 70.59 85.00  77 78   600000 1156000   260 9.58
0.856 0.0736 70.71 85.00  77 78   600000 1156000   260 9.58
0.858 0.0716 70.82 85.00  77 78   600000 1156000   260 9.58
0.860 0.0718 70.93 85.00  77 78   600000 1156000   260 9.58
0.862 0.0773 71.06 85.00  77 78   600000 1156000   260 9.58
0.863 0.0701 71.21 85.00  77 78   600000 1156000   260 9.58
0.865 0.0702 71.39 85.00  77 78   600000 1156000   260 9.58
0.867 0.0727 71.59 85.00  77 78   600000 1156000   260 9.58
0.869 0.0700 71.80 85.00  77 78   600000 1156000   260 9.58
0.871 0.0691 72.02 85.00  77 78   600000 1156000   260 9.58
0.872 0.0697 72.23 85.00  77 78   600000 1156000   260 9.58
0.874 0.0747 72.43 85.00  77 78   600000 1156000   260 9.58
0.876 0.0742 72.61 85.00  77 78   600000 1156000   260 9.58
0.878 0.0705 72.79 85.00  77 78   600000 1156000   260 9.58
0.879 0.0711 72.95 85.00  77 78   600000 1156000   260 9.58
0.881 0.0690 73.09 85.00  77 78   600000 1156000   260 9.58
0.883 0.0711 73.24 85.00  77 78   600000 1156000   260 9.58
0.885 0.0828 73.40 85.00  77 78   600000 1156000   260 9.58
0.887 0.0728 73.58 85.00  77 78   600000 1156000   260 9.58
0.888 0.0764 73.80 85.00  77 78   600000 1156000   260 9.58
0.890 0.0753 74.07 85.00  77 78   600000 1156000   260 9.58
0.892 0.0721 74.38 85.00  77 78   600000 1156000   260 9.58
0.894 0.0789 74.75 85.00  77 78   600000 1156000   260 9.58
0.896 0.0719 75.16 85.00  77 78   600000 1156000   260 9.58
0.897 0.0776 75.62 85.00  77 78   600000 1156000   260 9.58
0.899 0.0740 76.11 85.00  77 78   600000 1156000   260 9.58
0.901 0.0746 76.62 85.00  77 78   600000 1156000   260 9.58
0.903 0.0786 77.13 85.00  77 78   600000 1156000   260 9.58
0.905 0.0743 77.65 85.00  77 78   600000 1156000   260 9.58
0.906 0.0818 78.18 85.00  77 78   600000 1156000   260 9.58
0.908 0.0754 78.72 85.00  77 78   600000 1156000   260 9.58
0.910 0.0761 79.28 85.00  77 78   600000 1156000   260 9.58
0.912 0.0805 79.87 85.00  77 78   600000 1156000   260 9.58
0.914 0.0771 80.47 85.00  77 78   600000 1156000   260 9.58
0.915 0.0820 81.10 85.00  77 78   600000 1156000   260 9.58
0.917 0.0853 81.77 85.00  77 78   600000 1156000   260 9.58
0.919 0.0823 82.50 85.00  77 78   600000 1156000   260 9.58
0.921 0.0888 83.29 85.00  77 78   600000 1156000   260 9.58
0.923 0.0854 84.14 85.00  77 78   600000 1156000   260 9.58
0.924 0.0901 85.03 85.00  77 78   600000 1156000   260 9.58
0.926 0.0862 85.97 85.00  77 78   600000 1156000   260 9.58
0.928 0.0895 86.93 85.00  77 78   600000 1156000   260 9.58
0.930 0.0822 87.93 85.00  77 78   600000 1156000   260 9.58
0.932 0.0816 88.95 85.00  77 78   600000 1156000   260 9.58
0.933 0.0847 89.99 85.00  77 78   600000 1156000   260 9.58
0.935 0.0931 91.04 85.00  77 78   600000 1156000   260 9.58
0.937 0.0899 92.12 85.00  77 78   600000 1156000   260 9.58
0.939 0.0955 93.24 85.00  77 78   600000 1156000   260 9.58
0.941 0.0931 94.40 85.00  77 78   600000 1156000   260 9.58
0.942 0.1001 95.59 85.00  77 78   600000 1156000   260 9.58
0.944 0.0930 96.82 85.00  77 78   600000 1156000   260 9.58
0.946 0.1014 98.07 85.00  77 78   600000 1156000   260 9.58
0.948 0.0913 99.35 85.00  77 78   600000 1156000   260 9.58
0.950 0.1049 100.65 85.00  77 78   600000 1156000   260 9.58
0.951 0.1062 101.97 85.00  77 78   600000 1156000   260 9.58
0.953 0.1099 103.28 85.00  77 78   600000 1156000   260 9.58
0.955 0.0982 104.54 85.00  77 78   600000 1156000   260 9.58
0.957 0.1046 105.70 85.00  77 78   600000 1156000   260 9.58
0.959 0.1064 106.72 85.00  77 78   600000 1156000   260 9.58
0.960 0.1023 107.57 85.00  77 78   600000 1156000   260 9.58
0.962 0.1103 108.23 85.00  77 78   600000 1156000   260 9.58
0.964 0.1108 108.71 85.00  77 78   600000 1156000   260 9.58
0.966 0.1136 109.01 85.00  77 78   600000 1156000   260 9.58
0.968 0.1033 109.18 85.00  77 78   600000 1156000   260 9.58
0.969 0.1151 109.24 85.00  77 78   600000 1156000   260 9.58
0.971 0.1138 109.24 85.00  77 78   600000 1156000   260 9.58
0.973 0.1141 109.20 85.00  77 78   600000 1156000   260 9.58
0.975 0.1076 109.13 85.00  77 78   600000 1156000   260 9.58
0.977 0.1020 109.03 85.00  77 78   600000 1156000   260 9.58
0.978 0.1125 108.89 85.00  77 78   600000 1156000   260 9.58
0.980 0.1187 108.73 85.00  77 78   600000 1156000   260 9.58
0.982 0.0995 108.53 85.00  77 78   600000 1156000   260 9.58
0.984 0.1123 108.30 85.00  77 78   600000 1156000   260 9.58
0.986 0.1091 108.04 85.00  77 78   600000 1156000   260 9.58
0.987 0.0929 107.73 85.00  77 78   600000 1156000   260 9.58
0.989 0.1033 107.37 85.00  77 78   600000 1156000   260 9.58
0.991 0.0974 106.95 85.00  77 78   600000 1156000   260 9.58
0.993 0.1066 106.48 85.00  77 78   600000 1156000   260 9.58
0.995 0.1095 105.97 85.00  77 78   600000 1156000   260 9.58
0.996 0.1093 105.44 85.00  77 78   600000 1156000   260 9.58
0.998 0.1096 104.87 85.00  77 78   600000 1156000   260 9.58
1.000 0.1082 104.25 85.00  77 78   600000 1156000   260 9.58
1.002 0.1046 103.58 85.00  77 78   600000 1156000   260 9.58
1.004 0.1124 102.86 85.00  77 78   600000 1156000   260 9.58
1.005 0.1036 102.08 85.00  77 78   600000 1156000   260 9.58
1.007 0.0985 101.23 85.00  77 78   600000 1156000   260 9.58
1.009 0.1036 100.32 85.00  77 78   600000 1156000   260 9.58
1.011 0.0918 99.34 85.00  77 78   600000 1156000   260 9.58
1.013 0.0994 98.30 85.00  77 78   600000 1156000   260 9.58
1.014 0.0939 97.20 85.00  77 78   600000 1156000   260 9.58
1.016 0.1007 96.05 85.00  77 78   600000 1156000   260 9.58
1.018 0.0941 94.86 85.00  77 78   600000 1156000   260 9.58
1.020 0.0902 93.65 85.00  77 78   600000 1156000   260 9.58
1.022 0.0916 92.43 85.00  77 78   600000 1156000   260 9.58
1.023 0.0916 91.25 85.00  77 78   600000 1156000   260 9.58
1.025 0.0897 90.14 85.00  77 78   600000 1156000   260 9.58
1.027 0.0830 89.11 85.00  77 78   600000 1156000   260 9.58
1.029 0.0908 88.19 85.00  77 78   600000 1156000   260 9.58
1.031 0.0880 87.36 85.00  77 78   600000 1156000   260 9.58
1.032 0.0802 86.59 85.00  77 78   600000 1156000   260 9.58
1.034 0.0875 85.87 85.00  77 78   600000 1156000   260 9.58
1.036 0.0858 85.16 85.00  77 78   600000 1156000   260 9.58
1.038 0.0897 84.45 85.00  77 78   600000 1156000   260 9.58
1.040 0.0860 83.73 85.00  77 78   600000 1156000   260 9.58
1.041 0.0799 82.97 85.00  77 78   600000 1156000   260 9.58
1.043 0.0825 82.17 85.00  77 78   600000 1156000   260 9.58
1.045 0.0803 81.33 85.00  77 78   600000 1156000   260 9.58
1.047 0.0855 80.47 85.00  77 78   600000 1156000   260 9.58
1.049 0.0753 79.60 85.00  77 78   600000 1156000   260 9.58
1.050 0.0826 78.74 85.00  77 78   600000 1156000   260 9.58
1.052 0.0784 77.89 85.00  77 78   600000 1156000   260 9.58
1.054 0.0807 77.05 85.00  77 78   600000 1156000   260 9.58
1.056 0.0730 76.22 85.00  77 78   600000 1156000   260 9.58
1.058 0.0778 75.42 85.00  77 78   600000 1156000   260 9.58
1.059 0.0747 74.66 85.00  77 78   600000 1156000   260 9.58
1.061 0.0750 73.95 85.00  77 78   600000 1156000   260 9.58
1.063 0.0678 73.27 85.00  77 78   600000 1156000   260 9.58
1.065 0.0718 72.63 85.00  77 78   600000 1156000   260 9.58
1.067 0.0676 72.03 85.00  77 78   600000 1156000   260 9.58
1.068 0.0727 71.47 85.00  77 78   600000 1156000   260 9.58
1.070 0.0701 70.93 85.00  77 78   600000 1156000   260 9.58
1.072 0.0689 70.42 85.00  77 78   600000 1156000   260 9.58
1.074 0.0648 69.95 85.00  77 78   600000 1156000   260 9.58
1.076 0.0714 69.52 85.00  77 78   600000 1156000   260 9.58
1.077 0.0733 69.14 85.00  77 78   600000 1156000   260 9.58
1.079 0.0740 68.82 85.00  77 78   600000 1156000   260 9.58
1.081 0.0675 68.58 85.00  77 78   600000 1156000   260 9.58
1.083 0.0741 68.42 85.00  77 78   600000 1156000   260 9.58
1.085 0.0705 68.32 85.00  77 78   600000 1156000   260 9.58
1.086 0.0590 68.28 85.00  77 78   600000 1156000   260 9.58
1.088 0.0727 68.26 85.00  77 78   600000 1156000   260 9.58
1.090 0.0689 68.25 85.00  77 78   600000 1156000   260 9.58
1.092 0.0673 68.22 85.00  77 78   600000 1156000   260 9.58
1.094 0.0734 68.15 85.00  77 78   600000 1156000   260 9.58
1.095 0.0507 68.04 85.00  77 78   600000 1156000   260 9.58
1.097 0.0690 67.90 85.00  77 78   600000 1156000   260 9.58
1.099 0.0684 67.73 85.00  77 78   600000 1156000   260 9.58
1.101 0.0691 67.55 85.00  77 78   600000 1156000   260 9.58
1.103 0.0645 67.38 85.00  77 78   600000 1156000   260 9.58
1.104 0.0712 67.21 85.00  77 78   600000 1156000   260 9.58
1.106 0.0682 67.06 85.00  77 78   600000 1156000   260 9.58
1.108 0.0741 66.94 85.00  77 78   600000 1156000   260 9.58
1.110 0.0697 66.86 85.00  77 78   600000 1156000   260 9.58
1.112 0.0666 66.82 85.00  77 78   600000 1156000   260 9.58
1.113 0.0683 66.79 85.00  77 78   600000 1156000   260 9.58
1.115 0.0654 66.78 85.00  77 78   600000 1156000   260 9.58
1.117 0.0661 66.74 85.00  77 78   600000 1156000   260 9.58
1.119 0.0671 66.69 85.00  77 78   600000 1156000   260 9.58
1.121 0.0577 66.60 85.00  77 78   600000 1156000   260 9.58
1.122 0.0644 66.47 85.00  77 78   600000 1156000   260 9.58
1.124 0.0639 66.31 85.00  77 78   600000 1156000   260 9.58
1.126 0.0680 66.15 85.00  77 78   600000 1156000   260 9.58
1.128 0.0677 65.98 85.00  77 78   600000 1156000   260 9.58
1.129 0.0672 65.82 85.00  77 78   600000 1156000   260 9.58
1.131 0.0670 65.69 85.00  77 78   600000 1156000   260 9.58
1.133 0.0662 65.60 85.00  77 78   600000 1156000   260 9.58
1.135 0.0676 65.56 85.00  77 78   600000 1156000   260 9.58
1.137 0.0646 65.57 85.00  77 78   600000 1156000   260 9.58
1.138 0.0615 65.63 85.00  77 78   600000 1156000   260 9.58
1.140 0.0744 65.71 85.00  77 78   600000 1156000   260 9.58
1.142 0.0637 65.78 85.00  77 78   600000 1156000   260 9.58
1.144 0.0684 65.84 85.00  77 78   600000 1156000   260 9.58
1.146 0.0594 65.85 85.00  77 78   600000 1156000   260 9.58
1.147 0.0618 65.80 85.00  77 78   600000 1156000   260 9.58
1.149 0.0697 65.71 85.00  77 78   600000 1156000   260 9.58
1.151 0.0658 65.58 85.00  77 78   600000 1156000   260 9.58
1.153 0.0605 65.44 85.00  77 78   600000 1156000   260 9.58
1.155 0.0697 65.30 85.00  77 78   600000 1156000   260 9.58
1.156 0.0606 65.17 85.00  77 78   600000 1156000   260 9.58
1.158 0.0716 65.04 85.00  77 78   600000 1156000   260 9.58
1.160 0.0689 64.95 85.00  77 78   600000 1156000   260 9.58
1.162 0.0621 64.89 85.00  77 78   600000 1156000   260 9.58
1.164 0.0679 64.85 85.00  77 78   600000 1156000   260 9.58
1.165 0.0613 64.83 85.00  77 78   600000 1156000   260 9.58
1.167 0.0667 64.82 85.00  77 78   600000 1156000   260 9.58
1.169 0.0654 64.83 85.00  77 78   600000 1156000   260 9.58
1.171 0.0622 64.83 85.00  77 78   600000 1156000   260 9.58
1.173 0.0644 64.84 85.00  77 78   600000 1156000   260 9.58
1.174 0.0628 64.85 85.00  77 78   600000 1156000   260 9.58
1.176 0.0590 64.86 85.00  77 78   600000 1156000   260 9.58
1.178 0.0641 64.90 85.00  77 78   600000 1156000   260 9.58
1.180 0.0696 64.96 85.00  77 78   600000 1156000   260 9.58
1.182 0.0691 65.05 85.00  77 78   600000 1156000   260 9.58
1.183 0.0622 65.17 85.00  77 78   600000 1156000   260 9.58
1.185 0.0710 65.31 85.00  77 78   600000 1156000   260 9.58
1.187 0.0634 65.47 85.00  77 78   600000 1156000   260 9.58
1.189 0.0635 65.64 85.00  77 78   600000 1156000   260 9.58
1.191 0.0607 65.81 85.00  77 78   600000 1156000   260 9.58
1.192 0.0701 65.97 85.00  77 78   600000 1156000   260 9.58
1.194 0.0665 66.13 85.00  77 78   600000 1156000   260 9.58
1.196 0.0689 66.25 85.00  77 78   600000 1156000   260 9.58
1.198 0.0643 66.35 85.00  77 78   600000 1156000   260 9.58
1.200 0.0656 66.39 85.00  77 78   600000 1156000   260 9.58
1.201 0.0663 66.40 85.00  77 78   600000 1156000   260 9.58
1.203 0.0661 66.37 85.00  77 78   600000 1156000   260 9.58
1.205 0.0647 66.30 85.00  77 78   600000 1156000   260 9.58
1.207 0.0684 66.20 85.00  77 78   600000 1156000   260 9.58
1.209 0.0707 66.07 85.00  77 78   600000 1156000   260 9.58
1.210 0.0671 65.92 85.00  77 78   600000 1156000   260 9.58
1.212 0.0680 65.78 85.00  77 78   600000 1156000   260 9.58
1.214 0.0636 65.64 85.00  77 78   600000 1156000   260 9.58
1.216 0.0598 65.51 85.00  77 78   600000 1156000   260 9.58
1.218 0.0652 65.38 85.00  77 78   600000 1156000   260 9.58
1.219 0.0655 65.26 85.00  77 78   600000 1156000   260 9.58
1.221 0.0650 65.15 85.00  77 78   600000 1156000   260 9.58
1.223 0.0695 65.04 85.00  77 78   600000 1156000   260 9.58
1.225 0.0641 64.96 85.00  77 78   600000 1156000   260 9.58
1.227 0.0648 64.89 85.00  77 78   600000 1156000   260 9.58
1.228 0.0597 64.84 85.00  77 78   600000 1156000   260 9.58
1.230 0.0653 64.83 85.00  77 78   600000 1156000   260 9.58
1.232 0.0675 64.84 85.00  77 78   600000 1156000   260 9.58
1.234 0.0619 64.88 85.00  77 78   600000 1156000   260 9.58
1.236 0.0625 64.95 85.00  77 78   600000 1156000   260 9.58
1.237 0.0688 65.04 85.00  77 78   600000 1156000   260 9.58
1.239 0.0633 65.16 85.00  77 78   600000 1156000   260 9.58
1.241 0.0648 65.30 85.00  77 78   600000 1156000   260 9.58
1.243 0.0669 65.44 85.00  77 78   600000 1156000   260 9.58
1.245 0.0664 65.58 85.00  77 78   600000 1156000   260 9.58
1.246 0.0697 65.70 85.00  77 78   600000 1156000   260 9.58
1.248 0.0643 65.81 85.00  77 78   600000 1156000   260 9.58
1.250 0.0645 65.91 85.00  77 78   600000 1156000   260 9.58
1.252 0.0654 66.01 85.00  77 78   600000 1156000   260 9.58
1.254 0.0688 66.11 85.00  77 78   600000 1156000   260 9.58
1.255 0.0636 66.22 85.00  77 78   600000 1156000   260 9.58
1.257 0.0667 66.34 85.00  77 78   600000 1156000   260 9.58
1.259 0.0660 66.45 85.00  77 78   600000 1156000   260 9.58
1.261 0.0638 66.57 85.00  77 78   600000 1156000   260 9.58
1.263 0.0699 66.67 85.00  77 78   600000 1156000   260 9.58
1.264 0.0721 66.78 85.00  77 78   600000 1156000   260 9.58
1.266 0.0615 66.87 85.00  77 78   600000 1156000   260 9.58
1.268 0.0660 66.97 85.00  77 78   600000 1156000   260 9.58
1.270 0.0701 67.05 85.00  77 78   600000 1156000   260 9.58
1.272 0.0611 67.13 85.00  77 78   600000 1156000   260 9.58
1.273 0.0670 67.17 85.00  77 78   600000 1156000   260 9.58
1.275 0.0711 67.20 85.00  77 78   600000 1156000   260 9.58
1.277 0.0610 67.21 85.00  77 78   600000 1156000   260 9.58
1.279 0.0701 67.20 85.00  77 78   600000 1156000   260 9.58
1.281 0.0743 67.18 85.00  77 78   600000 1156000   260 9.58
1.282 0.0655 67.14 85.00  77 78   600000 1156000   260 9.58
1.284 0.0653 67.09 85.00  77 78   600000 1156000   260 9.58
1.286 0.0670 67.03 85.00  77 78   600000 1156000   260 9.58
1.288 0.0730 66.98 85.00  77 78   600000 1156000   260 9.58
1.290 0.0651 66.93 85.00  77 78   600000 1156000   260 9.58
1.291 0.0668 66.90 85.00  77 78   600000 1156000   260 9.58
1.293 0.0650 66.88 85.00  77 78   600000 1156000   260 9.58
1.295 0.0651 66.88 85.00  77 78   600000 1156000   260 9.58
1.297 0.0720 66.90 85.00  77 78   600000 1156000   260 9.58
1.299 0.0608 66.94 85.00  77 78   600000 1156000   260 9.58
1.300 0.0625 66.98 85.00  77 78   600000 1156000   260 9.58
1.302 0.0726 67.03 85.00  77 78   600000 1156000   260 9.58
1.304 0.0620 67.08 85.00  77 78   600000 1156000   260 9.58
1.306 0.0703 67.14 85.00  77 78   600000 1156000   260 9.58
1.308 0.0603 67.22 85.00  77 78   600000 1156000   260 9.58
1.309 0.0725 67.32 85.00  77 78   600000 1156000   260 9.58
1.311 0.0693 67.44 85.00  77 78   600000 1156000   260 9.58
1.313 0.0707 67.58 85.00  77 78   600000 1156000   260 9.58
1.315 0.0619 67.72 85.00  77 78   600000 1156000   260 9.58
1.317 0.0695 67.85 85.00  77 78   600000 1156000   260 9.58
1.318 0.0710 67.96 85.00  77 78   600000 1156000   260 9.58
1.320 0.0684 68.05 85.00  77 78   600000 1156000   260 9.58
1.322 0.0659 68.11 85.00  77 78   600000 1156000   260 9.58
1.324 0.0740 68.17 85.00  77 78   600000 1156000   260 9.58
1.326 0.0664 68.21 85.00  77 78   600000 1156000   260 9.58
1.327 0.0686 68.23 85.00  77 78   600000 1156000   260 9.58
1.329 0.0658 68.26 85.00  77 78   600000 1156000   260 9.58
1.331 0.0696 68.28 85.00  77 78   600000 1156000   260 9.58
1.333 0.0651 68.31 85.00  77 78   600000 1156000   260 9.58
1.335 0.0679 68.34 85.00  77 78   600000 1156000   260 9.58
1.336 0.0704 68.39 85.00  77 78   600000 1156000   260 9.58
1.338 0.0703 68.45 85.00  77 78   600000 1156000   260 9.58
1.340 0.0618 68.54 85.00  77 78   600000 1156000   260 9.58
1.342 0.0757 68.64 85.00  77 78   600000 1156000   260 9.58
1.344 0.0648 68.76 85.00  77 78   600000 1156000   260 9.58
1.345 0.0669 68.89 85.00  77 78   600000 1156000   260 9.58
1.347 0.0680 69.02 85.00  77 78   600000 1156000   260 9.58
1.349 0.0693 69.15 85.00  77 78   600000 1156000   260 9.58
1.351 0.0702 69.27 85.00  77 78   600000 1156000   260 9.58
1.353 0.0672 69.39 85.00  77 78   600000 1156000   260 9.58
1.354 0.0724 69.50 85.00  77 78   600000 1156000   260 9.58
1.356 0.0762 69.62 85.00  77 78   600000 1156000   260 9.58
1.358 0.0692 69.72 85.00  77 78   600000 1156000   260 9.58
1.360 0.0662 69.82 85.00  77 78   600000 1156000   260 9.58
1.362 0.0715 69.92 85.00  77 78   600000 1156000   260 9.58
1.363 0.0710 70.01 85.00  77 78   600000 1156000   260 9.58
1.365 0.0699 70.11 85.00  77 78   600000 1156000   260 9.58
1.367 0.0690 70.21 85.00  77 78   600000 1156000   260 9.58
1.369 0.0689 70.31 85.00  77 78   600000 1156000   260 9.58
1.371 0.0730 70.42 85.00  77 78   600000 1156000   260 9.58
1.372 0.0667 70.51 85.00  77 78   600000 1156000   260 9.58
1.374 0.0733 70.60 85.00  77 78   600000 1156000   260 9.58
1.376 0.0690 70.66 85.00  77 78   600000 1156000   260 9.58
1.378 0.0701 70.72 85.00  77 78   600000 1156000   260 9.58
1.379 0.0649 70.78 85.00  77 78   600000 1156000   260 9.58
1.381 0.0723 70.85 85.00  77 78   600000 1156000   260 9.58
1.383 0.0750 70.93 85.00  77 78   600000 1156000   260 9.58
1.385 0.0720 71.03 85.00  77 78   600000 1156000   260 9.58
1.387 0.0709 71.14 85.00  77 78   600000 1156000   260 9.58
1.388 0.0708 71.26 85.00  77 78   600000 1156000   260 9.58
1.390 0.0708 71.38 85.00  77 78   600000 1156000   260 9.58
1.392 0.0746 71.49 85.00  77 78   600000 1156000   260 9.58
1.394 0.0719 71.58 85.00  77 78   600000 1156000   260 9.58
1.396 0.0743 71.64 85.00  77 78   600000 1156000   260 9.58
1.397 0.0678 71.66 85.00  77 78   600000 1156000   260 9.58
1.399 0.0730 71.66 85.00  77 78   600000 1156000   260 9.58
1.401 0.0707 71.63 85.00  77 78   600000 1156000   260 9.58
1.403 0.0650 71.57 85.00  77 78   600000 1156000   260 9.58
1.405 0.0775 71.49 85.00  77 78   600000 1156000   260 9.58
1.406 0.0695 71.40 85.00  77 78   600000 1156000   260 9.58
1.408 0.0704 71.31 85.00  77 78   600000 1156000   260 9.58
1.410 0.0699 71.22 85.00  77 78   600000 1156000   260 9.58
1.412 0.0806 71.14 85.00  77 78   600000 1156000   260 9.58
1.414 0.0719 71.08 85.00  77 78   600000 1156000   260 9.58
1.415 0.0618 71.04 85.00  77 78   600000 1156000   260 9.58
1.417 0.0766 71.03 85.00  77 78   600000 1156000   260 9.58
1.419 0.0713 71.04 85.00  77 78   600000 1156000   260 9.58
1.421 0.0656 71.06 85.00  77 78   600000 1156000   260 9.58
1.423 0.0737 71.07 85.00  77 78   600000 1156000   260 9.58
1.424 0.0702 71.07 85.00  77 78   600000 1156000   260 9.58
1.426 0.0675 71.07 85.00  77 78   600000 1156000   260 9.58
1.428 0.0745 71.06 85.00  77 78   600000 1156000   260 9.58
1.430 0.0678 71.05 85.00  77 78   600000 1156000   260 9.58
1.432 0.0722 71.04 85.00  77 78   600000 1156000   260 9.58
1.433 0.0701 71.04 85.00  77 78   600000 1156000   260 9.58
1.435 0.0726 71.06 85.00  77 78   600000 1156000   260 9.58
1.437 0.0748 71.10 85.00  77 78   600000 1156000   260 9.58
1.439 0.0710 71.15 85.00  77 78   600000 1156000   260 9.58
1.441 0.0746 71.23 85.00  77 78   600000 1156000   260 9.58
1.442 0.0646 71.31 85.00  77 78   600000 1156000   260 9.58
1.444 0.0738 71.39 85.00  77 78   600000 1156000   260 9.58
1.446 0.0747 71.47 85.00  77 78   600000 1156000   260 9.58
1.448 0.0687 71.53 85.00  77 78   600000 1156000   260 9.58
1.450 0.0702 71.57 85.00  77 78   600000 1156000   260 9.58
1.451 0.0707 71.59 85.00  77 78   600000 1156000   260 9.58
1.453 0.0684 71.58 85.00  77 78   600000 1156000   260 9.58
1.455 0.0735 71.55 85.00  77 78   600000 1156000   260 9.58
1.457 0.0706 71.51 85.00  77 78   600000 1156000   260 9.58
1.459 0.0693 71.47 85.00  77 78   600000 1156000   260 9.58
1.460 0.0788 71.43 85.00  77 78   600000 1156000   260 9.58
1.462 0.0715 71.41 85.00  77 78   600000 1156000   260 9.58
1.464 0.0744 71.42 85.00  77 78   600000 1156000   260 9.58
1.466 0.0669 71.45 85.00  77 78   600000 1156000   260 9.58
1.468 0.0730 71.49 85.00  77 78   600000 1156000   260 9.58
1.469 0.0733 71.55 85.00  77 78   600000 1156000   260 9.58
1.471 0.0687 71.62 85.00  77 78   600000 1156000   260 9.58
1.473 0.0707 71.68 85.00  77 78   600000 1156000   260 9.58
1.475 0.0703 71.75 85.00  77 78   600000 1156000   260 9.58
1.477 0.0738 71.80 85.00  77 78   600000 1156000   260 9.58
1.478 0.0710 71.85 85.00  77 78   600000 1156000   260 9.58
1.480 0.0711 71.90 85.00  77 78   600000 1156000   260 9.58
1.482 0.0691 71.94 85.00  77 78   600000 1156000   260 9.58
1.484 0.0741 71.96 85.00  77 78   600000 1156000   260 9.58
1.486 0.0709 71.97 85.00  77 78   600000 1156000   260 9.58
1.487 0.0707 71.97 85.00  77 78   600000 1156000   260 9.58
1.489 0.0760 71.97 85.00  77 78   600000 1156000   260 9.58
1.491 0.0700 71.96 85.00  77 78   600000 1156000   260 9.58
1.493 0.0744 71.96 85.00  77 78   600000 1156000   260 9.58
1.495 0.0774 71.96 85.00  77 78   600000 1156000   260 9.58
1.496 0.0689 71.95 85.00  77 78   600000 1156000   260 9.58
1.498 0.0710 71.93 85.00  77 78   600000 1156000   260 9.58
1.500 0.0718 71.88 85.00  77 78   600000 1156000   260 9.58
1.502 0.0690 71.83 85.00  77 78   600000 1156000   260 9.58
1.504 0.0758 71.76 85.00  77 78   600000 1156000   260 9.58
1.505 0.0703 71.69 85.00  77 78   600000 1156000   260 9.58
1.507 0.0732 71.62 85.00  77 78   600000 1156000   260 9.58
1.509 0.0700 71.55 85.00  77 78   600000 1156000   260 9.58
1.511 0.0704 71.50 85.00  77 78   600000 1156000   260 9.58
1.513 0.0752 71.47 85.00  77 78   600000 1156000   260 9.58
1.514 0.0625 71.46 85.00  77 78   600000 1156000   260 9.58
1.516 0.0742 71.46 85.00  77 78   600000 1156000   260 9.58
1.518 0.0702 71.48 85.00  77 78   600000 1156000   260 9.58
1.520 0.0731 71.52 85.00  77 78   600000 1156000   260 9.58
1.522 0.0702 71.58 85.00  77 78   600000 1156000   260 9.58
1.523 0.0757 71.65 85.00  77 78   600000 1156000   260 9.58
1.525 0.0723 71.73 85.00  77 78   600000 1156000   260 9.58
1.527 0.0726 71.82 85.00  77 78   600000 1156000   260 9.58
1.529 0.0663 71.90 85.00  77 78   600000 1156000   260 9.58
1.531 0.0754 71.98 85.00  77 78   600000 1156000   260 9.58
1.532 0.0695 72.05 85.00  77 78   600000 1156000   260 9.58
1.534 0.0752 72.12 85.00  77 78   600000 1156000   260 9.58
1.536 0.0726 72.20 85.00  77 78   600000 1156000   260 9.58
1.538 0.0724 72.27 85.00  77 78   600000 1156000   260 9.58
1.540 0.0709 72.33 85.00  77 78   600000 1156000   260 9.58
1.541 0.0744 72.39 85.00  77 78   600000 1156000   260 9.58
1.543 0.0734 72.43 85.00  77 78   600000 1156000   260 9.58
1.545 0.0732 72.46 85.00  77 78   600000 1156000   260 9.58
1.547 0.0705 72.49 85.00  77 78   600000 1156000   260 9.58
1.549 0.0696 72.52 85.00  77 78   600000 1156000   260 9.58
1.550 0.0739 72.55 85.00  77 78   600000 1156000   260 9.58
1.552 0.0698 72.60 85.00  77 78   600000 1156000   260 9.58
1.554 0.0752 72.66 85.00  77 78   600000 1156000   260 9.58
1.556 0.0730 72.73 85.00  77 78   600000 1156000   260 9.58
1.558 0.0738 72.81 85.00  77 78   600000 1156000   260 9.58
1.559 0.0706 72.89 85.00  77 78   600000 1156000   260 9.58
1.561 0.0724 72.98 85.00  77 78   600000 1156000   260 9.58
1.563 0.0751 73.07 85.00  77 78   600000 1156000   260 9.58
1.565 0.0769 73.15 85.00  77 78   600000 1156000   260 9.58
1.567 0.0675 73.23 85.00  77 78   600000 1156000   260 9.58
1.568 0.0759 73.30 85.00  77 78   600000 1156000   260 9.58
1.570 0.0737 73.37 85.00  77 78   600000 1156000   260 9.58
1.572 0.0711 73.42 85.00  77 78   600000 1156000   260 9.58
1.574 0.0695 73.46 85.00  77 78   600000 1156000   260 9.58
1.576 0.0781 73.48 85.00  77 78   600000 1156000   260 9.58
1.577 0.0768 73.49 85.00  77 78   600000 1156000   260 9.58
1.579 0.0712 73.48 85.00  77 78   600000 1156000   260 9.58
1.581 0.0730 73.45 85.00  77 78   600000 1156000   260 9.58
1.583 0.0768 73.42 85.00  77 78   600000 1156000   260 9.58
1.585 0.0716 73.38 85.00  77 78   600000 1156000   260 9.58
1.586 0.0735 73.35 85.00  77 78   600000 1156000   260 9.58
1.588 0.0730 73.32 85.00  77 78   600000 1156000   260 9.58
1.590 0.0737 73.30 85.00  77 78   600000 1156000   260 9.58
1.592 0.0744 73.29 85.00  77 78   600000 1156000   260 9.58
1.594 0.0700 73.29 85.00  77 78   600000 1156000   260 9.58
1.595 0.0748 73.30 85.00  77 78   600000 1156000   260 9.58
1.597 0.0727 73.31 85.00  77 78   600000 1156000   260 9.58
1.599 0.0707 73.34 85.00  77 78   600000 1156000   260 9.58
1.601 0.0766 73.40 85.00  77 78   600000 1156000   260 9.58
1.603 0.0727 73.48 85.00  77 78   600000 1156000   260 9.58
1.604 0.0714 73.58 85.00  77 78   600000 1156000   260 9.58
1.606 0.0739 73.71 85.00  77 78   600000 1156000   260 9.58
1.608 0.0768 73.87 85.00  77 78   600000 1156000   260 9.58
1.610 0.0732 74.03 85.00  77 78   600000 1156000   260 9.58
1.612 0.0705 74.21 85.00  77 78   600000 1156000   260 9.58
1.613 0.0770 74.39 85.00  77 78   600000 1156000   260 9.58
1.615 0.0722 74.58 85.00  77 78   600000 1156000   260 9.58
1.617 0.0793 74.77 85.00  77 78   600000 1156000   260 9.58
1.619 0.0731 74.95 85.00  77 78   600000 1156000   260 9.58
1.621 0.0752 75.11 85.00  77 78   600000 1156000   260 9.58
1.622 0.0730 75.26 85.00  77 78   600000 1156000   260 9.58
1.624 0.0774 75.39 85.00  77 78   600000 1156000   260 9.58
1.626 0.0778 75.50 85.00  77 78   600000 1156000   260 9.58
1.628 0.0713 75.60 85.00  77 78   600000 1156000   260 9.58
1.629 0.0799 75.69 85.00  77 78   600000 1156000   260 9.58
1.631 0.0752 75.77 85.00  77 78   600000 1156000   260 9.58
1.633 0.0778 75.84 85.00  77 78   600000 1156000   260 9.58
1.635 0.0757 75.90 85.00  77 78   600000 1156000   260 9.58
1.637 0.0776 75.97 85.00  77 78   600000 1156000   260 9.58
1.638 0.0722 76.02 85.00  77 78   600000 1156000   260 9.58
1.640 0.0747 76.08 85.00  77 78   600000 1156000   260 9.58
1.642 0.0754 76.14 85.00  77 78   600000 1156000   260 9.58
1.644 0.0762 76.21 85.00  77 78   600000 1156000   260 9.58
1.646 0.0790 76.28 85.00  77 78   600000 1156000   260 9.58
1.647 0.0782 76.37 85.00  77 78   600000 1156000   260 9.58
1.649 0.0765 76.48 85.00  77 78   600000 1156000   260 9.58
1.651 0.0716 76.60 85.00  77 78   600000 1156000   260 9.58
1.653 0.0790 76.76 85.00  77 78   600000 1156000   260 9.58
1.655 0.0735 76.95 85.00  77 78   600000 1156000   260 9.58
1.656 0.0781 77.17 85.00  77 78   600000 1156000   260 9.58
1.658 0.0834 77.44 85.00  77 78   600000 1156000   260 9.58
1.660 0.0741 77.74 85.00  77 78   600000 1156000   260 9.58
1.662 0.0774 78.07 85.00  77 78   600000 1156000   260 9.58
1.664 0.0774 78.42 85.00  77 78   600000 1156000   260 9.58
1.665 0.0797 78.76 85.00  77 78   600000 1156000   260 9.58
1.667 0.0784 79.10 85.00  77 78   600000 1156000   260 9.58
1.669 0.0784 79.42 85.00  77 78   600000 1156000   260 9.58
1.671 0.0833 79.73 85.00  77 78   600000 1156000   260 9.58
1.673 0.0755 80.02 85.00  77 78   600000 1156000   260 9.58
1.674 0.0802 80.29 85.00  77 78   600000 1156000   260 9.58
1.676 0.0843 80.54 85.00  77 78   600000 1156000   260 9.58
1.678 0.0811 80.79 85.00  77 78   600000 1156000   260 9.58
1.680 0.0772 81.05 85.00  77 78   600000 1156000   260 9.58
1.682 0.0844 81.31 85.00  77 78   600000 1156000   260 9.58
1.683 0.0853 81.57 85.00  77 78   600000 1156000   260 9.58
1.685 0.0791 81.83 85.00  77 78   600000 1156000   260 9.58
1.687 0.0877 82.10 85.00  77 78   600000 1156000   260 9.58
1.689 0.0836 82.37 85.00  77 78   600000 1156000   260 9.58
1.691 0.0758 82.65 85.00  77 78   600000 1156000   260 9.58
1.692 0.0862 82.93 85.00  77 78   600000 1156000   260 9.58
1.694 0.0816 83.20 85.00  77 78   600000 1156000   260 9.58
1.696 0.0773 83.46 85.00  77 78   600000 1156000   260 9.58
1.698 0.0841 83.72 85.00  77 78   600000 1156000   260 9.58
1.700 0.0839 83.99 85.00  77 78   600000 1156000   260 9.58
1.701 0.0854 84.27 85.00  77 78   600000 1156000   260 9.58
1.703 0.0840 84.57 85.00  77 78   600000 1156000   260 9.58
1.705 0.0899 84.90 85.00  77 78   600000 1156000   260 9.58
1.707 0.0795 85.26 85.00  77 78   600000 1156000   260 9.58
1.709 0.0896 85.65 85.00  77 78   600000 1156000   260 9.58
1.710 0.0869 86.10 85.00  77 78   600000 1156000   260 9.58
1.712 0.0871 86.59 85.00  77 78   600000 1156000   260 9.58
1.714 0.0906 87.11 85.00  77 78   600000 1156000   260 9.58
1.716 0.0869 87.65 85.00  77 78   600000 1156000   260 9.58
1.718 0.0848 88.20 85.00  77 78   600000 1156000   260 9.58
1.719 0.0865 88.75 85.00  77 78   600000 1156000   260 9.58
1.721 0.0905 89.28 85.00  77 78   600000 1156000   260 9.58
1.723 0.0868 89.80 85.00  77 78   600000 1156000   260 9.58
1.725 0.0926 90.30 85.00  77 78   600000 1156000   260 9.58
1.727 0.0874 90.80 85.00  77 78   600000 1156000   260 9.58
1.728 0.0957 91.30 85.00  77 78   600000 1156000   260 9.58
1.730 0.0911 91.83 85.00  77 78   600000 1156000   260 9.58
1.732 0.0930 92.39 85.00  77 78   600000 1156000   260 9.58
1.734 0.0954 92.99 85.00  77 78   600000 1156000   260 9.58
1.736 0.0930 93.64 85.00  77 78   600000 1156000   260 9.58
1.737 0.0993 94.36 85.00  77 78   600000 1156000   260 9.58
1.739 0.0901 95.14 85.00  77 78   600000 1156000   260 9.58
1.741 0.0993 95.98 85.00  77 78   600000 1156000   260 9.58
1.743 0.1022 96.88 85.00  77 78   600000 1156000   260 9.58
1.745 0.0913 97.86 85.00  77 78   600000 1156000   260 9.58
1.746 0.0999 98.92 85.00  77 78   600000 1156000   260 9.58
1.748 0.0947 100.07 85.00  77 78   600000 1156000   260 9.58
1.750 0.1020 101.30 85.00  77 78   600000 1156000   260 9.58
1.752 0.1012 102.63 85.00  77 78   600000 1156000   260 9.58
1.754 0.1009 104.06 85.00  77 78   600000 1156000   260 9.58
1.755 0.1136 105.62 85.00  77 78   600000 1156000   260 9.58
1.757 0.1041 107.32 85.00  77 78   600000 1156000   260 9.58
1.759 0.1090 109.18 85.00  77 78   600000 1156000   260 9.58
1.761 0.1122 111.20 85.00  77 78   600000 1156000   260 9.58
1.763 0.1150 113.37 85.00  77 78   600000 1156000   260 9.58
1.764 0.1095 115.70 85.00  77 78   600000 1156000   260 9.58
1.766 0.1215 118.19 85.00  77 78   600000 1156000   260 9.58
1.768 0.1188 120.85 85.00  77 78   600000 1156000   260 9.58
1.770 0.1294 123.65 85.00  77 78   600000 1156000   260 9.58
1.772 0.1245 126.58 85.00  77 78   600000 1156000   260 9.58
1.773 0.1287 129.61 85.00  77 78   600000 1156000   260 9.58
1.775 0.1262 132.75 85.00  77 78   600000 1156000   260 9.58
1.777 0.1380 135.97 85.00  77 78   600000 1156000   260 9.58
1.779 0.1458 139.28 85.00  77 78   600000 1156000   260 9.58
1.781 0.1420 142.68 85.00  77 78   600000 1156000   260 9.58
1.782 0.1372 146.16 85.00  77 78   600000 1156000   260 9.58
1.784 0.1571 149.74 85.00  77 78   600000 1156000   260 9.58
1.786 0.1537 153.44 85.00  77 78   600000 1156000   260 9.58
1.788 0.1567 157.27 85.00  77 78   600000 1156000   260 9.58
1.790 0.1608 161.24 85.00  77 78   600000 1156000   260 9.58
1.791 0.1802 165.35 85.00  77 78   600000 1156000   260 9.58
1.793 0.1594 169.62 85.00  77 78   600000 1156000   260 9.58
1.795 0.1728 174.06 85.00  77 78   600000 1156000   260 9.58
1.797 0.1795 178.70 85.00  77 78   600000 1156000   260 9.58
1.799 0.1918 183.55 85.00  77 78   600000 1156000   260 9.58
1.800 0.1861 188.64 85.00  77 78   600000 1156000   260 9.58
1.802 0.1981 193.98 85.00  77 78   600000 1156000   260 9.58
1.804 0.1762 199.56 85.00  77 78   600000 1156000   260 9.58
1.806 0.2105 205.40 85.00  77 78   600000 1156000   260 9.58
1.808 0.2153 211.50 85.00  77 78   600000 1156000   260 9.58
1.811 0.2094 217.88 85.00  77 78   600000 1156000   260 9.58
1.813 0.2285 224.52 85.00  77 78   600000 1156000   260 9.58
1.815 0.2223 231.45 85.00  77 78   600000 1156000   260 9.58
1.818 0.2428 238.64 85.00  77 78   600000 1156000   260 9.58
1.820 0.2391 246.05 85.00  77 78   600000 1156000   260 9.58
1.823 0.2549 253.65 85.00  77 78   600000 1156000   260 9.58
1.826 0.2608 261.40 85.00  77 78   600000 1156000   260 9.58
1.829 0.2610 269.26 85.00  77 78   600000 1156000   260 9.58
1.832 0.2776 277.18 85.00  77 78   600000 1156000   260 9.58
1.835 0.2864 285.09 85.00  77 78   600000 1156000   260 9.58
1.838 0.2905 292.92 85.00  77 78   600000 1156000   260 9.58
1.842 0.2940 300.61 85.00  77 78   600000 1156000   260 9.58
1.846 0.3161 308.05 85.00  77 78   600000 1156000   260 9.58
1.849 0.3094 315.13 85.00  77 78   600000 1156000   260 9.58
1.853 0.3187 321.74 85.00  77 78   600000 1156000   260 9.58
1.857 0.3204 327.70 85.00  77 78   600000 1156000   260 9.58
1.862 0.3290 332.84 85.00  77 78   600000 1156000   260 9.58
1.866 0.3434 336.97 85.00  77 78   600000 1156000   260 9.58
1.871 0.3451 339.94 85.00  77 78   600000 1156000   260 9.58
1.876 0.3414 341.54 85.00  77 78   600000 1156000   260 9.58
1.881 0.3401 341.64 85.00  77 78   600000 1156000   260 9.58
1.886 0.3472 340.08 85.00  77 78   600000 1156000   260 9.58
1.891 0.3423 336.79 85.00  77 78   600000 1156000   260 9.58
1.897 0.3413 331.77 85.00  77 78   600000 1156000   260 9.58
1.903 0.3380 325.04 85.00  77 78   600000 1156000   260 9.58
1.909 0.3344 316.71 85.00  77 78   600000 1156000   260 9.58
1.916 0.3302 306.91 85.00  77 78   600000 1156000   260 9.58
1.923 0.3162 295.82 85.00  77 78   600000 1156000   260 9.58
1.930 0.2998 283.64 85.00  77 78   600000 1156000   260 9.58
1.937 0.2921 270.61 85.00  77 78   600000 1156000   260 9.58
1.945 0.2665 256.94 85.00  77 78   600000 1156000   260 9.58
1.952 0.2485 242.87 85.00  77 78   600000 1156000   260 9.58
1.961 0.2236 228.63 85.00  77 78   600000 1156000   260 9.58
1.969 0.2012 214.42 85.00  77 78   600000 1156000   260 9.58
1.978 0.1847 200.46 85.00  77 78   600000 1156000   260 9.58
1.987 0.1630 186.92 85.00  77 78   600000 1156000   260 9.58
1.996 0.1486 174.00 85.00  77 78   600000 1156000   260 9.58
2.005 0.1393 161.83 85.00  77 78   600000 1156000   260 9.58
2.014 0.1235 150.57 85.00  77 78   600000 1156000   260 9.58
2.023 0.1244 140.29 85.00  77 78   600000 1156000   260 9.58
2.032 0.1212 131.10 85.00  77 78   600000 1156000   260 9.58
2.041 0.1204 123.05 85.00  77 78   600000 1156000   260 9.58
2.050 0.1164 116.17 85.00  77 78   600000 1156000   260 9.58
2.059 0.1179 110.45 85.00  77 78   600000 1156000   260 9.58
2.068 0.1106 105.84 85.00  77 78   600000 1156000   260 9.58
2.077 0.1120 102.25 85.00  77 78   600000 1156000   260 9.58
2.086 0.1090 99.54 85.00  77 78   600000 1156000   260 9.58
2.095 0.1058 97.58 85.00  77 78   600000 1156000   260 9.58
2.104 0.1008 96.20 85.00  77 78   600000 1156000   260 9.58
2.113 0.0988 95.25 85.00  77 78   600000 1156000   260 9.58
2.122 0.0952 94.60 85.00  77 78   600000 1156000   260 9.58
2.131 0.0940 94.13 85.00  77 78   600000 1156000   260 9.58
2.140 0.0916 93.75 85.00  77 78   600000 1156000   260 9.58
2.149 0.0918 93.42 85.00  77 78   600000 1156000   260 9.58
2.158 0.0917 93.11 85.00  77 78   600000 1156000   260 9.58
2.167 0.0899 92.83 85.00  77 78   600000 1156000   260 9.58
2.176 0.0915 92.62 85.00  77 78   600000 1156000   260 9.58
2.185 0.0936 92.50 85.00  77 78   600000 1156000   260 9.58
2.194 0.0933 92.52 85.00  77 78   600000 1156000   260 9.58
2.203 0.0954 92.70 85.00  77 78   600000 1156000   260 9.58
2.212 0.0984 93.08 85.00  77 78   600000 1156000   260 9.58
2.221 0.0978 93.68 85.00  77 78   600000 1156000   260 9.58
2.230 0.1003 94.52 85.00  77 78   600000 1156000   260 9.58
2.239 0.1018 95.62 85.00  77 78   600000 1156000   260 9.58
2.248 0.1024 97.02 85.00  77 78   600000 1156000   260 9.58
2.257 0.1017 98.76 85.00  77 78   600000 1156000   260 9.58
2.266 0.1045 100.88 85.00  77 78   600000 1156000   260 9.58
2.275 0.1056 103.45 85.00  77 78   600000 1156000   260 9.58
2.284 0.1070 106.52 85.00  77 78   600000 1156000   260 9.58
2.293 0.1131 110.18 85.00  77 78   600000 1156000   260 9.58
2.302 0.1131 114.52 85.00  77 78   600000 1156000   260 9.58
2.311 0.1202 119.84 85.00  77 78   600000 1156000   260 9.58
2.320 0.1245 128.87 85.00  77 78   600000 1156000   260 9.58
2.329 0.1323 142.33 85.00  77 78   600000 1156000   260 9.58
2.338 0.1407 157.33 85.00  77 78   600000 1156000   260 9.58
2.347 0.1502 172.31 85.00  77 78   600000 1156000   260 9.58
2.356 0.1594 186.75 85.00  77 78   600000 1156000   260 9.58
2.365 0.1698 200.52 85.00  77 78   600000 1156000   260 9.58
2.374 0.1870 213.64 85.00  77 78   600000 1156000   260 9.58
2.383 0.2021 226.16 85.00  77 78   600000 1156000   260 9.58
2.392 0.2239 238.18 85.00  77 78   600000 1156000   260 9.58
2.401 0.2441 249.75 85.00  77 78   600000 1156000   260 9.58
2.410 0.2589 260.96 85.00  77 78   600000 1156000   260 9.58
2.419 0.2842 271.85 85.00  77 78   600000 1156000   260 9.58
2.428 0.3091 282.46 85.00  77 78   600000 1156000   260 9.58
2.437 0.3361 292.84 85.00  77 78   600000 1156000   260 9.58
2.446 0.3652 302.99 85.00  77 78   600000 1156000   260 9.58
2.455 0.3996 312.91 85.00  77 78   600000 1156000   260 9.58
2.464 0.4341 322.60 85.00  77 78   600000 1156000   260 9.58
2.473 0.4750 332.03 85.00  77 78   600000 1156000   260 9.58
2.482 0.5178 341.18 85.00  77 78   600000 1156000   260 9.58
2.491 0.5484 349.99 85.00  77 78   600000 1156000   260 9.58
2.500 0.5876 358.40 85.00  77 78   600000 1156000   260 9.58
2.509 0.0000 366.35 85.00  77 78   600000 1156000   260 9.58
2.518 0.0000 373.72 85.00  77 78   600000 1156000   260 9.58
