     x     qy smooth tpara  cd  zL     xTr    xCpl frame tma
-3.022 0.1944 169.85 44.00 78  78 1088000 1448000   270 10.13
-3.008 0.1850 159.12 44.00 78  78 1088000 1448000   270 10.13
-2.994 0.1739 148.93 44.00 78  78 1088000 1448000   270 10.13
-2.981 0.1358 139.26 44.00 78  78 1088000 1448000   270 10.13
-2.967 0.1202 130.10 44.00 78  78 1088000 1448000   270 10.13
-2.953 0.1063 121.44 44.00 78  78 1088000 1448000   270 10.13
-2.939 0.0936 113.26 44.00 78  78 1088000 1448000   270 10.13
-2.925 0.0860 105.56 44.00 78  78 1088000 1448000   270 10.13
-2.911 0.0797 98.32 44.00 78  78 1088000 1448000   270 10.13
-2.897 0.0742 91.54 44.00 78  78 1088000 1448000   270 10.13
-2.883 0.0713 85.22 44.00 78  78 1088000 1448000   270 10.13
-2.869 0.0668 79.34 44.00 78  78 1088000 1448000   270 10.13
-2.856 0.0651 73.91 44.00 78  78 1088000 1448000   270 10.13
-2.842 0.0623 68.92 44.00 78  78 1088000 1448000   270 10.13
-2.828 0.0606 64.39 44.00 78  78 1088000 1448000   270 10.13
-2.814 0.0583 60.32 44.00 78  78 1088000 1448000   270 10.13
-2.800 0.0559 56.73 44.00 78  78 1088000 1448000   270 10.13
-2.786 0.0544 53.63 44.00 78  78 1088000 1448000   270 10.13
-2.772 0.0536 51.06 44.00 78  78 1088000 1448000   270 10.13
-2.758 0.0530 49.05 44.00 78  78 1088000 1448000   270 10.13
-2.744 0.0505 47.64 44.00 78  78 1088000 1448000   270 10.13
-2.731 0.0510 46.88 44.00 78  78 1088000 1448000   270 10.13
-2.717 0.0493 46.67 44.00 78  78 1088000 1448000   270 10.13
-2.703 0.0472 46.59 44.00 78  78 1088000 1448000   270 10.13
-2.689 0.0465 45.94 44.00 78  78 1088000 1448000   270 10.13
-2.675 0.0463 45.23 44.00 78  78 1088000 1448000   270 10.13
-2.661 0.0454 44.49 44.00 78  78 1088000 1448000   270 10.13
-2.647 0.0443 43.74 44.00 78  78 1088000 1448000   270 10.13
-2.633 0.0432 43.00 44.00 78  78 1088000 1448000   270 10.13
-2.619 0.0432 42.28 44.00 78  78 1088000 1448000   270 10.13
-2.606 0.0415 41.60 44.00 78  78 1088000 1448000   270 10.13
-2.592 0.0414 40.97 44.00 78  78 1088000 1448000   270 10.13
-2.578 0.0409 40.38 44.00 78  78 1088000 1448000   270 10.13
-2.564 0.0401 39.85 44.00 78  78 1088000 1448000   270 10.13
-2.550 0.0392 39.37 44.00 78  78 1088000 1448000   270 10.13
-2.536 0.0387 38.96 44.00 78  78 1088000 1448000   270 10.13
-2.522 0.0378 38.60 44.00 78  78 1088000 1448000   270 10.13
-2.508 0.0378 38.30 44.00 78  78 1088000 1448000   270 10.13
-2.494 0.0365 38.06 44.00 78  78 1088000 1448000   270 10.13
-2.481 0.0367 37.87 44.00 78  78 1088000 1448000   270 10.13
-2.467 0.0374 37.73 44.00 78  78 1088000 1448000   270 10.13
-2.453 0.0374 37.64 44.00 78  78 1088000 1448000   270 10.13
-2.439 0.0372 37.59 44.00 78  78 1088000 1448000   270 10.13
-2.425 0.0377 37.57 44.00 78  78 1088000 1448000   270 10.13
-2.411 0.0383 37.59 44.00 78  78 1088000 1448000   270 10.13
-2.397 0.0382 37.64 44.00 78  78 1088000 1448000   270 10.13
-2.383 0.0382 37.72 44.00 78  78 1088000 1448000   270 10.13
-2.369 0.0391 37.81 44.00 78  78 1088000 1448000   270 10.13
-2.356 0.0379 37.92 44.00 78  78 1088000 1448000   270 10.13
-2.342 0.0381 38.03 44.00 78  78 1088000 1448000   270 10.13
-2.328 0.0385 38.14 44.00 78  78 1088000 1448000   270 10.13
-2.314 0.0384 38.24 44.00 78  78 1088000 1448000   270 10.13
-2.300 0.0387 38.33 44.00 78  78 1088000 1448000   270 10.13
-2.286 0.0383 38.39 44.00 78  78 1088000 1448000   270 10.13
-2.272 0.0381 38.44 44.00 78  78 1088000 1448000   270 10.13
-2.258 0.0387 38.46 44.00 78  78 1088000 1448000   270 10.13
-2.244 0.0382 38.46 44.00 78  78 1088000 1448000   270 10.13
-2.231 0.0377 38.44 44.00 78  78 1088000 1448000   270 10.13
-2.217 0.0389 38.42 44.00 78  78 1088000 1448000   270 10.13
-2.203 0.0386 38.39 44.00 78  78 1088000 1448000   270 10.13
-2.189 0.0382 38.35 44.00 78  78 1088000 1448000   270 10.13
-2.175 0.0385 38.33 44.00 78  78 1088000 1448000   270 10.13
-2.161 0.0394 38.31 44.00 78  78 1088000 1448000   270 10.13
-2.147 0.0387 38.29 44.00 78  78 1088000 1448000   270 10.13
-2.133 0.0382 38.29 44.00 78  78 1088000 1448000   270 10.13
-2.119 0.0372 38.29 44.00 78  78 1088000 1448000   270 10.13
-2.106 0.0388 38.30 44.00 78  78 1088000 1448000   270 10.13
-2.092 0.0377 38.31 44.00 78  78 1088000 1448000   270 10.13
-2.078 0.0380 38.33 44.00 78  78 1088000 1448000   270 10.13
-2.064 0.0379 38.36 44.00 78  78 1088000 1448000   270 10.13
-2.050 0.0379 38.39 44.00 78  78 1088000 1448000   270 10.13
-2.036 0.0388 38.43 44.00 78  78 1088000 1448000   270 10.13
-2.022 0.0386 38.48 44.00 78  78 1088000 1448000   270 10.13
-2.008 0.0387 38.55 44.00 78  78 1088000 1448000   270 10.13
-1.994 0.0382 38.62 44.00 78  78 1088000 1448000   270 10.13
-1.981 0.0390 38.70 44.00 78  78 1088000 1448000   270 10.13
-1.967 0.0384 38.79 44.00 78  78 1088000 1448000   270 10.13
-1.953 0.0395 38.90 44.00 78  78 1088000 1448000   270 10.13
-1.939 0.0391 39.01 44.00 78  78 1088000 1448000   270 10.13
-1.925 0.0397 39.12 44.00 78  78 1088000 1448000   270 10.13
-1.911 0.0392 39.24 44.00 78  78 1088000 1448000   270 10.13
-1.897 0.0389 39.35 44.00 78  78 1088000 1448000   270 10.13
-1.883 0.0392 39.46 44.00 78  78 1088000 1448000   270 10.13
-1.869 0.0390 39.57 44.00 78  78 1088000 1448000   270 10.13
-1.856 0.0399 39.67 44.00 78  78 1088000 1448000   270 10.13
-1.842 0.0402 39.76 44.00 78  78 1088000 1448000   270 10.13
-1.828 0.0397 39.84 44.00 78  78 1088000 1448000   270 10.13
-1.814 0.0405 39.92 44.00 78  78 1088000 1448000   270 10.13
-1.800 0.0398 40.00 44.00 78  78 1088000 1448000   270 10.13
-1.786 0.0402 40.08 44.00 78  78 1088000 1448000   270 10.13
-1.772 0.0402 40.17 44.00 78  78 1088000 1448000   270 10.13
-1.758 0.0406 40.25 44.00 78  78 1088000 1448000   270 10.13
-1.744 0.0405 40.33 44.00 78  78 1088000 1448000   270 10.13
-1.731 0.0404 40.41 44.00 78  78 1088000 1448000   270 10.13
-1.717 0.0400 40.48 44.00 78  78 1088000 1448000   270 10.13
-1.703 0.0401 40.55 44.00 78  78 1088000 1448000   270 10.13
-1.689 0.0406 40.62 44.00 78  78 1088000 1448000   270 10.13
-1.675 0.0410 40.68 44.00 78  78 1088000 1448000   270 10.13
-1.661 0.0399 40.73 44.00 78  78 1088000 1448000   270 10.13
-1.647 0.0409 40.77 44.00 78  78 1088000 1448000   270 10.13
-1.633 0.0414 40.81 44.00 78  78 1088000 1448000   270 10.13
-1.619 0.0408 40.84 44.00 78  78 1088000 1448000   270 10.13
-1.606 0.0405 40.86 44.00 78  78 1088000 1448000   270 10.13
-1.592 0.0408 40.89 44.00 78  78 1088000 1448000   270 10.13
-1.578 0.0422 40.91 44.00 78  78 1088000 1448000   270 10.13
-1.564 0.0404 40.93 44.00 78  78 1088000 1448000   270 10.13
-1.550 0.0414 40.95 44.00 78  78 1088000 1448000   270 10.13
-1.536 0.0412 40.96 44.00 78  78 1088000 1448000   270 10.13
-1.522 0.0413 40.96 44.00 78  78 1088000 1448000   270 10.13
-1.508 0.0398 40.96 44.00 78  78 1088000 1448000   270 10.13
-1.494 0.0408 40.95 44.00 78  78 1088000 1448000   270 10.13
-1.481 0.0412 40.94 44.00 78  78 1088000 1448000   270 10.13
-1.467 0.0411 40.92 44.00 78  78 1088000 1448000   270 10.13
-1.453 0.0405 40.89 44.00 78  78 1088000 1448000   270 10.13
-1.439 0.0411 40.86 44.00 78  78 1088000 1448000   270 10.13
-1.425 0.0401 40.84 44.00 78  78 1088000 1448000   270 10.13
-1.411 0.0413 40.81 44.00 78  78 1088000 1448000   270 10.13
-1.397 0.0406 40.79 44.00 78  78 1088000 1448000   270 10.13
-1.383 0.0410 40.77 44.00 78  78 1088000 1448000   270 10.13
-1.369 0.0406 40.75 44.00 78  78 1088000 1448000   270 10.13
-1.356 0.0409 40.74 44.00 78  78 1088000 1448000   270 10.13
-1.342 0.0411 40.73 44.00 78  78 1088000 1448000   270 10.13
-1.328 0.0411 40.72 44.00 78  78 1088000 1448000   270 10.13
-1.314 0.0405 40.71 44.00 78  78 1088000 1448000   270 10.13
-1.300 0.0397 40.70 44.00 78  78 1088000 1448000   270 10.13
-1.286 0.0406 40.68 44.00 78  78 1088000 1448000   270 10.13
-1.272 0.0405 40.66 44.00 78  78 1088000 1448000   270 10.13
-1.258 0.0408 40.64 44.00 78  78 1088000 1448000   270 10.13
-1.244 0.0407 40.61 44.00 78  78 1088000 1448000   270 10.13
-1.231 0.0408 40.58 44.00 78  78 1088000 1448000   270 10.13
-1.217 0.0409 40.55 44.00 78  78 1088000 1448000   270 10.13
-1.203 0.0404 40.52 44.00 78  78 1088000 1448000   270 10.13
-1.189 0.0412 40.49 44.00 78  78 1088000 1448000   270 10.13
-1.175 0.0402 40.46 44.00 78  78 1088000 1448000   270 10.13
-1.161 0.0403 40.44 44.00 78  78 1088000 1448000   270 10.13
-1.147 0.0412 40.42 44.00 78  78 1088000 1448000   270 10.13
-1.133 0.0398 40.40 44.00 78  78 1088000 1448000   270 10.13
-1.119 0.0403 40.38 44.00 78  78 1088000 1448000   270 10.13
-1.106 0.0401 40.37 44.00 78  78 1088000 1448000   270 10.13
-1.092 0.0400 40.36 44.00 78  78 1088000 1448000   270 10.13
-1.078 0.0399 40.35 44.00 78  78 1088000 1448000   270 10.13
-1.064 0.0402 40.34 44.00 78  78 1088000 1448000   270 10.13
-1.050 0.0416 40.33 44.00 78  78 1088000 1448000   270 10.13
-1.036 0.0395 40.32 44.00 78  78 1088000 1448000   270 10.13
-1.022 0.0402 40.31 44.00 78  78 1088000 1448000   270 10.13
-1.008 0.0401 40.29 44.00 78  78 1088000 1448000   270 10.13
-0.994 0.0408 40.28 44.00 78  78 1088000 1448000   270 10.13
-0.981 0.0397 40.28 44.00 78  78 1088000 1448000   270 10.13
-0.967 0.0407 40.27 44.00 78  78 1088000 1448000   270 10.13
-0.953 0.0402 40.27 44.00 78  78 1088000 1448000   270 10.13
-0.939 0.0406 40.27 44.00 78  78 1088000 1448000   270 10.13
-0.925 0.0412 40.26 44.00 78  78 1088000 1448000   270 10.13
-0.911 0.0404 40.26 44.00 78  78 1088000 1448000   270 10.13
-0.897 0.0397 40.26 44.00 78  78 1088000 1448000   270 10.13
-0.883 0.0396 40.25 44.00 78  78 1088000 1448000   270 10.13
-0.869 0.0403 40.23 44.00 78  78 1088000 1448000   270 10.13
-0.856 0.0405 40.21 44.00 78  78 1088000 1448000   270 10.13
-0.842 0.0399 40.19 44.00 78  78 1088000 1448000   270 10.13
-0.828 0.0400 40.15 44.00 78  78 1088000 1448000   270 10.13
-0.814 0.0398 40.12 44.00 78  78 1088000 1448000   270 10.13
-0.800 0.0404 40.08 44.00 78  78 1088000 1448000   270 10.13
-0.786 0.0397 40.04 44.00 78  78 1088000 1448000   270 10.13
-0.772 0.0394 39.99 44.00 78  78 1088000 1448000   270 10.13
-0.758 0.0408 39.95 44.00 78  78 1088000 1448000   270 10.13
-0.744 0.0407 39.92 44.00 78  78 1088000 1448000   270 10.13
-0.731 0.0398 39.88 44.00 78  78 1088000 1448000   270 10.13
-0.717 0.0399 39.85 44.00 78  78 1088000 1448000   270 10.13
-0.703 0.0399 39.83 44.00 78  78 1088000 1448000   270 10.13
-0.689 0.0403 39.80 44.00 78  78 1088000 1448000   270 10.13
-0.675 0.0394 39.77 44.00 78  78 1088000 1448000   270 10.13
-0.661 0.0390 39.74 44.00 78  78 1088000 1448000   270 10.13
-0.647 0.0392 39.70 44.00 78  78 1088000 1448000   270 10.13
-0.633 0.0401 39.65 44.00 78  78 1088000 1448000   270 10.13
-0.619 0.0392 39.60 44.00 78  78 1088000 1448000   270 10.13
-0.606 0.0393 39.55 44.00 78  78 1088000 1448000   270 10.13
-0.592 0.0397 39.50 44.00 78  78 1088000 1448000   270 10.13
-0.578 0.0392 39.46 44.00 78  78 1088000 1448000   270 10.13
-0.564 0.0398 39.43 44.00 78  78 1088000 1448000   270 10.13
-0.550 0.0404 39.40 44.00 78  78 1088000 1448000   270 10.13
-0.536 0.0389 39.38 44.00 78  78 1088000 1448000   270 10.13
-0.522 0.0403 39.37 44.00 78  78 1088000 1448000   270 10.13
-0.508 0.0391 39.37 44.00 78  78 1088000 1448000   270 10.13
-0.495 0.0391 39.37 44.00 78  78 1088000 1448000   270 10.13
-0.482 0.0394 39.38 44.00 78  78 1088000 1448000   270 10.13
-0.470 0.0397 39.40 44.00 78  78 1088000 1448000   270 10.13
-0.458 0.0378 39.42 44.00 78  78 1088000 1448000   270 10.13
-0.447 0.0392 39.44 44.00 78  78 1088000 1448000   270 10.13
-0.436 0.0387 39.47 44.00 78  78 1088000 1448000   270 10.13
-0.426 0.0397 39.49 44.00 78  78 1088000 1448000   270 10.13
-0.416 0.0403 39.51 44.00 78  78 1088000 1448000   270 10.13
-0.406 0.0396 39.53 44.00 78  78 1088000 1448000   270 10.13
-0.397 0.0398 39.55 44.00 78  78 1088000 1448000   270 10.13
-0.388 0.0399 39.56 44.00 78  78 1088000 1448000   270 10.13
-0.379 0.0399 39.58 44.00 78  78 1088000 1448000   270 10.13
-0.371 0.0390 39.59 44.00 78  78 1088000 1448000   270 10.13
-0.364 0.0403 39.61 44.00 78  78 1088000 1448000   270 10.13
-0.356 0.0404 39.62 44.00 78  78 1088000 1448000   270 10.13
-0.349 0.0393 39.64 44.00 78  78 1088000 1448000   270 10.13
-0.342 0.0383 39.65 44.00 78  78 1088000 1448000   270 10.13
-0.335 0.0397 39.65 44.00 78  78 1088000 1448000   270 10.13
-0.329 0.0413 39.64 44.00 78  78 1088000 1448000   270 10.13
-0.323 0.0385 39.62 44.00 78  78 1088000 1448000   270 10.13
-0.317 0.0406 39.58 44.00 78  78 1088000 1448000   270 10.13
-0.312 0.0392 39.54 44.00 78  78 1088000 1448000   270 10.13
-0.306 0.0400 39.49 44.00 78  78 1088000 1448000   270 10.13
-0.301 0.0375 39.43 44.00 78  78 1088000 1448000   270 10.13
-0.296 0.0398 39.37 44.00 78  78 1088000 1448000   270 10.13
-0.291 0.0391 39.31 44.00 78  78 1088000 1448000   270 10.13
-0.287 0.0394 39.26 44.00 78  78 1088000 1448000   270 10.13
-0.282 0.0388 39.22 44.00 78  78 1088000 1448000   270 10.13
-0.278 0.0405 39.18 44.00 78  78 1088000 1448000   270 10.13
-0.274 0.0390 39.13 44.00 78  78 1088000 1448000   270 10.13
-0.270 0.0391 39.09 44.00 78  78 1088000 1448000   270 10.13
-0.267 0.0399 39.05 44.00 78  78 1088000 1448000   270 10.13
-0.263 0.0401 39.01 44.00 78  78 1088000 1448000   270 10.13
-0.260 0.0387 38.97 44.00 78  78 1088000 1448000   270 10.13
-0.256 0.0346 38.93 44.00 78  78 1088000 1448000   270 10.13
-0.253 0.0407 38.90 44.00 78  78 1088000 1448000   270 10.13
-0.250 0.0390 38.88 44.00 78  78 1088000 1448000   270 10.13
-0.247 0.0370 38.86 44.00 78  78 1088000 1448000   270 10.13
-0.244 0.0409 38.85 44.00 78  78 1088000 1448000   270 10.13
-0.242 0.0392 38.83 44.00 78  78 1088000 1448000   270 10.13
-0.239 0.0388 38.80 44.00 78  78 1088000 1448000   270 10.13
-0.236 0.0374 38.77 44.00 78  78 1088000 1448000   270 10.13
-0.233 0.0401 38.73 44.00 78  78 1088000 1448000   270 10.13
-0.231 0.0391 38.69 44.00 78  78 1088000 1448000   270 10.13
-0.228 0.0398 38.66 44.00 78  78 1088000 1448000   270 10.13
-0.225 0.0364 38.62 44.00 78  78 1088000 1448000   270 10.13
-0.222 0.0401 38.60 44.00 78  78 1088000 1448000   270 10.13
-0.219 0.0367 38.58 44.00 78  78 1088000 1448000   270 10.13
-0.217 0.0374 38.56 44.00 78  78 1088000 1448000   270 10.13
-0.214 0.0416 38.54 44.00 78  78 1088000 1448000   270 10.13
-0.211 0.0388 38.52 44.00 78  78 1088000 1448000   270 10.13
-0.208 0.0385 38.50 44.00 78  78 1088000 1448000   270 10.13
-0.206 0.0391 38.47 44.00 78  78 1088000 1448000   270 10.13
-0.203 0.0389 38.44 44.00 78  78 1088000 1448000   270 10.13
-0.200 0.0364 38.41 44.00 78  78 1088000 1448000   270 10.13
-0.197 0.0388 38.39 44.00 78  78 1088000 1448000   270 10.13
-0.194 0.0361 38.37 44.00 78  78 1088000 1448000   270 10.13
-0.192 0.0380 38.36 44.00 78  78 1088000 1448000   270 10.13
-0.189 0.0377 38.36 44.00 78  78 1088000 1448000   270 10.13
-0.186 0.0398 38.36 44.00 78  78 1088000 1448000   270 10.13
-0.183 0.0395 38.37 44.00 78  78 1088000 1448000   270 10.13
-0.181 0.0397 38.38 44.00 78  78 1088000 1448000   270 10.13
-0.178 0.0368 38.40 44.00 78  78 1088000 1448000   270 10.13
-0.175 0.0404 38.43 44.00 78  78 1088000 1448000   270 10.13
-0.172 0.0384 38.46 44.00 78  78 1088000 1448000   270 10.13
-0.169 0.0387 38.49 44.00 78  78 1088000 1448000   270 10.13
-0.167 0.0358 38.53 44.00 78  78 1088000 1448000   270 10.13
-0.164 0.0383 38.56 44.00 78  78 1088000 1448000   270 10.13
-0.161 0.0390 38.59 44.00 78  78 1088000 1448000   270 10.13
-0.158 0.0378 38.62 44.00 78  78 1088000 1448000   270 10.13
-0.156 0.0414 38.64 44.00 78  78 1088000 1448000   270 10.13
-0.153 0.0366 38.64 44.00 78  78 1088000 1448000   270 10.13
-0.150 0.0391 38.64 44.00 78  78 1088000 1448000   270 10.13
-0.147 0.0398 38.63 44.00 78  78 1088000 1448000   270 10.13
-0.144 0.0374 38.64 44.00 78  78 1088000 1448000   270 10.13
-0.142 0.0411 38.65 44.00 78  78 1088000 1448000   270 10.13
-0.139 0.0354 38.67 44.00 78  78 1088000 1448000   270 10.13
-0.136 0.0409 38.70 44.00 78  78 1088000 1448000   270 10.13
-0.133 0.0385 38.75 44.00 78  78 1088000 1448000   270 10.13
-0.131 0.0393 38.79 44.00 78  78 1088000 1448000   270 10.13
-0.128 0.0396 38.84 44.00 78  78 1088000 1448000   270 10.13
-0.125 0.0362 38.88 44.00 78  78 1088000 1448000   270 10.13
-0.122 0.0399 38.91 44.00 78  78 1088000 1448000   270 10.13
-0.119 0.0383 38.94 44.00 78  78 1088000 1448000   270 10.13
-0.117 0.0380 38.97 44.00 78  78 1088000 1448000   270 10.13
-0.114 0.0393 39.00 44.00 78  78 1088000 1448000   270 10.13
-0.111 0.0386 39.04 44.00 78  78 1088000 1448000   270 10.13
-0.108 0.0381 39.08 44.00 78  78 1088000 1448000   270 10.13
-0.106 0.0414 39.13 44.00 78  78 1088000 1448000   270 10.13
-0.103 0.0379 39.17 44.00 78  78 1088000 1448000   270 10.13
-0.78 0.0398 39.21 44.00 78  78 1088000 1448000   270 10.13
-0.097 0.0422 39.24 44.00 78  78 1088000 1448000   270 10.13
-0.094 0.0399 39.26 44.00 78  78 1088000 1448000   270 10.13
-0.092 0.0376 39.27 44.00 78  78 1088000 1448000   270 10.13
-0.089 0.0364 39.26 44.00 78  78 1088000 1448000   270 10.13
-0.086 0.0396 39.24 44.00 78  78 1088000 1448000   270 10.13
-0.083 0.0400 39.21 44.00 78  78 1088000 1448000   270 10.13
-0.081 0.0393 39.17 44.00 78  78 1088000 1448000   270 10.13
-0.078 0.0378 39.12 44.00 78  78 1088000 1448000   270 10.13
-0.075 0.0397 39.05 44.00 78  78 1088000 1448000   270 10.13
-0.072 0.0411 38.98 44.00 78  78 1088000 1448000   270 10.13
-0.069 0.0401 38.89 44.00 78  78 1088000 1448000   270 10.13
-0.067 0.0379 38.79 44.00 78  78 1088000 1448000   270 10.13
-0.064 0.0387 38.67 44.00 78  78 1088000 1448000   270 10.13
-0.061 0.0369 38.55 44.00 78  78 1088000 1448000   270 10.13
-0.058 0.0385 38.42 44.00 78  78 1088000 1448000   270 10.13
-0.056 0.0404 38.27 44.00 78  78 1088000 1448000   270 10.13
-0.053 0.0347 38.11 44.00 78  78 1088000 1448000   270 10.13
-0.050 0.0360 37.95 44.00 78  78 1088000 1448000   270 10.13
-0.047 0.0390 37.77 44.00 78  78 1088000 1448000   270 10.13
-0.044 0.0415 37.59 44.00 78  78 1088000 1448000   270 10.13
-0.042 0.0357 37.40 44.00 78  78 1088000 1448000   270 10.13
-0.039 0.0382 37.20 44.00 78  78 1088000 1448000   270 10.13
-0.036 0.0373 36.99 44.00 78  78 1088000 1448000   270 10.13
-0.033 0.0353 36.76 44.00 78  78 1088000 1448000   270 10.13
-0.031 0.0380 36.53 44.00 78  78 1088000 1448000   270 10.13
-0.028 0.0357 36.30 44.00 78  78 1088000 1448000   270 10.13
-0.025 0.0376 36.07 44.00 78  78 1088000 1448000   270 10.13
-0.022 0.0335 35.83 44.00 78  78 1088000 1448000   270 10.13
-0.019 0.0350 35.60 44.00 78  78 1088000 1448000   270 10.13
-0.017 0.0356 35.36 44.00 78  78 1088000 1448000   270 10.13
-0.014 0.0345 35.12 44.00 78  78 1088000 1448000   270 10.13
-0.011 0.0365 34.87 44.00 78  78 1088000 1448000   270 10.13
-0.008 0.0333 34.61 44.00 78  78 1088000 1448000   270 10.13
-0.006 0.0353 34.35 44.00 78  78 1088000 1448000   270 10.13
-0.003 0.0339 34.09 44.00 78  78 1088000 1448000   270 10.13
0.000 0.0348 33.86 44.00 78  78 1088000 1448000   270 10.13
0.003 0.0347 33.64 44.00 78  78 1088000 1448000   270 10.13
0.006 0.0332 33.45 44.00 78  78 1088000 1448000   270 10.13
0.008 0.0330 33.28 44.00 78  78 1088000 1448000   270 10.13
0.011 0.0284 33.13 44.00 78  78 1088000 1448000   270 10.13
0.014 0.0350 33.00 44.00 78  78 1088000 1448000   270 10.13
0.017 0.0342 32.88 44.00 78  78 1088000 1448000   270 10.13
0.019 0.0315 32.78 44.00 78  78 1088000 1448000   270 10.13
0.022 0.0333 32.68 44.00 78  78 1088000 1448000   270 10.13
0.025 0.0328 32.59 44.00 78  78 1088000 1448000   270 10.13
0.028 0.0327 32.51 44.00 78  78 1088000 1448000   270 10.13
0.031 0.0320 32.42 44.00 78  78 1088000 1448000   270 10.13
0.033 0.0321 32.33 44.00 78  78 1088000 1448000   270 10.13
0.036 0.0318 32.23 44.00 78  78 1088000 1448000   270 10.13
0.039 0.0286 32.13 44.00 78  78 1088000 1448000   270 10.13
0.042 0.0326 32.02 44.00 78  78 1088000 1448000   270 10.13
0.044 0.0337 31.90 44.00 78  78 1088000 1448000   270 10.13
0.047 0.0350 31.77 44.00 78  78 1088000 1448000   270 10.13
0.050 0.0336 31.63 44.00 78  78 1088000 1448000   270 10.13
0.053 0.0318 31.48 44.00 78  78 1088000 1448000   270 10.13
0.056 0.0295 31.31 44.00 78  78 1088000 1448000   270 10.13
0.058 0.0308 31.13 44.00 78  78 1088000 1448000   270 10.13
0.061 0.0311 30.95 44.00 78  78 1088000 1448000   270 10.13
0.064 0.0315 30.77 44.00 78  78 1088000 1448000   270 10.13
0.067 0.0303 30.60 44.00 78  78 1088000 1448000   270 10.13
0.069 0.0323 30.45 44.00 78  78 1088000 1448000   270 10.13
0.072 0.0300 30.31 44.00 78  78 1088000 1448000   270 10.13
0.075 0.0257 30.18 44.00 78  78 1088000 1448000   270 10.13
0.078 0.0314 30.06 44.00 78  78 1088000 1448000   270 10.13
0.081 0.0285 29.95 44.00 78  78 1088000 1448000   270 10.13
0.083 0.0295 29.84 44.00 78  78 1088000 1448000   270 10.13
0.086 0.0315 29.75 44.00 78  78 1088000 1448000   270 10.13
0.089 0.0283 29.67 44.00 78  78 1088000 1448000   270 10.13
0.092 0.0292 29.61 44.00 78  78 1088000 1448000   270 10.13
0.094 0.0305 29.57 44.00 78  78 1088000 1448000   270 10.13
0.097 0.0303 29.55 44.00 78  78 1088000 1448000   270 10.13
0.78 0.0281 29.55 44.00 78  78 1088000 1448000   270 10.13
0.103 0.0284 29.57 44.00 78  78 1088000 1448000   270 10.13
0.106 0.0325 29.60 44.00 78  78 1088000 1448000   270 10.13
0.108 0.0284 29.64 44.00 78  78 1088000 1448000   270 10.13
0.111 0.0333 29.68 44.00 78  78 1088000 1448000   270 10.13
0.114 0.0303 29.73 44.00 78  78 1088000 1448000   270 10.13
0.117 0.0284 29.78 44.00 78  78 1088000 1448000   270 10.13
0.119 0.0299 29.82 44.00 78  78 1088000 1448000   270 10.13
0.122 0.0295 29.85 44.00 78  78 1088000 1448000   270 10.13
0.125 0.0280 29.87 44.00 78  78 1088000 1448000   270 10.13
0.128 0.0291 29.89 44.00 78  78 1088000 1448000   270 10.13
0.131 0.0298 29.91 44.00 78  78 1088000 1448000   270 10.13
0.133 0.0309 29.93 44.00 78  78 1088000 1448000   270 10.13
0.136 0.0289 29.96 44.00 78  78 1088000 1448000   270 10.13
0.139 0.0293 29.99 44.00 78  78 1088000 1448000   270 10.13
0.142 0.0335 30.04 44.00 78  78 1088000 1448000   270 10.13
0.144 0.0310 30.09 44.00 78  78 1088000 1448000   270 10.13
0.147 0.0281 30.15 44.00 78  78 1088000 1448000   270 10.13
0.150 0.0303 30.21 44.00 78  78 1088000 1448000   270 10.13
0.153 0.0295 30.29 44.00 78  78 1088000 1448000   270 10.13
0.156 0.0346 30.39 44.00 78  78 1088000 1448000   270 10.13
0.158 0.0307 30.50 44.00 78  78 1088000 1448000   270 10.13
0.161 0.0267 30.63 44.00 78  78 1088000 1448000   270 10.13
0.164 0.0293 30.78 44.00 78  78 1088000 1448000   270 10.13
0.167 0.0307 30.94 44.00 78  78 1088000 1448000   270 10.13
0.169 0.0317 31.10 44.00 78  78 1088000 1448000   270 10.13
0.172 0.0321 31.26 44.00 78  78 1088000 1448000   270 10.13
0.175 0.0310 31.43 44.00 78  78 1088000 1448000   270 10.13
0.178 0.0329 31.61 44.00 78  78 1088000 1448000   270 10.13
0.181 0.0329 31.80 44.00 78  78 1088000 1448000   270 10.13
0.183 0.0316 31.99 44.00 78  78 1088000 1448000   270 10.13
0.186 0.0291 32.20 44.00 78  78 1088000 1448000   270 10.13
0.189 0.0311 32.41 44.00 78  78 1088000 1448000   270 10.13
0.192 0.0356 32.64 44.00 78  78 1088000 1448000   270 10.13
0.194 0.0320 32.86 44.00 78  78 1088000 1448000   270 10.13
0.197 0.0324 33.09 44.00 78  78 1088000 1448000   270 10.13
0.200 0.0343 33.32 44.00 78  78 1088000 1448000   270 10.13
0.203 0.0335 33.55 44.00 78  78 1088000 1448000   270 10.13
0.206 0.0377 33.78 44.00 78  78 1088000 1448000   270 10.13
0.208 0.0326 34.01 44.00 78  78 1088000 1448000   270 10.13
0.211 0.0345 34.23 44.00 78  78 1088000 1448000   270 10.13
0.214 0.0327 34.45 44.00 78  78 1088000 1448000   270 10.13
0.217 0.0344 34.66 44.00 78  78 1088000 1448000   270 10.13
0.219 0.0343 34.86 44.00 78  78 1088000 1448000   270 10.13
0.222 0.0351 35.05 44.00 78  78 1088000 1448000   270 10.13
0.225 0.0340 35.24 44.00 78  78 1088000 1448000   270 10.13
0.228 0.0365 35.42 44.00 78  78 1088000 1448000   270 10.13
0.231 0.0354 35.58 44.00 78  78 1088000 1448000   270 10.13
0.233 0.0351 35.73 44.00 78  78 1088000 1448000   270 10.13
0.236 0.0372 35.86 44.00 78  78 1088000 1448000   270 10.13
0.239 0.0366 35.98 44.00 78  78 1088000 1448000   270 10.13
0.242 0.0360 36.10 44.00 78  78 1088000 1448000   270 10.13
0.244 0.0356 36.22 44.00 78  78 1088000 1448000   270 10.13
0.247 0.0364 36.35 44.00 78  78 1088000 1448000   270 10.13
0.250 0.0387 36.50 44.00 78  78 1088000 1448000   270 10.13
0.253 0.0369 36.65 44.00 78  78 1088000 1448000   270 10.13
0.256 0.0366 36.80 44.00 78  78 1088000 1448000   270 10.13
0.258 0.0367 36.96 44.00 78  78 1088000 1448000   270 10.13
0.261 0.0362 37.12 44.00 78  78 1088000 1448000   270 10.13
0.264 0.0336 37.26 44.00 78  78 1088000 1448000   270 10.13
0.267 0.0402 37.40 44.00 78  78 1088000 1448000   270 10.13
0.269 0.0368 37.52 44.00 78  78 1088000 1448000   270 10.13
0.272 0.0384 37.62 44.00 78  78 1088000 1448000   270 10.13
0.275 0.0345 37.72 44.00 78  78 1088000 1448000   270 10.13
0.278 0.0395 37.80 44.00 78  78 1088000 1448000   270 10.13
0.281 0.0376 37.88 44.00 78  78 1088000 1448000   270 10.13
0.283 0.0387 37.95 44.00 78  78 1088000 1448000   270 10.13
0.286 0.0380 38.01 44.00 78  78 1088000 1448000   270 10.13
0.289 0.0391 38.08 44.00 78  78 1088000 1448000   270 10.13
0.292 0.0375 38.14 44.00 78  78 1088000 1448000   270 10.13
0.294 0.0420 38.21 44.00 78  78 1088000 1448000   270 10.13
0.297 0.0377 38.28 44.00 78  78 1088000 1448000   270 10.13
0.300 0.0396 38.36 44.00 78  78 1088000 1448000   270 10.13
0.303 0.0375 38.43 44.00 78  78 1088000 1448000   270 10.13
0.306 0.0366 38.50 44.00 78  78 1088000 1448000   270 10.13
0.308 0.0389 38.56 44.00 78  78 1088000 1448000   270 10.13
0.311 0.0393 38.61 44.00 78  78 1088000 1448000   270 10.13
0.314 0.0362 38.65 44.00 78  78 1088000 1448000   270 10.13
0.317 0.0380 38.69 44.00 78  78 1088000 1448000   270 10.13
0.319 0.0370 38.72 44.00 78  78 1088000 1448000   270 10.13
0.322 0.0374 38.74 44.00 78  78 1088000 1448000   270 10.13
0.325 0.0415 38.77 44.00 78  78 1088000 1448000   270 10.13
0.328 0.0381 38.79 44.00 78  78 1088000 1448000   270 10.13
0.331 0.0418 38.81 44.00 78  78 1088000 1448000   270 10.13
0.333 0.0380 38.83 44.00 78  78 1088000 1448000   270 10.13
0.336 0.0382 38.85 44.00 78  78 1088000 1448000   270 10.13
0.339 0.0410 38.87 44.00 78  78 1088000 1448000   270 10.13
0.342 0.0385 38.88 44.00 78  78 1088000 1448000   270 10.13
0.344 0.0411 38.89 44.00 78  78 1088000 1448000   270 10.13
0.347 0.0380 38.90 44.00 78  78 1088000 1448000   270 10.13
0.350 0.0385 38.91 44.00 78  78 1088000 1448000   270 10.13
0.353 0.0388 38.91 44.00 78  78 1088000 1448000   270 10.13
0.356 0.0384 38.90 44.00 78  78 1088000 1448000   270 10.13
0.358 0.0396 38.90 44.00 78  78 1088000 1448000   270 10.13
0.361 0.0372 38.91 44.00 78  78 1088000 1448000   270 10.13
0.364 0.0384 38.92 44.00 78  78 1088000 1448000   270 10.13
0.367 0.0410 38.94 44.00 78  78 1088000 1448000   270 10.13
0.369 0.0380 38.99 44.00 78  78 1088000 1448000   270 10.13
0.372 0.0381 39.07 44.00 78  78 1088000 1448000   270 10.13
0.375 0.0387 39.17 44.00 78  78 1088000 1448000   270 10.13
0.378 0.0366 39.31 44.00 78  78 1088000 1448000   270 10.13
0.381 0.0428 39.46 44.00 78  78 1088000 1448000   270 10.13
0.383 0.0384 39.62 44.00 78  78 1088000 1448000   270 10.13
0.386 0.0379 39.79 44.00 78  78 1088000 1448000   270 10.13
0.389 0.0425 39.96 44.00 78  78 1088000 1448000   270 10.13
0.392 0.0393 40.11 44.00 78  78 1088000 1448000   270 10.13
0.394 0.0393 40.26 44.00 78  78 1088000 1448000   270 10.13
0.397 0.0433 40.40 44.00 78  78 1088000 1448000   270 10.13
0.400 0.0418 40.54 44.00 78  78 1088000 1448000   270 10.13
0.403 0.0385 40.69 44.00 78  78 1088000 1448000   270 10.13
0.406 0.0421 40.83 44.00 78  78 1088000 1448000   270 10.13
0.408 0.0404 40.98 44.00 78  78 1088000 1448000   270 10.13
0.411 0.0427 41.12 44.00 78  78 1088000 1448000   270 10.13
0.414 0.0407 41.27 44.00 78  78 1088000 1448000   270 10.13
0.417 0.0409 41.42 44.00 78  78 1088000 1448000   270 10.13
0.419 0.0431 41.57 44.00 78  78 1088000 1448000   270 10.13
0.422 0.0422 41.71 44.00 78  78 1088000 1448000   270 10.13
0.425 0.0423 41.85 44.00 78  78 1088000 1448000   270 10.13
0.428 0.0391 42.00 44.00 78  78 1088000 1448000   270 10.13
0.431 0.0375 42.14 44.00 78  78 1088000 1448000   270 10.13
0.433 0.0443 42.29 44.00 78  78 1088000 1448000   270 10.13
0.436 0.0428 42.45 44.00 78  78 1088000 1448000   270 10.13
0.439 0.0413 42.61 44.00 78  78 1088000 1448000   270 10.13
0.442 0.0413 42.79 44.00 78  78 1088000 1448000   270 10.13
0.444 0.0454 42.97 44.00 78  78 1088000 1448000   270 10.13
0.447 0.0470 43.15 44.00 78  78 1088000 1448000   270 10.13
0.450 0.0453 43.34 44.00 78  78 1088000 1448000   270 10.13
0.453 0.0406 43.53 44.00 78  78 1088000 1448000   270 10.13
0.456 0.0445 43.72 44.00 78  78 1088000 1448000   270 10.13
0.458 0.0429 43.91 44.00 78  78 1088000 1448000   270 10.13
0.461 0.0443 44.10 44.00 78  78 1088000 1448000   270 10.13
0.464 0.0428 44.28 44.00 78  78 1088000 1448000   270 10.13
0.467 0.0461 44.44 44.00 78  78 1088000 1448000   270 10.13
0.469 0.0422 44.60 44.00 78  78 1088000 1448000   270 10.13
0.472 0.0472 44.73 44.00 78  78 1088000 1448000   270 10.13
0.475 0.0447 44.85 44.00 78  78 1088000 1448000   270 10.13
0.478 0.0449 44.96 44.00 78  78 1088000 1448000   270 10.13
0.481 0.0452 45.05 44.00 78  78 1088000 1448000   270 10.13
0.483 0.0449 45.14 44.00 78  78 1088000 1448000   270 10.13
0.486 0.0436 45.24 44.00 78  78 1088000 1448000   270 10.13
0.489 0.0459 45.36 44.00 78  78 1088000 1448000   270 10.13
0.492 0.0477 45.49 44.00 78  78 1088000 1448000   270 10.13
0.494 0.0437 45.63 44.00 78  78 1088000 1448000   270 10.13
0.497 0.0465 45.77 44.00 78  78 1088000 1448000   270 10.13
0.500 0.0453 45.92 44.00 78  78 1088000 1448000   270 10.13
0.503 0.0457 46.08 44.00 78  78 1088000 1448000   270 10.13
0.506 0.0477 46.22 44.00 78  78 1088000 1448000   270 10.13
0.508 0.0475 46.36 44.00 78  78 1088000 1448000   270 10.13
0.511 0.0463 46.49 44.00 78  78 1088000 1448000   270 10.13
0.514 0.0431 46.62 44.00 78  78 1088000 1448000   270 10.13
0.517 0.0475 46.75 44.00 78  78 1088000 1448000   270 10.13
0.519 0.0468 46.89 44.00 78  78 1088000 1448000   270 10.13
0.522 0.0471 47.03 44.00 78  78 1088000 1448000   270 10.13
0.525 0.0467 47.18 44.00 78  78 1088000 1448000   270 10.13
0.528 0.0496 47.32 44.00 78  78 1088000 1448000   270 10.13
0.531 0.0476 47.47 44.00 78  78 1088000 1448000   270 10.13
0.533 0.0485 47.61 44.00 78  78 1088000 1448000   270 10.13
0.536 0.0471 47.76 44.00 78  78 1088000 1448000   270 10.13
0.539 0.0489 47.90 44.00 78  78 1088000 1448000   270 10.13
0.542 0.0461 48.06 44.00 78  78 1088000 1448000   270 10.13
0.544 0.0483 48.22 44.00 78  78 1088000 1448000   270 10.13
0.547 0.0481 48.38 44.00 78  78 1088000 1448000   270 10.13
0.550 0.0497 48.55 44.00 78  78 1088000 1448000   270 10.13
0.553 0.0481 48.73 44.00 78  78 1088000 1448000   270 10.13
0.556 0.0489 48.92 44.00 78  78 1088000 1448000   270 10.13
0.558 0.0484 49.12 44.00 78  78 1088000 1448000   270 10.13
0.561 0.0498 49.32 44.00 78  78 1088000 1448000   270 10.13
0.564 0.0487 49.54 44.00 78  78 1088000 1448000   270 10.13
0.567 0.0507 49.77 44.00 78  78 1088000 1448000   270 10.13
0.569 0.0513 50.00 44.00 78  78 1088000 1448000   270 10.13
0.572 0.0490 50.24 44.00 78  78 1088000 1448000   270 10.13
0.575 0.0493 50.50 44.00 78  78 1088000 1448000   270 10.13
0.578 0.0520 50.77 44.00 78  78 1088000 1448000   270 10.13
0.581 0.0492 51.05 44.00 78  78 1088000 1448000   270 10.13
0.583 0.0520 51.33 44.00 78  78 1088000 1448000   270 10.13
0.586 0.0521 51.63 44.00 78  78 1088000 1448000   270 10.13
0.589 0.0524 51.92 44.00 78  78 1088000 1448000   270 10.13
0.592 0.0530 52.22 44.00 78  78 1088000 1448000   270 10.13
0.594 0.0520 52.52 44.00 78  78 1088000 1448000   270 10.13
0.597 0.0523 52.82 44.00 78  78 1088000 1448000   270 10.13
0.600 0.0537 53.11 44.00 78  78 1088000 1448000   270 10.13
0.603 0.0521 53.41 44.00 78  78 1088000 1448000   270 10.13
0.606 0.0561 53.70 44.00 78  78 1088000 1448000   270 10.13
0.608 0.0544 54.01 44.00 78  78 1088000 1448000   270 10.13
0.611 0.0519 54.32 44.00 78  78 1088000 1448000   270 10.13
0.614 0.0543 54.64 44.00 78  78 1088000 1448000   270 10.13
0.617 0.0554 54.96 44.00 78  78 1088000 1448000   270 10.13
0.619 0.0549 55.28 44.00 78  78 1088000 1448000   270 10.13
0.622 0.0565 55.60 44.00 78  78 1088000 1448000   270 10.13
0.625 0.0560 55.91 44.00 78  78 1088000 1448000   270 10.13
0.628 0.0566 56.23 44.00 78  78 1088000 1448000   270 10.13
0.631 0.0547 56.54 44.00 78  78 1088000 1448000   270 10.13
0.633 0.0600 56.85 44.00 78  78 1088000 1448000   270 10.13
0.636 0.0566 57.16 44.00 78  78 1088000 1448000   270 10.13
0.639 0.0548 57.46 44.00 78  78 1088000 1448000   270 10.13
0.642 0.0594 57.77 44.00 78  78 1088000 1448000   270 10.13
0.644 0.0572 58.07 44.00 78  78 1088000 1448000   270 10.13
0.647 0.0563 58.38 44.00 78  78 1088000 1448000   270 10.13
0.650 0.0604 58.68 44.00 78  78 1088000 1448000   270 10.13
0.653 0.0621 58.99 44.00 78  78 1088000 1448000   270 10.13
0.656 0.0599 59.32 44.00 78  78 1088000 1448000   270 10.13
0.658 0.0600 59.65 44.00 78  78 1088000 1448000   270 10.13
0.661 0.0576 60.01 44.00 78  78 1088000 1448000   270 10.13
0.664 0.0629 60.39 44.00 78  78 1088000 1448000   270 10.13
0.667 0.0593 60.78 44.00 78  78 1088000 1448000   270 10.13
0.669 0.0558 61.19 44.00 78  78 1088000 1448000   270 10.13
0.672 0.0646 61.61 44.00 78  78 1088000 1448000   270 10.13
0.675 0.0618 62.04 44.00 78  78 1088000 1448000   270 10.13
0.678 0.0630 62.48 44.00 78  78 1088000 1448000   270 10.13
0.681 0.0634 62.93 44.00 78  78 1088000 1448000   270 10.13
0.683 0.0607 63.37 44.00 78  78 1088000 1448000   270 10.13
0.686 0.0636 63.81 44.00 78  78 1088000 1448000   270 10.13
0.689 0.0650 64.25 44.00 78  78 1088000 1448000   270 10.13
0.692 0.0656 64.68 44.00 78  78 1088000 1448000   270 10.13
0.694 0.0621 65.11 44.00 78  78 1088000 1448000   270 10.13
0.697 0.0696 65.54 44.00 78  78 1088000 1448000   270 10.13
0.700 0.0667 65.96 44.00 78  78 1088000 1448000   270 10.13
0.703 0.0644 66.37 44.00 78  78 1088000 1448000   270 10.13
0.706 0.0695 66.76 44.00 78  78 1088000 1448000   270 10.13
0.708 0.0688 67.14 44.00 78  78 1088000 1448000   270 10.13
0.711 0.0677 67.51 44.00 78  78 1088000 1448000   270 10.13
0.714 0.0635 67.85 44.00 78  78 1088000 1448000   270 10.13
0.717 0.0728 68.17 44.00 78  78 1088000 1448000   270 10.13
0.719 0.0641 68.46 44.00 78  78 1088000 1448000   270 10.13
0.722 0.0675 68.73 44.00 78  78 1088000 1448000   270 10.13
0.725 0.0711 68.97 44.00 78  78 1088000 1448000   270 10.13
0.728 0.0695 69.19 44.00 78  78 1088000 1448000   270 10.13
0.731 0.0685 69.38 44.00 78  78 1088000 1448000   270 10.13
0.733 0.0694 69.54 44.00 78  78 1088000 1448000   270 10.13
0.736 0.0667 69.68 44.00 78  78 1088000 1448000   270 10.13
0.739 0.0759 69.80 44.00 78  78 1088000 1448000   270 10.13
0.742 0.0671 69.89 44.00 78  78 1088000 1448000   270 10.13
0.744 0.0682 69.98 44.00 78  78 1088000 1448000   270 10.13
0.747 0.0712 70.04 44.00 78  78 1088000 1448000   270 10.13
0.750 0.0741 70.08 44.00 78  78 1088000 1448000   270 10.13
0.753 0.0660 70.10 44.00 78  78 1088000 1448000   270 10.13
0.756 0.0705 70.09 44.00 78  78 1088000 1448000   270 10.13
0.758 0.0721 70.06 44.00 78  78 1088000 1448000   270 10.13
0.761 0.0747 70.01 44.00 78  78 1088000 1448000   270 10.13
0.764 0.0702 69.93 44.00 78  78 1088000 1448000   270 10.13
0.767 0.0629 69.84 44.00 78  78 1088000 1448000   270 10.13
0.769 0.0662 69.71 44.00 78  78 1088000 1448000   270 10.13
0.772 0.0755 69.57 44.00 78  78 1088000 1448000   270 10.13
0.775 0.0676 69.42 44.00 78  78 1088000 1448000   270 10.13
0.778 0.0713 69.27 44.00 78  78 1088000 1448000   270 10.13
0.781 0.0679 69.10 44.00 78  78 1088000 1448000   270 10.13
0.783 0.0660 68.94 44.00 78  78 1088000 1448000   270 10.13
0.786 0.0729 68.78 44.00 78  78 1088000 1448000   270 10.13
0.789 0.0689 68.64 44.00 78  78 1088000 1448000   270 10.13
0.792 0.0682 68.52 44.00 78  78 1088000 1448000   270 10.13
0.794 0.0660 68.41 44.00 78  78 1088000 1448000   270 10.13
0.797 0.0692 68.33 44.00 78  78 1088000 1448000   270 10.13
0.800 0.0670 68.25 44.00 78  78 1088000 1448000   270 10.13
0.803 0.0663 68.17 44.00 78  78 1088000 1448000   270 10.13
0.806 0.0742 68.10 44.00 78  78 1088000 1448000   270 10.13
0.808 0.0641 68.03 44.00 78  78 1088000 1448000   270 10.13
0.811 0.0685 67.96 44.00 78  78 1088000 1448000   270 10.13
0.814 0.0695 67.90 44.00 78  78 1088000 1448000   270 10.13
0.817 0.0655 67.84 44.00 78  78 1088000 1448000   270 10.13
0.819 0.0662 67.77 44.00 78  78 1088000 1448000   270 10.13
0.822 0.0665 67.71 44.00 78  78 1088000 1448000   270 10.13
0.825 0.0721 67.65 44.00 78  78 1088000 1448000   270 10.13
0.828 0.0667 67.61 44.00 78  78 1088000 1448000   270 10.13
0.831 0.0667 67.57 44.00 78  78 1088000 1448000   270 10.13
0.833 0.0680 67.53 44.00 78  78 1088000 1448000   270 10.13
0.836 0.0710 67.50 44.00 78  78 1088000 1448000   270 10.13
0.839 0.0670 67.48 44.00 78  78 1088000 1448000   270 10.13
0.842 0.0674 67.45 44.00 78  78 1088000 1448000   270 10.13
0.844 0.0674 67.44 44.00 78  78 1088000 1448000   270 10.13
0.847 0.0633 67.43 44.00 78  78 1088000 1448000   270 10.13
0.850 0.0649 67.42 44.00 78  78 1088000 1448000   270 10.13
0.853 0.0694 67.41 44.00 78  78 1088000 1448000   270 10.13
0.856 0.0675 67.40 44.00 78  78 1088000 1448000   270 10.13
0.858 0.0687 67.40 44.00 78  78 1088000 1448000   270 10.13
0.861 0.0697 67.39 44.00 78  78 1088000 1448000   270 10.13
0.864 0.0669 67.38 44.00 78  78 1088000 1448000   270 10.13
0.867 0.0665 67.35 44.00 78  78 1088000 1448000   270 10.13
0.869 0.0664 67.32 44.00 78  78 1088000 1448000   270 10.13
0.872 0.0655 67.29 44.00 78  78 1088000 1448000   270 10.13
0.875 0.0683 67.27 44.00 78  78 1088000 1448000   270 10.13
0.878 0.0684 67.24 44.00 78  78 1088000 1448000   270 10.13
0.881 0.0679 67.23 44.00 78  78 1088000 1448000   270 10.13
0.883 0.0671 67.21 44.00 78  78 1088000 1448000   270 10.13
0.886 0.0675 67.20 44.00 78  78 1088000 1448000   270 10.13
0.889 0.0697 67.18 44.00 78  78 1088000 1448000   270 10.13
0.892 0.0656 67.15 44.00 78  78 1088000 1448000   270 10.13
0.894 0.0667 67.12 44.00 78  78 1088000 1448000   270 10.13
0.897 0.0661 67.09 44.00 78  78 1088000 1448000   270 10.13
0.900 0.0682 67.06 44.00 78  78 1088000 1448000   270 10.13
0.903 0.0674 67.04 44.00 78  78 1088000 1448000   270 10.13
0.906 0.0632 67.02 44.00 78  78 1088000 1448000   270 10.13
0.908 0.0657 67.02 44.00 78  78 1088000 1448000   270 10.13
0.911 0.0698 67.01 44.00 78  78 1088000 1448000   270 10.13
0.914 0.0661 67.00 44.00 78  78 1088000 1448000   270 10.13
0.917 0.0672 66.98 44.00 78  78 1088000 1448000   270 10.13
0.919 0.0678 66.95 44.00 78  78 1088000 1448000   270 10.13
0.922 0.0656 66.91 44.00 78  78 1088000 1448000   270 10.13
0.925 0.0670 66.86 44.00 78  78 1088000 1448000   270 10.13
0.928 0.0721 66.81 44.00 78  78 1088000 1448000   270 10.13
0.931 0.0617 66.74 44.00 78  78 1088000 1448000   270 10.13
0.933 0.0685 66.68 44.00 78  78 1088000 1448000   270 10.13
0.936 0.0665 66.61 44.00 78  78 1088000 1448000   270 10.13
0.939 0.0666 66.53 44.00 78  78 1088000 1448000   270 10.13
0.942 0.0669 66.42 44.00 78  78 1088000 1448000   270 10.13
0.944 0.0669 66.31 44.00 78  78 1088000 1448000   270 10.13
0.947 0.0665 66.17 44.00 78  78 1088000 1448000   270 10.13
0.950 0.0672 66.02 44.00 78  78 1088000 1448000   270 10.13
0.953 0.0664 65.86 44.00 78  78 1088000 1448000   270 10.13
0.956 0.0599 65.69 44.00 78  78 1088000 1448000   270 10.13
0.958 0.0667 65.52 44.00 78  78 1088000 1448000   270 10.13
0.961 0.0686 65.36 44.00 78  78 1088000 1448000   270 10.13
0.964 0.0629 65.22 44.00 78  78 1088000 1448000   270 10.13
0.967 0.0645 65.11 44.00 78  78 1088000 1448000   270 10.13
0.969 0.0682 65.01 44.00 78  78 1088000 1448000   270 10.13
0.972 0.0633 64.93 44.00 78  78 1088000 1448000   270 10.13
0.975 0.0629 64.87 44.00 78  78 1088000 1448000   270 10.13
0.978 0.0637 64.83 44.00 78  78 1088000 1448000   270 10.13
0.981 0.0689 64.81 44.00 78  78 1088000 1448000   270 10.13
0.983 0.0624 64.79 44.00 78  78 1088000 1448000   270 10.13
0.986 0.0688 64.79 44.00 78  78 1088000 1448000   270 10.13
0.989 0.0607 64.78 44.00 78  78 1088000 1448000   270 10.13
0.992 0.0618 64.78 44.00 78  78 1088000 1448000   270 10.13
0.994 0.0662 64.77 44.00 78  78 1088000 1448000   270 10.13
0.997 0.0660 64.77 44.00 78  78 1088000 1448000   270 10.13
1.000 0.0648 64.77 44.00 78  78 1088000 1448000   270 10.13
1.003 0.0639 64.76 44.00 78  78 1088000 1448000   270 10.13
1.006 0.0662 64.76 44.00 78  78 1088000 1448000   270 10.13
1.008 0.0665 64.75 44.00 78  78 1088000 1448000   270 10.13
1.011 0.0666 64.76 44.00 78  78 1088000 1448000   270 10.13
1.014 0.0626 64.78 44.00 78  78 1088000 1448000   270 10.13
1.017 0.0672 64.80 44.00 78  78 1088000 1448000   270 10.13
1.019 0.0628 64.81 44.00 78  78 1088000 1448000   270 10.13
1.022 0.0602 64.80 44.00 78  78 1088000 1448000   270 10.13
1.025 0.0702 64.76 44.00 78  78 1088000 1448000   270 10.13
1.028 0.0624 64.69 44.00 78  78 1088000 1448000   270 10.13
1.031 0.0644 64.60 44.00 78  78 1088000 1448000   270 10.13
1.033 0.0644 64.49 44.00 78  78 1088000 1448000   270 10.13
1.036 0.0632 64.36 44.00 78  78 1088000 1448000   270 10.13
1.039 0.0636 64.22 44.00 78  78 1088000 1448000   270 10.13
1.042 0.0657 64.08 44.00 78  78 1088000 1448000   270 10.13
1.044 0.0646 63.96 44.00 78  78 1088000 1448000   270 10.13
1.047 0.0654 63.85 44.00 78  78 1088000 1448000   270 10.13
1.050 0.0657 63.76 44.00 78  78 1088000 1448000   270 10.13
1.053 0.0621 63.70 44.00 78  78 1088000 1448000   270 10.13
1.056 0.0669 63.66 44.00 78  78 1088000 1448000   270 10.13
1.058 0.0604 63.62 44.00 78  78 1088000 1448000   270 10.13
1.061 0.0647 63.59 44.00 78  78 1088000 1448000   270 10.13
1.064 0.0646 63.55 44.00 78  78 1088000 1448000   270 10.13
1.067 0.0615 63.50 44.00 78  78 1088000 1448000   270 10.13
1.069 0.0580 63.43 44.00 78  78 1088000 1448000   270 10.13
1.072 0.0595 63.34 44.00 78  78 1088000 1448000   270 10.13
1.075 0.0654 63.25 44.00 78  78 1088000 1448000   270 10.13
1.078 0.0652 63.17 44.00 78  78 1088000 1448000   270 10.13
1.081 0.0655 63.10 44.00 78  78 1088000 1448000   270 10.13
1.083 0.0620 63.05 44.00 78  78 1088000 1448000   270 10.13
1.086 0.0659 63.00 44.00 78  78 1088000 1448000   270 10.13
1.089 0.0641 62.97 44.00 78  78 1088000 1448000   270 10.13
1.092 0.0626 62.94 44.00 78  78 1088000 1448000   270 10.13
1.094 0.0630 62.92 44.00 78  78 1088000 1448000   270 10.13
1.097 0.0674 62.91 44.00 78  78 1088000 1448000   270 10.13
1.78 0.0579 62.89 44.00 78  78 1088000 1448000   270 10.13
1.103 0.0626 62.86 44.00 78  78 1088000 1448000   270 10.13
1.106 0.0627 62.81 44.00 78  78 1088000 1448000   270 10.13
1.108 0.0607 62.74 44.00 78  78 1088000 1448000   270 10.13
1.111 0.0627 62.64 44.00 78  78 1088000 1448000   270 10.13
1.114 0.0604 62.53 44.00 78  78 1088000 1448000   270 10.13
1.117 0.0631 62.40 44.00 78  78 1088000 1448000   270 10.13
1.119 0.0631 62.27 44.00 78  78 1088000 1448000   270 10.13
1.122 0.0633 62.15 44.00 78  78 1088000 1448000   270 10.13
1.125 0.0648 62.04 44.00 78  78 1088000 1448000   270 10.13
1.128 0.0619 61.95 44.00 78  78 1088000 1448000   270 10.13
1.131 0.0620 61.88 44.00 78  78 1088000 1448000   270 10.13
1.133 0.0601 61.83 44.00 78  78 1088000 1448000   270 10.13
1.136 0.0634 61.78 44.00 78  78 1088000 1448000   270 10.13
1.139 0.0584 61.74 44.00 78  78 1088000 1448000   270 10.13
1.142 0.0615 61.69 44.00 78  78 1088000 1448000   270 10.13
1.144 0.0656 61.64 44.00 78  78 1088000 1448000   270 10.13
1.147 0.0598 61.58 44.00 78  78 1088000 1448000   270 10.13
1.150 0.0604 61.52 44.00 78  78 1088000 1448000   270 10.13
1.153 0.0621 61.45 44.00 78  78 1088000 1448000   270 10.13
1.156 0.0618 61.39 44.00 78  78 1088000 1448000   270 10.13
1.158 0.0596 61.34 44.00 78  78 1088000 1448000   270 10.13
1.161 0.0624 61.31 44.00 78  78 1088000 1448000   270 10.13
1.164 0.0629 61.30 44.00 78  78 1088000 1448000   270 10.13
1.167 0.0598 61.34 44.00 78  78 1088000 1448000   270 10.13
1.169 0.0621 61.40 44.00 78  78 1088000 1448000   270 10.13
1.172 0.0621 61.51 44.00 78  78 1088000 1448000   270 10.13
1.175 0.0628 61.64 44.00 78  78 1088000 1448000   270 10.13
1.178 0.0587 61.80 44.00 78  78 1088000 1448000   270 10.13
1.181 0.0617 61.96 44.00 78  78 1088000 1448000   270 10.13
1.183 0.0602 62.13 44.00 78  78 1088000 1448000   270 10.13
1.186 0.0632 62.30 44.00 78  78 1088000 1448000   270 10.13
1.189 0.0645 62.46 44.00 78  78 1088000 1448000   270 10.13
1.192 0.0604 62.62 44.00 78  78 1088000 1448000   270 10.13
1.194 0.0626 62.79 44.00 78  78 1088000 1448000   270 10.13
1.197 0.0620 62.95 44.00 78  78 1088000 1448000   270 10.13
1.200 0.0653 63.11 44.00 78  78 1088000 1448000   270 10.13
1.203 0.0624 63.27 44.00 78  78 1088000 1448000   270 10.13
1.206 0.0624 63.40 44.00 78  78 1088000 1448000   270 10.13
1.208 0.0674 63.52 44.00 78  78 1088000 1448000   270 10.13
1.211 0.0622 63.62 44.00 78  78 1088000 1448000   270 10.13
1.214 0.0661 63.70 44.00 78  78 1088000 1448000   270 10.13
1.217 0.0649 63.76 44.00 78  78 1088000 1448000   270 10.13
1.219 0.0640 63.81 44.00 78  78 1088000 1448000   270 10.13
1.222 0.0630 63.85 44.00 78  78 1088000 1448000   270 10.13
1.225 0.0626 63.87 44.00 78  78 1088000 1448000   270 10.13
1.228 0.0636 63.87 44.00 78  78 1088000 1448000   270 10.13
1.231 0.0623 63.86 44.00 78  78 1088000 1448000   270 10.13
1.233 0.0638 63.84 44.00 78  78 1088000 1448000   270 10.13
1.236 0.0638 63.82 44.00 78  78 1088000 1448000   270 10.13
1.239 0.0634 63.80 44.00 78  78 1088000 1448000   270 10.13
1.242 0.0686 63.78 44.00 78  78 1088000 1448000   270 10.13
1.244 0.0597 63.78 44.00 78  78 1088000 1448000   270 10.13
1.247 0.0646 63.78 44.00 78  78 1088000 1448000   270 10.13
1.250 0.0634 63.79 44.00 78  78 1088000 1448000   270 10.13
1.253 0.0632 63.81 44.00 78  78 1088000 1448000   270 10.13
1.256 0.0623 63.85 44.00 78  78 1088000 1448000   270 10.13
1.258 0.0635 63.89 44.00 78  78 1088000 1448000   270 10.13
1.261 0.0649 63.95 44.00 78  78 1088000 1448000   270 10.13
1.264 0.0669 64.02 44.00 78  78 1088000 1448000   270 10.13
1.267 0.0625 64.09 44.00 78  78 1088000 1448000   270 10.13
1.269 0.0652 64.17 44.00 78  78 1088000 1448000   270 10.13
1.272 0.0657 64.26 44.00 78  78 1088000 1448000   270 10.13
1.275 0.0630 64.34 44.00 78  78 1088000 1448000   270 10.13
1.278 0.0616 64.43 44.00 78  78 1088000 1448000   270 10.13
1.281 0.0663 64.51 44.00 78  78 1088000 1448000   270 10.13
1.283 0.0640 64.60 44.00 78  78 1088000 1448000   270 10.13
1.286 0.0652 64.70 44.00 78  78 1088000 1448000   270 10.13
1.289 0.0641 64.79 44.00 78  78 1088000 1448000   270 10.13
1.292 0.0666 64.88 44.00 78  78 1088000 1448000   270 10.13
1.294 0.0640 64.96 44.00 78  78 1088000 1448000   270 10.13
1.297 0.0646 65.03 44.00 78  78 1088000 1448000   270 10.13
1.300 0.0640 65.10 44.00 78  78 1088000 1448000   270 10.13
1.303 0.0638 65.17 44.00 78  78 1088000 1448000   270 10.13
1.306 0.0691 65.23 44.00 78  78 1088000 1448000   270 10.13
1.308 0.0643 65.30 44.00 78  78 1088000 1448000   270 10.13
1.311 0.0662 65.37 44.00 78  78 1088000 1448000   270 10.13
1.314 0.0655 65.45 44.00 78  78 1088000 1448000   270 10.13
1.317 0.0647 65.54 44.00 78  78 1088000 1448000   270 10.13
1.319 0.0677 65.62 44.00 78  78 1088000 1448000   270 10.13
1.322 0.0652 65.70 44.00 78  78 1088000 1448000   270 10.13
1.325 0.0634 65.78 44.00 78  78 1088000 1448000   270 10.13
1.328 0.0665 65.85 44.00 78  78 1088000 1448000   270 10.13
1.331 0.0675 65.92 44.00 78  78 1088000 1448000   270 10.13
1.333 0.0651 65.99 44.00 78  78 1088000 1448000   270 10.13
1.336 0.0640 66.07 44.00 78  78 1088000 1448000   270 10.13
1.339 0.0661 66.16 44.00 78  78 1088000 1448000   270 10.13
1.342 0.0663 66.24 44.00 78  78 1088000 1448000   270 10.13
1.344 0.0658 66.33 44.00 78  78 1088000 1448000   270 10.13
1.347 0.0693 66.41 44.00 78  78 1088000 1448000   270 10.13
1.350 0.0680 66.48 44.00 78  78 1088000 1448000   270 10.13
1.353 0.0625 66.55 44.00 78  78 1088000 1448000   270 10.13
1.356 0.0667 66.61 44.00 78  78 1088000 1448000   270 10.13
1.358 0.0691 66.68 44.00 78  78 1088000 1448000   270 10.13
1.361 0.0653 66.73 44.00 78  78 1088000 1448000   270 10.13
1.364 0.0679 66.78 44.00 78  78 1088000 1448000   270 10.13
1.367 0.0669 66.83 44.00 78  78 1088000 1448000   270 10.13
1.369 0.0663 66.86 44.00 78  78 1088000 1448000   270 10.13
1.372 0.0668 66.89 44.00 78  78 1088000 1448000   270 10.13
1.375 0.0677 66.92 44.00 78  78 1088000 1448000   270 10.13
1.378 0.0673 66.95 44.00 78  78 1088000 1448000   270 10.13
1.381 0.0680 66.99 44.00 78  78 1088000 1448000   270 10.13
1.383 0.0671 67.03 44.00 78  78 1088000 1448000   270 10.13
1.386 0.0670 67.08 44.00 78  78 1088000 1448000   270 10.13
1.389 0.0664 67.14 44.00 78  78 1088000 1448000   270 10.13
1.392 0.0644 67.21 44.00 78  78 1088000 1448000   270 10.13
1.394 0.0670 67.29 44.00 78  78 1088000 1448000   270 10.13
1.397 0.0700 67.38 44.00 78  78 1088000 1448000   270 10.13
1.400 0.0650 67.47 44.00 78  78 1088000 1448000   270 10.13
1.403 0.0670 67.57 44.00 78  78 1088000 1448000   270 10.13
1.406 0.0676 67.66 44.00 78  78 1088000 1448000   270 10.13
1.408 0.0709 67.75 44.00 78  78 1088000 1448000   270 10.13
1.411 0.0679 67.84 44.00 78  78 1088000 1448000   270 10.13
1.414 0.0627 67.92 44.00 78  78 1088000 1448000   270 10.13
1.417 0.0704 68.01 44.00 78  78 1088000 1448000   270 10.13
1.419 0.0720 68.10 44.00 78  78 1088000 1448000   270 10.13
1.422 0.0663 68.17 44.00 78  78 1088000 1448000   270 10.13
1.425 0.0675 68.24 44.00 78  78 1088000 1448000   270 10.13
1.428 0.0710 68.31 44.00 78  78 1088000 1448000   270 10.13
1.431 0.0674 68.36 44.00 78  78 1088000 1448000   270 10.13
1.434 0.0676 68.41 44.00 78  78 1088000 1448000   270 10.13
1.437 0.0695 68.44 44.00 78  78 1088000 1448000   270 10.13
1.441 0.0685 68.46 44.00 78  78 1088000 1448000   270 10.13
1.444 0.0691 68.47 44.00 78  78 1088000 1448000   270 10.13
1.448 0.0664 68.46 44.00 78  78 1088000 1448000   270 10.13
1.452 0.0680 68.46 44.00 78  78 1088000 1448000   270 10.13
1.456 0.0686 68.45 44.00 78  78 1088000 1448000   270 10.13
1.460 0.0679 68.44 44.00 78  78 1088000 1448000   270 10.13
1.464 0.0690 68.44 44.00 78  78 1088000 1448000   270 10.13
1.469 0.0677 68.44 44.00 78  78 1088000 1448000   270 10.13
1.474 0.0697 68.44 44.00 78  78 1088000 1448000   270 10.13
1.479 0.0691 68.45 44.00 78  78 1088000 1448000   270 10.13
1.484 0.0674 68.46 44.00 78  78 1088000 1448000   270 10.13
1.489 0.0694 68.47 44.00 78  78 1088000 1448000   270 10.13
1.495 0.0663 68.49 44.00 78  78 1088000 1448000   270 10.13
1.501 0.0694 68.50 44.00 78  78 1088000 1448000   270 10.13
1.507 0.0704 68.51 44.00 78  78 1088000 1448000   270 10.13
1.513 0.0678 68.52 44.00 78  78 1088000 1448000   270 10.13
1.520 0.0686 68.52 44.00 78  78 1088000 1448000   270 10.13
1.527 0.0674 68.52 44.00 78  78 1088000 1448000   270 10.13
1.534 0.0688 68.52 44.00 78  78 1088000 1448000   270 10.13
1.541 0.0693 68.51 44.00 78  78 1088000 1448000   270 10.13
1.549 0.0673 68.51 44.00 78  78 1088000 1448000   270 10.13
1.557 0.0695 68.51 44.00 78  78 1088000 1448000   270 10.13
1.566 0.0695 68.52 44.00 78  78 1088000 1448000   270 10.13
1.575 0.0686 68.53 44.00 78  78 1088000 1448000   270 10.13
1.584 0.0678 68.55 44.00 78  78 1088000 1448000   270 10.13
1.593 0.0682 68.59 44.00 78  78 1088000 1448000   270 10.13
1.603 0.0682 68.63 44.00 78  78 1088000 1448000   270 10.13
1.614 0.0688 68.67 44.00 78  78 1088000 1448000   270 10.13
1.625 0.0687 68.72 44.00 78  78 1088000 1448000   270 10.13
1.636 0.0680 68.78 44.00 78  78 1088000 1448000   270 10.13
1.648 0.0685 68.83 44.00 78  78 1088000 1448000   270 10.13
1.660 0.0689 68.89 44.00 78  78 1088000 1448000   270 10.13
1.673 0.0692 68.95 44.00 78  78 1088000 1448000   270 10.13
1.686 0.0690 69.01 44.00 78  78 1088000 1448000   270 10.13
1.700 0.0691 69.05 44.00 78  78 1088000 1448000   270 10.13
1.714 0.0697 69.09 44.00 78  78 1088000 1448000   270 10.13
1.728 0.0689 69.11 44.00 78  78 1088000 1448000   270 10.13
1.742 0.0693 69.10 44.00 78  78 1088000 1448000   270 10.13
1.756 0.0693 69.08 44.00 78  78 1088000 1448000   270 10.13
1.769 0.0695 69.04 44.00 78  78 1088000 1448000   270 10.13
1.783 0.0687 68.96 44.00 78  78 1088000 1448000   270 10.13
1.797 0.0695 68.86 44.00 78  78 1088000 1448000   270 10.13
1.811 0.0689 68.73 44.00 78  78 1088000 1448000   270 10.13
1.825 0.0691 68.57 44.00 78  78 1088000 1448000   270 10.13
1.839 0.0683 68.37 44.00 78  78 1088000 1448000   270 10.13
1.853 0.0685 68.15 44.00 78  78 1088000 1448000   270 10.13
1.867 0.0695 67.91 44.00 78  78 1088000 1448000   270 10.13
1.881 0.0683 67.64 44.00 78  78 1088000 1448000   270 10.13
1.894 0.0674 67.37 44.00 78  78 1088000 1448000   270 10.13
1.908 0.0673 67.10 44.00 78  78 1088000 1448000   270 10.13
1.922 0.0675 66.85 44.00 78  78 1088000 1448000   270 10.13
1.936 0.0667 66.61 44.00 78  78 1088000 1448000   270 10.13
1.950 0.0668 66.42 44.00 78  78 1088000 1448000   270 10.13
1.964 0.0662 66.28 44.00 78  78 1088000 1448000   270 10.13
1.978 0.0677 66.21 44.00 78  78 1088000 1448000   270 10.13
1.992 0.0669 66.25 44.00 78  78 1088000 1448000   270 10.13
2.006 0.0664 66.41 44.00 78  78 1088000 1448000   270 10.13
2.019 0.0676 66.71 44.00 78  78 1088000 1448000   270 10.13
2.033 0.0672 67.19 44.00 78  78 1088000 1448000   270 10.13
2.047 0.0678 67.88 44.00 78  78 1088000 1448000   270 10.13
2.061 0.0686 68.80 44.00 78  78 1088000 1448000   270 10.13
2.075 0.0694 69.98 44.00 78  78 1088000 1448000   270 10.13
2.089 0.0703 71.44 44.00 78  78 1088000 1448000   270 10.13
2.103 0.0726 73.19 44.00 78  78 1088000 1448000   270 10.13
2.117 0.0736 75.23 44.00 78  78 1088000 1448000   270 10.13
2.131 0.0765 77.57 44.00 78  78 1088000 1448000   270 10.13
2.144 0.0793 80.20 44.00 78  78 1088000 1448000   270 10.13
2.158 0.0821 83.11 44.00 78  78 1088000 1448000   270 10.13
2.172 0.0859 86.25 44.00 78  78 1088000 1448000   270 10.13
2.186 0.0879 89.63 44.00 78  78 1088000 1448000   270 10.13
2.200 0.0944 93.22 44.00 78  78 1088000 1448000   270 10.13
2.214 0.0973 97.13 44.00 78  78 1088000 1448000   270 10.13
2.228 0.1042 102.43 44.00 78  78 1088000 1448000   270 10.13
2.242 0.1096 109.91 44.00 78  78 1088000 1448000   270 10.13
2.256 0.1151 118.08 44.00 78  78 1088000 1448000   270 10.13
2.269 0.1195 126.13 44.00 78  78 1088000 1448000   270 10.13
2.283 0.1270 133.76 44.00 78  78 1088000 1448000   270 10.13
2.297 0.1333 140.90 44.00 78  78 1088000 1448000   270 10.13
2.311 0.1402 147.56 44.00 78  78 1088000 1448000   270 10.13
2.325 0.1474 153.76 44.00 78  78 1088000 1448000   270 10.13
2.339 0.1518 159.53 44.00 78  78 1088000 1448000   270 10.13
2.353 0.1583 164.90 44.00 78  78 1088000 1448000   270 10.13
2.367 0.1665 169.93 44.00 78  78 1088000 1448000   270 10.13
2.381 0.1771 174.62 44.00 78  78 1088000 1448000   270 10.13
2.394 0.1862 179.00 44.00 78  78 1088000 1448000   270 10.13
2.408 0.2011 183.09 44.00 78  78 1088000 1448000   270 10.13
2.422 0.2092 186.90 44.00 78  78 1088000 1448000   270 10.13
2.436 0.2260 190.42 44.00 78  78 1088000 1448000   270 10.13
2.450 0.2528 193.65 44.00 78  78 1088000 1448000   270 10.13
2.464 0.2742 196.59 44.00 78  78 1088000 1448000   270 10.13
2.478 0.3003 199.22 44.00 78  78 1088000 1448000   270 10.13
2.492 0.3187 201.51 44.00 78  78 1088000 1448000   270 10.13
2.506 0.3431 203.44 44.00 78  78 1088000 1448000   270 10.13
2.519 0.0000 204.97 44.00 78  78 1088000 1448000   270 10.13
2.533 0.0000 206.03 44.00 78  78 1088000 1448000   270 10.13
