     x     qy smooth tpara  cd  zL     xTr    xCpl frame tma
-1.549 0.1959 166.11 72.60  87 78   815000 1341000   260 10.12
-1.540 0.1852 155.28 72.60  87 78   815000 1341000   260 10.12
-1.530 0.1707 144.99 72.60  87 78   815000 1341000   260 10.12
-1.521 0.1365 135.25 72.60  87 78   815000 1341000   260 10.12
-1.511 0.1256 126.03 72.60  87 78   815000 1341000   260 10.12
-1.502 0.0705 117.32 72.60  87 78   815000 1341000   260 10.12
-1.492 0.0864 109.10 72.60  87 78   815000 1341000   260 10.12
-1.483 0.0814 101.38 72.60  87 78   815000 1341000   260 10.12
-1.473 0.0771 94.13 72.60  87 78   815000 1341000   260 10.12
-1.464 0.0704 87.35 72.60  87 78   815000 1341000   260 10.12
-1.454 0.0667 81.03 72.60  87 78   815000 1341000   260 10.12
-1.445 0.0640 75.17 72.60  87 78   815000 1341000   260 10.12
-1.435 0.0611 69.78 72.60  87 78   815000 1341000   260 10.12
-1.426 0.0594 64.84 72.60  87 78   815000 1341000   260 10.12
-1.416 0.0576 60.38 72.60  87 78   815000 1341000   260 10.12
-1.407 0.0554 56.40 72.60  87 78   815000 1341000   260 10.12
-1.397 0.0535 52.91 72.60  87 78   815000 1341000   260 10.12
-1.388 0.0519 49.95 72.60  87 78   815000 1341000   260 10.12
-1.378 0.0512 47.53 72.60  87 78   815000 1341000   260 10.12
-1.369 0.0489 45.69 72.60  87 78   815000 1341000   260 10.12
-1.359 0.0478 44.49 72.60  87 78   815000 1341000   260 10.12
-1.350 0.0469 43.94 72.60  87 78   815000 1341000   260 10.12
-1.340 0.0464 43.91 72.60  87 78   815000 1341000   260 10.12
-1.331 0.0448 43.89 72.60  87 78   815000 1341000   260 10.12
-1.321 0.0438 43.24 72.60  87 78   815000 1341000   260 10.12
-1.312 0.0431 42.50 72.60  87 78   815000 1341000   260 10.12
-1.302 0.0413 41.75 72.60  87 78   815000 1341000   260 10.12
-1.293 0.0418 41.01 72.60  87 78   815000 1341000   260 10.12
-1.283 0.0404 40.33 72.60  87 78   815000 1341000   260 10.12
-1.274 0.0407 39.69 72.60  87 78   815000 1341000   260 10.12
-1.264 0.0392 39.09 72.60  87 78   815000 1341000   260 10.12
-1.255 0.0388 38.54 72.60  87 78   815000 1341000   260 10.12
-1.245 0.0383 38.03 72.60  87 78   815000 1341000   260 10.12
-1.236 0.0374 37.57 72.60  87 78   815000 1341000   260 10.12
-1.226 0.0370 37.16 72.60  87 78   815000 1341000   260 10.12
-1.217 0.0366 36.80 72.60  87 78   815000 1341000   260 10.12
-1.207 0.0362 36.49 72.60  87 78   815000 1341000   260 10.12
-1.198 0.0355 36.24 72.60  87 78   815000 1341000   260 10.12
-1.188 0.0354 36.03 72.60  87 78   815000 1341000   260 10.12
-1.179 0.0357 35.87 72.60  87 78   815000 1341000   260 10.12
-1.169 0.0349 35.75 72.60  87 78   815000 1341000   260 10.12
-1.160 0.0364 35.68 72.60  87 78   815000 1341000   260 10.12
-1.150 0.0362 35.64 72.60  87 78   815000 1341000   260 10.12
-1.141 0.0356 35.64 72.60  87 78   815000 1341000   260 10.12
-1.131 0.0350 35.67 72.60  87 78   815000 1341000   260 10.12
-1.122 0.0365 35.72 72.60  87 78   815000 1341000   260 10.12
-1.112 0.0358 35.79 72.60  87 78   815000 1341000   260 10.12
-1.103 0.0356 35.87 72.60  87 78   815000 1341000   260 10.12
-1.093 0.0364 35.96 72.60  87 78   815000 1341000   260 10.12
-1.084 0.0357 36.04 72.60  87 78   815000 1341000   260 10.12
-1.074 0.0357 36.12 72.60  87 78   815000 1341000   260 10.12
-1.065 0.0367 36.20 72.60  87 78   815000 1341000   260 10.12
-1.055 0.0373 36.25 72.60  87 78   815000 1341000   260 10.12
-1.046 0.0368 36.30 72.60  87 78   815000 1341000   260 10.12
-1.036 0.0366 36.33 72.60  87 78   815000 1341000   260 10.12
-1.027 0.0363 36.35 72.60  87 78   815000 1341000   260 10.12
-1.017 0.0363 36.35 72.60  87 78   815000 1341000   260 10.12
-1.008 0.0365 36.35 72.60  87 78   815000 1341000   260 10.12
-0.998 0.0363 36.34 72.60  87 78   815000 1341000   260 10.12
-0.989 0.0362 36.32 72.60  87 78   815000 1341000   260 10.12
-0.979 0.0366 36.30 72.60  87 78   815000 1341000   260 10.12
-0.970 0.0361 36.28 72.60  87 78   815000 1341000   260 10.12
-0.960 0.0360 36.25 72.60  87 78   815000 1341000   260 10.12
-0.951 0.0360 36.23 72.60  87 78   815000 1341000   260 10.12
-0.941 0.0358 36.20 72.60  87 78   815000 1341000   260 10.12
-0.932 0.0359 36.17 72.60  87 78   815000 1341000   260 10.12
-0.922 0.0361 36.13 72.60  87 78   815000 1341000   260 10.12
-0.913 0.0360 36.09 72.60  87 78   815000 1341000   260 10.12
-0.903 0.0359 36.05 72.60  87 78   815000 1341000   260 10.12
-0.894 0.0358 36.00 72.60  87 78   815000 1341000   260 10.12
-0.884 0.0364 35.94 72.60  87 78   815000 1341000   260 10.12
-0.875 0.0354 35.87 72.60  87 78   815000 1341000   260 10.12
-0.865 0.0362 35.80 72.60  87 78   815000 1341000   260 10.12
-0.856 0.0362 35.72 72.60  87 78   815000 1341000   260 10.12
-0.846 0.0362 35.64 72.60  87 78   815000 1341000   260 10.12
-0.837 0.0357 35.55 72.60  87 78   815000 1341000   260 10.12
-0.827 0.0354 35.46 72.60  87 78   815000 1341000   260 10.12
-0.817 0.0362 35.36 72.60  87 78   815000 1341000   260 10.12
-0.808 0.0354 35.27 72.60  87 78   815000 1341000   260 10.12
-0.798 0.0354 35.17 72.60  87 78   815000 1341000   260 10.12
-0.789 0.0348 35.07 72.60  87 78   815000 1341000   260 10.12
-0.779 0.0343 34.97 72.60  87 78   815000 1341000   260 10.12
-0.770 0.0348 34.87 72.60  87 78   815000 1341000   260 10.12
-0.760 0.0349 34.77 72.60  87 78   815000 1341000   260 10.12
-0.751 0.0338 34.68 72.60  87 78   815000 1341000   260 10.12
-0.741 0.0342 34.60 72.60  87 78   815000 1341000   260 10.12
-0.732 0.0342 34.54 72.60  87 78   815000 1341000   260 10.12
-0.722 0.0347 34.51 72.60  87 78   815000 1341000   260 10.12
-0.713 0.0346 34.50 72.60  87 78   815000 1341000   260 10.12
-0.703 0.0351 34.52 72.60  87 78   815000 1341000   260 10.12
-0.694 0.0346 34.57 72.60  87 78   815000 1341000   260 10.12
-0.684 0.0348 34.65 72.60  87 78   815000 1341000   260 10.12
-0.675 0.0349 34.74 72.60  87 78   815000 1341000   260 10.12
-0.665 0.0349 34.86 72.60  87 78   815000 1341000   260 10.12
-0.656 0.0347 34.99 72.60  87 78   815000 1341000   260 10.12
-0.646 0.0343 35.12 72.60  87 78   815000 1341000   260 10.12
-0.637 0.0350 35.26 72.60  87 78   815000 1341000   260 10.12
-0.627 0.0351 35.39 72.60  87 78   815000 1341000   260 10.12
-0.618 0.0344 35.53 72.60  87 78   815000 1341000   260 10.12
-0.608 0.0357 35.65 72.60  87 78   815000 1341000   260 10.12
-0.599 0.0362 35.77 72.60  87 78   815000 1341000   260 10.12
-0.589 0.0365 35.89 72.60  87 78   815000 1341000   260 10.12
-0.580 0.0374 35.99 72.60  87 78   815000 1341000   260 10.12
-0.570 0.0366 36.10 72.60  87 78   815000 1341000   260 10.12
-0.561 0.0368 36.20 72.60  87 78   815000 1341000   260 10.12
-0.551 0.0368 36.29 72.60  87 78   815000 1341000   260 10.12
-0.542 0.0366 36.39 72.60  87 78   815000 1341000   260 10.12
-0.532 0.0360 36.49 72.60  87 78   815000 1341000   260 10.12
-0.523 0.0364 36.59 72.60  87 78   815000 1341000   260 10.12
-0.513 0.0366 36.69 72.60  87 78   815000 1341000   260 10.12
-0.504 0.0359 36.80 72.60  87 78   815000 1341000   260 10.12
-0.494 0.0371 36.90 72.60  87 78   815000 1341000   260 10.12
-0.485 0.0360 37.01 72.60  87 78   815000 1341000   260 10.12
-0.475 0.0372 37.12 72.60  87 78   815000 1341000   260 10.12
-0.466 0.0372 37.24 72.60  87 78   815000 1341000   260 10.12
-0.456 0.0371 37.36 72.60  87 78   815000 1341000   260 10.12
-0.447 0.0374 37.48 72.60  87 78   815000 1341000   260 10.12
-0.437 0.0378 37.62 72.60  87 78   815000 1341000   260 10.12
-0.428 0.0370 37.77 72.60  87 78   815000 1341000   260 10.12
-0.418 0.0378 37.93 72.60  87 78   815000 1341000   260 10.12
-0.409 0.0385 38.11 72.60  87 78   815000 1341000   260 10.12
-0.399 0.0388 38.29 72.60  87 78   815000 1341000   260 10.12
-0.390 0.0388 38.48 72.60  87 78   815000 1341000   260 10.12
-0.380 0.0390 38.68 72.60  87 78   815000 1341000   260 10.12
-0.371 0.0389 38.87 72.60  87 78   815000 1341000   260 10.12
-0.361 0.0396 39.06 72.60  87 78   815000 1341000   260 10.12
-0.352 0.0396 39.25 72.60  87 78   815000 1341000   260 10.12
-0.342 0.0390 39.43 72.60  87 78   815000 1341000   260 10.12
-0.333 0.0393 39.61 72.60  87 78   815000 1341000   260 10.12
-0.323 0.0397 39.78 72.60  87 78   815000 1341000   260 10.12
-0.314 0.0401 39.94 72.60  87 78   815000 1341000   260 10.12
-0.304 0.0389 40.10 72.60  87 78   815000 1341000   260 10.12
-0.295 0.0392 40.24 72.60  87 78   815000 1341000   260 10.12
-0.285 0.0405 40.37 72.60  87 78   815000 1341000   260 10.12
-0.276 0.0403 40.49 72.60  87 78   815000 1341000   260 10.12
-0.266 0.0419 40.59 72.60  87 78   815000 1341000   260 10.12
-0.257 0.0410 40.68 72.60  87 78   815000 1341000   260 10.12
-0.247 0.0406 40.75 72.60  87 78   815000 1341000   260 10.12
-0.238 0.0413 40.79 72.60  87 78   815000 1341000   260 10.12
-0.228 0.0404 40.82 72.60  87 78   815000 1341000   260 10.12
-0.219 0.0409 40.83 72.60  87 78   815000 1341000   260 10.12
-0.209 0.0410 40.82 72.60  87 78   815000 1341000   260 10.12
-0.200 0.0412 40.78 72.60  87 78   815000 1341000   260 10.12
-0.190 0.0411 40.73 72.60  87 78   815000 1341000   260 10.12
-0.181 0.0416 40.67 72.60  87 78   815000 1341000   260 10.12
-0.171 0.0390 40.59 72.60  87 78   815000 1341000   260 10.12
-0.162 0.0404 40.50 72.60  87 78   815000 1341000   260 10.12
-0.152 0.0408 40.39 72.60  87 78   815000 1341000   260 10.12
-0.143 0.0402 40.25 72.60  87 78   815000 1341000   260 10.12
-0.133 0.0396 40.08 72.60  87 78   815000 1341000   260 10.12
-0.124 0.0398 39.88 72.60  87 78   815000 1341000   260 10.12
-0.114 0.0390 39.64 72.60  87 78   815000 1341000   260 10.12
-0.105 0.0385 39.35 72.60  87 78   815000 1341000   260 10.12
-0.095 0.0392 39.01 72.60  87 78   815000 1341000   260 10.12
-0.086 0.0386 38.62 72.60  87 78   815000 1341000   260 10.12
-0.076 0.0379 38.18 72.60  87 78   815000 1341000   260 10.12
-0.067 0.0378 37.68 72.60  87 78   815000 1341000   260 10.12
-0.057 0.0378 37.14 72.60  87 78   815000 1341000   260 10.12
-0.048 0.0380 36.56 72.60  87 78   815000 1341000   260 10.12
-0.038 0.0379 35.95 72.60  87 78   815000 1341000   260 10.12
-0.029 0.0372 35.30 72.60  87 78   815000 1341000   260 10.12
-0.019 0.0364 34.64 72.60  87 78   815000 1341000   260 10.12
-0.010 0.0342 33.96 72.60  87 78   815000 1341000   260 10.12
0.000 0.0340 33.27 72.60  87 78   815000 1341000   260 10.12
0.010 0.0324 32.59 72.60  87 78   815000 1341000   260 10.12
0.019 0.0300 31.91 72.60  87 78   815000 1341000   260 10.12
0.029 0.0304 31.25 72.60  87 78   815000 1341000   260 10.12
0.038 0.0291 30.62 72.60  87 78   815000 1341000   260 10.12
0.048 0.0295 30.03 72.60  87 78   815000 1341000   260 10.12
0.057 0.0281 29.49 72.60  87 78   815000 1341000   260 10.12
0.067 0.0280 29.01 72.60  87 78   815000 1341000   260 10.12
0.076 0.0284 28.60 72.60  87 78   815000 1341000   260 10.12
0.086 0.0282 28.26 72.60  87 78   815000 1341000   260 10.12
0.095 0.0276 28.01 72.60  87 78   815000 1341000   260 10.12
0.105 0.0277 27.83 72.60  87 78   815000 1341000   260 10.12
0.114 0.0282 27.73 72.60  87 78   815000 1341000   260 10.12
0.124 0.0272 27.71 72.60  87 78   815000 1341000   260 10.12
0.133 0.0272 27.75 72.60  87 78   815000 1341000   260 10.12
0.143 0.0282 27.85 72.60  87 78   815000 1341000   260 10.12
0.152 0.0273 27.99 72.60  87 78   815000 1341000   260 10.12
0.162 0.0274 28.16 72.60  87 78   815000 1341000   260 10.12
0.171 0.0292 28.34 72.60  87 78   815000 1341000   260 10.12
0.180 0.0288 28.54 72.60  87 78   815000 1341000   260 10.12
0.189 0.0295 28.73 72.60  87 78   815000 1341000   260 10.12
0.197 0.0289 28.92 72.60  87 78   815000 1341000   260 10.12
0.205 0.0296 29.11 72.60  87 78   815000 1341000   260 10.12
0.213 0.0304 29.29 72.60  87 78   815000 1341000   260 10.12
0.221 0.0290 29.46 72.60  87 78   815000 1341000   260 10.12
0.228 0.0305 29.63 72.60  87 78   815000 1341000   260 10.12
0.235 0.0308 29.79 72.60  87 78   815000 1341000   260 10.12
0.241 0.0289 29.94 72.60  87 78   815000 1341000   260 10.12
0.247 0.0294 30.08 72.60  87 78   815000 1341000   260 10.12
0.254 0.0307 30.21 72.60  87 78   815000 1341000   260 10.12
0.259 0.0285 30.32 72.60  87 78   815000 1341000   260 10.12
0.265 0.0320 30.41 72.60  87 78   815000 1341000   260 10.12
0.270 0.0311 30.49 72.60  87 78   815000 1341000   260 10.12
0.275 0.0305 30.55 72.60  87 78   815000 1341000   260 10.12
0.280 0.0296 30.60 72.60  87 78   815000 1341000   260 10.12
0.285 0.0295 30.64 72.60  87 78   815000 1341000   260 10.12
0.289 0.0307 30.67 72.60  87 78   815000 1341000   260 10.12
0.294 0.0320 30.70 72.60  87 78   815000 1341000   260 10.12
0.298 0.0315 30.74 72.60  87 78   815000 1341000   260 10.12
0.302 0.0303 30.78 72.60  87 78   815000 1341000   260 10.12
0.306 0.0310 30.82 72.60  87 78   815000 1341000   260 10.12
0.309 0.0306 30.85 72.60  87 78   815000 1341000   260 10.12
0.313 0.0313 30.89 72.60  87 78   815000 1341000   260 10.12
0.316 0.0326 30.94 72.60  87 78   815000 1341000   260 10.12
0.320 0.0302 30.98 72.60  87 78   815000 1341000   260 10.12
0.323 0.0307 31.03 72.60  87 78   815000 1341000   260 10.12
0.326 0.0304 31.07 72.60  87 78   815000 1341000   260 10.12
0.329 0.0304 31.11 72.60  87 78   815000 1341000   260 10.12
0.331 0.0317 31.16 72.60  87 78   815000 1341000   260 10.12
0.334 0.0308 31.21 72.60  87 78   815000 1341000   260 10.12
0.337 0.0303 31.27 72.60  87 78   815000 1341000   260 10.12
0.339 0.0323 31.36 72.60  87 78   815000 1341000   260 10.12
0.341 0.0305 31.46 72.60  87 78   815000 1341000   260 10.12
0.344 0.0325 31.59 72.60  87 78   815000 1341000   260 10.12
0.346 0.0329 31.73 72.60  87 78   815000 1341000   260 10.12
0.348 0.0328 31.89 72.60  87 78   815000 1341000   260 10.12
0.350 0.0303 32.06 72.60  87 78   815000 1341000   260 10.12
0.352 0.0326 32.25 72.60  87 78   815000 1341000   260 10.12
0.354 0.0309 32.45 72.60  87 78   815000 1341000   260 10.12
0.356 0.0322 32.65 72.60  87 78   815000 1341000   260 10.12
0.357 0.0338 32.85 72.60  87 78   815000 1341000   260 10.12
0.359 0.0333 33.05 72.60  87 78   815000 1341000   260 10.12
0.361 0.0338 33.25 72.60  87 78   815000 1341000   260 10.12
0.363 0.0313 33.44 72.60  87 78   815000 1341000   260 10.12
0.365 0.0329 33.62 72.60  87 78   815000 1341000   260 10.12
0.367 0.0349 33.79 72.60  87 78   815000 1341000   260 10.12
0.369 0.0333 33.96 72.60  87 78   815000 1341000   260 10.12
0.371 0.0375 34.13 72.60  87 78   815000 1341000   260 10.12
0.373 0.0359 34.30 72.60  87 78   815000 1341000   260 10.12
0.375 0.0334 34.47 72.60  87 78   815000 1341000   260 10.12
0.376 0.0342 34.64 72.60  87 78   815000 1341000   260 10.12
0.378 0.0358 34.81 72.60  87 78   815000 1341000   260 10.12
0.380 0.0329 34.97 72.60  87 78   815000 1341000   260 10.12
0.382 0.0338 35.12 72.60  87 78   815000 1341000   260 10.12
0.384 0.0355 35.27 72.60  87 78   815000 1341000   260 10.12
0.386 0.0370 35.40 72.60  87 78   815000 1341000   260 10.12
0.388 0.0342 35.53 72.60  87 78   815000 1341000   260 10.12
0.390 0.0370 35.63 72.60  87 78   815000 1341000   260 10.12
0.392 0.0335 35.73 72.60  87 78   815000 1341000   260 10.12
0.394 0.0361 35.82 72.60  87 78   815000 1341000   260 10.12
0.395 0.0361 35.90 72.60  87 78   815000 1341000   260 10.12
0.397 0.0359 35.97 72.60  87 78   815000 1341000   260 10.12
0.399 0.0366 36.04 72.60  87 78   815000 1341000   260 10.12
0.401 0.0359 36.12 72.60  87 78   815000 1341000   260 10.12
0.403 0.0385 36.20 72.60  87 78   815000 1341000   260 10.12
0.405 0.0378 36.29 72.60  87 78   815000 1341000   260 10.12
0.407 0.0346 36.38 72.60  87 78   815000 1341000   260 10.12
0.409 0.0342 36.48 72.60  87 78   815000 1341000   260 10.12
0.411 0.0394 36.57 72.60  87 78   815000 1341000   260 10.12
0.413 0.0349 36.67 72.60  87 78   815000 1341000   260 10.12
0.414 0.0371 36.76 72.60  87 78   815000 1341000   260 10.12
0.416 0.0379 36.84 72.60  87 78   815000 1341000   260 10.12
0.418 0.0355 36.92 72.60  87 78   815000 1341000   260 10.12
0.420 0.0382 37.01 72.60  87 78   815000 1341000   260 10.12
0.422 0.0350 37.09 72.60  87 78   815000 1341000   260 10.12
0.424 0.0343 37.18 72.60  87 78   815000 1341000   260 10.12
0.426 0.0378 37.27 72.60  87 78   815000 1341000   260 10.12
0.428 0.0384 37.35 72.60  87 78   815000 1341000   260 10.12
0.430 0.0404 37.43 72.60  87 78   815000 1341000   260 10.12
0.432 0.0362 37.52 72.60  87 78   815000 1341000   260 10.12
0.433 0.0378 37.60 72.60  87 78   815000 1341000   260 10.12
0.435 0.0383 37.67 72.60  87 78   815000 1341000   260 10.12
0.437 0.0386 37.74 72.60  87 78   815000 1341000   260 10.12
0.439 0.0379 37.81 72.60  87 78   815000 1341000   260 10.12
0.441 0.0369 37.88 72.60  87 78   815000 1341000   260 10.12
0.443 0.0400 37.94 72.60  87 78   815000 1341000   260 10.12
0.445 0.0369 38.01 72.60  87 78   815000 1341000   260 10.12
0.447 0.0378 38.08 72.60  87 78   815000 1341000   260 10.12
0.449 0.0394 38.16 72.60  87 78   815000 1341000   260 10.12
0.451 0.0353 38.25 72.60  87 78   815000 1341000   260 10.12
0.452 0.0380 38.35 72.60  87 78   815000 1341000   260 10.12
0.454 0.0397 38.46 72.60  87 78   815000 1341000   260 10.12
0.456 0.0419 38.58 72.60  87 78   815000 1341000   260 10.12
0.458 0.0351 38.71 72.60  87 78   815000 1341000   260 10.12
0.460 0.0379 38.86 72.60  87 78   815000 1341000   260 10.12
0.462 0.0388 39.02 72.60  87 78   815000 1341000   260 10.12
0.464 0.0391 39.21 72.60  87 78   815000 1341000   260 10.12
0.466 0.0395 39.41 72.60  87 78   815000 1341000   260 10.12
0.468 0.0376 39.61 72.60  87 78   815000 1341000   260 10.12
0.470 0.0408 39.81 72.60  87 78   815000 1341000   260 10.12
0.471 0.0417 40.01 72.60  87 78   815000 1341000   260 10.12
0.473 0.0369 40.21 72.60  87 78   815000 1341000   260 10.12
0.475 0.0476 40.40 72.60  87 78   815000 1341000   260 10.12
0.477 0.0383 40.58 72.60  87 78   815000 1341000   260 10.12
0.479 0.0400 40.74 72.60  87 78   815000 1341000   260 10.12
0.481 0.0409 40.89 72.60  87 78   815000 1341000   260 10.12
0.483 0.0403 41.01 72.60  87 78   815000 1341000   260 10.12
0.485 0.0425 41.12 72.60  87 78   815000 1341000   260 10.12
0.487 0.0413 41.22 72.60  87 78   815000 1341000   260 10.12
0.489 0.0419 41.30 72.60  87 78   815000 1341000   260 10.12
0.490 0.0395 41.36 72.60  87 78   815000 1341000   260 10.12
0.492 0.0414 41.41 72.60  87 78   815000 1341000   260 10.12
0.494 0.0434 41.44 72.60  87 78   815000 1341000   260 10.12
0.496 0.0431 41.46 72.60  87 78   815000 1341000   260 10.12
0.498 0.0391 41.48 72.60  87 78   815000 1341000   260 10.12
0.500 0.0408 41.50 72.60  87 78   815000 1341000   260 10.12
0.502 0.0406 41.53 72.60  87 78   815000 1341000   260 10.12
0.504 0.0408 41.57 72.60  87 78   815000 1341000   260 10.12
0.506 0.0457 41.63 72.60  87 78   815000 1341000   260 10.12
0.508 0.0414 41.71 72.60  87 78   815000 1341000   260 10.12
0.510 0.0399 41.79 72.60  87 78   815000 1341000   260 10.12
0.511 0.0401 41.88 72.60  87 78   815000 1341000   260 10.12
0.513 0.0420 41.97 72.60  87 78   815000 1341000   260 10.12
0.515 0.0415 42.05 72.60  87 78   815000 1341000   260 10.12
0.517 0.0443 42.12 72.60  87 78   815000 1341000   260 10.12
0.519 0.0441 42.19 72.60  87 78   815000 1341000   260 10.12
0.521 0.0410 42.27 72.60  87 78   815000 1341000   260 10.12
0.523 0.0404 42.34 72.60  87 78   815000 1341000   260 10.12
0.525 0.0443 42.43 72.60  87 78   815000 1341000   260 10.12
0.527 0.0401 42.52 72.60  87 78   815000 1341000   260 10.12
0.529 0.0432 42.61 72.60  87 78   815000 1341000   260 10.12
0.530 0.0458 42.71 72.60  87 78   815000 1341000   260 10.12
0.532 0.0423 42.82 72.60  87 78   815000 1341000   260 10.12
0.534 0.0447 42.94 72.60  87 78   815000 1341000   260 10.12
0.536 0.0442 43.08 72.60  87 78   815000 1341000   260 10.12
0.538 0.0402 43.24 72.60  87 78   815000 1341000   260 10.12
0.540 0.0457 43.43 72.60  87 78   815000 1341000   260 10.12
0.542 0.0411 43.64 72.60  87 78   815000 1341000   260 10.12
0.544 0.0410 43.86 72.60  87 78   815000 1341000   260 10.12
0.546 0.0444 44.11 72.60  87 78   815000 1341000   260 10.12
0.548 0.0449 44.38 72.60  87 78   815000 1341000   260 10.12
0.549 0.0427 44.67 72.60  87 78   815000 1341000   260 10.12
0.551 0.0458 44.98 72.60  87 78   815000 1341000   260 10.12
0.553 0.0481 45.31 72.60  87 78   815000 1341000   260 10.12
0.555 0.0438 45.66 72.60  87 78   815000 1341000   260 10.12
0.557 0.0462 46.01 72.60  87 78   815000 1341000   260 10.12
0.559 0.0450 46.35 72.60  87 78   815000 1341000   260 10.12
0.561 0.0503 46.70 72.60  87 78   815000 1341000   260 10.12
0.563 0.0422 47.05 72.60  87 78   815000 1341000   260 10.12
0.565 0.0497 47.41 72.60  87 78   815000 1341000   260 10.12
0.567 0.0504 47.78 72.60  87 78   815000 1341000   260 10.12
0.568 0.0465 48.15 72.60  87 78   815000 1341000   260 10.12
0.570 0.0513 48.51 72.60  87 78   815000 1341000   260 10.12
0.572 0.0494 48.87 72.60  87 78   815000 1341000   260 10.12
0.574 0.0491 49.21 72.60  87 78   815000 1341000   260 10.12
0.576 0.0474 49.53 72.60  87 78   815000 1341000   260 10.12
0.578 0.0476 49.84 72.60  87 78   815000 1341000   260 10.12
0.580 0.0531 50.15 72.60  87 78   815000 1341000   260 10.12
0.582 0.0521 50.47 72.60  87 78   815000 1341000   260 10.12
0.584 0.0482 50.78 72.60  87 78   815000 1341000   260 10.12
0.586 0.0511 51.09 72.60  87 78   815000 1341000   260 10.12
0.587 0.0500 51.41 72.60  87 78   815000 1341000   260 10.12
0.589 0.0515 51.72 72.60  87 78   815000 1341000   260 10.12
0.591 0.0479 52.03 72.60  87 78   815000 1341000   260 10.12
0.593 0.0575 52.36 72.60  87 78   815000 1341000   260 10.12
0.595 0.0532 52.71 72.60  87 78   815000 1341000   260 10.12
0.597 0.0527 53.07 72.60  87 78   815000 1341000   260 10.12
0.599 0.0554 53.46 72.60  87 78   815000 1341000   260 10.12
0.601 0.0553 53.87 72.60  87 78   815000 1341000   260 10.12
0.603 0.0528 54.28 72.60  87 78   815000 1341000   260 10.12
0.605 0.0522 54.71 72.60  87 78   815000 1341000   260 10.12
0.606 0.0538 55.13 72.60  87 78   815000 1341000   260 10.12
0.608 0.0554 55.53 72.60  87 78   815000 1341000   260 10.12
0.610 0.0573 55.92 72.60  87 78   815000 1341000   260 10.12
0.612 0.0535 56.27 72.60  87 78   815000 1341000   260 10.12
0.614 0.0627 56.59 72.60  87 78   815000 1341000   260 10.12
0.616 0.0529 56.87 72.60  87 78   815000 1341000   260 10.12
0.618 0.0565 57.12 72.60  87 78   815000 1341000   260 10.12
0.620 0.0555 57.33 72.60  87 78   815000 1341000   260 10.12
0.622 0.0572 57.51 72.60  87 78   815000 1341000   260 10.12
0.624 0.0623 57.65 72.60  87 78   815000 1341000   260 10.12
0.625 0.0589 57.76 72.60  87 78   815000 1341000   260 10.12
0.627 0.0575 57.85 72.60  87 78   815000 1341000   260 10.12
0.629 0.0614 57.92 72.60  87 78   815000 1341000   260 10.12
0.631 0.0584 57.98 72.60  87 78   815000 1341000   260 10.12
0.633 0.0573 58.02 72.60  87 78   815000 1341000   260 10.12
0.635 0.0567 58.05 72.60  87 78   815000 1341000   260 10.12
0.637 0.0559 58.05 72.60  87 78   815000 1341000   260 10.12
0.639 0.0590 58.04 72.60  87 78   815000 1341000   260 10.12
0.641 0.0596 58.02 72.60  87 78   815000 1341000   260 10.12
0.643 0.0583 58.00 72.60  87 78   815000 1341000   260 10.12
0.644 0.0522 57.98 72.60  87 78   815000 1341000   260 10.12
0.646 0.0574 57.97 72.60  87 78   815000 1341000   260 10.12
0.648 0.0616 57.97 72.60  87 78   815000 1341000   260 10.12
0.650 0.0526 57.98 72.60  87 78   815000 1341000   260 10.12
0.652 0.0636 58.00 72.60  87 78   815000 1341000   260 10.12
0.654 0.0578 58.05 72.60  87 78   815000 1341000   260 10.12
0.656 0.0547 58.13 72.60  87 78   815000 1341000   260 10.12
0.658 0.0585 58.24 72.60  87 78   815000 1341000   260 10.12
0.660 0.0606 58.37 72.60  87 78   815000 1341000   260 10.12
0.662 0.0594 58.52 72.60  87 78   815000 1341000   260 10.12
0.663 0.0596 58.68 72.60  87 78   815000 1341000   260 10.12
0.665 0.0564 58.84 72.60  87 78   815000 1341000   260 10.12
0.667 0.0609 59.00 72.60  87 78   815000 1341000   260 10.12
0.669 0.0563 59.16 72.60  87 78   815000 1341000   260 10.12
0.671 0.0632 59.33 72.60  87 78   815000 1341000   260 10.12
0.673 0.0578 59.48 72.60  87 78   815000 1341000   260 10.12
0.675 0.0571 59.61 72.60  87 78   815000 1341000   260 10.12
0.677 0.0595 59.70 72.60  87 78   815000 1341000   260 10.12
0.679 0.0609 59.77 72.60  87 78   815000 1341000   260 10.12
0.681 0.0595 59.79 72.60  87 78   815000 1341000   260 10.12
0.683 0.0614 59.77 72.60  87 78   815000 1341000   260 10.12
0.684 0.0550 59.72 72.60  87 78   815000 1341000   260 10.12
0.686 0.0650 59.67 72.60  87 78   815000 1341000   260 10.12
0.688 0.0622 59.61 72.60  87 78   815000 1341000   260 10.12
0.690 0.0593 59.56 72.60  87 78   815000 1341000   260 10.12
0.692 0.0574 59.52 72.60  87 78   815000 1341000   260 10.12
0.694 0.0601 59.48 72.60  87 78   815000 1341000   260 10.12
0.696 0.0585 59.47 72.60  87 78   815000 1341000   260 10.12
0.698 0.0624 59.46 72.60  87 78   815000 1341000   260 10.12
0.700 0.0586 59.48 72.60  87 78   815000 1341000   260 10.12
0.702 0.0614 59.51 72.60  87 78   815000 1341000   260 10.12
0.703 0.0613 59.55 72.60  87 78   815000 1341000   260 10.12
0.705 0.0588 59.61 72.60  87 78   815000 1341000   260 10.12
0.707 0.0531 59.69 72.60  87 78   815000 1341000   260 10.12
0.709 0.0554 59.79 72.60  87 78   815000 1341000   260 10.12
0.711 0.0545 59.91 72.60  87 78   815000 1341000   260 10.12
0.713 0.0650 60.04 72.60  87 78   815000 1341000   260 10.12
0.715 0.0645 60.18 72.60  87 78   815000 1341000   260 10.12
0.717 0.0573 60.35 72.60  87 78   815000 1341000   260 10.12
0.719 0.0621 60.53 72.60  87 78   815000 1341000   260 10.12
0.721 0.0638 60.73 72.60  87 78   815000 1341000   260 10.12
0.722 0.0654 60.95 72.60  87 78   815000 1341000   260 10.12
0.724 0.0578 61.18 72.60  87 78   815000 1341000   260 10.12
0.726 0.0612 61.41 72.60  87 78   815000 1341000   260 10.12
0.728 0.0627 61.64 72.60  87 78   815000 1341000   260 10.12
0.730 0.0603 61.85 72.60  87 78   815000 1341000   260 10.12
0.732 0.0608 62.05 72.60  87 78   815000 1341000   260 10.12
0.734 0.0637 62.23 72.60  87 78   815000 1341000   260 10.12
0.736 0.0638 62.39 72.60  87 78   815000 1341000   260 10.12
0.738 0.0618 62.52 72.60  87 78   815000 1341000   260 10.12
0.740 0.0614 62.62 72.60  87 78   815000 1341000   260 10.12
0.741 0.0638 62.69 72.60  87 78   815000 1341000   260 10.12
0.743 0.0602 62.74 72.60  87 78   815000 1341000   260 10.12
0.745 0.0662 62.77 72.60  87 78   815000 1341000   260 10.12
0.747 0.0600 62.81 72.60  87 78   815000 1341000   260 10.12
0.749 0.0592 62.87 72.60  87 78   815000 1341000   260 10.12
0.751 0.0685 62.97 72.60  87 78   815000 1341000   260 10.12
0.753 0.0642 63.10 72.60  87 78   815000 1341000   260 10.12
0.755 0.0623 63.26 72.60  87 78   815000 1341000   260 10.12
0.757 0.0653 63.44 72.60  87 78   815000 1341000   260 10.12
0.759 0.0617 63.63 72.60  87 78   815000 1341000   260 10.12
0.760 0.0645 63.84 72.60  87 78   815000 1341000   260 10.12
0.762 0.0633 64.05 72.60  87 78   815000 1341000   260 10.12
0.764 0.0622 64.26 72.60  87 78   815000 1341000   260 10.12
0.766 0.0657 64.48 72.60  87 78   815000 1341000   260 10.12
0.768 0.0626 64.71 72.60  87 78   815000 1341000   260 10.12
0.770 0.0653 64.94 72.60  87 78   815000 1341000   260 10.12
0.772 0.0649 65.16 72.60  87 78   815000 1341000   260 10.12
0.774 0.0653 65.38 72.60  87 78   815000 1341000   260 10.12
0.776 0.0657 65.59 72.60  87 78   815000 1341000   260 10.12
0.778 0.0655 65.79 72.60  87 78   815000 1341000   260 10.12
0.779 0.0614 66.00 72.60  87 78   815000 1341000   260 10.12
0.781 0.0739 66.21 72.60  87 78   815000 1341000   260 10.12
0.783 0.0645 66.42 72.60  87 78   815000 1341000   260 10.12
0.785 0.0724 66.63 72.60  87 78   815000 1341000   260 10.12
0.787 0.0671 66.84 72.60  87 78   815000 1341000   260 10.12
0.789 0.0654 67.04 72.60  87 78   815000 1341000   260 10.12
0.791 0.0644 67.23 72.60  87 78   815000 1341000   260 10.12
0.793 0.0667 67.39 72.60  87 78   815000 1341000   260 10.12
0.795 0.0672 67.54 72.60  87 78   815000 1341000   260 10.12
0.797 0.0682 67.66 72.60  87 78   815000 1341000   260 10.12
0.798 0.0679 67.78 72.60  87 78   815000 1341000   260 10.12
0.800 0.0663 67.89 72.60  87 78   815000 1341000   260 10.12
0.802 0.0691 67.99 72.60  87 78   815000 1341000   260 10.12
0.804 0.0674 68.09 72.60  87 78   815000 1341000   260 10.12
0.806 0.0674 68.20 72.60  87 78   815000 1341000   260 10.12
0.808 0.0689 68.31 72.60  87 78   815000 1341000   260 10.12
0.810 0.0670 68.44 72.60  87 78   815000 1341000   260 10.12
0.812 0.0733 68.57 72.60  87 78   815000 1341000   260 10.12
0.814 0.0686 68.70 72.60  87 78   815000 1341000   260 10.12
0.816 0.0677 68.84 72.60  87 78   815000 1341000   260 10.12
0.817 0.0663 68.97 72.60  87 78   815000 1341000   260 10.12
0.819 0.0705 69.09 72.60  87 78   815000 1341000   260 10.12
0.821 0.0686 69.20 72.60  87 78   815000 1341000   260 10.12
0.823 0.0704 69.29 72.60  87 78   815000 1341000   260 10.12
0.825 0.0639 69.35 72.60  87 78   815000 1341000   260 10.12
0.827 0.0719 69.37 72.60  87 78   815000 1341000   260 10.12
0.829 0.0747 69.36 72.60  87 78   815000 1341000   260 10.12
0.831 0.0679 69.32 72.60  87 78   815000 1341000   260 10.12
0.833 0.0681 69.27 72.60  87 78   815000 1341000   260 10.12
0.835 0.0698 69.20 72.60  87 78   815000 1341000   260 10.12
0.837 0.0684 69.10 72.60  87 78   815000 1341000   260 10.12
0.838 0.0697 69.00 72.60  87 78   815000 1341000   260 10.12
0.840 0.0695 68.88 72.60  87 78   815000 1341000   260 10.12
0.842 0.0680 68.75 72.60  87 78   815000 1341000   260 10.12
0.844 0.0724 68.62 72.60  87 78   815000 1341000   260 10.12
0.846 0.0646 68.48 72.60  87 78   815000 1341000   260 10.12
0.848 0.0689 68.33 72.60  87 78   815000 1341000   260 10.12
0.850 0.0674 68.18 72.60  87 78   815000 1341000   260 10.12
0.852 0.0668 68.01 72.60  87 78   815000 1341000   260 10.12
0.854 0.0712 67.82 72.60  87 78   815000 1341000   260 10.12
0.856 0.0679 67.62 72.60  87 78   815000 1341000   260 10.12
0.857 0.0646 67.42 72.60  87 78   815000 1341000   260 10.12
0.859 0.0680 67.23 72.60  87 78   815000 1341000   260 10.12
0.861 0.0631 67.06 72.60  87 78   815000 1341000   260 10.12
0.863 0.0678 66.90 72.60  87 78   815000 1341000   260 10.12
0.865 0.0684 66.75 72.60  87 78   815000 1341000   260 10.12
0.867 0.0681 66.62 72.60  87 78   815000 1341000   260 10.12
0.869 0.0685 66.51 72.60  87 78   815000 1341000   260 10.12
0.871 0.0632 66.42 72.60  87 78   815000 1341000   260 10.12
0.873 0.0683 66.34 72.60  87 78   815000 1341000   260 10.12
0.875 0.0690 66.27 72.60  87 78   815000 1341000   260 10.12
0.876 0.0638 66.22 72.60  87 78   815000 1341000   260 10.12
0.878 0.0630 66.18 72.60  87 78   815000 1341000   260 10.12
0.880 0.0697 66.14 72.60  87 78   815000 1341000   260 10.12
0.882 0.0641 66.12 72.60  87 78   815000 1341000   260 10.12
0.884 0.0644 66.10 72.60  87 78   815000 1341000   260 10.12
0.886 0.0663 66.08 72.60  87 78   815000 1341000   260 10.12
0.888 0.0642 66.07 72.60  87 78   815000 1341000   260 10.12
0.890 0.0661 66.08 72.60  87 78   815000 1341000   260 10.12
0.892 0.0691 66.09 72.60  87 78   815000 1341000   260 10.12
0.894 0.0699 66.11 72.60  87 78   815000 1341000   260 10.12
0.895 0.0636 66.14 72.60  87 78   815000 1341000   260 10.12
0.897 0.0675 66.19 72.60  87 78   815000 1341000   260 10.12
0.899 0.0637 66.24 72.60  87 78   815000 1341000   260 10.12
0.901 0.0675 66.31 72.60  87 78   815000 1341000   260 10.12
0.903 0.0661 66.40 72.60  87 78   815000 1341000   260 10.12
0.905 0.0676 66.51 72.60  87 78   815000 1341000   260 10.12
0.907 0.0672 66.63 72.60  87 78   815000 1341000   260 10.12
0.909 0.0651 66.76 72.60  87 78   815000 1341000   260 10.12
0.911 0.0656 66.90 72.60  87 78   815000 1341000   260 10.12
0.913 0.0683 67.05 72.60  87 78   815000 1341000   260 10.12
0.914 0.0690 67.23 72.60  87 78   815000 1341000   260 10.12
0.916 0.0661 67.42 72.60  87 78   815000 1341000   260 10.12
0.918 0.0670 67.64 72.60  87 78   815000 1341000   260 10.12
0.920 0.0686 67.89 72.60  87 78   815000 1341000   260 10.12
0.922 0.0665 68.18 72.60  87 78   815000 1341000   260 10.12
0.924 0.0705 68.52 72.60  87 78   815000 1341000   260 10.12
0.926 0.0703 68.90 72.60  87 78   815000 1341000   260 10.12
0.928 0.0662 69.34 72.60  87 78   815000 1341000   260 10.12
0.930 0.0685 69.82 72.60  87 78   815000 1341000   260 10.12
0.932 0.0730 70.34 72.60  87 78   815000 1341000   260 10.12
0.933 0.0711 70.91 72.60  87 78   815000 1341000   260 10.12
0.935 0.0717 71.51 72.60  87 78   815000 1341000   260 10.12
0.937 0.0697 72.16 72.60  87 78   815000 1341000   260 10.12
0.939 0.0780 72.86 72.60  87 78   815000 1341000   260 10.12
0.941 0.0723 73.61 72.60  87 78   815000 1341000   260 10.12
0.943 0.0718 74.42 72.60  87 78   815000 1341000   260 10.12
0.945 0.0761 75.29 72.60  87 78   815000 1341000   260 10.12
0.947 0.0743 76.22 72.60  87 78   815000 1341000   260 10.12
0.949 0.0779 77.22 72.60  87 78   815000 1341000   260 10.12
0.951 0.0801 78.30 72.60  87 78   815000 1341000   260 10.12
0.952 0.0784 79.45 72.60  87 78   815000 1341000   260 10.12
0.954 0.0816 80.68 72.60  87 78   815000 1341000   260 10.12
0.956 0.0820 81.99 72.60  87 78   815000 1341000   260 10.12
0.958 0.0847 83.38 72.60  87 78   815000 1341000   260 10.12
0.960 0.0845 84.86 72.60  87 78   815000 1341000   260 10.12
0.962 0.0849 86.41 72.60  87 78   815000 1341000   260 10.12
0.964 0.0871 88.04 72.60  87 78   815000 1341000   260 10.12
0.966 0.0904 89.76 72.60  87 78   815000 1341000   260 10.12
0.968 0.0917 91.57 72.60  87 78   815000 1341000   260 10.12
0.970 0.0912 93.49 72.60  87 78   815000 1341000   260 10.12
0.971 0.0957 95.53 72.60  87 78   815000 1341000   260 10.12
0.973 0.0996 97.68 72.60  87 78   815000 1341000   260 10.12
0.975 0.1006 99.95 72.60  87 78   815000 1341000   260 10.12
0.977 0.1013 102.35 72.60  87 78   815000 1341000   260 10.12
0.979 0.1057 104.88 72.60  87 78   815000 1341000   260 10.12
0.981 0.1067 107.55 72.60  87 78   815000 1341000   260 10.12
0.983 0.1129 110.34 72.60  87 78   815000 1341000   260 10.12
0.985 0.1075 113.27 72.60  87 78   815000 1341000   260 10.12
0.987 0.1204 116.32 72.60  87 78   815000 1341000   260 10.12
0.989 0.1160 119.48 72.60  87 78   815000 1341000   260 10.12
0.990 0.1184 122.73 72.60  87 78   815000 1341000   260 10.12
0.992 0.1287 126.06 72.60  87 78   815000 1341000   260 10.12
0.994 0.1274 129.47 72.60  87 78   815000 1341000   260 10.12
0.996 0.1260 132.93 72.60  87 78   815000 1341000   260 10.12
0.998 0.1405 136.44 72.60  87 78   815000 1341000   260 10.12
1.000 0.1399 139.99 72.60  87 78   815000 1341000   260 10.12
1.002 0.1455 143.55 72.60  87 78   815000 1341000   260 10.12
1.004 0.1503 147.11 72.60  87 78   815000 1341000   260 10.12
1.006 0.1444 150.65 72.60  87 78   815000 1341000   260 10.12
1.008 0.1591 154.12 72.60  87 78   815000 1341000   260 10.12
1.010 0.1548 157.50 72.60  87 78   815000 1341000   260 10.12
1.011 0.1624 160.76 72.60  87 78   815000 1341000   260 10.12
1.013 0.1617 163.87 72.60  87 78   815000 1341000   260 10.12
1.015 0.1674 166.78 72.60  87 78   815000 1341000   260 10.12
1.017 0.1723 169.46 72.60  87 78   815000 1341000   260 10.12
1.019 0.1696 171.89 72.60  87 78   815000 1341000   260 10.12
1.021 0.1726 174.03 72.60  87 78   815000 1341000   260 10.12
1.023 0.1814 175.87 72.60  87 78   815000 1341000   260 10.12
1.025 0.1687 177.40 72.60  87 78   815000 1341000   260 10.12
1.027 0.1861 178.59 72.60  87 78   815000 1341000   260 10.12
1.029 0.1808 179.45 72.60  87 78   815000 1341000   260 10.12
1.030 0.1863 179.96 72.60  87 78   815000 1341000   260 10.12
1.032 0.1778 180.13 72.60  87 78   815000 1341000   260 10.12
1.034 0.1834 179.95 72.60  87 78   815000 1341000   260 10.12
1.036 0.1828 179.44 72.60  87 78   815000 1341000   260 10.12
1.038 0.1739 178.59 72.60  87 78   815000 1341000   260 10.12
1.040 0.1804 177.41 72.60  87 78   815000 1341000   260 10.12
1.042 0.1762 175.93 72.60  87 78   815000 1341000   260 10.12
1.044 0.1796 174.14 72.60  87 78   815000 1341000   260 10.12
1.046 0.1672 172.09 72.60  87 78   815000 1341000   260 10.12
1.048 0.1706 169.79 72.60  87 78   815000 1341000   260 10.12
1.049 0.1702 167.28 72.60  87 78   815000 1341000   260 10.12
1.051 0.1617 164.58 72.60  87 78   815000 1341000   260 10.12
1.053 0.1600 161.74 72.60  87 78   815000 1341000   260 10.12
1.055 0.1610 158.76 72.60  87 78   815000 1341000   260 10.12
1.057 0.1534 155.69 72.60  87 78   815000 1341000   260 10.12
1.059 0.1572 152.55 72.60  87 78   815000 1341000   260 10.12
1.061 0.1429 149.38 72.60  87 78   815000 1341000   260 10.12
1.063 0.1456 146.18 72.60  87 78   815000 1341000   260 10.12
1.065 0.1448 142.98 72.60  87 78   815000 1341000   260 10.12
1.067 0.1338 139.79 72.60  87 78   815000 1341000   260 10.12
1.068 0.1451 136.63 72.60  87 78   815000 1341000   260 10.12
1.070 0.1271 133.49 72.60  87 78   815000 1341000   260 10.12
1.072 0.1301 130.39 72.60  87 78   815000 1341000   260 10.12
1.074 0.1264 127.34 72.60  87 78   815000 1341000   260 10.12
1.076 0.1292 124.36 72.60  87 78   815000 1341000   260 10.12
1.078 0.1183 121.44 72.60  87 78   815000 1341000   260 10.12
1.080 0.1158 118.60 72.60  87 78   815000 1341000   260 10.12
1.082 0.1168 115.83 72.60  87 78   815000 1341000   260 10.12
1.084 0.1171 113.14 72.60  87 78   815000 1341000   260 10.12
1.086 0.1099 110.53 72.60  87 78   815000 1341000   260 10.12
1.087 0.1042 108.01 72.60  87 78   815000 1341000   260 10.12
1.089 0.1079 105.58 72.60  87 78   815000 1341000   260 10.12
1.091 0.1016 103.24 72.60  87 78   815000 1341000   260 10.12
1.093 0.0996 100.99 72.60  87 78   815000 1341000   260 10.12
1.095 0.1044 98.82 72.60  87 78   815000 1341000   260 10.12
1.097 0.0934 96.74 72.60  87 78   815000 1341000   260 10.12
1.099 0.0898 94.75 72.60  87 78   815000 1341000   260 10.12
1.101 0.0971 92.84 72.60  87 78   815000 1341000   260 10.12
1.103 0.0912 91.03 72.60  87 78   815000 1341000   260 10.12
1.105 0.0870 89.33 72.60  87 78   815000 1341000   260 10.12
1.106 0.0911 87.74 72.60  87 78   815000 1341000   260 10.12
1.108 0.0838 86.25 72.60  87 78   815000 1341000   260 10.12
1.110 0.0844 84.86 72.60  87 78   815000 1341000   260 10.12
1.112 0.0846 83.58 72.60  87 78   815000 1341000   260 10.12
1.114 0.0805 82.40 72.60  87 78   815000 1341000   260 10.12
1.116 0.0822 81.31 72.60  87 78   815000 1341000   260 10.12
1.118 0.0822 80.29 72.60  87 78   815000 1341000   260 10.12
1.120 0.0797 79.35 72.60  87 78   815000 1341000   260 10.12
1.122 0.0758 78.47 72.60  87 78   815000 1341000   260 10.12
1.124 0.0787 77.65 72.60  87 78   815000 1341000   260 10.12
1.125 0.0747 76.88 72.60  87 78   815000 1341000   260 10.12
1.127 0.0740 76.15 72.60  87 78   815000 1341000   260 10.12
1.129 0.0779 75.47 72.60  87 78   815000 1341000   260 10.12
1.131 0.0726 74.83 72.60  87 78   815000 1341000   260 10.12
1.133 0.0767 74.22 72.60  87 78   815000 1341000   260 10.12
1.135 0.0741 73.65 72.60  87 78   815000 1341000   260 10.12
1.137 0.0757 73.11 72.60  87 78   815000 1341000   260 10.12
1.139 0.0755 72.61 72.60  87 78   815000 1341000   260 10.12
1.141 0.0731 72.15 72.60  87 78   815000 1341000   260 10.12
1.143 0.0681 71.73 72.60  87 78   815000 1341000   260 10.12
1.144 0.0703 71.33 72.60  87 78   815000 1341000   260 10.12
1.146 0.0730 70.97 72.60  87 78   815000 1341000   260 10.12
1.148 0.0706 70.64 72.60  87 78   815000 1341000   260 10.12
1.150 0.0696 70.33 72.60  87 78   815000 1341000   260 10.12
1.152 0.0666 70.04 72.60  87 78   815000 1341000   260 10.12
1.154 0.0710 69.76 72.60  87 78   815000 1341000   260 10.12
1.156 0.0674 69.50 72.60  87 78   815000 1341000   260 10.12
1.158 0.0732 69.25 72.60  87 78   815000 1341000   260 10.12
1.160 0.0656 69.02 72.60  87 78   815000 1341000   260 10.12
1.162 0.0698 68.80 72.60  87 78   815000 1341000   260 10.12
1.163 0.0685 68.62 72.60  87 78   815000 1341000   260 10.12
1.165 0.0681 68.47 72.60  87 78   815000 1341000   260 10.12
1.167 0.0698 68.36 72.60  87 78   815000 1341000   260 10.12
1.169 0.0672 68.27 72.60  87 78   815000 1341000   260 10.12
1.171 0.0722 68.20 72.60  87 78   815000 1341000   260 10.12
1.173 0.0661 68.16 72.60  87 78   815000 1341000   260 10.12
1.175 0.0694 68.12 72.60  87 78   815000 1341000   260 10.12
1.177 0.0687 68.08 72.60  87 78   815000 1341000   260 10.12
1.179 0.0656 68.04 72.60  87 78   815000 1341000   260 10.12
1.181 0.0690 67.98 72.60  87 78   815000 1341000   260 10.12
1.183 0.0689 67.91 72.60  87 78   815000 1341000   260 10.12
1.184 0.0644 67.83 72.60  87 78   815000 1341000   260 10.12
1.186 0.0664 67.74 72.60  87 78   815000 1341000   260 10.12
1.188 0.0691 67.64 72.60  87 78   815000 1341000   260 10.12
1.190 0.0664 67.53 72.60  87 78   815000 1341000   260 10.12
1.192 0.0691 67.42 72.60  87 78   815000 1341000   260 10.12
1.194 0.0667 67.32 72.60  87 78   815000 1341000   260 10.12
1.196 0.0720 67.21 72.60  87 78   815000 1341000   260 10.12
1.198 0.0642 67.10 72.60  87 78   815000 1341000   260 10.12
1.200 0.0684 66.99 72.60  87 78   815000 1341000   260 10.12
1.202 0.0657 66.89 72.60  87 78   815000 1341000   260 10.12
1.203 0.0673 66.80 72.60  87 78   815000 1341000   260 10.12
1.205 0.0679 66.71 72.60  87 78   815000 1341000   260 10.12
1.207 0.0668 66.62 72.60  87 78   815000 1341000   260 10.12
1.209 0.0642 66.54 72.60  87 78   815000 1341000   260 10.12
1.211 0.0684 66.45 72.60  87 78   815000 1341000   260 10.12
1.213 0.0634 66.38 72.60  87 78   815000 1341000   260 10.12
1.215 0.0660 66.30 72.60  87 78   815000 1341000   260 10.12
1.217 0.0662 66.24 72.60  87 78   815000 1341000   260 10.12
1.219 0.0681 66.19 72.60  87 78   815000 1341000   260 10.12
1.221 0.0652 66.16 72.60  87 78   815000 1341000   260 10.12
1.222 0.0663 66.16 72.60  87 78   815000 1341000   260 10.12
1.224 0.0655 66.18 72.60  87 78   815000 1341000   260 10.12
1.226 0.0662 66.22 72.60  87 78   815000 1341000   260 10.12
1.228 0.0659 66.29 72.60  87 78   815000 1341000   260 10.12
1.230 0.0676 66.37 72.60  87 78   815000 1341000   260 10.12
1.232 0.0654 66.46 72.60  87 78   815000 1341000   260 10.12
1.234 0.0658 66.56 72.60  87 78   815000 1341000   260 10.12
1.236 0.0697 66.64 72.60  87 78   815000 1341000   260 10.12
1.238 0.0636 66.72 72.60  87 78   815000 1341000   260 10.12
1.240 0.0681 66.80 72.60  87 78   815000 1341000   260 10.12
1.241 0.0678 66.87 72.60  87 78   815000 1341000   260 10.12
1.243 0.0663 66.94 72.60  87 78   815000 1341000   260 10.12
1.245 0.0651 67.01 72.60  87 78   815000 1341000   260 10.12
1.247 0.0690 67.07 72.60  87 78   815000 1341000   260 10.12
1.249 0.0688 67.13 72.60  87 78   815000 1341000   260 10.12
1.251 0.0673 67.20 72.60  87 78   815000 1341000   260 10.12
1.253 0.0638 67.26 72.60  87 78   815000 1341000   260 10.12
1.255 0.0730 67.33 72.60  87 78   815000 1341000   260 10.12
1.257 0.0644 67.40 72.60  87 78   815000 1341000   260 10.12
1.259 0.0656 67.47 72.60  87 78   815000 1341000   260 10.12
1.260 0.0713 67.55 72.60  87 78   815000 1341000   260 10.12
1.262 0.0627 67.64 72.60  87 78   815000 1341000   260 10.12
1.264 0.0721 67.72 72.60  87 78   815000 1341000   260 10.12
1.266 0.0635 67.81 72.60  87 78   815000 1341000   260 10.12
1.268 0.0673 67.91 72.60  87 78   815000 1341000   260 10.12
1.270 0.0682 67.99 72.60  87 78   815000 1341000   260 10.12
1.272 0.0705 68.08 72.60  87 78   815000 1341000   260 10.12
1.274 0.0668 68.17 72.60  87 78   815000 1341000   260 10.12
1.276 0.0707 68.25 72.60  87 78   815000 1341000   260 10.12
1.278 0.0677 68.34 72.60  87 78   815000 1341000   260 10.12
1.279 0.0671 68.42 72.60  87 78   815000 1341000   260 10.12
1.281 0.0678 68.49 72.60  87 78   815000 1341000   260 10.12
1.283 0.0680 68.55 72.60  87 78   815000 1341000   260 10.12
1.285 0.0724 68.59 72.60  87 78   815000 1341000   260 10.12
1.287 0.0680 68.61 72.60  87 78   815000 1341000   260 10.12
1.289 0.0665 68.61 72.60  87 78   815000 1341000   260 10.12
1.291 0.0708 68.60 72.60  87 78   815000 1341000   260 10.12
1.293 0.0699 68.57 72.60  87 78   815000 1341000   260 10.12
1.295 0.0677 68.54 72.60  87 78   815000 1341000   260 10.12
1.297 0.0673 68.52 72.60  87 78   815000 1341000   260 10.12
1.298 0.0690 68.49 72.60  87 78   815000 1341000   260 10.12
1.300 0.0664 68.47 72.60  87 78   815000 1341000   260 10.12
1.302 0.0725 68.46 72.60  87 78   815000 1341000   260 10.12
1.304 0.0647 68.44 72.60  87 78   815000 1341000   260 10.12
1.306 0.0691 68.43 72.60  87 78   815000 1341000   260 10.12
1.308 0.0674 68.42 72.60  87 78   815000 1341000   260 10.12
1.310 0.0731 68.40 72.60  87 78   815000 1341000   260 10.12
1.312 0.0634 68.37 72.60  87 78   815000 1341000   260 10.12
1.314 0.0694 68.32 72.60  87 78   815000 1341000   260 10.12
1.316 0.0670 68.27 72.60  87 78   815000 1341000   260 10.12
1.317 0.0668 68.23 72.60  87 78   815000 1341000   260 10.12
1.319 0.0674 68.19 72.60  87 78   815000 1341000   260 10.12
1.321 0.0699 68.18 72.60  87 78   815000 1341000   260 10.12
1.323 0.0708 68.18 72.60  87 78   815000 1341000   260 10.12
1.325 0.0702 68.18 72.60  87 78   815000 1341000   260 10.12
1.327 0.0683 68.19 72.60  87 78   815000 1341000   260 10.12
1.329 0.0689 68.19 72.60  87 78   815000 1341000   260 10.12
1.331 0.0701 68.20 72.60  87 78   815000 1341000   260 10.12
1.333 0.0630 68.21 72.60  87 78   815000 1341000   260 10.12
1.335 0.0705 68.22 72.60  87 78   815000 1341000   260 10.12
1.337 0.0635 68.22 72.60  87 78   815000 1341000   260 10.12
1.338 0.0699 68.22 72.60  87 78   815000 1341000   260 10.12
1.340 0.0686 68.23 72.60  87 78   815000 1341000   260 10.12
1.342 0.0663 68.23 72.60  87 78   815000 1341000   260 10.12
1.344 0.0683 68.24 72.60  87 78   815000 1341000   260 10.12
1.346 0.0674 68.25 72.60  87 78   815000 1341000   260 10.12
1.348 0.0673 68.27 72.60  87 78   815000 1341000   260 10.12
1.350 0.0722 68.30 72.60  87 78   815000 1341000   260 10.12
1.352 0.0715 68.34 72.60  87 78   815000 1341000   260 10.12
1.354 0.0686 68.39 72.60  87 78   815000 1341000   260 10.12
1.356 0.0690 68.44 72.60  87 78   815000 1341000   260 10.12
1.357 0.0638 68.49 72.60  87 78   815000 1341000   260 10.12
1.359 0.0663 68.53 72.60  87 78   815000 1341000   260 10.12
1.361 0.0694 68.54 72.60  87 78   815000 1341000   260 10.12
1.363 0.0695 68.52 72.60  87 78   815000 1341000   260 10.12
1.365 0.0706 68.47 72.60  87 78   815000 1341000   260 10.12
1.367 0.0684 68.39 72.60  87 78   815000 1341000   260 10.12
1.369 0.0681 68.28 72.60  87 78   815000 1341000   260 10.12
1.371 0.0658 68.16 72.60  87 78   815000 1341000   260 10.12
1.373 0.0707 68.03 72.60  87 78   815000 1341000   260 10.12
1.375 0.0696 67.92 72.60  87 78   815000 1341000   260 10.12
1.376 0.0684 67.82 72.60  87 78   815000 1341000   260 10.12
1.378 0.0644 67.75 72.60  87 78   815000 1341000   260 10.12
1.380 0.0710 67.69 72.60  87 78   815000 1341000   260 10.12
1.382 0.0693 67.64 72.60  87 78   815000 1341000   260 10.12
1.384 0.0635 67.61 72.60  87 78   815000 1341000   260 10.12
1.386 0.0681 67.59 72.60  87 78   815000 1341000   260 10.12
1.388 0.0676 67.58 72.60  87 78   815000 1341000   260 10.12
1.390 0.0679 67.57 72.60  87 78   815000 1341000   260 10.12
1.392 0.0626 67.57 72.60  87 78   815000 1341000   260 10.12
1.394 0.0653 67.56 72.60  87 78   815000 1341000   260 10.12
1.395 0.0702 67.55 72.60  87 78   815000 1341000   260 10.12
1.397 0.0677 67.56 72.60  87 78   815000 1341000   260 10.12
1.399 0.0713 67.59 72.60  87 78   815000 1341000   260 10.12
1.401 0.0655 67.63 72.60  87 78   815000 1341000   260 10.12
1.403 0.0672 67.69 72.60  87 78   815000 1341000   260 10.12
1.405 0.0691 67.75 72.60  87 78   815000 1341000   260 10.12
1.407 0.0731 67.81 72.60  87 78   815000 1341000   260 10.12
1.409 0.0646 67.87 72.60  87 78   815000 1341000   260 10.12
1.411 0.0693 67.93 72.60  87 78   815000 1341000   260 10.12
1.413 0.0681 67.99 72.60  87 78   815000 1341000   260 10.12
1.414 0.0662 68.05 72.60  87 78   815000 1341000   260 10.12
1.416 0.0656 68.10 72.60  87 78   815000 1341000   260 10.12
1.418 0.0685 68.15 72.60  87 78   815000 1341000   260 10.12
1.420 0.0702 68.21 72.60  87 78   815000 1341000   260 10.12
1.422 0.0702 68.28 72.60  87 78   815000 1341000   260 10.12
1.424 0.0672 68.36 72.60  87 78   815000 1341000   260 10.12
1.426 0.0663 68.43 72.60  87 78   815000 1341000   260 10.12
1.428 0.0668 68.49 72.60  87 78   815000 1341000   260 10.12
1.430 0.0684 68.55 72.60  87 78   815000 1341000   260 10.12
1.432 0.0704 68.61 72.60  87 78   815000 1341000   260 10.12
1.433 0.0677 68.66 72.60  87 78   815000 1341000   260 10.12
1.435 0.0711 68.69 72.60  87 78   815000 1341000   260 10.12
1.437 0.0677 68.72 72.60  87 78   815000 1341000   260 10.12
1.439 0.0651 68.72 72.60  87 78   815000 1341000   260 10.12
1.441 0.0708 68.70 72.60  87 78   815000 1341000   260 10.12
1.443 0.0708 68.68 72.60  87 78   815000 1341000   260 10.12
1.445 0.0695 68.66 72.60  87 78   815000 1341000   260 10.12
1.447 0.0703 68.65 72.60  87 78   815000 1341000   260 10.12
1.449 0.0702 68.64 72.60  87 78   815000 1341000   260 10.12
1.451 0.0645 68.63 72.60  87 78   815000 1341000   260 10.12
1.452 0.0720 68.62 72.60  87 78   815000 1341000   260 10.12
1.454 0.0748 68.62 72.60  87 78   815000 1341000   260 10.12
1.456 0.0659 68.62 72.60  87 78   815000 1341000   260 10.12
1.458 0.0592 68.62 72.60  87 78   815000 1341000   260 10.12
1.460 0.0675 68.60 72.60  87 78   815000 1341000   260 10.12
1.462 0.0691 68.58 72.60  87 78   815000 1341000   260 10.12
1.464 0.0691 68.57 72.60  87 78   815000 1341000   260 10.12
1.466 0.0676 68.56 72.60  87 78   815000 1341000   260 10.12
1.468 0.0716 68.57 72.60  87 78   815000 1341000   260 10.12
1.470 0.0675 68.59 72.60  87 78   815000 1341000   260 10.12
1.471 0.0668 68.62 72.60  87 78   815000 1341000   260 10.12
1.473 0.0682 68.67 72.60  87 78   815000 1341000   260 10.12
1.475 0.0749 68.74 72.60  87 78   815000 1341000   260 10.12
1.477 0.0714 68.84 72.60  87 78   815000 1341000   260 10.12
1.479 0.0663 68.98 72.60  87 78   815000 1341000   260 10.12
1.481 0.0719 69.16 72.60  87 78   815000 1341000   260 10.12
1.483 0.0698 69.36 72.60  87 78   815000 1341000   260 10.12
1.485 0.0627 69.58 72.60  87 78   815000 1341000   260 10.12
1.487 0.0699 69.81 72.60  87 78   815000 1341000   260 10.12
1.489 0.0693 70.03 72.60  87 78   815000 1341000   260 10.12
1.490 0.0707 70.24 72.60  87 78   815000 1341000   260 10.12
1.492 0.0736 70.43 72.60  87 78   815000 1341000   260 10.12
1.494 0.0641 70.59 72.60  87 78   815000 1341000   260 10.12
1.496 0.0720 70.73 72.60  87 78   815000 1341000   260 10.12
1.498 0.0718 70.87 72.60  87 78   815000 1341000   260 10.12
1.500 0.0741 71.00 72.60  87 78   815000 1341000   260 10.12
1.503 0.0689 71.14 72.60  87 78   815000 1341000   260 10.12
1.505 0.0678 71.28 72.60  87 78   815000 1341000   260 10.12
1.508 0.0711 71.41 72.60  87 78   815000 1341000   260 10.12
1.510 0.0786 71.54 72.60  87 78   815000 1341000   260 10.12
1.513 0.0709 71.66 72.60  87 78   815000 1341000   260 10.12
1.515 0.0762 71.77 72.60  87 78   815000 1341000   260 10.12
1.518 0.0718 71.86 72.60  87 78   815000 1341000   260 10.12
1.521 0.0721 71.94 72.60  87 78   815000 1341000   260 10.12
1.524 0.0707 71.99 72.60  87 78   815000 1341000   260 10.12
1.528 0.0714 72.01 72.60  87 78   815000 1341000   260 10.12
1.531 0.0708 72.02 72.60  87 78   815000 1341000   260 10.12
1.535 0.0685 72.02 72.60  87 78   815000 1341000   260 10.12
1.538 0.0709 72.02 72.60  87 78   815000 1341000   260 10.12
1.542 0.0709 72.02 72.60  87 78   815000 1341000   260 10.12
1.546 0.0723 72.03 72.60  87 78   815000 1341000   260 10.12
1.550 0.0745 72.05 72.60  87 78   815000 1341000   260 10.12
1.555 0.0738 72.07 72.60  87 78   815000 1341000   260 10.12
1.559 0.0715 72.11 72.60  87 78   815000 1341000   260 10.12
1.564 0.0707 72.17 72.60  87 78   815000 1341000   260 10.12
1.569 0.0732 72.25 72.60  87 78   815000 1341000   260 10.12
1.574 0.0723 72.34 72.60  87 78   815000 1341000   260 10.12
1.579 0.0723 72.43 72.60  87 78   815000 1341000   260 10.12
1.585 0.0739 72.53 72.60  87 78   815000 1341000   260 10.12
1.591 0.0704 72.63 72.60  87 78   815000 1341000   260 10.12
1.597 0.0728 72.71 72.60  87 78   815000 1341000   260 10.12
1.603 0.0736 72.75 72.60  87 78   815000 1341000   260 10.12
1.610 0.0720 72.76 72.60  87 78   815000 1341000   260 10.12
1.616 0.0744 72.72 72.60  87 78   815000 1341000   260 10.12
1.623 0.0728 72.64 72.60  87 78   815000 1341000   260 10.12
1.631 0.0729 72.52 72.60  87 78   815000 1341000   260 10.12
1.639 0.0726 72.37 72.60  87 78   815000 1341000   260 10.12
1.647 0.0717 72.20 72.60  87 78   815000 1341000   260 10.12
1.655 0.0732 72.00 72.60  87 78   815000 1341000   260 10.12
1.664 0.0727 71.79 72.60  87 78   815000 1341000   260 10.12
1.673 0.0726 71.58 72.60  87 78   815000 1341000   260 10.12
1.683 0.0721 71.38 72.60  87 78   815000 1341000   260 10.12
1.692 0.0722 71.20 72.60  87 78   815000 1341000   260 10.12
1.702 0.0718 71.05 72.60  87 78   815000 1341000   260 10.12
1.711 0.0714 70.96 72.60  87 78   815000 1341000   260 10.12
1.721 0.0712 70.95 72.60  87 78   815000 1341000   260 10.12
1.730 0.0711 71.06 72.60  87 78   815000 1341000   260 10.12
1.740 0.0720 71.32 72.60  87 78   815000 1341000   260 10.12
1.749 0.0699 71.76 72.60  87 78   815000 1341000   260 10.12
1.759 0.0718 72.39 72.60  87 78   815000 1341000   260 10.12
1.768 0.0728 73.23 72.60  87 78   815000 1341000   260 10.12
1.778 0.0712 74.29 72.60  87 78   815000 1341000   260 10.12
1.787 0.0730 75.55 72.60  87 78   815000 1341000   260 10.12
1.797 0.0746 76.99 72.60  87 78   815000 1341000   260 10.12
1.806 0.0759 78.59 72.60  87 78   815000 1341000   260 10.12
1.816 0.0788 80.31 72.60  87 78   815000 1341000   260 10.12
1.825 0.0794 82.13 72.60  87 78   815000 1341000   260 10.12
1.835 0.0821 84.02 72.60  87 78   815000 1341000   260 10.12
1.844 0.0858 85.99 72.60  87 78   815000 1341000   260 10.12
1.854 0.0881 88.02 72.60  87 78   815000 1341000   260 10.12
1.863 0.0920 90.11 72.60  87 78   815000 1341000   260 10.12
1.873 0.0940 92.25 72.60  87 78   815000 1341000   260 10.12
1.882 0.0976 94.44 72.60  87 78   815000 1341000   260 10.12
1.892 0.0998 96.69 72.60  87 78   815000 1341000   260 10.12
1.901 0.1047 98.99 72.60  87 78   815000 1341000   260 10.12
1.911 0.1056 101.35 72.60  87 78   815000 1341000   260 10.12
1.920 0.1079 103.74 72.60  87 78   815000 1341000   260 10.12
1.930 0.1071 106.14 72.60  87 78   815000 1341000   260 10.12
1.939 0.1079 108.52 72.60  87 78   815000 1341000   260 10.12
1.949 0.1062 110.83 72.60  87 78   815000 1341000   260 10.12
1.958 0.1083 113.03 72.60  87 78   815000 1341000   260 10.12
1.968 0.1083 115.07 72.60  87 78   815000 1341000   260 10.12
1.977 0.1117 116.92 72.60  87 78   815000 1341000   260 10.12
1.987 0.1171 118.56 72.60  87 78   815000 1341000   260 10.12
1.996 0.1201 119.99 72.60  87 78   815000 1341000   260 10.12
2.006 0.1246 121.21 72.60  87 78   815000 1341000   260 10.12
2.015 0.1306 122.24 72.60  87 78   815000 1341000   260 10.12
2.025 0.1316 123.13 72.60  87 78   815000 1341000   260 10.12
2.034 0.1346 124.06 72.60  87 78   815000 1341000   260 10.12
2.044 0.1358 125.90 72.60  87 78   815000 1341000   260 10.12
2.053 0.1352 130.51 72.60  87 78   815000 1341000   260 10.12
2.063 0.1393 136.44 72.60  87 78   815000 1341000   260 10.12
2.072 0.1414 142.68 72.60  87 78   815000 1341000   260 10.12
2.082 0.1418 148.82 72.60  87 78   815000 1341000   260 10.12
2.091 0.1387 154.68 72.60  87 78   815000 1341000   260 10.12
2.101 0.1388 160.22 72.60  87 78   815000 1341000   260 10.12
2.110 0.1417 165.45 72.60  87 78   815000 1341000   260 10.12
2.120 0.1422 170.38 72.60  87 78   815000 1341000   260 10.12
2.129 0.1490 175.05 72.60  87 78   815000 1341000   260 10.12
2.139 0.1580 179.49 72.60  87 78   815000 1341000   260 10.12
2.148 0.1683 183.74 72.60  87 78   815000 1341000   260 10.12
2.158 0.1816 187.82 72.60  87 78   815000 1341000   260 10.12
2.167 0.1980 191.77 72.60  87 78   815000 1341000   260 10.12
2.177 0.2164 195.59 72.60  87 78   815000 1341000   260 10.12
2.186 0.2355 199.31 72.60  87 78   815000 1341000   260 10.12
2.196 0.2616 202.92 72.60  87 78   815000 1341000   260 10.12
2.205 0.2923 206.43 72.60  87 78   815000 1341000   260 10.12
2.215 0.3269 209.84 72.60  87 78   815000 1341000   260 10.12
2.224 0.3620 213.11 72.60  87 78   815000 1341000   260 10.12
2.234 0.3812 216.24 72.60  87 78   815000 1341000   260 10.12
2.243 0.0000 219.19 72.60  87 78   815000 1341000   260 10.12
2.253 0.0000 221.89 72.60  87 78   815000 1341000   260 10.12
