     x     qy smooth tpara  cd  zL     xTr    xCpl frame tma
-1.254 0.1826 162.94 88.00  85 78   705000 1267000   280 10.16
-1.246 0.1915 152.44 88.00  85 78   705000 1267000   280 10.16
-1.237 0.1623 142.46 88.00  85 78   705000 1267000   280 10.16
-1.228 0.1378 133.01 88.00  85 78   705000 1267000   280 10.16
-1.219 0.1040 124.05 88.00  85 78   705000 1267000   280 10.16
-1.210 0.0970 115.58 88.00  85 78   705000 1267000   280 10.16
-1.201 0.0830 107.59 88.00  85 78   705000 1267000   280 10.16
-1.192 0.0808 100.07 88.00  85 78   705000 1267000   280 10.16
-1.183 0.0765 93.00 88.00  85 78   705000 1267000   280 10.16
-1.174 0.0704 86.39 88.00  85 78   705000 1267000   280 10.16
-1.165 0.0666 80.23 88.00  85 78   705000 1267000   280 10.16
-1.157 0.0636 74.50 88.00  85 78   705000 1267000   280 10.16
-1.148 0.0613 69.22 88.00  85 78   705000 1267000   280 10.16
-1.139 0.0583 64.38 88.00  85 78   705000 1267000   280 10.16
-1.130 0.0566 59.99 88.00  85 78   705000 1267000   280 10.16
-1.121 0.0541 56.06 88.00  85 78   705000 1267000   280 10.16
-1.112 0.0530 52.60 88.00  85 78   705000 1267000   280 10.16
-1.103 0.0505 49.63 88.00  85 78   705000 1267000   280 10.16
-1.094 0.0500 47.19 88.00  85 78   705000 1267000   280 10.16
-1.085 0.0486 45.30 88.00  85 78   705000 1267000   280 10.16
-1.077 0.0464 44.02 88.00  85 78   705000 1267000   280 10.16
-1.068 0.0469 43.36 88.00  85 78   705000 1267000   280 10.16
-1.059 0.0452 43.24 88.00  85 78   705000 1267000   280 10.16
-1.050 0.0441 43.17 88.00  85 78   705000 1267000   280 10.16
-1.041 0.0439 42.53 88.00  85 78   705000 1267000   280 10.16
-1.032 0.0419 41.83 88.00  85 78   705000 1267000   280 10.16
-1.023 0.0412 41.10 88.00  85 78   705000 1267000   280 10.16
-1.014 0.0416 40.40 88.00  85 78   705000 1267000   280 10.16
-1.005 0.0391 39.71 88.00  85 78   705000 1267000   280 10.16
-0.996 0.0404 39.06 88.00  85 78   705000 1267000   280 10.16
-0.988 0.0389 38.44 88.00  85 78   705000 1267000   280 10.16
-0.979 0.0387 37.86 88.00  85 78   705000 1267000   280 10.16
-0.970 0.0379 37.32 88.00  85 78   705000 1267000   280 10.16
-0.961 0.0368 36.83 88.00  85 78   705000 1267000   280 10.16
-0.952 0.0358 36.39 88.00  85 78   705000 1267000   280 10.16
-0.943 0.0354 35.99 88.00  85 78   705000 1267000   280 10.16
-0.934 0.0362 35.65 88.00  85 78   705000 1267000   280 10.16
-0.925 0.0346 35.35 88.00  85 78   705000 1267000   280 10.16
-0.916 0.0338 35.10 88.00  85 78   705000 1267000   280 10.16
-0.907 0.0342 34.90 88.00  85 78   705000 1267000   280 10.16
-0.899 0.0349 34.73 88.00  85 78   705000 1267000   280 10.16
-0.890 0.0338 34.60 88.00  85 78   705000 1267000   280 10.16
-0.881 0.0341 34.51 88.00  85 78   705000 1267000   280 10.16
-0.872 0.0347 34.44 88.00  85 78   705000 1267000   280 10.16
-0.863 0.0347 34.41 88.00  85 78   705000 1267000   280 10.16
-0.854 0.0352 34.39 88.00  85 78   705000 1267000   280 10.16
-0.845 0.0344 34.40 88.00  85 78   705000 1267000   280 10.16
-0.836 0.0347 34.43 88.00  85 78   705000 1267000   280 10.16
-0.827 0.0355 34.47 88.00  85 78   705000 1267000   280 10.16
-0.819 0.0354 34.53 88.00  85 78   705000 1267000   280 10.16
-0.810 0.0344 34.61 88.00  85 78   705000 1267000   280 10.16
-0.801 0.0352 34.69 88.00  85 78   705000 1267000   280 10.16
-0.792 0.0349 34.79 88.00  85 78   705000 1267000   280 10.16
-0.783 0.0351 34.88 88.00  85 78   705000 1267000   280 10.16
-0.774 0.0350 34.99 88.00  85 78   705000 1267000   280 10.16
-0.765 0.0346 35.10 88.00  85 78   705000 1267000   280 10.16
-0.756 0.0346 35.21 88.00  85 78   705000 1267000   280 10.16
-0.747 0.0342 35.33 88.00  85 78   705000 1267000   280 10.16
-0.738 0.0349 35.45 88.00  85 78   705000 1267000   280 10.16
-0.730 0.0358 35.58 88.00  85 78   705000 1267000   280 10.16
-0.721 0.0354 35.72 88.00  85 78   705000 1267000   280 10.16
-0.712 0.0351 35.86 88.00  85 78   705000 1267000   280 10.16
-0.703 0.0365 36.01 88.00  85 78   705000 1267000   280 10.16
-0.694 0.0366 36.17 88.00  85 78   705000 1267000   280 10.16
-0.685 0.0359 36.32 88.00  85 78   705000 1267000   280 10.16
-0.676 0.0368 36.48 88.00  85 78   705000 1267000   280 10.16
-0.667 0.0374 36.64 88.00  85 78   705000 1267000   280 10.16
-0.658 0.0376 36.78 88.00  85 78   705000 1267000   280 10.16
-0.649 0.0371 36.91 88.00  85 78   705000 1267000   280 10.16
-0.641 0.0375 37.03 88.00  85 78   705000 1267000   280 10.16
-0.632 0.0368 37.13 88.00  85 78   705000 1267000   280 10.16
-0.623 0.0366 37.20 88.00  85 78   705000 1267000   280 10.16
-0.614 0.0377 37.25 88.00  85 78   705000 1267000   280 10.16
-0.605 0.0368 37.28 88.00  85 78   705000 1267000   280 10.16
-0.596 0.0378 37.30 88.00  85 78   705000 1267000   280 10.16
-0.587 0.0376 37.29 88.00  85 78   705000 1267000   280 10.16
-0.578 0.0372 37.27 88.00  85 78   705000 1267000   280 10.16
-0.569 0.0367 37.23 88.00  85 78   705000 1267000   280 10.16
-0.560 0.0375 37.17 88.00  85 78   705000 1267000   280 10.16
-0.552 0.0369 37.10 88.00  85 78   705000 1267000   280 10.16
-0.543 0.0372 37.02 88.00  85 78   705000 1267000   280 10.16
-0.534 0.0368 36.92 88.00  85 78   705000 1267000   280 10.16
-0.525 0.0368 36.80 88.00  85 78   705000 1267000   280 10.16
-0.516 0.0375 36.69 88.00  85 78   705000 1267000   280 10.16
-0.507 0.0365 36.56 88.00  85 78   705000 1267000   280 10.16
-0.498 0.0353 36.45 88.00  85 78   705000 1267000   280 10.16
-0.489 0.0368 36.34 88.00  85 78   705000 1267000   280 10.16
-0.480 0.0364 36.24 88.00  85 78   705000 1267000   280 10.16
-0.472 0.0370 36.17 88.00  85 78   705000 1267000   280 10.16
-0.463 0.0363 36.11 88.00  85 78   705000 1267000   280 10.16
-0.454 0.0364 36.08 88.00  85 78   705000 1267000   280 10.16
-0.445 0.0364 36.06 88.00  85 78   705000 1267000   280 10.16
-0.436 0.0350 36.07 88.00  85 78   705000 1267000   280 10.16
-0.427 0.0357 36.09 88.00  85 78   705000 1267000   280 10.16
-0.418 0.0351 36.12 88.00  85 78   705000 1267000   280 10.16
-0.409 0.0349 36.16 88.00  85 78   705000 1267000   280 10.16
-0.400 0.0352 36.21 88.00  85 78   705000 1267000   280 10.16
-0.391 0.0357 36.26 88.00  85 78   705000 1267000   280 10.16
-0.383 0.0366 36.31 88.00  85 78   705000 1267000   280 10.16
-0.374 0.0358 36.36 88.00  85 78   705000 1267000   280 10.16
-0.365 0.0370 36.42 88.00  85 78   705000 1267000   280 10.16
-0.356 0.0374 36.47 88.00  85 78   705000 1267000   280 10.16
-0.347 0.0376 36.52 88.00  85 78   705000 1267000   280 10.16
-0.338 0.0377 36.57 88.00  85 78   705000 1267000   280 10.16
-0.329 0.0380 36.61 88.00  85 78   705000 1267000   280 10.16
-0.320 0.0371 36.64 88.00  85 78   705000 1267000   280 10.16
-0.311 0.0365 36.67 88.00  85 78   705000 1267000   280 10.16
-0.302 0.0364 36.68 88.00  85 78   705000 1267000   280 10.16
-0.294 0.0359 36.67 88.00  85 78   705000 1267000   280 10.16
-0.285 0.0359 36.65 88.00  85 78   705000 1267000   280 10.16
-0.276 0.0364 36.60 88.00  85 78   705000 1267000   280 10.16
-0.267 0.0368 36.54 88.00  85 78   705000 1267000   280 10.16
-0.258 0.0359 36.45 88.00  85 78   705000 1267000   280 10.16
-0.249 0.0367 36.35 88.00  85 78   705000 1267000   280 10.16
-0.240 0.0360 36.25 88.00  85 78   705000 1267000   280 10.16
-0.231 0.0363 36.13 88.00  85 78   705000 1267000   280 10.16
-0.222 0.0361 36.03 88.00  85 78   705000 1267000   280 10.16
-0.214 0.0358 35.93 88.00  85 78   705000 1267000   280 10.16
-0.205 0.0359 35.85 88.00  85 78   705000 1267000   280 10.16
-0.196 0.0368 35.80 88.00  85 78   705000 1267000   280 10.16
-0.187 0.0359 35.77 88.00  85 78   705000 1267000   280 10.16
-0.178 0.0355 35.76 88.00  85 78   705000 1267000   280 10.16
-0.169 0.0358 35.78 88.00  85 78   705000 1267000   280 10.16
-0.160 0.0348 35.82 88.00  85 78   705000 1267000   280 10.16
-0.151 0.0363 35.88 88.00  85 78   705000 1267000   280 10.16
-0.142 0.0359 35.94 88.00  85 78   705000 1267000   280 10.16
-0.133 0.0352 35.99 88.00  85 78   705000 1267000   280 10.16
-0.125 0.0348 36.04 88.00  85 78   705000 1267000   280 10.16
-0.116 0.0362 36.08 88.00  85 78   705000 1267000   280 10.16
-0.107 0.0347 36.10 88.00  85 78   705000 1267000   280 10.16
-0.098 0.0358 36.10 88.00  85 78   705000 1267000   280 10.16
-0.089 0.0356 36.07 88.00  85 78   705000 1267000   280 10.16
-0.080 0.0363 36.01 88.00  85 78   705000 1267000   280 10.16
-0.071 0.0359 35.91 88.00  85 78   705000 1267000   280 10.16
-0.062 0.0370 35.77 88.00  85 78   705000 1267000   280 10.16
-0.053 0.0370 35.59 88.00  85 78   705000 1267000   280 10.16
-0.044 0.0371 35.36 88.00  85 78   705000 1267000   280 10.16
-0.036 0.0360 35.08 88.00  85 78   705000 1267000   280 10.16
-0.027 0.0355 34.75 88.00  85 78   705000 1267000   280 10.16
-0.018 0.0362 34.36 88.00  85 78   705000 1267000   280 10.16
-0.009 0.0339 33.93 88.00  85 78   705000 1267000   280 10.16
0.000 0.0328 33.46 88.00  85 78   705000 1267000   280 10.16
0.009 0.0323 32.95 88.00  85 78   705000 1267000   280 10.16
0.018 0.0321 32.41 88.00  85 78   705000 1267000   280 10.16
0.027 0.0315 31.84 88.00  85 78   705000 1267000   280 10.16
0.036 0.0310 31.28 88.00  85 78   705000 1267000   280 10.16
0.044 0.0307 30.71 88.00  85 78   705000 1267000   280 10.16
0.053 0.0303 30.15 88.00  85 78   705000 1267000   280 10.16
0.062 0.0296 29.63 88.00  85 78   705000 1267000   280 10.16
0.071 0.0292 29.14 88.00  85 78   705000 1267000   280 10.16
0.080 0.0274 28.71 88.00  85 78   705000 1267000   280 10.16
0.089 0.0279 28.34 88.00  85 78   705000 1267000   280 10.16
0.098 0.0280 28.03 88.00  85 78   705000 1267000   280 10.16
0.107 0.0276 27.79 88.00  85 78   705000 1267000   280 10.16
0.116 0.0269 27.62 88.00  85 78   705000 1267000   280 10.16
0.125 0.0269 27.51 88.00  85 78   705000 1267000   280 10.16
0.133 0.0269 27.47 88.00  85 78   705000 1267000   280 10.16
0.142 0.0270 27.48 88.00  85 78   705000 1267000   280 10.16
0.151 0.0276 27.53 88.00  85 78   705000 1267000   280 10.16
0.160 0.0282 27.63 88.00  85 78   705000 1267000   280 10.16
0.169 0.0281 27.76 88.00  85 78   705000 1267000   280 10.16
0.178 0.0267 27.92 88.00  85 78   705000 1267000   280 10.16
0.187 0.0281 28.11 88.00  85 78   705000 1267000   280 10.16
0.196 0.0283 28.31 88.00  85 78   705000 1267000   280 10.16
0.205 0.0287 28.54 88.00  85 78   705000 1267000   280 10.16
0.214 0.0294 28.77 88.00  85 78   705000 1267000   280 10.16
0.222 0.0296 29.01 88.00  85 78   705000 1267000   280 10.16
0.231 0.0301 29.26 88.00  85 78   705000 1267000   280 10.16
0.240 0.0291 29.50 88.00  85 78   705000 1267000   280 10.16
0.249 0.0303 29.75 88.00  85 78   705000 1267000   280 10.16
0.258 0.0303 29.98 88.00  85 78   705000 1267000   280 10.16
0.267 0.0311 30.21 88.00  85 78   705000 1267000   280 10.16
0.276 0.0295 30.44 88.00  85 78   705000 1267000   280 10.16
0.285 0.0312 30.67 88.00  85 78   705000 1267000   280 10.16
0.294 0.0304 30.90 88.00  85 78   705000 1267000   280 10.16
0.302 0.0318 31.13 88.00  85 78   705000 1267000   280 10.16
0.311 0.0304 31.35 88.00  85 78   705000 1267000   280 10.16
0.320 0.0315 31.59 88.00  85 78   705000 1267000   280 10.16
0.329 0.0312 31.83 88.00  85 78   705000 1267000   280 10.16
0.338 0.0320 32.07 88.00  85 78   705000 1267000   280 10.16
0.347 0.0317 32.32 88.00  85 78   705000 1267000   280 10.16
0.356 0.0323 32.58 88.00  85 78   705000 1267000   280 10.16
0.364 0.0339 32.84 88.00  85 78   705000 1267000   280 10.16
0.373 0.0335 33.11 88.00  85 78   705000 1267000   280 10.16
0.380 0.0330 33.39 88.00  85 78   705000 1267000   280 10.16
0.388 0.0340 33.67 88.00  85 78   705000 1267000   280 10.16
0.395 0.0328 33.95 88.00  85 78   705000 1267000   280 10.16
0.402 0.0343 34.22 88.00  85 78   705000 1267000   280 10.16
0.409 0.0347 34.48 88.00  85 78   705000 1267000   280 10.16
0.415 0.0341 34.72 88.00  85 78   705000 1267000   280 10.16
0.421 0.0370 34.93 88.00  85 78   705000 1267000   280 10.16
0.427 0.0338 35.12 88.00  85 78   705000 1267000   280 10.16
0.433 0.0362 35.27 88.00  85 78   705000 1267000   280 10.16
0.438 0.0353 35.41 88.00  85 78   705000 1267000   280 10.16
0.444 0.0355 35.52 88.00  85 78   705000 1267000   280 10.16
0.449 0.0367 35.61 88.00  85 78   705000 1267000   280 10.16
0.453 0.0355 35.70 88.00  85 78   705000 1267000   280 10.16
0.458 0.0369 35.78 88.00  85 78   705000 1267000   280 10.16
0.462 0.0352 35.86 88.00  85 78   705000 1267000   280 10.16
0.467 0.0353 35.95 88.00  85 78   705000 1267000   280 10.16
0.471 0.0374 36.05 88.00  85 78   705000 1267000   280 10.16
0.475 0.0363 36.15 88.00  85 78   705000 1267000   280 10.16
0.478 0.0375 36.26 88.00  85 78   705000 1267000   280 10.16
0.482 0.0333 36.39 88.00  85 78   705000 1267000   280 10.16
0.485 0.0365 36.52 88.00  85 78   705000 1267000   280 10.16
0.489 0.0363 36.65 88.00  85 78   705000 1267000   280 10.16
0.492 0.0352 36.79 88.00  85 78   705000 1267000   280 10.16
0.495 0.0346 36.93 88.00  85 78   705000 1267000   280 10.16
0.498 0.0368 37.08 88.00  85 78   705000 1267000   280 10.16
0.501 0.0389 37.24 88.00  85 78   705000 1267000   280 10.16
0.503 0.0398 37.41 88.00  85 78   705000 1267000   280 10.16
0.506 0.0359 37.59 88.00  85 78   705000 1267000   280 10.16
0.508 0.0397 37.77 88.00  85 78   705000 1267000   280 10.16
0.511 0.0376 37.97 88.00  85 78   705000 1267000   280 10.16
0.513 0.0384 38.17 88.00  85 78   705000 1267000   280 10.16
0.515 0.0411 38.38 88.00  85 78   705000 1267000   280 10.16
0.517 0.0386 38.59 88.00  85 78   705000 1267000   280 10.16
0.519 0.0373 38.81 88.00  85 78   705000 1267000   280 10.16
0.521 0.0390 39.01 88.00  85 78   705000 1267000   280 10.16
0.523 0.0370 39.21 88.00  85 78   705000 1267000   280 10.16
0.525 0.0413 39.38 88.00  85 78   705000 1267000   280 10.16
0.527 0.0423 39.54 88.00  85 78   705000 1267000   280 10.16
0.528 0.0358 39.69 88.00  85 78   705000 1267000   280 10.16
0.530 0.0368 39.82 88.00  85 78   705000 1267000   280 10.16
0.532 0.0414 39.96 88.00  85 78   705000 1267000   280 10.16
0.534 0.0402 40.10 88.00  85 78   705000 1267000   280 10.16
0.536 0.0415 40.27 88.00  85 78   705000 1267000   280 10.16
0.537 0.0428 40.46 88.00  85 78   705000 1267000   280 10.16
0.539 0.0421 40.68 88.00  85 78   705000 1267000   280 10.16
0.541 0.0369 40.93 88.00  85 78   705000 1267000   280 10.16
0.543 0.0419 41.20 88.00  85 78   705000 1267000   280 10.16
0.544 0.0411 41.49 88.00  85 78   705000 1267000   280 10.16
0.546 0.0453 41.79 88.00  85 78   705000 1267000   280 10.16
0.548 0.0396 42.08 88.00  85 78   705000 1267000   280 10.16
0.550 0.0409 42.36 88.00  85 78   705000 1267000   280 10.16
0.552 0.0410 42.63 88.00  85 78   705000 1267000   280 10.16
0.553 0.0452 42.88 88.00  85 78   705000 1267000   280 10.16
0.555 0.0407 43.11 88.00  85 78   705000 1267000   280 10.16
0.557 0.0401 43.32 88.00  85 78   705000 1267000   280 10.16
0.559 0.0456 43.51 88.00  85 78   705000 1267000   280 10.16
0.560 0.0466 43.68 88.00  85 78   705000 1267000   280 10.16
0.562 0.0446 43.83 88.00  85 78   705000 1267000   280 10.16
0.564 0.0435 43.97 88.00  85 78   705000 1267000   280 10.16
0.566 0.0475 44.09 88.00  85 78   705000 1267000   280 10.16
0.568 0.0432 44.21 88.00  85 78   705000 1267000   280 10.16
0.569 0.0468 44.32 88.00  85 78   705000 1267000   280 10.16
0.571 0.0430 44.43 88.00  85 78   705000 1267000   280 10.16
0.573 0.0438 44.52 88.00  85 78   705000 1267000   280 10.16
0.575 0.0457 44.59 88.00  85 78   705000 1267000   280 10.16
0.577 0.0427 44.65 88.00  85 78   705000 1267000   280 10.16
0.578 0.0451 44.70 88.00  85 78   705000 1267000   280 10.16
0.580 0.0425 44.74 88.00  85 78   705000 1267000   280 10.16
0.582 0.0429 44.77 88.00  85 78   705000 1267000   280 10.16
0.584 0.0470 44.80 88.00  85 78   705000 1267000   280 10.16
0.585 0.0442 44.83 88.00  85 78   705000 1267000   280 10.16
0.587 0.0443 44.86 88.00  85 78   705000 1267000   280 10.16
0.589 0.0481 44.91 88.00  85 78   705000 1267000   280 10.16
0.591 0.0434 44.99 88.00  85 78   705000 1267000   280 10.16
0.593 0.0430 45.10 88.00  85 78   705000 1267000   280 10.16
0.594 0.0459 45.26 88.00  85 78   705000 1267000   280 10.16
0.596 0.0475 45.45 88.00  85 78   705000 1267000   280 10.16
0.598 0.0449 45.68 88.00  85 78   705000 1267000   280 10.16
0.600 0.0484 45.92 88.00  85 78   705000 1267000   280 10.16
0.601 0.0454 46.17 88.00  85 78   705000 1267000   280 10.16
0.603 0.0456 46.43 88.00  85 78   705000 1267000   280 10.16
0.605 0.0468 46.68 88.00  85 78   705000 1267000   280 10.16
0.607 0.0438 46.91 88.00  85 78   705000 1267000   280 10.16
0.609 0.0473 47.13 88.00  85 78   705000 1267000   280 10.16
0.610 0.0483 47.35 88.00  85 78   705000 1267000   280 10.16
0.612 0.0473 47.56 88.00  85 78   705000 1267000   280 10.16
0.614 0.0490 47.79 88.00  85 78   705000 1267000   280 10.16
0.616 0.0454 48.02 88.00  85 78   705000 1267000   280 10.16
0.617 0.0478 48.27 88.00  85 78   705000 1267000   280 10.16
0.619 0.0493 48.55 88.00  85 78   705000 1267000   280 10.16
0.621 0.0542 48.86 88.00  85 78   705000 1267000   280 10.16
0.623 0.0510 49.22 88.00  85 78   705000 1267000   280 10.16
0.625 0.0505 49.61 88.00  85 78   705000 1267000   280 10.16
0.626 0.0486 50.05 88.00  85 78   705000 1267000   280 10.16
0.628 0.0467 50.53 88.00  85 78   705000 1267000   280 10.16
0.630 0.0528 51.02 88.00  85 78   705000 1267000   280 10.16
0.632 0.0502 51.53 88.00  85 78   705000 1267000   280 10.16
0.633 0.0462 52.04 88.00  85 78   705000 1267000   280 10.16
0.635 0.0521 52.54 88.00  85 78   705000 1267000   280 10.16
0.637 0.0539 53.02 88.00  85 78   705000 1267000   280 10.16
0.639 0.0524 53.47 88.00  85 78   705000 1267000   280 10.16
0.641 0.0506 53.89 88.00  85 78   705000 1267000   280 10.16
0.642 0.0567 54.28 88.00  85 78   705000 1267000   280 10.16
0.644 0.0617 54.64 88.00  85 78   705000 1267000   280 10.16
0.646 0.0543 54.97 88.00  85 78   705000 1267000   280 10.16
0.648 0.0498 55.29 88.00  85 78   705000 1267000   280 10.16
0.649 0.0613 55.59 88.00  85 78   705000 1267000   280 10.16
0.651 0.0579 55.85 88.00  85 78   705000 1267000   280 10.16
0.653 0.0572 56.09 88.00  85 78   705000 1267000   280 10.16
0.655 0.0600 56.30 88.00  85 78   705000 1267000   280 10.16
0.657 0.0589 56.46 88.00  85 78   705000 1267000   280 10.16
0.658 0.0522 56.57 88.00  85 78   705000 1267000   280 10.16
0.660 0.0541 56.62 88.00  85 78   705000 1267000   280 10.16
0.662 0.0566 56.60 88.00  85 78   705000 1267000   280 10.16
0.664 0.0556 56.54 88.00  85 78   705000 1267000   280 10.16
0.665 0.0541 56.46 88.00  85 78   705000 1267000   280 10.16
0.667 0.0558 56.38 88.00  85 78   705000 1267000   280 10.16
0.669 0.0595 56.33 88.00  85 78   705000 1267000   280 10.16
0.671 0.0545 56.32 88.00  85 78   705000 1267000   280 10.16
0.673 0.0539 56.34 88.00  85 78   705000 1267000   280 10.16
0.674 0.0553 56.43 88.00  85 78   705000 1267000   280 10.16
0.676 0.0620 56.58 88.00  85 78   705000 1267000   280 10.16
0.678 0.0597 56.80 88.00  85 78   705000 1267000   280 10.16
0.680 0.0548 57.08 88.00  85 78   705000 1267000   280 10.16
0.681 0.0570 57.42 88.00  85 78   705000 1267000   280 10.16
0.683 0.0562 57.79 88.00  85 78   705000 1267000   280 10.16
0.685 0.0566 58.19 88.00  85 78   705000 1267000   280 10.16
0.687 0.0540 58.61 88.00  85 78   705000 1267000   280 10.16
0.689 0.0632 59.03 88.00  85 78   705000 1267000   280 10.16
0.690 0.0581 59.41 88.00  85 78   705000 1267000   280 10.16
0.692 0.0541 59.76 88.00  85 78   705000 1267000   280 10.16
0.694 0.0599 60.07 88.00  85 78   705000 1267000   280 10.16
0.696 0.0625 60.34 88.00  85 78   705000 1267000   280 10.16
0.698 0.0661 60.58 88.00  85 78   705000 1267000   280 10.16
0.699 0.0653 60.80 88.00  85 78   705000 1267000   280 10.16
0.701 0.0619 60.99 88.00  85 78   705000 1267000   280 10.16
0.703 0.0574 61.15 88.00  85 78   705000 1267000   280 10.16
0.705 0.0610 61.29 88.00  85 78   705000 1267000   280 10.16
0.706 0.0596 61.40 88.00  85 78   705000 1267000   280 10.16
0.708 0.0675 61.48 88.00  85 78   705000 1267000   280 10.16
0.710 0.0680 61.54 88.00  85 78   705000 1267000   280 10.16
0.712 0.0567 61.57 88.00  85 78   705000 1267000   280 10.16
0.714 0.0605 61.58 88.00  85 78   705000 1267000   280 10.16
0.715 0.0563 61.57 88.00  85 78   705000 1267000   280 10.16
0.717 0.0631 61.54 88.00  85 78   705000 1267000   280 10.16
0.719 0.0614 61.50 88.00  85 78   705000 1267000   280 10.16
0.721 0.0623 61.46 88.00  85 78   705000 1267000   280 10.16
0.722 0.0547 61.42 88.00  85 78   705000 1267000   280 10.16
0.724 0.0608 61.39 88.00  85 78   705000 1267000   280 10.16
0.726 0.0671 61.40 88.00  85 78   705000 1267000   280 10.16
0.728 0.0604 61.45 88.00  85 78   705000 1267000   280 10.16
0.730 0.0609 61.54 88.00  85 78   705000 1267000   280 10.16
0.731 0.0637 61.69 88.00  85 78   705000 1267000   280 10.16
0.733 0.0608 61.88 88.00  85 78   705000 1267000   280 10.16
0.735 0.0622 62.09 88.00  85 78   705000 1267000   280 10.16
0.737 0.0620 62.33 88.00  85 78   705000 1267000   280 10.16
0.738 0.0657 62.57 88.00  85 78   705000 1267000   280 10.16
0.740 0.0616 62.84 88.00  85 78   705000 1267000   280 10.16
0.742 0.0663 63.12 88.00  85 78   705000 1267000   280 10.16
0.744 0.0567 63.43 88.00  85 78   705000 1267000   280 10.16
0.746 0.0665 63.73 88.00  85 78   705000 1267000   280 10.16
0.747 0.0663 64.04 88.00  85 78   705000 1267000   280 10.16
0.749 0.0611 64.33 88.00  85 78   705000 1267000   280 10.16
0.751 0.0630 64.63 88.00  85 78   705000 1267000   280 10.16
0.753 0.0604 64.94 88.00  85 78   705000 1267000   280 10.16
0.754 0.0673 65.26 88.00  85 78   705000 1267000   280 10.16
0.756 0.0714 65.59 88.00  85 78   705000 1267000   280 10.16
0.758 0.0624 65.93 88.00  85 78   705000 1267000   280 10.16
0.760 0.0720 66.26 88.00  85 78   705000 1267000   280 10.16
0.762 0.0646 66.60 88.00  85 78   705000 1267000   280 10.16
0.763 0.0673 66.94 88.00  85 78   705000 1267000   280 10.16
0.765 0.0633 67.28 88.00  85 78   705000 1267000   280 10.16
0.767 0.0672 67.60 88.00  85 78   705000 1267000   280 10.16
0.769 0.0698 67.91 88.00  85 78   705000 1267000   280 10.16
0.770 0.0674 68.19 88.00  85 78   705000 1267000   280 10.16
0.772 0.0692 68.44 88.00  85 78   705000 1267000   280 10.16
0.774 0.0689 68.65 88.00  85 78   705000 1267000   280 10.16
0.776 0.0723 68.83 88.00  85 78   705000 1267000   280 10.16
0.778 0.0662 68.96 88.00  85 78   705000 1267000   280 10.16
0.779 0.0688 69.03 88.00  85 78   705000 1267000   280 10.16
0.781 0.0661 69.04 88.00  85 78   705000 1267000   280 10.16
0.783 0.0719 68.99 88.00  85 78   705000 1267000   280 10.16
0.785 0.0690 68.90 88.00  85 78   705000 1267000   280 10.16
0.786 0.0710 68.77 88.00  85 78   705000 1267000   280 10.16
0.788 0.0717 68.62 88.00  85 78   705000 1267000   280 10.16
0.790 0.0609 68.46 88.00  85 78   705000 1267000   280 10.16
0.792 0.0736 68.32 88.00  85 78   705000 1267000   280 10.16
0.794 0.0652 68.18 88.00  85 78   705000 1267000   280 10.16
0.795 0.0743 68.06 88.00  85 78   705000 1267000   280 10.16
0.797 0.0701 67.97 88.00  85 78   705000 1267000   280 10.16
0.799 0.0660 67.91 88.00  85 78   705000 1267000   280 10.16
0.801 0.0634 67.89 88.00  85 78   705000 1267000   280 10.16
0.802 0.0652 67.91 88.00  85 78   705000 1267000   280 10.16
0.804 0.0711 67.96 88.00  85 78   705000 1267000   280 10.16
0.806 0.0647 68.04 88.00  85 78   705000 1267000   280 10.16
0.808 0.0689 68.14 88.00  85 78   705000 1267000   280 10.16
0.810 0.0649 68.28 88.00  85 78   705000 1267000   280 10.16
0.811 0.0660 68.43 88.00  85 78   705000 1267000   280 10.16
0.813 0.0624 68.59 88.00  85 78   705000 1267000   280 10.16
0.815 0.0709 68.75 88.00  85 78   705000 1267000   280 10.16
0.817 0.0752 68.94 88.00  85 78   705000 1267000   280 10.16
0.819 0.0721 69.14 88.00  85 78   705000 1267000   280 10.16
0.820 0.0679 69.35 88.00  85 78   705000 1267000   280 10.16
0.822 0.0719 69.56 88.00  85 78   705000 1267000   280 10.16
0.824 0.0740 69.76 88.00  85 78   705000 1267000   280 10.16
0.826 0.0685 69.93 88.00  85 78   705000 1267000   280 10.16
0.827 0.0688 70.08 88.00  85 78   705000 1267000   280 10.16
0.829 0.0706 70.18 88.00  85 78   705000 1267000   280 10.16
0.831 0.0694 70.22 88.00  85 78   705000 1267000   280 10.16
0.833 0.0724 70.19 88.00  85 78   705000 1267000   280 10.16
0.835 0.0677 70.08 88.00  85 78   705000 1267000   280 10.16
0.836 0.0640 69.90 88.00  85 78   705000 1267000   280 10.16
0.838 0.0745 69.67 88.00  85 78   705000 1267000   280 10.16
0.840 0.0673 69.39 88.00  85 78   705000 1267000   280 10.16
0.842 0.0743 69.07 88.00  85 78   705000 1267000   280 10.16
0.843 0.0712 68.73 88.00  85 78   705000 1267000   280 10.16
0.845 0.0604 68.39 88.00  85 78   705000 1267000   280 10.16
0.847 0.0661 68.07 88.00  85 78   705000 1267000   280 10.16
0.849 0.0748 67.78 88.00  85 78   705000 1267000   280 10.16
0.851 0.0738 67.53 88.00  85 78   705000 1267000   280 10.16
0.852 0.0654 67.32 88.00  85 78   705000 1267000   280 10.16
0.854 0.0620 67.14 88.00  85 78   705000 1267000   280 10.16
0.856 0.0647 66.98 88.00  85 78   705000 1267000   280 10.16
0.858 0.0687 66.84 88.00  85 78   705000 1267000   280 10.16
0.859 0.0696 66.72 88.00  85 78   705000 1267000   280 10.16
0.861 0.0606 66.61 88.00  85 78   705000 1267000   280 10.16
0.863 0.0645 66.50 88.00  85 78   705000 1267000   280 10.16
0.865 0.0648 66.38 88.00  85 78   705000 1267000   280 10.16
0.867 0.0671 66.27 88.00  85 78   705000 1267000   280 10.16
0.868 0.0678 66.17 88.00  85 78   705000 1267000   280 10.16
0.870 0.0674 66.06 88.00  85 78   705000 1267000   280 10.16
0.872 0.0639 65.97 88.00  85 78   705000 1267000   280 10.16
0.874 0.0662 65.87 88.00  85 78   705000 1267000   280 10.16
0.875 0.0643 65.78 88.00  85 78   705000 1267000   280 10.16
0.877 0.0742 65.69 88.00  85 78   705000 1267000   280 10.16
0.879 0.0673 65.60 88.00  85 78   705000 1267000   280 10.16
0.881 0.0650 65.51 88.00  85 78   705000 1267000   280 10.16
0.883 0.0635 65.43 88.00  85 78   705000 1267000   280 10.16
0.884 0.0636 65.36 88.00  85 78   705000 1267000   280 10.16
0.886 0.0684 65.31 88.00  85 78   705000 1267000   280 10.16
0.888 0.0702 65.26 88.00  85 78   705000 1267000   280 10.16
0.890 0.0593 65.21 88.00  85 78   705000 1267000   280 10.16
0.891 0.0601 65.18 88.00  85 78   705000 1267000   280 10.16
0.893 0.0683 65.19 88.00  85 78   705000 1267000   280 10.16
0.895 0.0622 65.22 88.00  85 78   705000 1267000   280 10.16
0.897 0.0631 65.28 88.00  85 78   705000 1267000   280 10.16
0.899 0.0677 65.38 88.00  85 78   705000 1267000   280 10.16
0.900 0.0656 65.51 88.00  85 78   705000 1267000   280 10.16
0.902 0.0647 65.68 88.00  85 78   705000 1267000   280 10.16
0.904 0.0676 65.91 88.00  85 78   705000 1267000   280 10.16
0.906 0.0627 66.17 88.00  85 78   705000 1267000   280 10.16
0.907 0.0671 66.47 88.00  85 78   705000 1267000   280 10.16
0.909 0.0660 66.81 88.00  85 78   705000 1267000   280 10.16
0.911 0.0723 67.16 88.00  85 78   705000 1267000   280 10.16
0.913 0.0667 67.53 88.00  85 78   705000 1267000   280 10.16
0.915 0.0738 67.89 88.00  85 78   705000 1267000   280 10.16
0.916 0.0660 68.25 88.00  85 78   705000 1267000   280 10.16
0.918 0.0615 68.61 88.00  85 78   705000 1267000   280 10.16
0.920 0.0755 68.98 88.00  85 78   705000 1267000   280 10.16
0.922 0.0709 69.37 88.00  85 78   705000 1267000   280 10.16
0.923 0.0679 69.79 88.00  85 78   705000 1267000   280 10.16
0.925 0.0719 70.24 88.00  85 78   705000 1267000   280 10.16
0.927 0.0673 70.72 88.00  85 78   705000 1267000   280 10.16
0.929 0.0715 71.24 88.00  85 78   705000 1267000   280 10.16
0.931 0.0710 71.83 88.00  85 78   705000 1267000   280 10.16
0.932 0.0713 72.47 88.00  85 78   705000 1267000   280 10.16
0.934 0.0802 73.19 88.00  85 78   705000 1267000   280 10.16
0.936 0.0711 73.98 88.00  85 78   705000 1267000   280 10.16
0.938 0.0736 74.83 88.00  85 78   705000 1267000   280 10.16
0.940 0.0749 75.75 88.00  85 78   705000 1267000   280 10.16
0.941 0.0736 76.76 88.00  85 78   705000 1267000   280 10.16
0.943 0.0786 77.87 88.00  85 78   705000 1267000   280 10.16
0.945 0.0798 79.09 88.00  85 78   705000 1267000   280 10.16
0.947 0.0763 80.43 88.00  85 78   705000 1267000   280 10.16
0.948 0.0868 81.88 88.00  85 78   705000 1267000   280 10.16
0.950 0.0867 83.46 88.00  85 78   705000 1267000   280 10.16
0.952 0.0844 85.15 88.00  85 78   705000 1267000   280 10.16
0.954 0.0888 86.96 88.00  85 78   705000 1267000   280 10.16
0.956 0.0898 88.88 88.00  85 78   705000 1267000   280 10.16
0.957 0.0884 90.92 88.00  85 78   705000 1267000   280 10.16
0.959 0.0898 93.07 88.00  85 78   705000 1267000   280 10.16
0.961 0.0922 95.31 88.00  85 78   705000 1267000   280 10.16
0.963 0.1010 97.67 88.00  85 78   705000 1267000   280 10.16
0.964 0.1033 100.13 88.00  85 78   705000 1267000   280 10.16
0.966 0.0988 102.71 88.00  85 78   705000 1267000   280 10.16
0.968 0.1055 105.40 88.00  85 78   705000 1267000   280 10.16
0.970 0.1039 108.23 88.00  85 78   705000 1267000   280 10.16
0.972 0.1106 111.20 88.00  85 78   705000 1267000   280 10.16
0.973 0.1219 114.33 88.00  85 78   705000 1267000   280 10.16
0.975 0.1193 117.63 88.00  85 78   705000 1267000   280 10.16
0.977 0.1240 121.11 88.00  85 78   705000 1267000   280 10.16
0.979 0.1206 124.77 88.00  85 78   705000 1267000   280 10.16
0.980 0.1345 128.60 88.00  85 78   705000 1267000   280 10.16
0.982 0.1206 132.58 88.00  85 78   705000 1267000   280 10.16
0.984 0.1411 136.67 88.00  85 78   705000 1267000   280 10.16
0.986 0.1352 140.90 88.00  85 78   705000 1267000   280 10.16
0.988 0.1487 145.25 88.00  85 78   705000 1267000   280 10.16
0.989 0.1427 149.70 88.00  85 78   705000 1267000   280 10.16
0.991 0.1555 154.25 88.00  85 78   705000 1267000   280 10.16
0.993 0.1562 158.90 88.00  85 78   705000 1267000   280 10.16
0.995 0.1657 163.62 88.00  85 78   705000 1267000   280 10.16
0.996 0.1679 168.39 88.00  85 78   705000 1267000   280 10.16
0.998 0.1740 173.23 88.00  85 78   705000 1267000   280 10.16
1.000 0.1751 178.11 88.00  85 78   705000 1267000   280 10.16
1.002 0.1856 183.04 88.00  85 78   705000 1267000   280 10.16
1.004 0.1979 187.97 88.00  85 78   705000 1267000   280 10.16
1.005 0.1937 192.87 88.00  85 78   705000 1267000   280 10.16
1.007 0.1874 197.69 88.00  85 78   705000 1267000   280 10.16
1.009 0.2047 202.41 88.00  85 78   705000 1267000   280 10.16
1.011 0.2065 207.00 88.00  85 78   705000 1267000   280 10.16
1.012 0.2130 211.44 88.00  85 78   705000 1267000   280 10.16
1.014 0.2097 215.71 88.00  85 78   705000 1267000   280 10.16
1.016 0.2172 219.80 88.00  85 78   705000 1267000   280 10.16
1.018 0.2246 223.68 88.00  85 78   705000 1267000   280 10.16
1.020 0.2410 227.33 88.00  85 78   705000 1267000   280 10.16
1.021 0.2340 230.73 88.00  85 78   705000 1267000   280 10.16
1.023 0.2210 233.88 88.00  85 78   705000 1267000   280 10.16
1.025 0.2334 236.75 88.00  85 78   705000 1267000   280 10.16
1.027 0.2447 239.32 88.00  85 78   705000 1267000   280 10.16
1.028 0.2454 241.59 88.00  85 78   705000 1267000   280 10.16
1.030 0.2400 243.54 88.00  85 78   705000 1267000   280 10.16
1.032 0.2492 245.15 88.00  85 78   705000 1267000   280 10.16
1.034 0.2573 246.42 88.00  85 78   705000 1267000   280 10.16
1.036 0.2431 247.32 88.00  85 78   705000 1267000   280 10.16
1.037 0.2391 247.83 88.00  85 78   705000 1267000   280 10.16
1.039 0.2386 247.94 88.00  85 78   705000 1267000   280 10.16
1.041 0.2556 247.65 88.00  85 78   705000 1267000   280 10.16
1.043 0.2532 246.95 88.00  85 78   705000 1267000   280 10.16
1.044 0.2658 245.89 88.00  85 78   705000 1267000   280 10.16
1.046 0.2337 244.51 88.00  85 78   705000 1267000   280 10.16
1.048 0.2394 242.82 88.00  85 78   705000 1267000   280 10.16
1.050 0.2465 240.86 88.00  85 78   705000 1267000   280 10.16
1.052 0.2274 238.63 88.00  85 78   705000 1267000   280 10.16
1.053 0.2297 236.14 88.00  85 78   705000 1267000   280 10.16
1.055 0.2555 233.41 88.00  85 78   705000 1267000   280 10.16
1.057 0.2244 230.44 88.00  85 78   705000 1267000   280 10.16
1.059 0.2282 227.25 88.00  85 78   705000 1267000   280 10.16
1.060 0.2169 223.89 88.00  85 78   705000 1267000   280 10.16
1.062 0.2270 220.41 88.00  85 78   705000 1267000   280 10.16
1.064 0.2147 216.82 88.00  85 78   705000 1267000   280 10.16
1.066 0.2089 213.13 88.00  85 78   705000 1267000   280 10.16
1.068 0.2078 209.36 88.00  85 78   705000 1267000   280 10.16
1.069 0.2065 205.55 88.00  85 78   705000 1267000   280 10.16
1.071 0.1914 201.71 88.00  85 78   705000 1267000   280 10.16
1.073 0.2034 197.87 88.00  85 78   705000 1267000   280 10.16
1.075 0.1935 194.04 88.00  85 78   705000 1267000   280 10.16
1.077 0.1972 190.24 88.00  85 78   705000 1267000   280 10.16
1.078 0.1918 186.48 88.00  85 78   705000 1267000   280 10.16
1.080 0.1809 182.73 88.00  85 78   705000 1267000   280 10.16
1.082 0.1723 178.98 88.00  85 78   705000 1267000   280 10.16
1.084 0.1789 175.23 88.00  85 78   705000 1267000   280 10.16
1.085 0.1599 171.52 88.00  85 78   705000 1267000   280 10.16
1.087 0.1697 167.84 88.00  85 78   705000 1267000   280 10.16
1.089 0.1604 164.22 88.00  85 78   705000 1267000   280 10.16
1.091 0.1661 160.65 88.00  85 78   705000 1267000   280 10.16
1.093 0.1670 157.14 88.00  85 78   705000 1267000   280 10.16
1.094 0.1487 153.66 88.00  85 78   705000 1267000   280 10.16
1.096 0.1490 150.21 88.00  85 78   705000 1267000   280 10.16
1.098 0.1461 146.82 88.00  85 78   705000 1267000   280 10.16
1.100 0.1430 143.50 88.00  85 78   705000 1267000   280 10.16
1.101 0.1422 140.24 88.00  85 78   705000 1267000   280 10.16
1.103 0.1431 137.07 88.00  85 78   705000 1267000   280 10.16
1.105 0.1282 133.98 88.00  85 78   705000 1267000   280 10.16
1.107 0.1229 130.97 88.00  85 78   705000 1267000   280 10.16
1.109 0.1347 128.06 88.00  85 78   705000 1267000   280 10.16
1.110 0.1228 125.22 88.00  85 78   705000 1267000   280 10.16
1.112 0.1265 122.45 88.00  85 78   705000 1267000   280 10.16
1.114 0.1136 119.73 88.00  85 78   705000 1267000   280 10.16
1.116 0.1182 117.08 88.00  85 78   705000 1267000   280 10.16
1.117 0.1183 114.50 88.00  85 78   705000 1267000   280 10.16
1.119 0.1095 112.00 88.00  85 78   705000 1267000   280 10.16
1.121 0.1064 109.60 88.00  85 78   705000 1267000   280 10.16
1.123 0.1146 107.32 88.00  85 78   705000 1267000   280 10.16
1.125 0.1058 105.13 88.00  85 78   705000 1267000   280 10.16
1.126 0.0983 103.04 88.00  85 78   705000 1267000   280 10.16
1.128 0.0966 101.03 88.00  85 78   705000 1267000   280 10.16
1.130 0.1021 99.08 88.00  85 78   705000 1267000   280 10.16
1.132 0.1004 97.18 88.00  85 78   705000 1267000   280 10.16
1.133 0.0953 95.33 88.00  85 78   705000 1267000   280 10.16
1.135 0.0944 93.56 88.00  85 78   705000 1267000   280 10.16
1.137 0.0890 91.84 88.00  85 78   705000 1267000   280 10.16
1.139 0.0928 90.19 88.00  85 78   705000 1267000   280 10.16
1.141 0.0852 88.59 88.00  85 78   705000 1267000   280 10.16
1.142 0.0888 87.06 88.00  85 78   705000 1267000   280 10.16
1.144 0.0827 85.59 88.00  85 78   705000 1267000   280 10.16
1.146 0.0862 84.19 88.00  85 78   705000 1267000   280 10.16
1.148 0.0867 82.86 88.00  85 78   705000 1267000   280 10.16
1.149 0.0789 81.60 88.00  85 78   705000 1267000   280 10.16
1.151 0.0792 80.41 88.00  85 78   705000 1267000   280 10.16
1.153 0.0824 79.29 88.00  85 78   705000 1267000   280 10.16
1.155 0.0801 78.25 88.00  85 78   705000 1267000   280 10.16
1.157 0.0718 77.27 88.00  85 78   705000 1267000   280 10.16
1.158 0.0777 76.35 88.00  85 78   705000 1267000   280 10.16
1.160 0.0746 75.49 88.00  85 78   705000 1267000   280 10.16
1.162 0.0738 74.69 88.00  85 78   705000 1267000   280 10.16
1.164 0.0732 73.94 88.00  85 78   705000 1267000   280 10.16
1.165 0.0738 73.25 88.00  85 78   705000 1267000   280 10.16
1.167 0.0744 72.63 88.00  85 78   705000 1267000   280 10.16
1.169 0.0698 72.06 88.00  85 78   705000 1267000   280 10.16
1.171 0.0742 71.53 88.00  85 78   705000 1267000   280 10.16
1.173 0.0700 71.04 88.00  85 78   705000 1267000   280 10.16
1.174 0.0711 70.60 88.00  85 78   705000 1267000   280 10.16
1.176 0.0654 70.19 88.00  85 78   705000 1267000   280 10.16
1.178 0.0737 69.83 88.00  85 78   705000 1267000   280 10.16
1.180 0.0704 69.50 88.00  85 78   705000 1267000   280 10.16
1.181 0.0733 69.20 88.00  85 78   705000 1267000   280 10.16
1.183 0.0666 68.93 88.00  85 78   705000 1267000   280 10.16
1.185 0.0659 68.69 88.00  85 78   705000 1267000   280 10.16
1.187 0.0704 68.47 88.00  85 78   705000 1267000   280 10.16
1.189 0.0686 68.27 88.00  85 78   705000 1267000   280 10.16
1.190 0.0663 68.09 88.00  85 78   705000 1267000   280 10.16
1.192 0.0643 67.93 88.00  85 78   705000 1267000   280 10.16
1.194 0.0731 67.77 88.00  85 78   705000 1267000   280 10.16
1.196 0.0673 67.64 88.00  85 78   705000 1267000   280 10.16
1.198 0.0669 67.53 88.00  85 78   705000 1267000   280 10.16
1.199 0.0687 67.44 88.00  85 78   705000 1267000   280 10.16
1.201 0.0664 67.37 88.00  85 78   705000 1267000   280 10.16
1.203 0.0653 67.31 88.00  85 78   705000 1267000   280 10.16
1.205 0.0669 67.27 88.00  85 78   705000 1267000   280 10.16
1.206 0.0684 67.22 88.00  85 78   705000 1267000   280 10.16
1.208 0.0666 67.19 88.00  85 78   705000 1267000   280 10.16
1.210 0.0680 67.16 88.00  85 78   705000 1267000   280 10.16
1.212 0.0670 67.14 88.00  85 78   705000 1267000   280 10.16
1.214 0.0690 67.12 88.00  85 78   705000 1267000   280 10.16
1.215 0.0677 67.09 88.00  85 78   705000 1267000   280 10.16
1.217 0.0641 67.07 88.00  85 78   705000 1267000   280 10.16
1.219 0.0706 67.03 88.00  85 78   705000 1267000   280 10.16
1.221 0.0652 67.00 88.00  85 78   705000 1267000   280 10.16
1.222 0.0659 66.96 88.00  85 78   705000 1267000   280 10.16
1.224 0.0669 66.92 88.00  85 78   705000 1267000   280 10.16
1.226 0.0676 66.88 88.00  85 78   705000 1267000   280 10.16
1.228 0.0667 66.83 88.00  85 78   705000 1267000   280 10.16
1.230 0.0693 66.78 88.00  85 78   705000 1267000   280 10.16
1.231 0.0645 66.73 88.00  85 78   705000 1267000   280 10.16
1.233 0.0670 66.67 88.00  85 78   705000 1267000   280 10.16
1.235 0.0665 66.61 88.00  85 78   705000 1267000   280 10.16
1.237 0.0651 66.54 88.00  85 78   705000 1267000   280 10.16
1.238 0.0681 66.49 88.00  85 78   705000 1267000   280 10.16
1.240 0.0663 66.44 88.00  85 78   705000 1267000   280 10.16
1.242 0.0644 66.39 88.00  85 78   705000 1267000   280 10.16
1.244 0.0687 66.35 88.00  85 78   705000 1267000   280 10.16
1.246 0.0652 66.31 88.00  85 78   705000 1267000   280 10.16
1.247 0.0670 66.28 88.00  85 78   705000 1267000   280 10.16
1.249 0.0663 66.25 88.00  85 78   705000 1267000   280 10.16
1.251 0.0661 66.23 88.00  85 78   705000 1267000   280 10.16
1.253 0.0677 66.20 88.00  85 78   705000 1267000   280 10.16
1.254 0.0654 66.17 88.00  85 78   705000 1267000   280 10.16
1.256 0.0641 66.15 88.00  85 78   705000 1267000   280 10.16
1.258 0.0655 66.14 88.00  85 78   705000 1267000   280 10.16
1.260 0.0687 66.13 88.00  85 78   705000 1267000   280 10.16
1.262 0.0640 66.13 88.00  85 78   705000 1267000   280 10.16
1.263 0.0658 66.14 88.00  85 78   705000 1267000   280 10.16
1.265 0.0694 66.14 88.00  85 78   705000 1267000   280 10.16
1.267 0.0640 66.14 88.00  85 78   705000 1267000   280 10.16
1.269 0.0675 66.14 88.00  85 78   705000 1267000   280 10.16
1.270 0.0653 66.13 88.00  85 78   705000 1267000   280 10.16
1.272 0.0664 66.13 88.00  85 78   705000 1267000   280 10.16
1.274 0.0647 66.12 88.00  85 78   705000 1267000   280 10.16
1.276 0.0658 66.11 88.00  85 78   705000 1267000   280 10.16
1.278 0.0676 66.11 88.00  85 78   705000 1267000   280 10.16
1.279 0.0660 66.10 88.00  85 78   705000 1267000   280 10.16
1.281 0.0686 66.10 88.00  85 78   705000 1267000   280 10.16
1.283 0.0629 66.09 88.00  85 78   705000 1267000   280 10.16
1.285 0.0664 66.09 88.00  85 78   705000 1267000   280 10.16
1.286 0.0663 66.09 88.00  85 78   705000 1267000   280 10.16
1.288 0.0666 66.10 88.00  85 78   705000 1267000   280 10.16
1.290 0.0674 66.11 88.00  85 78   705000 1267000   280 10.16
1.292 0.0676 66.13 88.00  85 78   705000 1267000   280 10.16
1.294 0.0638 66.16 88.00  85 78   705000 1267000   280 10.16
1.295 0.0659 66.19 88.00  85 78   705000 1267000   280 10.16
1.297 0.0651 66.23 88.00  85 78   705000 1267000   280 10.16
1.299 0.0645 66.28 88.00  85 78   705000 1267000   280 10.16
1.301 0.0667 66.32 88.00  85 78   705000 1267000   280 10.16
1.302 0.0692 66.36 88.00  85 78   705000 1267000   280 10.16
1.304 0.0652 66.40 88.00  85 78   705000 1267000   280 10.16
1.306 0.0667 66.45 88.00  85 78   705000 1267000   280 10.16
1.308 0.0670 66.52 88.00  85 78   705000 1267000   280 10.16
1.310 0.0675 66.59 88.00  85 78   705000 1267000   280 10.16
1.311 0.0647 66.69 88.00  85 78   705000 1267000   280 10.16
1.313 0.0676 66.81 88.00  85 78   705000 1267000   280 10.16
1.315 0.0672 66.94 88.00  85 78   705000 1267000   280 10.16
1.317 0.0684 67.08 88.00  85 78   705000 1267000   280 10.16
1.319 0.0677 67.24 88.00  85 78   705000 1267000   280 10.16
1.320 0.0651 67.40 88.00  85 78   705000 1267000   280 10.16
1.322 0.0685 67.57 88.00  85 78   705000 1267000   280 10.16
1.324 0.0682 67.74 88.00  85 78   705000 1267000   280 10.16
1.326 0.0646 67.91 88.00  85 78   705000 1267000   280 10.16
1.327 0.0689 68.07 88.00  85 78   705000 1267000   280 10.16
1.329 0.0689 68.22 88.00  85 78   705000 1267000   280 10.16
1.331 0.0679 68.37 88.00  85 78   705000 1267000   280 10.16
1.333 0.0686 68.53 88.00  85 78   705000 1267000   280 10.16
1.335 0.0657 68.68 88.00  85 78   705000 1267000   280 10.16
1.336 0.0715 68.84 88.00  85 78   705000 1267000   280 10.16
1.338 0.0727 69.01 88.00  85 78   705000 1267000   280 10.16
1.340 0.0691 69.19 88.00  85 78   705000 1267000   280 10.16
1.342 0.0683 69.36 88.00  85 78   705000 1267000   280 10.16
1.343 0.0691 69.54 88.00  85 78   705000 1267000   280 10.16
1.345 0.0705 69.71 88.00  85 78   705000 1267000   280 10.16
1.347 0.0715 69.88 88.00  85 78   705000 1267000   280 10.16
1.349 0.0659 70.04 88.00  85 78   705000 1267000   280 10.16
1.351 0.0723 70.18 88.00  85 78   705000 1267000   280 10.16
1.352 0.0694 70.32 88.00  85 78   705000 1267000   280 10.16
1.354 0.0714 70.45 88.00  85 78   705000 1267000   280 10.16
1.356 0.0673 70.57 88.00  85 78   705000 1267000   280 10.16
1.358 0.0702 70.68 88.00  85 78   705000 1267000   280 10.16
1.359 0.0739 70.79 88.00  85 78   705000 1267000   280 10.16
1.361 0.0685 70.90 88.00  85 78   705000 1267000   280 10.16
1.363 0.0714 71.00 88.00  85 78   705000 1267000   280 10.16
1.365 0.0749 71.11 88.00  85 78   705000 1267000   280 10.16
1.367 0.0710 71.21 88.00  85 78   705000 1267000   280 10.16
1.368 0.0668 71.31 88.00  85 78   705000 1267000   280 10.16
1.370 0.0757 71.39 88.00  85 78   705000 1267000   280 10.16
1.372 0.0708 71.47 88.00  85 78   705000 1267000   280 10.16
1.374 0.0734 71.54 88.00  85 78   705000 1267000   280 10.16
1.375 0.0668 71.58 88.00  85 78   705000 1267000   280 10.16
1.377 0.0738 71.61 88.00  85 78   705000 1267000   280 10.16
1.379 0.0702 71.62 88.00  85 78   705000 1267000   280 10.16
1.381 0.0732 71.61 88.00  85 78   705000 1267000   280 10.16
1.383 0.0702 71.59 88.00  85 78   705000 1267000   280 10.16
1.384 0.0731 71.56 88.00  85 78   705000 1267000   280 10.16
1.386 0.0747 71.52 88.00  85 78   705000 1267000   280 10.16
1.388 0.0701 71.49 88.00  85 78   705000 1267000   280 10.16
1.390 0.0665 71.46 88.00  85 78   705000 1267000   280 10.16
1.391 0.0744 71.42 88.00  85 78   705000 1267000   280 10.16
1.393 0.0723 71.38 88.00  85 78   705000 1267000   280 10.16
1.395 0.0710 71.33 88.00  85 78   705000 1267000   280 10.16
1.397 0.0717 71.26 88.00  85 78   705000 1267000   280 10.16
1.399 0.0689 71.18 88.00  85 78   705000 1267000   280 10.16
1.400 0.0708 71.10 88.00  85 78   705000 1267000   280 10.16
1.402 0.0718 71.03 88.00  85 78   705000 1267000   280 10.16
1.404 0.0717 70.96 88.00  85 78   705000 1267000   280 10.16
1.406 0.0711 70.91 88.00  85 78   705000 1267000   280 10.16
1.407 0.0707 70.88 88.00  85 78   705000 1267000   280 10.16
1.409 0.0716 70.86 88.00  85 78   705000 1267000   280 10.16
1.411 0.0711 70.85 88.00  85 78   705000 1267000   280 10.16
1.413 0.0688 70.85 88.00  85 78   705000 1267000   280 10.16
1.415 0.0720 70.87 88.00  85 78   705000 1267000   280 10.16
1.416 0.0721 70.89 88.00  85 78   705000 1267000   280 10.16
1.418 0.0685 70.91 88.00  85 78   705000 1267000   280 10.16
1.420 0.0743 70.92 88.00  85 78   705000 1267000   280 10.16
1.422 0.0700 70.91 88.00  85 78   705000 1267000   280 10.16
1.423 0.0637 70.89 88.00  85 78   705000 1267000   280 10.16
1.425 0.0716 70.85 88.00  85 78   705000 1267000   280 10.16
1.427 0.0708 70.81 88.00  85 78   705000 1267000   280 10.16
1.429 0.0727 70.77 88.00  85 78   705000 1267000   280 10.16
1.431 0.0722 70.73 88.00  85 78   705000 1267000   280 10.16
1.432 0.0743 70.69 88.00  85 78   705000 1267000   280 10.16
1.434 0.0721 70.64 88.00  85 78   705000 1267000   280 10.16
1.436 0.0720 70.60 88.00  85 78   705000 1267000   280 10.16
1.438 0.0695 70.57 88.00  85 78   705000 1267000   280 10.16
1.440 0.0673 70.54 88.00  85 78   705000 1267000   280 10.16
1.441 0.0701 70.50 88.00  85 78   705000 1267000   280 10.16
1.443 0.0700 70.46 88.00  85 78   705000 1267000   280 10.16
1.445 0.0745 70.42 88.00  85 78   705000 1267000   280 10.16
1.447 0.0662 70.39 88.00  85 78   705000 1267000   280 10.16
1.448 0.0692 70.36 88.00  85 78   705000 1267000   280 10.16
1.450 0.0722 70.35 88.00  85 78   705000 1267000   280 10.16
1.452 0.0662 70.35 88.00  85 78   705000 1267000   280 10.16
1.454 0.0710 70.37 88.00  85 78   705000 1267000   280 10.16
1.456 0.0724 70.40 88.00  85 78   705000 1267000   280 10.16
1.457 0.0718 70.45 88.00  85 78   705000 1267000   280 10.16
1.459 0.0713 70.52 88.00  85 78   705000 1267000   280 10.16
1.461 0.0699 70.60 88.00  85 78   705000 1267000   280 10.16
1.463 0.0702 70.70 88.00  85 78   705000 1267000   280 10.16
1.464 0.0680 70.81 88.00  85 78   705000 1267000   280 10.16
1.466 0.0716 70.94 88.00  85 78   705000 1267000   280 10.16
1.468 0.0734 71.05 88.00  85 78   705000 1267000   280 10.16
1.470 0.0711 71.16 88.00  85 78   705000 1267000   280 10.16
1.472 0.0712 71.25 88.00  85 78   705000 1267000   280 10.16
1.473 0.0677 71.33 88.00  85 78   705000 1267000   280 10.16
1.475 0.0737 71.41 88.00  85 78   705000 1267000   280 10.16
1.477 0.0748 71.47 88.00  85 78   705000 1267000   280 10.16
1.479 0.0704 71.52 88.00  85 78   705000 1267000   280 10.16
1.480 0.0748 71.56 88.00  85 78   705000 1267000   280 10.16
1.482 0.0678 71.59 88.00  85 78   705000 1267000   280 10.16
1.484 0.0707 71.60 88.00  85 78   705000 1267000   280 10.16
1.486 0.0745 71.61 88.00  85 78   705000 1267000   280 10.16
1.488 0.0673 71.62 88.00  85 78   705000 1267000   280 10.16
1.489 0.0741 71.62 88.00  85 78   705000 1267000   280 10.16
1.491 0.0671 71.61 88.00  85 78   705000 1267000   280 10.16
1.493 0.0738 71.60 88.00  85 78   705000 1267000   280 10.16
1.495 0.0749 71.59 88.00  85 78   705000 1267000   280 10.16
1.496 0.0717 71.58 88.00  85 78   705000 1267000   280 10.16
1.498 0.0719 71.58 88.00  85 78   705000 1267000   280 10.16
1.500 0.0709 71.58 88.00  85 78   705000 1267000   280 10.16
1.502 0.0696 71.57 88.00  85 78   705000 1267000   280 10.16
1.504 0.0712 71.58 88.00  85 78   705000 1267000   280 10.16
1.505 0.0765 71.58 88.00  85 78   705000 1267000   280 10.16
1.507 0.0689 71.58 88.00  85 78   705000 1267000   280 10.16
1.509 0.0670 71.58 88.00  85 78   705000 1267000   280 10.16
1.511 0.0730 71.58 88.00  85 78   705000 1267000   280 10.16
1.512 0.0709 71.58 88.00  85 78   705000 1267000   280 10.16
1.514 0.0726 71.58 88.00  85 78   705000 1267000   280 10.16
1.516 0.0754 71.57 88.00  85 78   705000 1267000   280 10.16
1.518 0.0723 71.55 88.00  85 78   705000 1267000   280 10.16
1.520 0.0680 71.52 88.00  85 78   705000 1267000   280 10.16
1.521 0.0714 71.50 88.00  85 78   705000 1267000   280 10.16
1.523 0.0706 71.49 88.00  85 78   705000 1267000   280 10.16
1.525 0.0732 71.49 88.00  85 78   705000 1267000   280 10.16
1.527 0.0735 71.49 88.00  85 78   705000 1267000   280 10.16
1.528 0.0732 71.48 88.00  85 78   705000 1267000   280 10.16
1.530 0.0680 71.47 88.00  85 78   705000 1267000   280 10.16
1.532 0.0697 71.43 88.00  85 78   705000 1267000   280 10.16
1.534 0.0676 71.38 88.00  85 78   705000 1267000   280 10.16
1.536 0.0764 71.31 88.00  85 78   705000 1267000   280 10.16
1.537 0.0738 71.24 88.00  85 78   705000 1267000   280 10.16
1.539 0.0705 71.18 88.00  85 78   705000 1267000   280 10.16
1.541 0.0683 71.14 88.00  85 78   705000 1267000   280 10.16
1.543 0.0729 71.11 88.00  85 78   705000 1267000   280 10.16
1.544 0.0720 71.11 88.00  85 78   705000 1267000   280 10.16
1.546 0.0723 71.14 88.00  85 78   705000 1267000   280 10.16
1.548 0.0693 71.19 88.00  85 78   705000 1267000   280 10.16
1.550 0.0684 71.26 88.00  85 78   705000 1267000   280 10.16
1.552 0.0724 71.34 88.00  85 78   705000 1267000   280 10.16
1.553 0.0724 71.43 88.00  85 78   705000 1267000   280 10.16
1.555 0.0749 71.50 88.00  85 78   705000 1267000   280 10.16
1.557 0.0708 71.58 88.00  85 78   705000 1267000   280 10.16
1.559 0.0662 71.65 88.00  85 78   705000 1267000   280 10.16
1.560 0.0692 71.73 88.00  85 78   705000 1267000   280 10.16
1.562 0.0702 71.81 88.00  85 78   705000 1267000   280 10.16
1.564 0.0768 71.90 88.00  85 78   705000 1267000   280 10.16
1.566 0.0717 72.01 88.00  85 78   705000 1267000   280 10.16
1.568 0.0728 72.12 88.00  85 78   705000 1267000   280 10.16
1.569 0.0757 72.24 88.00  85 78   705000 1267000   280 10.16
1.571 0.0731 72.36 88.00  85 78   705000 1267000   280 10.16
1.573 0.0709 72.48 88.00  85 78   705000 1267000   280 10.16
1.575 0.0733 72.58 88.00  85 78   705000 1267000   280 10.16
1.577 0.0721 72.65 88.00  85 78   705000 1267000   280 10.16
1.578 0.0760 72.69 88.00  85 78   705000 1267000   280 10.16
1.580 0.0657 72.71 88.00  85 78   705000 1267000   280 10.16
1.582 0.0723 72.69 88.00  85 78   705000 1267000   280 10.16
1.584 0.0741 72.64 88.00  85 78   705000 1267000   280 10.16
1.585 0.0720 72.57 88.00  85 78   705000 1267000   280 10.16
1.587 0.0739 72.47 88.00  85 78   705000 1267000   280 10.16
1.589 0.0712 72.37 88.00  85 78   705000 1267000   280 10.16
1.591 0.0736 72.27 88.00  85 78   705000 1267000   280 10.16
1.593 0.0744 72.16 88.00  85 78   705000 1267000   280 10.16
1.594 0.0768 72.07 88.00  85 78   705000 1267000   280 10.16
1.596 0.0696 71.99 88.00  85 78   705000 1267000   280 10.16
1.598 0.0719 71.95 88.00  85 78   705000 1267000   280 10.16
1.600 0.0702 71.93 88.00  85 78   705000 1267000   280 10.16
1.602 0.0671 71.92 88.00  85 78   705000 1267000   280 10.16
1.604 0.0742 71.92 88.00  85 78   705000 1267000   280 10.16
1.607 0.0727 71.91 88.00  85 78   705000 1267000   280 10.16
1.609 0.0705 71.90 88.00  85 78   705000 1267000   280 10.16
1.612 0.0723 71.89 88.00  85 78   705000 1267000   280 10.16
1.614 0.0699 71.88 88.00  85 78   705000 1267000   280 10.16
1.617 0.0731 71.89 88.00  85 78   705000 1267000   280 10.16
1.620 0.0688 71.91 88.00  85 78   705000 1267000   280 10.16
1.623 0.0729 71.95 88.00  85 78   705000 1267000   280 10.16
1.626 0.0747 72.02 88.00  85 78   705000 1267000   280 10.16
1.629 0.0740 72.12 88.00  85 78   705000 1267000   280 10.16
1.632 0.0735 72.24 88.00  85 78   705000 1267000   280 10.16
1.635 0.0716 72.38 88.00  85 78   705000 1267000   280 10.16
1.639 0.0705 72.52 88.00  85 78   705000 1267000   280 10.16
1.643 0.0729 72.66 88.00  85 78   705000 1267000   280 10.16
1.647 0.0750 72.79 88.00  85 78   705000 1267000   280 10.16
1.651 0.0725 72.91 88.00  85 78   705000 1267000   280 10.16
1.655 0.0717 73.01 88.00  85 78   705000 1267000   280 10.16
1.659 0.0707 73.10 88.00  85 78   705000 1267000   280 10.16
1.664 0.0738 73.17 88.00  85 78   705000 1267000   280 10.16
1.669 0.0731 73.24 88.00  85 78   705000 1267000   280 10.16
1.674 0.0742 73.31 88.00  85 78   705000 1267000   280 10.16
1.679 0.0749 73.38 88.00  85 78   705000 1267000   280 10.16
1.684 0.0731 73.45 88.00  85 78   705000 1267000   280 10.16
1.690 0.0749 73.52 88.00  85 78   705000 1267000   280 10.16
1.696 0.0744 73.60 88.00  85 78   705000 1267000   280 10.16
1.702 0.0736 73.69 88.00  85 78   705000 1267000   280 10.16
1.709 0.0754 73.81 88.00  85 78   705000 1267000   280 10.16
1.715 0.0721 73.97 88.00  85 78   705000 1267000   280 10.16
1.722 0.0749 74.17 88.00  85 78   705000 1267000   280 10.16
1.729 0.0745 74.44 88.00  85 78   705000 1267000   280 10.16
1.737 0.0754 74.78 88.00  85 78   705000 1267000   280 10.16
1.745 0.0747 75.23 88.00  85 78   705000 1267000   280 10.16
1.753 0.0768 75.80 88.00  85 78   705000 1267000   280 10.16
1.762 0.0767 76.52 88.00  85 78   705000 1267000   280 10.16
1.770 0.0763 77.40 88.00  85 78   705000 1267000   280 10.16
1.779 0.0767 78.45 88.00  85 78   705000 1267000   280 10.16
1.788 0.0777 79.64 88.00  85 78   705000 1267000   280 10.16
1.797 0.0796 80.94 88.00  85 78   705000 1267000   280 10.16
1.806 0.0798 82.31 88.00  85 78   705000 1267000   280 10.16
1.815 0.0821 83.73 88.00  85 78   705000 1267000   280 10.16
1.824 0.0821 85.14 88.00  85 78   705000 1267000   280 10.16
1.833 0.0838 86.52 88.00  85 78   705000 1267000   280 10.16
1.842 0.0889 87.86 88.00  85 78   705000 1267000   280 10.16
1.851 0.0909 89.18 88.00  85 78   705000 1267000   280 10.16
1.859 0.0911 90.49 88.00  85 78   705000 1267000   280 10.16
1.868 0.0954 91.84 88.00  85 78   705000 1267000   280 10.16
1.877 0.0972 93.28 88.00  85 78   705000 1267000   280 10.16
1.886 0.1020 94.86 88.00  85 78   705000 1267000   280 10.16
1.895 0.1012 96.62 88.00  85 78   705000 1267000   280 10.16
1.904 0.1030 98.60 88.00  85 78   705000 1267000   280 10.16
1.913 0.1067 100.80 88.00  85 78   705000 1267000   280 10.16
1.922 0.1030 103.23 88.00  85 78   705000 1267000   280 10.16
1.931 0.1044 105.87 88.00  85 78   705000 1267000   280 10.16
1.940 0.1009 108.65 88.00  85 78   705000 1267000   280 10.16
1.948 0.0997 111.54 88.00  85 78   705000 1267000   280 10.16
1.957 0.1014 114.47 88.00  85 78   705000 1267000   280 10.16
1.966 0.1044 117.36 88.00  85 78   705000 1267000   280 10.16
1.975 0.1082 120.15 88.00  85 78   705000 1267000   280 10.16
1.984 0.1154 122.77 88.00  85 78   705000 1267000   280 10.16
1.993 0.1254 125.17 88.00  85 78   705000 1267000   280 10.16
2.002 0.1295 127.29 88.00  85 78   705000 1267000   280 10.16
2.011 0.1381 129.11 88.00  85 78   705000 1267000   280 10.16
2.020 0.1408 130.59 88.00  85 78   705000 1267000   280 10.16
2.028 0.1459 131.71 88.00  85 78   705000 1267000   280 10.16
2.037 0.1470 132.45 88.00  85 78   705000 1267000   280 10.16
2.046 0.1484 132.78 88.00  85 78   705000 1267000   280 10.16
2.055 0.1471 132.70 88.00  85 78   705000 1267000   280 10.16
2.064 0.1419 132.22 88.00  85 78   705000 1267000   280 10.16
2.073 0.1394 131.33 88.00  85 78   705000 1267000   280 10.16
2.082 0.1365 130.06 88.00  85 78   705000 1267000   280 10.16
2.091 0.1304 128.50 88.00  85 78   705000 1267000   280 10.16
2.100 0.1280 126.86 88.00  85 78   705000 1267000   280 10.16
2.109 0.1234 126.48 88.00  85 78   705000 1267000   280 10.16
2.117 0.1220 129.35 88.00  85 78   705000 1267000   280 10.16
2.126 0.1196 133.89 88.00  85 78   705000 1267000   280 10.16
2.135 0.1200 139.00 88.00  85 78   705000 1267000   280 10.16
2.144 0.1207 144.20 88.00  85 78   705000 1267000   280 10.16
2.153 0.1238 149.30 88.00  85 78   705000 1267000   280 10.16
2.162 0.1253 154.25 88.00  85 78   705000 1267000   280 10.16
2.171 0.1328 159.04 88.00  85 78   705000 1267000   280 10.16
2.180 0.1362 163.71 88.00  85 78   705000 1267000   280 10.16
2.189 0.1455 168.28 88.00  85 78   705000 1267000   280 10.16
2.198 0.1524 172.81 88.00  85 78   705000 1267000   280 10.16
2.206 0.1640 177.33 88.00  85 78   705000 1267000   280 10.16
2.215 0.1786 181.88 88.00  85 78   705000 1267000   280 10.16
2.224 0.1930 186.49 88.00  85 78   705000 1267000   280 10.16
2.233 0.2138 191.17 88.00  85 78   705000 1267000   280 10.16
2.242 0.2363 195.94 88.00  85 78   705000 1267000   280 10.16
2.251 0.2643 200.80 88.00  85 78   705000 1267000   280 10.16
2.260 0.2943 205.77 88.00  85 78   705000 1267000   280 10.16
2.269 0.3385 210.83 88.00  85 78   705000 1267000   280 10.16
2.278 0.3641 215.96 88.00  85 78   705000 1267000   280 10.16
2.286 0.3925 221.15 88.00  85 78   705000 1267000   280 10.16
2.295 0.0000 226.34 88.00  85 78   705000 1267000   280 10.16
2.304 0.0000 231.49 88.00  85 78   705000 1267000   280 10.16
