     x     qy smooth tpara  cd  zL     xTr    xCpl frame tma
-0.951 0.1782 163.33 110.00  78 78   600000 1231000   240 8.22
-0.943 0.1822 152.80 110.00  78 78   600000 1231000   240 8.22
-0.935 0.1836 142.80 110.00  78 78   600000 1231000   240 8.22
-0.927 0.1215 133.31 110.00  78 78   600000 1231000   240 8.22
-0.919 0.1133 124.33 110.00  78 78   600000 1231000   240 8.22
-0.911 0.1018 115.83 110.00  78 78   600000 1231000   240 8.22
-0.903 0.0876 107.81 110.00  78 78   600000 1231000   240 8.22
-0.895 0.0788 100.26 110.00  78 78   600000 1231000   240 8.22
-0.887 0.0742 93.16 110.00  78 78   600000 1231000   240 8.22
-0.880 0.0703 86.52 110.00  78 78   600000 1231000   240 8.22
-0.872 0.0666 80.32 110.00  78 78   600000 1231000   240 8.22
-0.864 0.0630 74.56 110.00  78 78   600000 1231000   240 8.22
-0.856 0.0614 69.24 110.00  78 78   600000 1231000   240 8.22
-0.848 0.0578 64.37 110.00  78 78   600000 1231000   240 8.22
-0.840 0.0562 59.94 110.00  78 78   600000 1231000   240 8.22
-0.832 0.0527 55.96 110.00  78 78   600000 1231000   240 8.22
-0.824 0.0532 52.45 110.00  78 78   600000 1231000   240 8.22
-0.816 0.0509 49.43 110.00  78 78   600000 1231000   240 8.22
-0.808 0.0490 46.93 110.00  78 78   600000 1231000   240 8.22
-0.800 0.0489 44.99 110.00  78 78   600000 1231000   240 8.22
-0.792 0.0467 43.65 110.00  78 78   600000 1231000   240 8.22
-0.784 0.0465 42.96 110.00  78 78   600000 1231000   240 8.22
-0.777 0.0443 42.82 110.00  78 78   600000 1231000   240 8.22
-0.769 0.0437 42.81 110.00  78 78   600000 1231000   240 8.22
-0.761 0.0428 42.22 110.00  78 78   600000 1231000   240 8.22
-0.753 0.0420 41.56 110.00  78 78   600000 1231000   240 8.22
-0.745 0.0421 40.87 110.00  78 78   600000 1231000   240 8.22
-0.737 0.0398 40.19 110.00  78 78   600000 1231000   240 8.22
-0.729 0.0411 39.52 110.00  78 78   600000 1231000   240 8.22
-0.721 0.0393 38.88 110.00  78 78   600000 1231000   240 8.22
-0.713 0.0388 38.28 110.00  78 78   600000 1231000   240 8.22
-0.705 0.0381 37.73 110.00  78 78   600000 1231000   240 8.22
-0.697 0.0377 37.22 110.00  78 78   600000 1231000   240 8.22
-0.689 0.0365 36.76 110.00  78 78   600000 1231000   240 8.22
-0.681 0.0362 36.34 110.00  78 78   600000 1231000   240 8.22
-0.674 0.0362 35.97 110.00  78 78   600000 1231000   240 8.22
-0.666 0.0354 35.65 110.00  78 78   600000 1231000   240 8.22
-0.658 0.0339 35.38 110.00  78 78   600000 1231000   240 8.22
-0.650 0.0342 35.15 110.00  78 78   600000 1231000   240 8.22
-0.642 0.0350 34.96 110.00  78 78   600000 1231000   240 8.22
-0.634 0.0342 34.82 110.00  78 78   600000 1231000   240 8.22
-0.626 0.0334 34.71 110.00  78 78   600000 1231000   240 8.22
-0.618 0.0349 34.63 110.00  78 78   600000 1231000   240 8.22
-0.610 0.0345 34.59 110.00  78 78   600000 1231000   240 8.22
-0.602 0.0357 34.59 110.00  78 78   600000 1231000   240 8.22
-0.594 0.0357 34.61 110.00  78 78   600000 1231000   240 8.22
-0.586 0.0344 34.65 110.00  78 78   600000 1231000   240 8.22
-0.578 0.0359 34.71 110.00  78 78   600000 1231000   240 8.22
-0.571 0.0353 34.79 110.00  78 78   600000 1231000   240 8.22
-0.563 0.0344 34.88 110.00  78 78   600000 1231000   240 8.22
-0.555 0.0353 34.98 110.00  78 78   600000 1231000   240 8.22
-0.547 0.0351 35.08 110.00  78 78   600000 1231000   240 8.22
-0.539 0.0353 35.17 110.00  78 78   600000 1231000   240 8.22
-0.531 0.0352 35.27 110.00  78 78   600000 1231000   240 8.22
-0.523 0.0349 35.36 110.00  78 78   600000 1231000   240 8.22
-0.515 0.0352 35.44 110.00  78 78   600000 1231000   240 8.22
-0.507 0.0357 35.53 110.00  78 78   600000 1231000   240 8.22
-0.499 0.0357 35.61 110.00  78 78   600000 1231000   240 8.22
-0.491 0.0355 35.70 110.00  78 78   600000 1231000   240 8.22
-0.483 0.0352 35.79 110.00  78 78   600000 1231000   240 8.22
-0.475 0.0363 35.89 110.00  78 78   600000 1231000   240 8.22
-0.468 0.0359 35.99 110.00  78 78   600000 1231000   240 8.22
-0.460 0.0354 36.10 110.00  78 78   600000 1231000   240 8.22
-0.452 0.0361 36.21 110.00  78 78   600000 1231000   240 8.22
-0.444 0.0371 36.32 110.00  78 78   600000 1231000   240 8.22
-0.436 0.0363 36.43 110.00  78 78   600000 1231000   240 8.22
-0.428 0.0366 36.53 110.00  78 78   600000 1231000   240 8.22
-0.420 0.0368 36.62 110.00  78 78   600000 1231000   240 8.22
-0.412 0.0368 36.68 110.00  78 78   600000 1231000   240 8.22
-0.404 0.0365 36.73 110.00  78 78   600000 1231000   240 8.22
-0.396 0.0367 36.75 110.00  78 78   600000 1231000   240 8.22
-0.388 0.0367 36.75 110.00  78 78   600000 1231000   240 8.22
-0.380 0.0371 36.73 110.00  78 78   600000 1231000   240 8.22
-0.372 0.0365 36.68 110.00  78 78   600000 1231000   240 8.22
-0.365 0.0374 36.61 110.00  78 78   600000 1231000   240 8.22
-0.357 0.0370 36.51 110.00  78 78   600000 1231000   240 8.22
-0.349 0.0362 36.39 110.00  78 78   600000 1231000   240 8.22
-0.341 0.0368 36.24 110.00  78 78   600000 1231000   240 8.22
-0.333 0.0360 36.07 110.00  78 78   600000 1231000   240 8.22
-0.325 0.0356 35.86 110.00  78 78   600000 1231000   240 8.22
-0.317 0.0359 35.63 110.00  78 78   600000 1231000   240 8.22
-0.309 0.0360 35.37 110.00  78 78   600000 1231000   240 8.22
-0.301 0.0350 35.10 110.00  78 78   600000 1231000   240 8.22
-0.293 0.0353 34.82 110.00  78 78   600000 1231000   240 8.22
-0.285 0.0339 34.53 110.00  78 78   600000 1231000   240 8.22
-0.277 0.0338 34.25 110.00  78 78   600000 1231000   240 8.22
-0.269 0.0344 33.97 110.00  78 78   600000 1231000   240 8.22
-0.261 0.0340 33.73 110.00  78 78   600000 1231000   240 8.22
-0.254 0.0339 33.51 110.00  78 78   600000 1231000   240 8.22
-0.246 0.0335 33.33 110.00  78 78   600000 1231000   240 8.22
-0.238 0.0341 33.20 110.00  78 78   600000 1231000   240 8.22
-0.230 0.0326 33.11 110.00  78 78   600000 1231000   240 8.22
-0.222 0.0326 33.08 110.00  78 78   600000 1231000   240 8.22
-0.214 0.0318 33.10 110.00  78 78   600000 1231000   240 8.22
-0.206 0.0321 33.17 110.00  78 78   600000 1231000   240 8.22
-0.198 0.0326 33.29 110.00  78 78   600000 1231000   240 8.22
-0.190 0.0319 33.45 110.00  78 78   600000 1231000   240 8.22
-0.182 0.0323 33.64 110.00  78 78   600000 1231000   240 8.22
-0.174 0.0334 33.87 110.00  78 78   600000 1231000   240 8.22
-0.166 0.0344 34.13 110.00  78 78   600000 1231000   240 8.22
-0.158 0.0351 34.41 110.00  78 78   600000 1231000   240 8.22
-0.151 0.0345 34.71 110.00  78 78   600000 1231000   240 8.22
-0.143 0.0361 35.02 110.00  78 78   600000 1231000   240 8.22
-0.135 0.0353 35.35 110.00  78 78   600000 1231000   240 8.22
-0.127 0.0365 35.68 110.00  78 78   600000 1231000   240 8.22
-0.119 0.0366 36.02 110.00  78 78   600000 1231000   240 8.22
-0.111 0.0364 36.35 110.00  78 78   600000 1231000   240 8.22
-0.103 0.0376 36.65 110.00  78 78   600000 1231000   240 8.22
-0.095 0.0375 36.92 110.00  78 78   600000 1231000   240 8.22
-0.087 0.0355 37.14 110.00  78 78   600000 1231000   240 8.22
-0.079 0.0376 37.30 110.00  78 78   600000 1231000   240 8.22
-0.071 0.0368 37.38 110.00  78 78   600000 1231000   240 8.22
-0.063 0.0379 37.38 110.00  78 78   600000 1231000   240 8.22
-0.055 0.0368 37.30 110.00  78 78   600000 1231000   240 8.22
-0.048 0.0371 37.14 110.00  78 78   600000 1231000   240 8.22
-0.040 0.0367 36.89 110.00  78 78   600000 1231000   240 8.22
-0.032 0.0359 36.57 110.00  78 78   600000 1231000   240 8.22
-0.024 0.0373 36.17 110.00  78 78   600000 1231000   240 8.22
-0.016 0.0372 35.70 110.00  78 78   600000 1231000   240 8.22
-0.008 0.0369 35.17 110.00  78 78   600000 1231000   240 8.22
0.000 0.0366 34.59 110.00  78 78   600000 1231000   240 8.22
0.008 0.0361 33.96 110.00  78 78   600000 1231000   240 8.22
0.016 0.0335 33.29 110.00  78 78   600000 1231000   240 8.22
0.024 0.0328 32.60 110.00  78 78   600000 1231000   240 8.22
0.032 0.0312 31.88 110.00  78 78   600000 1231000   240 8.22
0.040 0.0297 31.16 110.00  78 78   600000 1231000   240 8.22
0.048 0.0296 30.44 110.00  78 78   600000 1231000   240 8.22
0.055 0.0307 29.73 110.00  78 78   600000 1231000   240 8.22
0.063 0.0281 29.05 110.00  78 78   600000 1231000   240 8.22
0.071 0.0273 28.41 110.00  78 78   600000 1231000   240 8.22
0.079 0.0268 27.82 110.00  78 78   600000 1231000   240 8.22
0.087 0.0259 27.29 110.00  78 78   600000 1231000   240 8.22
0.095 0.0261 26.84 110.00  78 78   600000 1231000   240 8.22
0.103 0.0267 26.47 110.00  78 78   600000 1231000   240 8.22
0.111 0.0257 26.18 110.00  78 78   600000 1231000   240 8.22
0.119 0.0255 25.97 110.00  78 78   600000 1231000   240 8.22
0.127 0.0254 25.85 110.00  78 78   600000 1231000   240 8.22
0.135 0.0256 25.80 110.00  78 78   600000 1231000   240 8.22
0.143 0.0261 25.82 110.00  78 78   600000 1231000   240 8.22
0.151 0.0262 25.89 110.00  78 78   600000 1231000   240 8.22
0.158 0.0259 26.02 110.00  78 78   600000 1231000   240 8.22
0.166 0.0264 26.19 110.00  78 78   600000 1231000   240 8.22
0.174 0.0260 26.39 110.00  78 78   600000 1231000   240 8.22
0.182 0.0270 26.64 110.00  78 78   600000 1231000   240 8.22
0.190 0.0270 26.92 110.00  78 78   600000 1231000   240 8.22
0.198 0.0276 27.23 110.00  78 78   600000 1231000   240 8.22
0.206 0.0281 27.58 110.00  78 78   600000 1231000   240 8.22
0.214 0.0288 27.94 110.00  78 78   600000 1231000   240 8.22
0.222 0.0291 28.33 110.00  78 78   600000 1231000   240 8.22
0.230 0.0285 28.73 110.00  78 78   600000 1231000   240 8.22
0.238 0.0283 29.13 110.00  78 78   600000 1231000   240 8.22
0.246 0.0289 29.53 110.00  78 78   600000 1231000   240 8.22
0.254 0.0292 29.93 110.00  78 78   600000 1231000   240 8.22
0.261 0.0296 30.32 110.00  78 78   600000 1231000   240 8.22
0.269 0.0301 30.70 110.00  78 78   600000 1231000   240 8.22
0.277 0.0310 31.07 110.00  78 78   600000 1231000   240 8.22
0.285 0.0320 31.43 110.00  78 78   600000 1231000   240 8.22
0.293 0.0315 31.78 110.00  78 78   600000 1231000   240 8.22
0.301 0.0347 32.14 110.00  78 78   600000 1231000   240 8.22
0.309 0.0327 32.51 110.00  78 78   600000 1231000   240 8.22
0.317 0.0344 32.89 110.00  78 78   600000 1231000   240 8.22
0.325 0.0345 33.28 110.00  78 78   600000 1231000   240 8.22
0.333 0.0331 33.68 110.00  78 78   600000 1231000   240 8.22
0.341 0.0341 34.09 110.00  78 78   600000 1231000   240 8.22
0.349 0.0333 34.50 110.00  78 78   600000 1231000   240 8.22
0.357 0.0344 34.90 110.00  78 78   600000 1231000   240 8.22
0.365 0.0342 35.29 110.00  78 78   600000 1231000   240 8.22
0.372 0.0354 35.66 110.00  78 78   600000 1231000   240 8.22
0.380 0.0348 36.00 110.00  78 78   600000 1231000   240 8.22
0.388 0.0356 36.31 110.00  78 78   600000 1231000   240 8.22
0.396 0.0358 36.59 110.00  78 78   600000 1231000   240 8.22
0.404 0.0367 36.83 110.00  78 78   600000 1231000   240 8.22
0.412 0.0372 37.05 110.00  78 78   600000 1231000   240 8.22
0.420 0.0379 37.24 110.00  78 78   600000 1231000   240 8.22
0.428 0.0392 37.42 110.00  78 78   600000 1231000   240 8.22
0.436 0.0395 37.59 110.00  78 78   600000 1231000   240 8.22
0.444 0.0401 37.75 110.00  78 78   600000 1231000   240 8.22
0.452 0.0398 37.89 110.00  78 78   600000 1231000   240 8.22
0.460 0.0375 38.04 110.00  78 78   600000 1231000   240 8.22
0.468 0.0382 38.17 110.00  78 78   600000 1231000   240 8.22
0.475 0.0385 38.31 110.00  78 78   600000 1231000   240 8.22
0.483 0.0377 38.46 110.00  78 78   600000 1231000   240 8.22
0.491 0.0379 38.61 110.00  78 78   600000 1231000   240 8.22
0.498 0.0379 38.78 110.00  78 78   600000 1231000   240 8.22
0.505 0.0389 38.98 110.00  78 78   600000 1231000   240 8.22
0.512 0.0376 39.22 110.00  78 78   600000 1231000   240 8.22
0.518 0.0389 39.50 110.00  78 78   600000 1231000   240 8.22
0.525 0.0379 39.84 110.00  78 78   600000 1231000   240 8.22
0.531 0.0406 40.23 110.00  78 78   600000 1231000   240 8.22
0.536 0.0396 40.68 110.00  78 78   600000 1231000   240 8.22
0.542 0.0411 41.20 110.00  78 78   600000 1231000   240 8.22
0.547 0.0420 41.78 110.00  78 78   600000 1231000   240 8.22
0.552 0.0432 42.43 110.00  78 78   600000 1231000   240 8.22
0.557 0.0433 43.13 110.00  78 78   600000 1231000   240 8.22
0.562 0.0432 43.87 110.00  78 78   600000 1231000   240 8.22
0.566 0.0441 44.65 110.00  78 78   600000 1231000   240 8.22
0.570 0.0478 45.46 110.00  78 78   600000 1231000   240 8.22
0.574 0.0459 46.30 110.00  78 78   600000 1231000   240 8.22
0.578 0.0481 47.16 110.00  78 78   600000 1231000   240 8.22
0.582 0.0473 48.05 110.00  78 78   600000 1231000   240 8.22
0.586 0.0503 48.95 110.00  78 78   600000 1231000   240 8.22
0.589 0.0481 49.87 110.00  78 78   600000 1231000   240 8.22
0.592 0.0515 50.78 110.00  78 78   600000 1231000   240 8.22
0.596 0.0528 51.69 110.00  78 78   600000 1231000   240 8.22
0.599 0.0502 52.58 110.00  78 78   600000 1231000   240 8.22
0.602 0.0545 53.47 110.00  78 78   600000 1231000   240 8.22
0.604 0.0537 54.35 110.00  78 78   600000 1231000   240 8.22
0.607 0.0523 55.21 110.00  78 78   600000 1231000   240 8.22
0.610 0.0593 56.05 110.00  78 78   600000 1231000   240 8.22
0.612 0.0563 56.88 110.00  78 78   600000 1231000   240 8.22
0.615 0.0569 57.69 110.00  78 78   600000 1231000   240 8.22
0.617 0.0583 58.50 110.00  78 78   600000 1231000   240 8.22
0.619 0.0610 59.29 110.00  78 78   600000 1231000   240 8.22
0.621 0.0589 60.09 110.00  78 78   600000 1231000   240 8.22
0.623 0.0627 60.86 110.00  78 78   600000 1231000   240 8.22
0.625 0.0635 61.60 110.00  78 78   600000 1231000   240 8.22
0.627 0.0651 62.29 110.00  78 78   600000 1231000   240 8.22
0.629 0.0600 62.93 110.00  78 78   600000 1231000   240 8.22
0.631 0.0637 63.51 110.00  78 78   600000 1231000   240 8.22
0.632 0.0583 64.04 110.00  78 78   600000 1231000   240 8.22
0.634 0.0673 64.53 110.00  78 78   600000 1231000   240 8.22
0.635 0.0642 64.98 110.00  78 78   600000 1231000   240 8.22
0.637 0.0663 65.40 110.00  78 78   600000 1231000   240 8.22
0.639 0.0653 65.80 110.00  78 78   600000 1231000   240 8.22
0.640 0.0707 66.19 110.00  78 78   600000 1231000   240 8.22
0.642 0.0644 66.57 110.00  78 78   600000 1231000   240 8.22
0.643 0.0660 66.94 110.00  78 78   600000 1231000   240 8.22
0.645 0.0683 67.30 110.00  78 78   600000 1231000   240 8.22
0.647 0.0671 67.66 110.00  78 78   600000 1231000   240 8.22
0.648 0.0732 68.01 110.00  78 78   600000 1231000   240 8.22
0.650 0.0680 68.34 110.00  78 78   600000 1231000   240 8.22
0.651 0.0653 68.65 110.00  78 78   600000 1231000   240 8.22
0.653 0.0668 68.93 110.00  78 78   600000 1231000   240 8.22
0.655 0.0640 69.18 110.00  78 78   600000 1231000   240 8.22
0.656 0.0639 69.38 110.00  78 78   600000 1231000   240 8.22
0.658 0.0756 69.55 110.00  78 78   600000 1231000   240 8.22
0.659 0.0693 69.67 110.00  78 78   600000 1231000   240 8.22
0.661 0.0755 69.76 110.00  78 78   600000 1231000   240 8.22
0.662 0.0738 69.83 110.00  78 78   600000 1231000   240 8.22
0.664 0.0666 69.89 110.00  78 78   600000 1231000   240 8.22
0.666 0.0694 69.93 110.00  78 78   600000 1231000   240 8.22
0.667 0.0730 69.98 110.00  78 78   600000 1231000   240 8.22
0.669 0.0699 70.01 110.00  78 78   600000 1231000   240 8.22
0.670 0.0688 70.03 110.00  78 78   600000 1231000   240 8.22
0.672 0.0742 70.03 110.00  78 78   600000 1231000   240 8.22
0.674 0.0656 70.01 110.00  78 78   600000 1231000   240 8.22
0.675 0.0685 69.99 110.00  78 78   600000 1231000   240 8.22
0.677 0.0719 69.95 110.00  78 78   600000 1231000   240 8.22
0.678 0.0677 69.90 110.00  78 78   600000 1231000   240 8.22
0.680 0.0689 69.84 110.00  78 78   600000 1231000   240 8.22
0.681 0.0692 69.75 110.00  78 78   600000 1231000   240 8.22
0.683 0.0680 69.67 110.00  78 78   600000 1231000   240 8.22
0.685 0.0710 69.60 110.00  78 78   600000 1231000   240 8.22
0.686 0.0710 69.58 110.00  78 78   600000 1231000   240 8.22
0.688 0.0690 69.61 110.00  78 78   600000 1231000   240 8.22
0.689 0.0725 69.71 110.00  78 78   600000 1231000   240 8.22
0.691 0.0658 69.84 110.00  78 78   600000 1231000   240 8.22
0.693 0.0721 70.01 110.00  78 78   600000 1231000   240 8.22
0.694 0.0731 70.18 110.00  78 78   600000 1231000   240 8.22
0.696 0.0680 70.37 110.00  78 78   600000 1231000   240 8.22
0.697 0.0669 70.55 110.00  78 78   600000 1231000   240 8.22
0.699 0.0732 70.73 110.00  78 78   600000 1231000   240 8.22
0.700 0.0700 70.89 110.00  78 78   600000 1231000   240 8.22
0.702 0.0730 71.03 110.00  78 78   600000 1231000   240 8.22
0.704 0.0679 71.14 110.00  78 78   600000 1231000   240 8.22
0.705 0.0749 71.25 110.00  78 78   600000 1231000   240 8.22
0.707 0.0684 71.34 110.00  78 78   600000 1231000   240 8.22
0.708 0.0660 71.41 110.00  78 78   600000 1231000   240 8.22
0.710 0.0739 71.49 110.00  78 78   600000 1231000   240 8.22
0.712 0.0764 71.57 110.00  78 78   600000 1231000   240 8.22
0.713 0.0739 71.65 110.00  78 78   600000 1231000   240 8.22
0.715 0.0758 71.72 110.00  78 78   600000 1231000   240 8.22
0.716 0.0716 71.80 110.00  78 78   600000 1231000   240 8.22
0.718 0.0675 71.86 110.00  78 78   600000 1231000   240 8.22
0.719 0.0714 71.92 110.00  78 78   600000 1231000   240 8.22
0.721 0.0700 71.94 110.00  78 78   600000 1231000   240 8.22
0.723 0.0708 71.93 110.00  78 78   600000 1231000   240 8.22
0.724 0.0740 71.89 110.00  78 78   600000 1231000   240 8.22
0.726 0.0725 71.81 110.00  78 78   600000 1231000   240 8.22
0.727 0.0692 71.71 110.00  78 78   600000 1231000   240 8.22
0.729 0.0676 71.60 110.00  78 78   600000 1231000   240 8.22
0.731 0.0730 71.48 110.00  78 78   600000 1231000   240 8.22
0.732 0.0736 71.35 110.00  78 78   600000 1231000   240 8.22
0.734 0.0779 71.22 110.00  78 78   600000 1231000   240 8.22
0.735 0.0697 71.09 110.00  78 78   600000 1231000   240 8.22
0.737 0.0695 70.97 110.00  78 78   600000 1231000   240 8.22
0.739 0.0685 70.86 110.00  78 78   600000 1231000   240 8.22
0.740 0.0739 70.77 110.00  78 78   600000 1231000   240 8.22
0.742 0.0744 70.69 110.00  78 78   600000 1231000   240 8.22
0.743 0.0633 70.63 110.00  78 78   600000 1231000   240 8.22
0.745 0.0719 70.56 110.00  78 78   600000 1231000   240 8.22
0.746 0.0745 70.49 110.00  78 78   600000 1231000   240 8.22
0.748 0.0657 70.39 110.00  78 78   600000 1231000   240 8.22
0.750 0.0683 70.28 110.00  78 78   600000 1231000   240 8.22
0.751 0.0670 70.17 110.00  78 78   600000 1231000   240 8.22
0.753 0.0725 70.06 110.00  78 78   600000 1231000   240 8.22
0.754 0.0683 69.97 110.00  78 78   600000 1231000   240 8.22
0.756 0.0789 69.89 110.00  78 78   600000 1231000   240 8.22
0.758 0.0664 69.85 110.00  78 78   600000 1231000   240 8.22
0.759 0.0688 69.82 110.00  78 78   600000 1231000   240 8.22
0.761 0.0701 69.82 110.00  78 78   600000 1231000   240 8.22
0.762 0.0665 69.83 110.00  78 78   600000 1231000   240 8.22
0.764 0.0735 69.85 110.00  78 78   600000 1231000   240 8.22
0.765 0.0711 69.85 110.00  78 78   600000 1231000   240 8.22
0.767 0.0673 69.85 110.00  78 78   600000 1231000   240 8.22
0.769 0.0702 69.82 110.00  78 78   600000 1231000   240 8.22
0.770 0.0741 69.77 110.00  78 78   600000 1231000   240 8.22
0.772 0.0666 69.71 110.00  78 78   600000 1231000   240 8.22
0.773 0.0687 69.63 110.00  78 78   600000 1231000   240 8.22
0.775 0.0679 69.54 110.00  78 78   600000 1231000   240 8.22
0.777 0.0678 69.43 110.00  78 78   600000 1231000   240 8.22
0.778 0.0689 69.32 110.00  78 78   600000 1231000   240 8.22
0.780 0.0740 69.20 110.00  78 78   600000 1231000   240 8.22
0.781 0.0694 69.07 110.00  78 78   600000 1231000   240 8.22
0.783 0.0695 68.93 110.00  78 78   600000 1231000   240 8.22
0.784 0.0681 68.80 110.00  78 78   600000 1231000   240 8.22
0.786 0.0698 68.68 110.00  78 78   600000 1231000   240 8.22
0.788 0.0729 68.56 110.00  78 78   600000 1231000   240 8.22
0.789 0.0632 68.45 110.00  78 78   600000 1231000   240 8.22
0.791 0.0635 68.34 110.00  78 78   600000 1231000   240 8.22
0.792 0.0708 68.22 110.00  78 78   600000 1231000   240 8.22
0.794 0.0691 68.11 110.00  78 78   600000 1231000   240 8.22
0.796 0.0665 68.01 110.00  78 78   600000 1231000   240 8.22
0.797 0.0679 67.90 110.00  78 78   600000 1231000   240 8.22
0.799 0.0727 67.79 110.00  78 78   600000 1231000   240 8.22
0.800 0.0657 67.67 110.00  78 78   600000 1231000   240 8.22
0.802 0.0634 67.54 110.00  78 78   600000 1231000   240 8.22
0.803 0.0688 67.42 110.00  78 78   600000 1231000   240 8.22
0.805 0.0703 67.30 110.00  78 78   600000 1231000   240 8.22
0.807 0.0670 67.21 110.00  78 78   600000 1231000   240 8.22
0.808 0.0615 67.14 110.00  78 78   600000 1231000   240 8.22
0.810 0.0702 67.10 110.00  78 78   600000 1231000   240 8.22
0.811 0.0691 67.08 110.00  78 78   600000 1231000   240 8.22
0.813 0.0625 67.10 110.00  78 78   600000 1231000   240 8.22
0.815 0.0759 67.15 110.00  78 78   600000 1231000   240 8.22
0.816 0.0723 67.21 110.00  78 78   600000 1231000   240 8.22
0.818 0.0566 67.29 110.00  78 78   600000 1231000   240 8.22
0.819 0.0651 67.36 110.00  78 78   600000 1231000   240 8.22
0.821 0.0706 67.43 110.00  78 78   600000 1231000   240 8.22
0.823 0.0637 67.50 110.00  78 78   600000 1231000   240 8.22
0.824 0.0683 67.58 110.00  78 78   600000 1231000   240 8.22
0.826 0.0699 67.67 110.00  78 78   600000 1231000   240 8.22
0.827 0.0605 67.78 110.00  78 78   600000 1231000   240 8.22
0.829 0.0726 67.88 110.00  78 78   600000 1231000   240 8.22
0.830 0.0680 67.97 110.00  78 78   600000 1231000   240 8.22
0.832 0.0646 68.04 110.00  78 78   600000 1231000   240 8.22
0.834 0.0762 68.09 110.00  78 78   600000 1231000   240 8.22
0.835 0.0697 68.11 110.00  78 78   600000 1231000   240 8.22
0.837 0.0680 68.12 110.00  78 78   600000 1231000   240 8.22
0.838 0.0638 68.11 110.00  78 78   600000 1231000   240 8.22
0.840 0.0682 68.09 110.00  78 78   600000 1231000   240 8.22
0.842 0.0759 68.04 110.00  78 78   600000 1231000   240 8.22
0.843 0.0647 67.98 110.00  78 78   600000 1231000   240 8.22
0.845 0.0701 67.92 110.00  78 78   600000 1231000   240 8.22
0.846 0.0600 67.85 110.00  78 78   600000 1231000   240 8.22
0.848 0.0668 67.78 110.00  78 78   600000 1231000   240 8.22
0.849 0.0673 67.73 110.00  78 78   600000 1231000   240 8.22
0.851 0.0755 67.70 110.00  78 78   600000 1231000   240 8.22
0.853 0.0680 67.70 110.00  78 78   600000 1231000   240 8.22
0.854 0.0665 67.73 110.00  78 78   600000 1231000   240 8.22
0.856 0.0685 67.80 110.00  78 78   600000 1231000   240 8.22
0.857 0.0640 67.88 110.00  78 78   600000 1231000   240 8.22
0.859 0.0616 67.99 110.00  78 78   600000 1231000   240 8.22
0.861 0.0682 68.11 110.00  78 78   600000 1231000   240 8.22
0.862 0.0695 68.24 110.00  78 78   600000 1231000   240 8.22
0.864 0.0646 68.37 110.00  78 78   600000 1231000   240 8.22
0.865 0.0747 68.50 110.00  78 78   600000 1231000   240 8.22
0.867 0.0703 68.63 110.00  78 78   600000 1231000   240 8.22
0.868 0.0669 68.75 110.00  78 78   600000 1231000   240 8.22
0.870 0.0707 68.86 110.00  78 78   600000 1231000   240 8.22
0.872 0.0665 68.97 110.00  78 78   600000 1231000   240 8.22
0.873 0.0728 69.09 110.00  78 78   600000 1231000   240 8.22
0.875 0.0757 69.21 110.00  78 78   600000 1231000   240 8.22
0.876 0.0691 69.34 110.00  78 78   600000 1231000   240 8.22
0.878 0.0656 69.47 110.00  78 78   600000 1231000   240 8.22
0.880 0.0704 69.61 110.00  78 78   600000 1231000   240 8.22
0.881 0.0675 69.75 110.00  78 78   600000 1231000   240 8.22
0.883 0.0682 69.88 110.00  78 78   600000 1231000   240 8.22
0.884 0.0692 69.99 110.00  78 78   600000 1231000   240 8.22
0.886 0.0703 70.07 110.00  78 78   600000 1231000   240 8.22
0.887 0.0666 70.16 110.00  78 78   600000 1231000   240 8.22
0.889 0.0755 70.25 110.00  78 78   600000 1231000   240 8.22
0.891 0.0686 70.36 110.00  78 78   600000 1231000   240 8.22
0.892 0.0642 70.51 110.00  78 78   600000 1231000   240 8.22
0.894 0.0743 70.68 110.00  78 78   600000 1231000   240 8.22
0.895 0.0747 70.89 110.00  78 78   600000 1231000   240 8.22
0.897 0.0732 71.13 110.00  78 78   600000 1231000   240 8.22
0.899 0.0701 71.39 110.00  78 78   600000 1231000   240 8.22
0.900 0.0685 71.69 110.00  78 78   600000 1231000   240 8.22
0.902 0.0748 72.00 110.00  78 78   600000 1231000   240 8.22
0.903 0.0786 72.34 110.00  78 78   600000 1231000   240 8.22
0.905 0.0700 72.71 110.00  78 78   600000 1231000   240 8.22
0.906 0.0710 73.11 110.00  78 78   600000 1231000   240 8.22
0.908 0.0695 73.52 110.00  78 78   600000 1231000   240 8.22
0.910 0.0760 73.94 110.00  78 78   600000 1231000   240 8.22
0.911 0.0716 74.37 110.00  78 78   600000 1231000   240 8.22
0.913 0.0748 74.82 110.00  78 78   600000 1231000   240 8.22
0.914 0.0792 75.29 110.00  78 78   600000 1231000   240 8.22
0.916 0.0745 75.78 110.00  78 78   600000 1231000   240 8.22
0.918 0.0778 76.31 110.00  78 78   600000 1231000   240 8.22
0.919 0.0780 76.86 110.00  78 78   600000 1231000   240 8.22
0.921 0.0694 77.45 110.00  78 78   600000 1231000   240 8.22
0.922 0.0822 78.09 110.00  78 78   600000 1231000   240 8.22
0.924 0.0779 78.78 110.00  78 78   600000 1231000   240 8.22
0.926 0.0834 79.52 110.00  78 78   600000 1231000   240 8.22
0.927 0.0812 80.34 110.00  78 78   600000 1231000   240 8.22
0.929 0.0824 81.23 110.00  78 78   600000 1231000   240 8.22
0.930 0.0822 82.19 110.00  78 78   600000 1231000   240 8.22
0.932 0.0813 83.24 110.00  78 78   600000 1231000   240 8.22
0.933 0.0843 84.36 110.00  78 78   600000 1231000   240 8.22
0.935 0.0923 85.56 110.00  78 78   600000 1231000   240 8.22
0.937 0.0837 86.83 110.00  78 78   600000 1231000   240 8.22
0.938 0.0753 88.19 110.00  78 78   600000 1231000   240 8.22
0.940 0.0957 89.65 110.00  78 78   600000 1231000   240 8.22
0.941 0.0902 91.22 110.00  78 78   600000 1231000   240 8.22
0.943 0.0881 92.88 110.00  78 78   600000 1231000   240 8.22
0.945 0.0973 94.62 110.00  78 78   600000 1231000   240 8.22
0.946 0.0941 96.41 110.00  78 78   600000 1231000   240 8.22
0.948 0.1014 98.23 110.00  78 78   600000 1231000   240 8.22
0.949 0.0996 100.08 110.00  78 78   600000 1231000   240 8.22
0.951 0.0944 101.94 110.00  78 78   600000 1231000   240 8.22
0.952 0.1132 103.82 110.00  78 78   600000 1231000   240 8.22
0.954 0.1042 105.73 110.00  78 78   600000 1231000   240 8.22
0.956 0.1063 107.63 110.00  78 78   600000 1231000   240 8.22
0.957 0.1101 109.49 110.00  78 78   600000 1231000   240 8.22
0.959 0.1175 111.27 110.00  78 78   600000 1231000   240 8.22
0.960 0.1099 112.96 110.00  78 78   600000 1231000   240 8.22
0.962 0.1186 114.54 110.00  78 78   600000 1231000   240 8.22
0.964 0.1103 116.03 110.00  78 78   600000 1231000   240 8.22
0.965 0.1139 117.44 110.00  78 78   600000 1231000   240 8.22
0.967 0.1351 118.78 110.00  78 78   600000 1231000   240 8.22
0.968 0.1233 120.06 110.00  78 78   600000 1231000   240 8.22
0.970 0.1226 121.29 110.00  78 78   600000 1231000   240 8.22
0.971 0.1096 122.51 110.00  78 78   600000 1231000   240 8.22
0.973 0.1211 123.76 110.00  78 78   600000 1231000   240 8.22
0.975 0.1317 125.06 110.00  78 78   600000 1231000   240 8.22
0.976 0.1231 126.43 110.00  78 78   600000 1231000   240 8.22
0.978 0.1295 127.85 110.00  78 78   600000 1231000   240 8.22
0.979 0.1297 129.34 110.00  78 78   600000 1231000   240 8.22
0.981 0.1388 130.90 110.00  78 78   600000 1231000   240 8.22
0.983 0.1243 132.56 110.00  78 78   600000 1231000   240 8.22
0.984 0.1379 134.33 110.00  78 78   600000 1231000   240 8.22
0.986 0.1166 136.19 110.00  78 78   600000 1231000   240 8.22
0.987 0.1341 138.13 110.00  78 78   600000 1231000   240 8.22
0.989 0.1394 140.12 110.00  78 78   600000 1231000   240 8.22
0.990 0.1494 142.12 110.00  78 78   600000 1231000   240 8.22
0.992 0.1419 144.10 110.00  78 78   600000 1231000   240 8.22
0.994 0.1532 146.07 110.00  78 78   600000 1231000   240 8.22
0.995 0.1504 148.01 110.00  78 78   600000 1231000   240 8.22
0.997 0.1387 149.91 110.00  78 78   600000 1231000   240 8.22
0.998 0.1539 151.74 110.00  78 78   600000 1231000   240 8.22
1.000 0.1637 153.46 110.00  78 78   600000 1231000   240 8.22
1.002 0.1537 155.05 110.00  78 78   600000 1231000   240 8.22
1.003 0.1710 156.52 110.00  78 78   600000 1231000   240 8.22
1.005 0.1458 157.89 110.00  78 78   600000 1231000   240 8.22
1.006 0.1630 159.15 110.00  78 78   600000 1231000   240 8.22
1.008 0.1482 160.30 110.00  78 78   600000 1231000   240 8.22
1.010 0.1707 161.30 110.00  78 78   600000 1231000   240 8.22
1.011 0.1733 162.14 110.00  78 78   600000 1231000   240 8.22
1.013 0.1626 162.82 110.00  78 78   600000 1231000   240 8.22
1.014 0.1582 163.35 110.00  78 78   600000 1231000   240 8.22
1.016 0.1602 163.73 110.00  78 78   600000 1231000   240 8.22
1.017 0.1517 163.96 110.00  78 78   600000 1231000   240 8.22
1.019 0.1627 164.04 110.00  78 78   600000 1231000   240 8.22
1.021 0.1644 164.00 110.00  78 78   600000 1231000   240 8.22
1.022 0.1645 163.83 110.00  78 78   600000 1231000   240 8.22
1.024 0.1747 163.53 110.00  78 78   600000 1231000   240 8.22
1.025 0.1717 163.10 110.00  78 78   600000 1231000   240 8.22
1.027 0.1482 162.52 110.00  78 78   600000 1231000   240 8.22
1.029 0.1559 161.82 110.00  78 78   600000 1231000   240 8.22
1.030 0.1667 161.01 110.00  78 78   600000 1231000   240 8.22
1.032 0.1682 160.12 110.00  78 78   600000 1231000   240 8.22
1.033 0.1733 159.15 110.00  78 78   600000 1231000   240 8.22
1.035 0.1564 158.11 110.00  78 78   600000 1231000   240 8.22
1.036 0.1415 157.00 110.00  78 78   600000 1231000   240 8.22
1.038 0.1634 155.84 110.00  78 78   600000 1231000   240 8.22
1.040 0.1532 154.64 110.00  78 78   600000 1231000   240 8.22
1.041 0.1530 153.39 110.00  78 78   600000 1231000   240 8.22
1.043 0.1504 152.10 110.00  78 78   600000 1231000   240 8.22
1.044 0.1507 150.74 110.00  78 78   600000 1231000   240 8.22
1.046 0.1412 149.31 110.00  78 78   600000 1231000   240 8.22
1.048 0.1428 147.81 110.00  78 78   600000 1231000   240 8.22
1.049 0.1471 146.28 110.00  78 78   600000 1231000   240 8.22
1.051 0.1449 144.75 110.00  78 78   600000 1231000   240 8.22
1.052 0.1475 143.22 110.00  78 78   600000 1231000   240 8.22
1.054 0.1427 141.69 110.00  78 78   600000 1231000   240 8.22
1.055 0.1370 140.16 110.00  78 78   600000 1231000   240 8.22
1.057 0.1400 138.62 110.00  78 78   600000 1231000   240 8.22
1.059 0.1272 137.07 110.00  78 78   600000 1231000   240 8.22
1.060 0.1618 135.51 110.00  78 78   600000 1231000   240 8.22
1.062 0.1292 133.95 110.00  78 78   600000 1231000   240 8.22
1.063 0.1315 132.39 110.00  78 78   600000 1231000   240 8.22
1.065 0.1298 130.79 110.00  78 78   600000 1231000   240 8.22
1.067 0.1332 129.14 110.00  78 78   600000 1231000   240 8.22
1.068 0.1219 127.42 110.00  78 78   600000 1231000   240 8.22
1.070 0.1239 125.65 110.00  78 78   600000 1231000   240 8.22
1.071 0.1188 123.83 110.00  78 78   600000 1231000   240 8.22
1.073 0.1209 121.97 110.00  78 78   600000 1231000   240 8.22
1.074 0.1237 120.05 110.00  78 78   600000 1231000   240 8.22
1.076 0.1118 118.11 110.00  78 78   600000 1231000   240 8.22
1.078 0.1145 116.16 110.00  78 78   600000 1231000   240 8.22
1.079 0.1178 114.24 110.00  78 78   600000 1231000   240 8.22
1.081 0.1253 112.36 110.00  78 78   600000 1231000   240 8.22
1.082 0.1019 110.54 110.00  78 78   600000 1231000   240 8.22
1.084 0.1129 108.77 110.00  78 78   600000 1231000   240 8.22
1.086 0.1036 107.05 110.00  78 78   600000 1231000   240 8.22
1.087 0.1091 105.38 110.00  78 78   600000 1231000   240 8.22
1.089 0.1033 103.75 110.00  78 78   600000 1231000   240 8.22
1.090 0.1002 102.17 110.00  78 78   600000 1231000   240 8.22
1.092 0.1007 100.62 110.00  78 78   600000 1231000   240 8.22
1.094 0.1009 99.09 110.00  78 78   600000 1231000   240 8.22
1.095 0.0969 97.57 110.00  78 78   600000 1231000   240 8.22
1.097 0.0908 96.07 110.00  78 78   600000 1231000   240 8.22
1.098 0.0931 94.59 110.00  78 78   600000 1231000   240 8.22
1.100 0.0932 93.16 110.00  78 78   600000 1231000   240 8.22
1.101 0.0898 91.78 110.00  78 78   600000 1231000   240 8.22
1.103 0.0919 90.45 110.00  78 78   600000 1231000   240 8.22
1.105 0.0892 89.19 110.00  78 78   600000 1231000   240 8.22
1.106 0.0922 88.01 110.00  78 78   600000 1231000   240 8.22
1.108 0.0896 86.90 110.00  78 78   600000 1231000   240 8.22
1.109 0.0887 85.84 110.00  78 78   600000 1231000   240 8.22
1.111 0.0807 84.83 110.00  78 78   600000 1231000   240 8.22
1.113 0.0796 83.88 110.00  78 78   600000 1231000   240 8.22
1.114 0.0839 82.97 110.00  78 78   600000 1231000   240 8.22
1.116 0.0866 82.10 110.00  78 78   600000 1231000   240 8.22
1.117 0.0775 81.26 110.00  78 78   600000 1231000   240 8.22
1.119 0.0793 80.45 110.00  78 78   600000 1231000   240 8.22
1.120 0.0811 79.69 110.00  78 78   600000 1231000   240 8.22
1.122 0.0784 78.96 110.00  78 78   600000 1231000   240 8.22
1.124 0.0813 78.28 110.00  78 78   600000 1231000   240 8.22
1.125 0.0742 77.63 110.00  78 78   600000 1231000   240 8.22
1.127 0.0786 77.03 110.00  78 78   600000 1231000   240 8.22
1.128 0.0757 76.48 110.00  78 78   600000 1231000   240 8.22
1.130 0.0740 75.97 110.00  78 78   600000 1231000   240 8.22
1.132 0.0793 75.51 110.00  78 78   600000 1231000   240 8.22
1.133 0.0724 75.10 110.00  78 78   600000 1231000   240 8.22
1.135 0.0727 74.74 110.00  78 78   600000 1231000   240 8.22
1.136 0.0785 74.42 110.00  78 78   600000 1231000   240 8.22
1.138 0.0713 74.13 110.00  78 78   600000 1231000   240 8.22
1.139 0.0740 73.85 110.00  78 78   600000 1231000   240 8.22
1.141 0.0735 73.59 110.00  78 78   600000 1231000   240 8.22
1.143 0.0777 73.35 110.00  78 78   600000 1231000   240 8.22
1.144 0.0732 73.11 110.00  78 78   600000 1231000   240 8.22
1.146 0.0677 72.90 110.00  78 78   600000 1231000   240 8.22
1.147 0.0736 72.69 110.00  78 78   600000 1231000   240 8.22
1.149 0.0724 72.50 110.00  78 78   600000 1231000   240 8.22
1.151 0.0760 72.32 110.00  78 78   600000 1231000   240 8.22
1.152 0.0716 72.15 110.00  78 78   600000 1231000   240 8.22
1.154 0.0714 71.99 110.00  78 78   600000 1231000   240 8.22
1.155 0.0696 71.85 110.00  78 78   600000 1231000   240 8.22
1.157 0.0729 71.70 110.00  78 78   600000 1231000   240 8.22
1.158 0.0708 71.55 110.00  78 78   600000 1231000   240 8.22
1.160 0.0729 71.39 110.00  78 78   600000 1231000   240 8.22
1.162 0.0709 71.22 110.00  78 78   600000 1231000   240 8.22
1.163 0.0729 71.05 110.00  78 78   600000 1231000   240 8.22
1.165 0.0704 70.88 110.00  78 78   600000 1231000   240 8.22
1.166 0.0690 70.71 110.00  78 78   600000 1231000   240 8.22
1.168 0.0719 70.54 110.00  78 78   600000 1231000   240 8.22
1.170 0.0686 70.39 110.00  78 78   600000 1231000   240 8.22
1.171 0.0717 70.27 110.00  78 78   600000 1231000   240 8.22
1.173 0.0694 70.17 110.00  78 78   600000 1231000   240 8.22
1.174 0.0713 70.11 110.00  78 78   600000 1231000   240 8.22
1.176 0.0686 70.06 110.00  78 78   600000 1231000   240 8.22
1.177 0.0706 70.01 110.00  78 78   600000 1231000   240 8.22
1.179 0.0722 69.97 110.00  78 78   600000 1231000   240 8.22
1.181 0.0720 69.94 110.00  78 78   600000 1231000   240 8.22
1.182 0.0658 69.91 110.00  78 78   600000 1231000   240 8.22
1.184 0.0699 69.88 110.00  78 78   600000 1231000   240 8.22
1.185 0.0683 69.85 110.00  78 78   600000 1231000   240 8.22
1.187 0.0662 69.82 110.00  78 78   600000 1231000   240 8.22
1.189 0.0682 69.79 110.00  78 78   600000 1231000   240 8.22
1.190 0.0738 69.77 110.00  78 78   600000 1231000   240 8.22
1.192 0.0714 69.74 110.00  78 78   600000 1231000   240 8.22
1.193 0.0709 69.72 110.00  78 78   600000 1231000   240 8.22
1.195 0.0707 69.70 110.00  78 78   600000 1231000   240 8.22
1.197 0.0686 69.69 110.00  78 78   600000 1231000   240 8.22
1.198 0.0704 69.70 110.00  78 78   600000 1231000   240 8.22
1.200 0.0774 69.71 110.00  78 78   600000 1231000   240 8.22
1.201 0.0690 69.75 110.00  78 78   600000 1231000   240 8.22
1.203 0.0644 69.80 110.00  78 78   600000 1231000   240 8.22
1.204 0.0681 69.87 110.00  78 78   600000 1231000   240 8.22
1.206 0.0642 69.95 110.00  78 78   600000 1231000   240 8.22
1.208 0.0709 70.04 110.00  78 78   600000 1231000   240 8.22
1.209 0.0736 70.13 110.00  78 78   600000 1231000   240 8.22
1.211 0.0718 70.24 110.00  78 78   600000 1231000   240 8.22
1.212 0.0689 70.35 110.00  78 78   600000 1231000   240 8.22
1.214 0.0742 70.49 110.00  78 78   600000 1231000   240 8.22
1.216 0.0638 70.63 110.00  78 78   600000 1231000   240 8.22
1.217 0.0694 70.80 110.00  78 78   600000 1231000   240 8.22
1.219 0.0734 71.00 110.00  78 78   600000 1231000   240 8.22
1.220 0.0739 71.21 110.00  78 78   600000 1231000   240 8.22
1.222 0.0705 71.44 110.00  78 78   600000 1231000   240 8.22
1.223 0.0719 71.68 110.00  78 78   600000 1231000   240 8.22
1.225 0.0718 71.92 110.00  78 78   600000 1231000   240 8.22
1.227 0.0739 72.13 110.00  78 78   600000 1231000   240 8.22
1.228 0.0711 72.33 110.00  78 78   600000 1231000   240 8.22
1.230 0.0744 72.51 110.00  78 78   600000 1231000   240 8.22
1.231 0.0716 72.66 110.00  78 78   600000 1231000   240 8.22
1.233 0.0728 72.79 110.00  78 78   600000 1231000   240 8.22
1.235 0.0741 72.91 110.00  78 78   600000 1231000   240 8.22
1.236 0.0705 73.01 110.00  78 78   600000 1231000   240 8.22
1.238 0.0708 73.12 110.00  78 78   600000 1231000   240 8.22
1.239 0.0792 73.22 110.00  78 78   600000 1231000   240 8.22
1.241 0.0722 73.32 110.00  78 78   600000 1231000   240 8.22
1.242 0.0751 73.41 110.00  78 78   600000 1231000   240 8.22
1.244 0.0681 73.49 110.00  78 78   600000 1231000   240 8.22
1.246 0.0764 73.55 110.00  78 78   600000 1231000   240 8.22
1.247 0.0709 73.61 110.00  78 78   600000 1231000   240 8.22
1.249 0.0759 73.68 110.00  78 78   600000 1231000   240 8.22
1.250 0.0727 73.75 110.00  78 78   600000 1231000   240 8.22
1.252 0.0737 73.83 110.00  78 78   600000 1231000   240 8.22
1.254 0.0751 73.92 110.00  78 78   600000 1231000   240 8.22
1.255 0.0761 74.01 110.00  78 78   600000 1231000   240 8.22
1.257 0.0705 74.10 110.00  78 78   600000 1231000   240 8.22
1.258 0.0730 74.20 110.00  78 78   600000 1231000   240 8.22
1.260 0.0799 74.32 110.00  78 78   600000 1231000   240 8.22
1.261 0.0721 74.45 110.00  78 78   600000 1231000   240 8.22
1.263 0.0774 74.61 110.00  78 78   600000 1231000   240 8.22
1.265 0.0758 74.79 110.00  78 78   600000 1231000   240 8.22
1.266 0.0665 74.99 110.00  78 78   600000 1231000   240 8.22
1.268 0.0787 75.22 110.00  78 78   600000 1231000   240 8.22
1.269 0.0774 75.48 110.00  78 78   600000 1231000   240 8.22
1.271 0.0728 75.75 110.00  78 78   600000 1231000   240 8.22
1.273 0.0770 76.05 110.00  78 78   600000 1231000   240 8.22
1.274 0.0765 76.37 110.00  78 78   600000 1231000   240 8.22
1.276 0.0786 76.71 110.00  78 78   600000 1231000   240 8.22
1.277 0.0762 77.09 110.00  78 78   600000 1231000   240 8.22
1.279 0.0749 77.51 110.00  78 78   600000 1231000   240 8.22
1.281 0.0774 77.97 110.00  78 78   600000 1231000   240 8.22
1.282 0.0801 78.47 110.00  78 78   600000 1231000   240 8.22
1.284 0.0783 79.00 110.00  78 78   600000 1231000   240 8.22
1.285 0.0788 79.55 110.00  78 78   600000 1231000   240 8.22
1.287 0.0808 80.12 110.00  78 78   600000 1231000   240 8.22
1.288 0.0835 80.70 110.00  78 78   600000 1231000   240 8.22
1.290 0.0816 81.29 110.00  78 78   600000 1231000   240 8.22
1.292 0.0779 81.87 110.00  78 78   600000 1231000   240 8.22
1.293 0.0814 82.45 110.00  78 78   600000 1231000   240 8.22
1.295 0.0861 83.01 110.00  78 78   600000 1231000   240 8.22
1.296 0.0831 83.56 110.00  78 78   600000 1231000   240 8.22
1.298 0.0822 84.08 110.00  78 78   600000 1231000   240 8.22
1.300 0.0842 84.60 110.00  78 78   600000 1231000   240 8.22
1.301 0.0835 85.10 110.00  78 78   600000 1231000   240 8.22
1.303 0.0902 85.58 110.00  78 78   600000 1231000   240 8.22
1.304 0.0882 86.03 110.00  78 78   600000 1231000   240 8.22
1.306 0.0835 86.46 110.00  78 78   600000 1231000   240 8.22
1.307 0.0914 86.87 110.00  78 78   600000 1231000   240 8.22
1.309 0.0852 87.24 110.00  78 78   600000 1231000   240 8.22
1.311 0.0872 87.58 110.00  78 78   600000 1231000   240 8.22
1.312 0.0831 87.89 110.00  78 78   600000 1231000   240 8.22
1.314 0.0898 88.17 110.00  78 78   600000 1231000   240 8.22
1.315 0.0916 88.41 110.00  78 78   600000 1231000   240 8.22
1.317 0.0871 88.62 110.00  78 78   600000 1231000   240 8.22
1.319 0.0865 88.79 110.00  78 78   600000 1231000   240 8.22
1.320 0.0897 88.92 110.00  78 78   600000 1231000   240 8.22
1.322 0.0911 89.00 110.00  78 78   600000 1231000   240 8.22
1.323 0.0860 89.03 110.00  78 78   600000 1231000   240 8.22
1.325 0.0885 89.02 110.00  78 78   600000 1231000   240 8.22
1.326 0.0955 88.98 110.00  78 78   600000 1231000   240 8.22
1.328 0.0853 88.91 110.00  78 78   600000 1231000   240 8.22
1.330 0.0912 88.81 110.00  78 78   600000 1231000   240 8.22
1.331 0.0861 88.68 110.00  78 78   600000 1231000   240 8.22
1.333 0.0882 88.51 110.00  78 78   600000 1231000   240 8.22
1.334 0.0892 88.31 110.00  78 78   600000 1231000   240 8.22
1.336 0.0904 88.07 110.00  78 78   600000 1231000   240 8.22
1.338 0.0878 87.80 110.00  78 78   600000 1231000   240 8.22
1.339 0.0841 87.50 110.00  78 78   600000 1231000   240 8.22
1.341 0.0902 87.17 110.00  78 78   600000 1231000   240 8.22
1.342 0.0875 86.82 110.00  78 78   600000 1231000   240 8.22
1.344 0.0848 86.46 110.00  78 78   600000 1231000   240 8.22
1.345 0.0853 86.10 110.00  78 78   600000 1231000   240 8.22
1.347 0.0840 85.72 110.00  78 78   600000 1231000   240 8.22
1.349 0.0870 85.34 110.00  78 78   600000 1231000   240 8.22
1.350 0.0851 84.95 110.00  78 78   600000 1231000   240 8.22
1.352 0.0818 84.56 110.00  78 78   600000 1231000   240 8.22
1.353 0.0872 84.18 110.00  78 78   600000 1231000   240 8.22
1.355 0.0841 83.81 110.00  78 78   600000 1231000   240 8.22
1.357 0.0824 83.44 110.00  78 78   600000 1231000   240 8.22
1.358 0.0834 83.08 110.00  78 78   600000 1231000   240 8.22
1.360 0.0804 82.72 110.00  78 78   600000 1231000   240 8.22
1.361 0.0845 82.37 110.00  78 78   600000 1231000   240 8.22
1.363 0.0823 82.02 110.00  78 78   600000 1231000   240 8.22
1.365 0.0805 81.67 110.00  78 78   600000 1231000   240 8.22
1.366 0.0797 81.32 110.00  78 78   600000 1231000   240 8.22
1.368 0.0883 80.98 110.00  78 78   600000 1231000   240 8.22
1.369 0.0774 80.65 110.00  78 78   600000 1231000   240 8.22
1.371 0.0760 80.32 110.00  78 78   600000 1231000   240 8.22
1.372 0.0847 80.00 110.00  78 78   600000 1231000   240 8.22
1.374 0.0782 79.72 110.00  78 78   600000 1231000   240 8.22
1.376 0.0776 79.46 110.00  78 78   600000 1231000   240 8.22
1.377 0.0804 79.22 110.00  78 78   600000 1231000   240 8.22
1.379 0.0795 79.01 110.00  78 78   600000 1231000   240 8.22
1.380 0.0791 78.84 110.00  78 78   600000 1231000   240 8.22
1.382 0.0802 78.69 110.00  78 78   600000 1231000   240 8.22
1.384 0.0754 78.57 110.00  78 78   600000 1231000   240 8.22
1.385 0.0785 78.46 110.00  78 78   600000 1231000   240 8.22
1.387 0.0799 78.36 110.00  78 78   600000 1231000   240 8.22
1.388 0.0738 78.27 110.00  78 78   600000 1231000   240 8.22
1.390 0.0798 78.18 110.00  78 78   600000 1231000   240 8.22
1.391 0.0793 78.09 110.00  78 78   600000 1231000   240 8.22
1.393 0.0733 78.02 110.00  78 78   600000 1231000   240 8.22
1.395 0.0828 77.96 110.00  78 78   600000 1231000   240 8.22
1.396 0.0740 77.90 110.00  78 78   600000 1231000   240 8.22
1.398 0.0819 77.86 110.00  78 78   600000 1231000   240 8.22
1.399 0.0811 77.82 110.00  78 78   600000 1231000   240 8.22
1.401 0.0776 77.80 110.00  78 78   600000 1231000   240 8.22
1.403 0.0778 77.78 110.00  78 78   600000 1231000   240 8.22
1.404 0.0787 77.77 110.00  78 78   600000 1231000   240 8.22
1.406 0.0753 77.78 110.00  78 78   600000 1231000   240 8.22
1.407 0.0766 77.79 110.00  78 78   600000 1231000   240 8.22
1.409 0.0772 77.79 110.00  78 78   600000 1231000   240 8.22
1.410 0.0823 77.79 110.00  78 78   600000 1231000   240 8.22
1.412 0.0751 77.77 110.00  78 78   600000 1231000   240 8.22
1.414 0.0722 77.75 110.00  78 78   600000 1231000   240 8.22
1.415 0.0769 77.71 110.00  78 78   600000 1231000   240 8.22
1.417 0.0796 77.67 110.00  78 78   600000 1231000   240 8.22
1.418 0.0802 77.64 110.00  78 78   600000 1231000   240 8.22
1.420 0.0791 77.61 110.00  78 78   600000 1231000   240 8.22
1.422 0.0762 77.60 110.00  78 78   600000 1231000   240 8.22
1.423 0.0786 77.59 110.00  78 78   600000 1231000   240 8.22
1.425 0.0768 77.61 110.00  78 78   600000 1231000   240 8.22
1.426 0.0791 77.62 110.00  78 78   600000 1231000   240 8.22
1.428 0.0771 77.64 110.00  78 78   600000 1231000   240 8.22
1.429 0.0810 77.65 110.00  78 78   600000 1231000   240 8.22
1.431 0.0767 77.65 110.00  78 78   600000 1231000   240 8.22
1.433 0.0749 77.65 110.00  78 78   600000 1231000   240 8.22
1.434 0.0777 77.63 110.00  78 78   600000 1231000   240 8.22
1.436 0.0784 77.61 110.00  78 78   600000 1231000   240 8.22
1.437 0.0768 77.59 110.00  78 78   600000 1231000   240 8.22
1.439 0.0749 77.58 110.00  78 78   600000 1231000   240 8.22
1.441 0.0789 77.58 110.00  78 78   600000 1231000   240 8.22
1.442 0.0782 77.60 110.00  78 78   600000 1231000   240 8.22
1.444 0.0773 77.63 110.00  78 78   600000 1231000   240 8.22
1.445 0.0811 77.68 110.00  78 78   600000 1231000   240 8.22
1.447 0.0758 77.73 110.00  78 78   600000 1231000   240 8.22
1.448 0.0766 77.81 110.00  78 78   600000 1231000   240 8.22
1.450 0.0787 77.89 110.00  78 78   600000 1231000   240 8.22
1.452 0.0763 77.97 110.00  78 78   600000 1231000   240 8.22
1.453 0.0790 78.06 110.00  78 78   600000 1231000   240 8.22
1.455 0.0788 78.15 110.00  78 78   600000 1231000   240 8.22
1.456 0.0750 78.24 110.00  78 78   600000 1231000   240 8.22
1.458 0.0786 78.34 110.00  78 78   600000 1231000   240 8.22
1.460 0.0816 78.45 110.00  78 78   600000 1231000   240 8.22
1.461 0.0775 78.57 110.00  78 78   600000 1231000   240 8.22
1.463 0.0830 78.69 110.00  78 78   600000 1231000   240 8.22
1.464 0.0771 78.80 110.00  78 78   600000 1231000   240 8.22
1.466 0.0758 78.91 110.00  78 78   600000 1231000   240 8.22
1.468 0.0821 79.01 110.00  78 78   600000 1231000   240 8.22
1.469 0.0797 79.11 110.00  78 78   600000 1231000   240 8.22
1.471 0.0777 79.20 110.00  78 78   600000 1231000   240 8.22
1.472 0.0755 79.27 110.00  78 78   600000 1231000   240 8.22
1.474 0.0811 79.33 110.00  78 78   600000 1231000   240 8.22
1.475 0.0766 79.39 110.00  78 78   600000 1231000   240 8.22
1.477 0.0822 79.43 110.00  78 78   600000 1231000   240 8.22
1.479 0.0799 79.47 110.00  78 78   600000 1231000   240 8.22
1.480 0.0816 79.51 110.00  78 78   600000 1231000   240 8.22
1.482 0.0766 79.56 110.00  78 78   600000 1231000   240 8.22
1.483 0.0826 79.62 110.00  78 78   600000 1231000   240 8.22
1.485 0.0843 79.68 110.00  78 78   600000 1231000   240 8.22
1.487 0.0740 79.74 110.00  78 78   600000 1231000   240 8.22
1.488 0.0794 79.79 110.00  78 78   600000 1231000   240 8.22
1.490 0.0845 79.84 110.00  78 78   600000 1231000   240 8.22
1.491 0.0749 79.88 110.00  78 78   600000 1231000   240 8.22
1.493 0.0780 79.92 110.00  78 78   600000 1231000   240 8.22
1.494 0.0792 79.95 110.00  78 78   600000 1231000   240 8.22
1.496 0.0833 79.96 110.00  78 78   600000 1231000   240 8.22
1.498 0.0816 79.97 110.00  78 78   600000 1231000   240 8.22
1.499 0.0736 79.97 110.00  78 78   600000 1231000   240 8.22
1.501 0.0823 79.97 110.00  78 78   600000 1231000   240 8.22
1.502 0.0818 79.97 110.00  78 78   600000 1231000   240 8.22
1.504 0.0834 79.98 110.00  78 78   600000 1231000   240 8.22
1.506 0.0780 80.00 110.00  78 78   600000 1231000   240 8.22
1.507 0.0795 80.04 110.00  78 78   600000 1231000   240 8.22
1.509 0.0840 80.08 110.00  78 78   600000 1231000   240 8.22
1.510 0.0783 80.14 110.00  78 78   600000 1231000   240 8.22
1.512 0.0763 80.21 110.00  78 78   600000 1231000   240 8.22
1.513 0.0808 80.27 110.00  78 78   600000 1231000   240 8.22
1.515 0.0764 80.31 110.00  78 78   600000 1231000   240 8.22
1.517 0.0864 80.33 110.00  78 78   600000 1231000   240 8.22
1.518 0.0759 80.35 110.00  78 78   600000 1231000   240 8.22
1.520 0.0856 80.36 110.00  78 78   600000 1231000   240 8.22
1.521 0.0769 80.37 110.00  78 78   600000 1231000   240 8.22
1.523 0.0826 80.41 110.00  78 78   600000 1231000   240 8.22
1.525 0.0808 80.45 110.00  78 78   600000 1231000   240 8.22
1.526 0.0767 80.50 110.00  78 78   600000 1231000   240 8.22
1.528 0.0831 80.56 110.00  78 78   600000 1231000   240 8.22
1.529 0.0760 80.60 110.00  78 78   600000 1231000   240 8.22
1.531 0.0886 80.64 110.00  78 78   600000 1231000   240 8.22
1.532 0.0783 80.66 110.00  78 78   600000 1231000   240 8.22
1.534 0.0814 80.68 110.00  78 78   600000 1231000   240 8.22
1.536 0.0798 80.69 110.00  78 78   600000 1231000   240 8.22
1.537 0.0783 80.71 110.00  78 78   600000 1231000   240 8.22
1.539 0.0840 80.72 110.00  78 78   600000 1231000   240 8.22
1.540 0.0835 80.76 110.00  78 78   600000 1231000   240 8.22
1.542 0.0757 80.81 110.00  78 78   600000 1231000   240 8.22
1.544 0.0776 80.89 110.00  78 78   600000 1231000   240 8.22
1.545 0.0822 80.99 110.00  78 78   600000 1231000   240 8.22
1.547 0.0830 81.13 110.00  78 78   600000 1231000   240 8.22
1.548 0.0881 81.28 110.00  78 78   600000 1231000   240 8.22
1.550 0.0772 81.43 110.00  78 78   600000 1231000   240 8.22
1.552 0.0856 81.57 110.00  78 78   600000 1231000   240 8.22
1.553 0.0707 81.69 110.00  78 78   600000 1231000   240 8.22
1.555 0.0862 81.79 110.00  78 78   600000 1231000   240 8.22
1.556 0.0770 81.87 110.00  78 78   600000 1231000   240 8.22
1.558 0.0801 81.96 110.00  78 78   600000 1231000   240 8.22
1.559 0.0821 82.04 110.00  78 78   600000 1231000   240 8.22
1.561 0.0916 82.14 110.00  78 78   600000 1231000   240 8.22
1.563 0.0779 82.25 110.00  78 78   600000 1231000   240 8.22
1.564 0.0884 82.37 110.00  78 78   600000 1231000   240 8.22
1.566 0.0834 82.50 110.00  78 78   600000 1231000   240 8.22
1.567 0.0787 82.63 110.00  78 78   600000 1231000   240 8.22
1.569 0.0860 82.75 110.00  78 78   600000 1231000   240 8.22
1.571 0.0854 82.86 110.00  78 78   600000 1231000   240 8.22
1.572 0.0805 82.95 110.00  78 78   600000 1231000   240 8.22
1.574 0.0790 83.01 110.00  78 78   600000 1231000   240 8.22
1.575 0.0848 83.05 110.00  78 78   600000 1231000   240 8.22
1.577 0.0807 83.07 110.00  78 78   600000 1231000   240 8.22
1.578 0.0771 83.07 110.00  78 78   600000 1231000   240 8.22
1.580 0.0825 83.05 110.00  78 78   600000 1231000   240 8.22
1.582 0.0854 83.02 110.00  78 78   600000 1231000   240 8.22
1.583 0.0873 82.99 110.00  78 78   600000 1231000   240 8.22
1.585 0.0847 82.97 110.00  78 78   600000 1231000   240 8.22
1.586 0.0850 83.00 110.00  78 78   600000 1231000   240 8.22
1.588 0.0862 83.07 110.00  78 78   600000 1231000   240 8.22
1.590 0.0822 83.21 110.00  78 78   600000 1231000   240 8.22
1.592 0.0832 83.39 110.00  78 78   600000 1231000   240 8.22
1.593 0.0826 83.61 110.00  78 78   600000 1231000   240 8.22
1.595 0.0830 83.87 110.00  78 78   600000 1231000   240 8.22
1.597 0.0830 84.15 110.00  78 78   600000 1231000   240 8.22
1.600 0.0771 84.44 110.00  78 78   600000 1231000   240 8.22
1.602 0.0875 84.75 110.00  78 78   600000 1231000   240 8.22
1.604 0.0866 85.07 110.00  78 78   600000 1231000   240 8.22
1.606 0.0847 85.42 110.00  78 78   600000 1231000   240 8.22
1.609 0.0819 85.77 110.00  78 78   600000 1231000   240 8.22
1.611 0.0895 86.14 110.00  78 78   600000 1231000   240 8.22
1.614 0.0878 86.51 110.00  78 78   600000 1231000   240 8.22
1.617 0.0867 86.86 110.00  78 78   600000 1231000   240 8.22
1.620 0.0893 87.18 110.00  78 78   600000 1231000   240 8.22
1.623 0.0884 87.44 110.00  78 78   600000 1231000   240 8.22
1.626 0.0893 87.65 110.00  78 78   600000 1231000   240 8.22
1.630 0.0914 87.80 110.00  78 78   600000 1231000   240 8.22
1.633 0.0910 87.92 110.00  78 78   600000 1231000   240 8.22
1.637 0.0912 88.09 110.00  78 78   600000 1231000   240 8.22
1.640 0.0918 88.40 110.00  78 78   600000 1231000   240 8.22
1.644 0.0922 88.98 110.00  78 78   600000 1231000   240 8.22
1.648 0.0923 89.97 110.00  78 78   600000 1231000   240 8.22
1.653 0.0946 91.51 110.00  78 78   600000 1231000   240 8.22
1.657 0.0952 93.73 110.00  78 78   600000 1231000   240 8.22
1.662 0.0973 96.71 110.00  78 78   600000 1231000   240 8.22
1.667 0.0953 100.51 110.00  78 78   600000 1231000   240 8.22
1.672 0.0990 105.15 110.00  78 78   600000 1231000   240 8.22
1.677 0.0997 110.58 110.00  78 78   600000 1231000   240 8.22
1.682 0.1016 116.69 110.00  78 78   600000 1231000   240 8.22
1.688 0.1038 123.34 110.00  78 78   600000 1231000   240 8.22
1.694 0.1101 130.33 110.00  78 78   600000 1231000   240 8.22
1.700 0.1150 137.47 110.00  78 78   600000 1231000   240 8.22
1.707 0.1269 144.55 110.00  78 78   600000 1231000   240 8.22
1.713 0.1411 151.35 110.00  78 78   600000 1231000   240 8.22
1.720 0.1541 157.69 110.00  78 78   600000 1231000   240 8.22
1.728 0.1688 163.41 110.00  78 78   600000 1231000   240 8.22
1.735 0.1833 168.35 110.00  78 78   600000 1231000   240 8.22
1.743 0.1972 172.40 110.00  78 78   600000 1231000   240 8.22
1.751 0.2069 175.47 110.00  78 78   600000 1231000   240 8.22
1.759 0.2045 177.49 110.00  78 78   600000 1231000   240 8.22
1.767 0.2083 178.42 110.00  78 78   600000 1231000   240 8.22
1.775 0.2036 178.23 110.00  78 78   600000 1231000   240 8.22
1.783 0.2020 176.96 110.00  78 78   600000 1231000   240 8.22
1.791 0.1890 174.64 110.00  78 78   600000 1231000   240 8.22
1.799 0.1753 171.37 110.00  78 78   600000 1231000   240 8.22
1.807 0.1698 167.30 110.00  78 78   600000 1231000   240 8.22
1.815 0.1522 162.59 110.00  78 78   600000 1231000   240 8.22
1.823 0.1417 157.45 110.00  78 78   600000 1231000   240 8.22
1.830 0.1348 152.11 110.00  78 78   600000 1231000   240 8.22
1.838 0.1285 146.81 110.00  78 78   600000 1231000   240 8.22
1.846 0.1269 141.80 110.00  78 78   600000 1231000   240 8.22
1.854 0.1235 137.29 110.00  78 78   600000 1231000   240 8.22
1.862 0.1202 133.50 110.00  78 78   600000 1231000   240 8.22
1.870 0.1211 130.57 110.00  78 78   600000 1231000   240 8.22
1.878 0.1206 128.60 110.00  78 78   600000 1231000   240 8.22
1.886 0.1220 127.61 110.00  78 78   600000 1231000   240 8.22
1.894 0.1233 127.59 110.00  78 78   600000 1231000   240 8.22
1.902 0.1232 128.45 110.00  78 78   600000 1231000   240 8.22
1.910 0.1259 130.07 110.00  78 78   600000 1231000   240 8.22
1.918 0.1322 132.32 110.00  78 78   600000 1231000   240 8.22
1.926 0.1371 135.04 110.00  78 78   600000 1231000   240 8.22
1.933 0.1430 138.07 110.00  78 78   600000 1231000   240 8.22
1.941 0.1497 141.29 110.00  78 78   600000 1231000   240 8.22
1.949 0.1549 144.54 110.00  78 78   600000 1231000   240 8.22
1.957 0.1559 147.73 110.00  78 78   600000 1231000   240 8.22
1.965 0.1577 150.78 110.00  78 78   600000 1231000   240 8.22
1.973 0.1569 153.62 110.00  78 78   600000 1231000   240 8.22
1.981 0.1619 156.22 110.00  78 78   600000 1231000   240 8.22
1.989 0.1618 158.55 110.00  78 78   600000 1231000   240 8.22
1.997 0.1646 160.57 110.00  78 78   600000 1231000   240 8.22
2.005 0.1656 162.28 110.00  78 78   600000 1231000   240 8.22
2.013 0.1656 163.69 110.00  78 78   600000 1231000   240 8.22
2.021 0.1712 164.84 110.00  78 78   600000 1231000   240 8.22
2.029 0.1680 165.81 110.00  78 78   600000 1231000   240 8.22
2.036 0.1711 166.87 110.00  78 78   600000 1231000   240 8.22
2.044 0.1736 169.64 110.00  78 78   600000 1231000   240 8.22
2.052 0.1751 176.34 110.00  78 78   600000 1231000   240 8.22
2.060 0.1777 184.84 110.00  78 78   600000 1231000   240 8.22
2.068 0.1844 193.75 110.00  78 78   600000 1231000   240 8.22
2.076 0.1849 202.49 110.00  78 78   600000 1231000   240 8.22
2.084 0.1876 210.86 110.00  78 78   600000 1231000   240 8.22
2.092 0.1924 218.81 110.00  78 78   600000 1231000   240 8.22
2.100 0.2004 226.33 110.00  78 78   600000 1231000   240 8.22
2.108 0.2056 233.48 110.00  78 78   600000 1231000   240 8.22
2.116 0.2155 240.30 110.00  78 78   600000 1231000   240 8.22
2.124 0.2245 246.84 110.00  78 78   600000 1231000   240 8.22
2.132 0.2348 253.15 110.00  78 78   600000 1231000   240 8.22
2.139 0.2506 259.27 110.00  78 78   600000 1231000   240 8.22
2.147 0.2753 265.23 110.00  78 78   600000 1231000   240 8.22
2.155 0.3032 271.06 110.00  78 78   600000 1231000   240 8.22
2.163 0.3345 276.76 110.00  78 78   600000 1231000   240 8.22
2.171 0.3704 282.36 110.00  78 78   600000 1231000   240 8.22
2.179 0.4043 287.83 110.00  78 78   600000 1231000   240 8.22
2.187 0.4573 293.17 110.00  78 78   600000 1231000   240 8.22
2.195 0.4976 298.36 110.00  78 78   600000 1231000   240 8.22
2.203 0.5298 303.35 110.00  78 78   600000 1231000   240 8.22
2.211 0.0000 308.09 110.00  78 78   600000 1231000   240 8.22
2.219 0.0000 312.51 110.00  78 78   600000 1231000   240 8.22
