     x     qy smooth tpara  cd  zL     xTr    xCpl frame tma
-3.227 0.6826 603.17 13.00  80  62 1068000 1399000   250 10.12
-3.211 0.7105 563.76 13.00  80  62 1068000 1399000   250 10.12
-3.196 0.5568 526.08 13.00  80  62 1068000 1399000   250 10.12
-3.181 0.4036 490.10 13.00  80  62 1068000 1399000   250 10.12
-3.166 0.3505 455.78 13.00  80  62 1068000 1399000   250 10.12
-3.151 0.4131 423.10 13.00  80  62 1068000 1399000   250 10.12
-3.136 0.3210 392.02 13.00  80  62 1068000 1399000   250 10.12
-3.121 0.3381 362.54 13.00  80  62 1068000 1399000   250 10.12
-3.106 0.3124 334.64 13.00  80  62 1068000 1399000   250 10.12
-3.091 0.2847 308.30 13.00  80  62 1068000 1399000   250 10.12
-3.076 0.2671 283.52 13.00  80  62 1068000 1399000   250 10.12
-3.060 0.2391 260.29 13.00  80  62 1068000 1399000   250 10.12
-3.045 0.2239 238.62 13.00  80  62 1068000 1399000   250 10.12
-3.030 0.2091 218.52 13.00  80  62 1068000 1399000   250 10.12
-3.015 0.1915 199.99 13.00  80  62 1068000 1399000   250 10.12
-3.000 0.1783 183.07 13.00  80  62 1068000 1399000   250 10.12
-2.985 0.1680 167.78 13.00  80  62 1068000 1399000   250 10.12
-2.970 0.1555 154.17 13.00  80  62 1068000 1399000   250 10.12
-2.955 0.1459 142.29 13.00  80  62 1068000 1399000   250 10.12
-2.940 0.1359 132.19 13.00  80  62 1068000 1399000   250 10.12
-2.924 0.1296 123.91 13.00  80  62 1068000 1399000   250 10.12
-2.909 0.1223 117.41 13.00  80  62 1068000 1399000   250 10.12
-2.894 0.1165 112.28 13.00  80  62 1068000 1399000   250 10.12
-2.879 0.1088 107.35 13.00  80  62 1068000 1399000   250 10.12
-2.864 0.1015 102.27 13.00  80  62 1068000 1399000   250 10.12
-2.849 0.0970 97.90 13.00  80  62 1068000 1399000   250 10.12
-2.834 0.0933 94.33 13.00  80  62 1068000 1399000   250 10.12
-2.819 0.0911 91.51 13.00  80  62 1068000 1399000   250 10.12
-2.804 0.0887 89.35 13.00  80  62 1068000 1399000   250 10.12
-2.789 0.0858 87.82 13.00  80  62 1068000 1399000   250 10.12
-2.773 0.0858 86.86 13.00  80  62 1068000 1399000   250 10.12
-2.758 0.0859 86.41 13.00  80  62 1068000 1399000   250 10.12
-2.743 0.0862 86.45 13.00  80  62 1068000 1399000   250 10.12
-2.728 0.0854 86.94 13.00  80  62 1068000 1399000   250 10.12
-2.713 0.0871 87.81 13.00  80  62 1068000 1399000   250 10.12
-2.698 0.0895 89.03 13.00  80  62 1068000 1399000   250 10.12
-2.683 0.0907 90.51 13.00  80  62 1068000 1399000   250 10.12
-2.668 0.0914 92.21 13.00  80  62 1068000 1399000   250 10.12
-2.653 0.0943 94.05 13.00  80  62 1068000 1399000   250 10.12
-2.637 0.0954 95.97 13.00  80  62 1068000 1399000   250 10.12
-2.622 0.0978 97.91 13.00  80  62 1068000 1399000   250 10.12
-2.607 0.1013 99.81 13.00  80  62 1068000 1399000   250 10.12
-2.592 0.1044 101.62 13.00  80  62 1068000 1399000   250 10.12
-2.577 0.1062 103.30 13.00  80  62 1068000 1399000   250 10.12
-2.562 0.1085 104.82 13.00  80  62 1068000 1399000   250 10.12
-2.547 0.1104 106.15 13.00  80  62 1068000 1399000   250 10.12
-2.532 0.1116 107.30 13.00  80  62 1068000 1399000   250 10.12
-2.517 0.1113 108.26 13.00  80  62 1068000 1399000   250 10.12
-2.502 0.1116 109.01 13.00  80  62 1068000 1399000   250 10.12
-2.486 0.1124 109.55 13.00  80  62 1068000 1399000   250 10.12
-2.471 0.1103 109.89 13.00  80  62 1068000 1399000   250 10.12
-2.456 0.1107 110.03 13.00  80  62 1068000 1399000   250 10.12
-2.441 0.1068 109.98 13.00  80  62 1068000 1399000   250 10.12
-2.426 0.1084 109.76 13.00  80  62 1068000 1399000   250 10.12
-2.411 0.1092 109.38 13.00  80  62 1068000 1399000   250 10.12
-2.396 0.1067 108.86 13.00  80  62 1068000 1399000   250 10.12
-2.381 0.1078 108.25 13.00  80  62 1068000 1399000   250 10.12
-2.366 0.1072 107.55 13.00  80  62 1068000 1399000   250 10.12
-2.350 0.1062 106.82 13.00  80  62 1068000 1399000   250 10.12
-2.335 0.1039 106.06 13.00  80  62 1068000 1399000   250 10.12
-2.320 0.1064 105.31 13.00  80  62 1068000 1399000   250 10.12
-2.305 0.1029 104.57 13.00  80  62 1068000 1399000   250 10.12
-2.290 0.1066 103.87 13.00  80  62 1068000 1399000   250 10.12
-2.275 0.1043 103.21 13.00  80  62 1068000 1399000   250 10.12
-2.260 0.1040 102.58 13.00  80  62 1068000 1399000   250 10.12
-2.245 0.1017 101.99 13.00  80  62 1068000 1399000   250 10.12
-2.230 0.0993 101.41 13.00  80  62 1068000 1399000   250 10.12
-2.215 0.0983 100.86 13.00  80  62 1068000 1399000   250 10.12
-2.199 0.1003 100.32 13.00  80  62 1068000 1399000   250 10.12
-2.184 0.1012 99.78 13.00  80  62 1068000 1399000   250 10.12
-2.169 0.0963 99.24 13.00  80  62 1068000 1399000   250 10.12
-2.154 0.0972 98.71 13.00  80  62 1068000 1399000   250 10.12
-2.139 0.0988 98.19 13.00  80  62 1068000 1399000   250 10.12
-2.124 0.0997 97.67 13.00  80  62 1068000 1399000   250 10.12
-2.109 0.0973 97.17 13.00  80  62 1068000 1399000   250 10.12
-2.094 0.0978 96.68 13.00  80  62 1068000 1399000   250 10.12
-2.079 0.0961 96.21 13.00  80  62 1068000 1399000   250 10.12
-2.063 0.0954 95.75 13.00  80  62 1068000 1399000   250 10.12
-2.048 0.0953 95.29 13.00  80  62 1068000 1399000   250 10.12
-2.033 0.0941 94.83 13.00  80  62 1068000 1399000   250 10.12
-2.018 0.0968 94.36 13.00  80  62 1068000 1399000   250 10.12
-2.003 0.0927 93.89 13.00  80  62 1068000 1399000   250 10.12
-1.988 0.0931 93.39 13.00  80  62 1068000 1399000   250 10.12
-1.973 0.0933 92.87 13.00  80  62 1068000 1399000   250 10.12
-1.958 0.0928 92.33 13.00  80  62 1068000 1399000   250 10.12
-1.943 0.0920 91.77 13.00  80  62 1068000 1399000   250 10.12
-1.927 0.0901 91.20 13.00  80  62 1068000 1399000   250 10.12
-1.912 0.0903 90.62 13.00  80  62 1068000 1399000   250 10.12
-1.897 0.0905 90.04 13.00  80  62 1068000 1399000   250 10.12
-1.882 0.0904 89.47 13.00  80  62 1068000 1399000   250 10.12
-1.867 0.0894 88.92 13.00  80  62 1068000 1399000   250 10.12
-1.852 0.0878 88.38 13.00  80  62 1068000 1399000   250 10.12
-1.837 0.0889 87.86 13.00  80  62 1068000 1399000   250 10.12
-1.822 0.0876 87.35 13.00  80  62 1068000 1399000   250 10.12
-1.807 0.0857 86.86 13.00  80  62 1068000 1399000   250 10.12
-1.792 0.0867 86.38 13.00  80  62 1068000 1399000   250 10.12
-1.776 0.0843 85.92 13.00  80  62 1068000 1399000   250 10.12
-1.761 0.0855 85.46 13.00  80  62 1068000 1399000   250 10.12
-1.746 0.0843 85.03 13.00  80  62 1068000 1399000   250 10.12
-1.731 0.0836 84.61 13.00  80  62 1068000 1399000   250 10.12
-1.716 0.0837 84.20 13.00  80  62 1068000 1399000   250 10.12
-1.701 0.0847 83.81 13.00  80  62 1068000 1399000   250 10.12
-1.686 0.0842 83.44 13.00  80  62 1068000 1399000   250 10.12
-1.671 0.0843 83.07 13.00  80  62 1068000 1399000   250 10.12
-1.656 0.0834 82.72 13.00  80  62 1068000 1399000   250 10.12
-1.640 0.0808 82.39 13.00  80  62 1068000 1399000   250 10.12
-1.625 0.0830 82.07 13.00  80  62 1068000 1399000   250 10.12
-1.610 0.0814 81.76 13.00  80  62 1068000 1399000   250 10.12
-1.595 0.0821 81.46 13.00  80  62 1068000 1399000   250 10.12
-1.580 0.0813 81.18 13.00  80  62 1068000 1399000   250 10.12
-1.565 0.0807 80.90 13.00  80  62 1068000 1399000   250 10.12
-1.550 0.0800 80.63 13.00  80  62 1068000 1399000   250 10.12
-1.535 0.0805 80.37 13.00  80  62 1068000 1399000   250 10.12
-1.520 0.0794 80.10 13.00  80  62 1068000 1399000   250 10.12
-1.505 0.0809 79.85 13.00  80  62 1068000 1399000   250 10.12
-1.489 0.0797 79.60 13.00  80  62 1068000 1399000   250 10.12
-1.474 0.0785 79.35 13.00  80  62 1068000 1399000   250 10.12
-1.459 0.0787 79.11 13.00  80  62 1068000 1399000   250 10.12
-1.444 0.0797 78.88 13.00  80  62 1068000 1399000   250 10.12
-1.429 0.0774 78.66 13.00  80  62 1068000 1399000   250 10.12
-1.414 0.0781 78.45 13.00  80  62 1068000 1399000   250 10.12
-1.399 0.0788 78.24 13.00  80  62 1068000 1399000   250 10.12
-1.384 0.0782 78.03 13.00  80  62 1068000 1399000   250 10.12
-1.369 0.0784 77.83 13.00  80  62 1068000 1399000   250 10.12
-1.353 0.0781 77.62 13.00  80  62 1068000 1399000   250 10.12
-1.338 0.0775 77.40 13.00  80  62 1068000 1399000   250 10.12
-1.323 0.0772 77.19 13.00  80  62 1068000 1399000   250 10.12
-1.308 0.0772 76.97 13.00  80  62 1068000 1399000   250 10.12
-1.293 0.0764 76.74 13.00  80  62 1068000 1399000   250 10.12
-1.278 0.0772 76.51 13.00  80  62 1068000 1399000   250 10.12
-1.263 0.0763 76.28 13.00  80  62 1068000 1399000   250 10.12
-1.248 0.0749 76.04 13.00  80  62 1068000 1399000   250 10.12
-1.233 0.0761 75.79 13.00  80  62 1068000 1399000   250 10.12
-1.218 0.0755 75.55 13.00  80  62 1068000 1399000   250 10.12
-1.202 0.0759 75.30 13.00  80  62 1068000 1399000   250 10.12
-1.187 0.0747 75.05 13.00  80  62 1068000 1399000   250 10.12
-1.172 0.0745 74.80 13.00  80  62 1068000 1399000   250 10.12
-1.157 0.0744 74.55 13.00  80  62 1068000 1399000   250 10.12
-1.142 0.0748 74.31 13.00  80  62 1068000 1399000   250 10.12
-1.127 0.0742 74.08 13.00  80  62 1068000 1399000   250 10.12
-1.112 0.0733 73.85 13.00  80  62 1068000 1399000   250 10.12
-1.097 0.0734 73.64 13.00  80  62 1068000 1399000   250 10.12
-1.082 0.0749 73.42 13.00  80  62 1068000 1399000   250 10.12
-1.066 0.0710 73.21 13.00  80  62 1068000 1399000   250 10.12
-1.051 0.0742 73.00 13.00  80  62 1068000 1399000   250 10.12
-1.036 0.0725 72.79 13.00  80  62 1068000 1399000   250 10.12
-1.021 0.0727 72.58 13.00  80  62 1068000 1399000   250 10.12
-1.006 0.0725 72.38 13.00  80  62 1068000 1399000   250 10.12
-0.991 0.0715 72.18 13.00  80  62 1068000 1399000   250 10.12
-0.976 0.0731 71.99 13.00  80  62 1068000 1399000   250 10.12
-0.961 0.0712 71.80 13.00  80  62 1068000 1399000   250 10.12
-0.946 0.0712 71.63 13.00  80  62 1068000 1399000   250 10.12
-0.931 0.0731 71.46 13.00  80  62 1068000 1399000   250 10.12
-0.915 0.0712 71.31 13.00  80  62 1068000 1399000   250 10.12
-0.900 0.0701 71.18 13.00  80  62 1068000 1399000   250 10.12
-0.885 0.0717 71.05 13.00  80  62 1068000 1399000   250 10.12
-0.870 0.0703 70.92 13.00  80  62 1068000 1399000   250 10.12
-0.855 0.0706 70.79 13.00  80  62 1068000 1399000   250 10.12
-0.840 0.0698 70.66 13.00  80  62 1068000 1399000   250 10.12
-0.825 0.0708 70.53 13.00  80  62 1068000 1399000   250 10.12
-0.810 0.0701 70.39 13.00  80  62 1068000 1399000   250 10.12
-0.795 0.0695 70.24 13.00  80  62 1068000 1399000   250 10.12
-0.779 0.0710 70.10 13.00  80  62 1068000 1399000   250 10.12
-0.764 0.0696 69.95 13.00  80  62 1068000 1399000   250 10.12
-0.749 0.0703 69.79 13.00  80  62 1068000 1399000   250 10.12
-0.734 0.0701 69.64 13.00  80  62 1068000 1399000   250 10.12
-0.719 0.0692 69.47 13.00  80  62 1068000 1399000   250 10.12
-0.704 0.0704 69.31 13.00  80  62 1068000 1399000   250 10.12
-0.689 0.0700 69.14 13.00  80  62 1068000 1399000   250 10.12
-0.674 0.0691 68.96 13.00  80  62 1068000 1399000   250 10.12
-0.659 0.0691 68.78 13.00  80  62 1068000 1399000   250 10.12
-0.644 0.0686 68.59 13.00  80  62 1068000 1399000   250 10.12
-0.628 0.0678 68.40 13.00  80  62 1068000 1399000   250 10.12
-0.613 0.0678 68.21 13.00  80  62 1068000 1399000   250 10.12
-0.598 0.0657 68.01 13.00  80  62 1068000 1399000   250 10.12
-0.583 0.0687 67.82 13.00  80  62 1068000 1399000   250 10.12
-0.568 0.0676 67.62 13.00  80  62 1068000 1399000   250 10.12
-0.553 0.0672 67.43 13.00  80  62 1068000 1399000   250 10.12
-0.538 0.0679 67.24 13.00  80  62 1068000 1399000   250 10.12
-0.523 0.0680 67.06 13.00  80  62 1068000 1399000   250 10.12
-0.508 0.0667 66.88 13.00  80  62 1068000 1399000   250 10.12
-0.492 0.0666 66.71 13.00  80  62 1068000 1399000   250 10.12
-0.478 0.0655 66.56 13.00  80  62 1068000 1399000   250 10.12
-0.464 0.0663 66.41 13.00  80  62 1068000 1399000   250 10.12
-0.451 0.0666 66.28 13.00  80  62 1068000 1399000   250 10.12
-0.438 0.0671 66.15 13.00  80  62 1068000 1399000   250 10.12
-0.426 0.0656 66.03 13.00  80  62 1068000 1399000   250 10.12
-0.414 0.0662 65.93 13.00  80  62 1068000 1399000   250 10.12
-0.402 0.0651 65.83 13.00  80  62 1068000 1399000   250 10.12
-0.392 0.0670 65.74 13.00  80  62 1068000 1399000   250 10.12
-0.381 0.0657 65.66 13.00  80  62 1068000 1399000   250 10.12
-0.371 0.0656 65.59 13.00  80  62 1068000 1399000   250 10.12
-0.362 0.0652 65.54 13.00  80  62 1068000 1399000   250 10.12
-0.352 0.0656 65.50 13.00  80  62 1068000 1399000   250 10.12
-0.343 0.0643 65.49 13.00  80  62 1068000 1399000   250 10.12
-0.335 0.0647 65.51 13.00  80  62 1068000 1399000   250 10.12
-0.327 0.0666 65.54 13.00  80  62 1068000 1399000   250 10.12
-0.319 0.0649 65.60 13.00  80  62 1068000 1399000   250 10.12
-0.312 0.0649 65.67 13.00  80  62 1068000 1399000   250 10.12
-0.304 0.0678 65.74 13.00  80  62 1068000 1399000   250 10.12
-0.297 0.0643 65.83 13.00  80  62 1068000 1399000   250 10.12
-0.291 0.0667 65.92 13.00  80  62 1068000 1399000   250 10.12
-0.284 0.0643 66.00 13.00  80  62 1068000 1399000   250 10.12
-0.278 0.0662 66.08 13.00  80  62 1068000 1399000   250 10.12
-0.273 0.0668 66.16 13.00  80  62 1068000 1399000   250 10.12
-0.267 0.0667 66.23 13.00  80  62 1068000 1399000   250 10.12
-0.262 0.0676 66.31 13.00  80  62 1068000 1399000   250 10.12
-0.256 0.0660 66.40 13.00  80  62 1068000 1399000   250 10.12
-0.251 0.0666 66.49 13.00  80  62 1068000 1399000   250 10.12
-0.247 0.0647 66.57 13.00  80  62 1068000 1399000   250 10.12
-0.242 0.0684 66.64 13.00  80  62 1068000 1399000   250 10.12
-0.238 0.0697 66.70 13.00  80  62 1068000 1399000   250 10.12
-0.233 0.0652 66.74 13.00  80  62 1068000 1399000   250 10.12
-0.229 0.0675 66.77 13.00  80  62 1068000 1399000   250 10.12
-0.226 0.0663 66.79 13.00  80  62 1068000 1399000   250 10.12
-0.222 0.0622 66.80 13.00  80  62 1068000 1399000   250 10.12
-0.218 0.0704 66.81 13.00  80  62 1068000 1399000   250 10.12
-0.215 0.0651 66.83 13.00  80  62 1068000 1399000   250 10.12
-0.212 0.0674 66.87 13.00  80  62 1068000 1399000   250 10.12
-0.208 0.0672 66.93 13.00  80  62 1068000 1399000   250 10.12
-0.205 0.0650 66.99 13.00  80  62 1068000 1399000   250 10.12
-0.202 0.0653 67.07 13.00  80  62 1068000 1399000   250 10.12
-0.199 0.0726 67.15 13.00  80  62 1068000 1399000   250 10.12
-0.196 0.0668 67.23 13.00  80  62 1068000 1399000   250 10.12
-0.193 0.0669 67.30 13.00  80  62 1068000 1399000   250 10.12
-0.190 0.0703 67.35 13.00  80  62 1068000 1399000   250 10.12
-0.187 0.0679 67.39 13.00  80  62 1068000 1399000   250 10.12
-0.184 0.0560 67.40 13.00  80  62 1068000 1399000   250 10.12
-0.181 0.0682 67.40 13.00  80  62 1068000 1399000   250 10.12
-0.178 0.0713 67.39 13.00  80  62 1068000 1399000   250 10.12
-0.175 0.0707 67.38 13.00  80  62 1068000 1399000   250 10.12
-0.172 0.0669 67.36 13.00  80  62 1068000 1399000   250 10.12
-0.169 0.0648 67.32 13.00  80  62 1068000 1399000   250 10.12
-0.166 0.0699 67.27 13.00  80  62 1068000 1399000   250 10.12
-0.163 0.0700 67.22 13.00  80  62 1068000 1399000   250 10.12
-0.160 0.0700 67.18 13.00  80  62 1068000 1399000   250 10.12
-0.157 0.0669 67.15 13.00  80  62 1068000 1399000   250 10.12
-0.154 0.0659 67.13 13.00  80  62 1068000 1399000   250 10.12
-0.151 0.0628 67.12 13.00  80  62 1068000 1399000   250 10.12
-0.148 0.0639 67.11 13.00  80  62 1068000 1399000   250 10.12
-0.145 0.0666 67.09 13.00  80  62 1068000 1399000   250 10.12
-0.142 0.0724 67.05 13.00  80  62 1068000 1399000   250 10.12
-0.139 0.0575 67.00 13.00  80  62 1068000 1399000   250 10.12
-0.136 0.0676 66.94 13.00  80  62 1068000 1399000   250 10.12
-0.133 0.0728 66.87 13.00  80  62 1068000 1399000   250 10.12
-0.130 0.0670 66.78 13.00  80  62 1068000 1399000   250 10.12
-0.127 0.0669 66.68 13.00  80  62 1068000 1399000   250 10.12
-0.124 0.0681 66.56 13.00  80  62 1068000 1399000   250 10.12
-0.121 0.0663 66.44 13.00  80  62 1068000 1399000   250 10.12
-0.118 0.0655 66.31 13.00  80  62 1068000 1399000   250 10.12
-0.115 0.0633 66.17 13.00  80  62 1068000 1399000   250 10.12
-0.112 0.0646 66.00 13.00  80  62 1068000 1399000   250 10.12
-0.109 0.0733 65.80 13.00  80  62 1068000 1399000   250 10.12
-0.106 0.0690 65.59 13.00  80  62 1068000 1399000   250 10.12
-0.103 0.0661 65.37 13.00  80  62 1068000 1399000   250 10.12
-0.100 0.0594 65.16 13.00  80  62 1068000 1399000   250 10.12
-0.097 0.0646 64.95 13.00  80  62 1068000 1399000   250 10.12
-0.094 0.0624 64.75 13.00  80  62 1068000 1399000   250 10.12
-0.091 0.0663 64.57 13.00  80  62 1068000 1399000   250 10.12
-0.088 0.0609 64.41 13.00  80  62 1068000 1399000   250 10.12
-0.085 0.0664 64.28 13.00  80  62 1068000 1399000   250 10.12
-0.082 0.0657 64.15 13.00  80  62 1068000 1399000   250 10.12
-0.079 0.0644 64.02 13.00  80  62 1068000 1399000   250 10.12
-0.076 0.0607 63.84 13.00  80  62 1068000 1399000   250 10.12
-0.073 0.0590 63.62 13.00  80  62 1068000 1399000   250 10.12
-0.069 0.0607 63.33 13.00  80  62 1068000 1399000   250 10.12
-0.066 0.0634 62.97 13.00  80  62 1068000 1399000   250 10.12
-0.063 0.0698 62.54 13.00  80  62 1068000 1399000   250 10.12
-0.060 0.0594 62.06 13.00  80  62 1068000 1399000   250 10.12
-0.057 0.0611 61.55 13.00  80  62 1068000 1399000   250 10.12
-0.054 0.0627 61.02 13.00  80  62 1068000 1399000   250 10.12
-0.051 0.0680 60.47 13.00  80  62 1068000 1399000   250 10.12
-0.048 0.0664 59.90 13.00  80  62 1068000 1399000   250 10.12
-0.045 0.0611 59.31 13.00  80  62 1068000 1399000   250 10.12
-0.042 0.0545 58.69 13.00  80  62 1068000 1399000   250 10.12
-0.039 0.0590 58.04 13.00  80  62 1068000 1399000   250 10.12
-0.036 0.0547 57.39 13.00  80  62 1068000 1399000   250 10.12
-0.033 0.0581 56.75 13.00  80  62 1068000 1399000   250 10.12
-0.030 0.0522 56.13 13.00  80  62 1068000 1399000   250 10.12
-0.027 0.0536 55.53 13.00  80  62 1068000 1399000   250 10.12
-0.024 0.0480 54.96 13.00  80  62 1068000 1399000   250 10.12
-0.021 0.0506 54.42 13.00  80  62 1068000 1399000   250 10.12
-0.018 0.0535 53.91 13.00  80  62 1068000 1399000   250 10.12
-0.015 0.0526 53.44 13.00  80  62 1068000 1399000   250 10.12
-0.012 0.0559 53.01 13.00  80  62 1068000 1399000   250 10.12
-0.009 0.0558 52.65 13.00  80  62 1068000 1399000   250 10.12
-0.006 0.0555 52.34 13.00  80  62 1068000 1399000   250 10.12
-0.003 0.0577 52.10 13.00  80  62 1068000 1399000   250 10.12
0.000 0.0465 51.89 13.00  80  62 1068000 1399000   250 10.12
0.003 0.0512 51.70 13.00  80  62 1068000 1399000   250 10.12
0.006 0.0497 51.52 13.00  80  62 1068000 1399000   250 10.12
0.009 0.0499 51.33 13.00  80  62 1068000 1399000   250 10.12
0.012 0.0530 51.11 13.00  80  62 1068000 1399000   250 10.12
0.015 0.0545 50.85 13.00  80  62 1068000 1399000   250 10.12
0.018 0.0520 50.53 13.00  80  62 1068000 1399000   250 10.12
0.021 0.0495 50.18 13.00  80  62 1068000 1399000   250 10.12
0.024 0.0513 49.81 13.00  80  62 1068000 1399000   250 10.12
0.027 0.0478 49.41 13.00  80  62 1068000 1399000   250 10.12
0.030 0.0463 48.99 13.00  80  62 1068000 1399000   250 10.12
0.033 0.0501 48.56 13.00  80  62 1068000 1399000   250 10.12
0.036 0.0481 48.13 13.00  80  62 1068000 1399000   250 10.12
0.039 0.0453 47.70 13.00  80  62 1068000 1399000   250 10.12
0.042 0.0457 47.29 13.00  80  62 1068000 1399000   250 10.12
0.045 0.0486 46.89 13.00  80  62 1068000 1399000   250 10.12
0.048 0.0487 46.51 13.00  80  62 1068000 1399000   250 10.12
0.051 0.0462 46.12 13.00  80  62 1068000 1399000   250 10.12
0.054 0.0451 45.75 13.00  80  62 1068000 1399000   250 10.12
0.057 0.0450 45.38 13.00  80  62 1068000 1399000   250 10.12
0.060 0.0423 45.02 13.00  80  62 1068000 1399000   250 10.12
0.063 0.0485 44.67 13.00  80  62 1068000 1399000   250 10.12
0.066 0.0438 44.36 13.00  80  62 1068000 1399000   250 10.12
0.069 0.0431 44.08 13.00  80  62 1068000 1399000   250 10.12
0.073 0.0457 43.83 13.00  80  62 1068000 1399000   250 10.12
0.076 0.0437 43.61 13.00  80  62 1068000 1399000   250 10.12
0.079 0.0455 43.40 13.00  80  62 1068000 1399000   250 10.12
0.082 0.0421 43.20 13.00  80  62 1068000 1399000   250 10.12
0.085 0.0372 43.02 13.00  80  62 1068000 1399000   250 10.12
0.088 0.0440 42.86 13.00  80  62 1068000 1399000   250 10.12
0.091 0.0429 42.72 13.00  80  62 1068000 1399000   250 10.12
0.094 0.0436 42.61 13.00  80  62 1068000 1399000   250 10.12
0.097 0.0412 42.51 13.00  80  62 1068000 1399000   250 10.12
0.100 0.0432 42.44 13.00  80  62 1068000 1399000   250 10.12
0.103 0.0402 42.38 13.00  80  62 1068000 1399000   250 10.12
0.106 0.0460 42.33 13.00  80  62 1068000 1399000   250 10.12
0.109 0.0429 42.30 13.00  80  62 1068000 1399000   250 10.12
0.112 0.0417 42.27 13.00  80  62 1068000 1399000   250 10.12
0.115 0.0396 42.23 13.00  80  62 1068000 1399000   250 10.12
0.118 0.0429 42.19 13.00  80  62 1068000 1399000   250 10.12
0.121 0.0429 42.14 13.00  80  62 1068000 1399000   250 10.12
0.124 0.0446 42.09 13.00  80  62 1068000 1399000   250 10.12
0.127 0.0412 42.03 13.00  80  62 1068000 1399000   250 10.12
0.130 0.0400 41.96 13.00  80  62 1068000 1399000   250 10.12
0.133 0.0428 41.89 13.00  80  62 1068000 1399000   250 10.12
0.136 0.0425 41.81 13.00  80  62 1068000 1399000   250 10.12
0.139 0.0443 41.72 13.00  80  62 1068000 1399000   250 10.12
0.142 0.0409 41.63 13.00  80  62 1068000 1399000   250 10.12
0.145 0.0424 41.54 13.00  80  62 1068000 1399000   250 10.12
0.148 0.0372 41.45 13.00  80  62 1068000 1399000   250 10.12
0.151 0.0412 41.37 13.00  80  62 1068000 1399000   250 10.12
0.154 0.0442 41.29 13.00  80  62 1068000 1399000   250 10.12
0.157 0.0395 41.22 13.00  80  62 1068000 1399000   250 10.12
0.160 0.0398 41.15 13.00  80  62 1068000 1399000   250 10.12
0.163 0.0411 41.08 13.00  80  62 1068000 1399000   250 10.12
0.166 0.0432 41.02 13.00  80  62 1068000 1399000   250 10.12
0.169 0.0403 40.95 13.00  80  62 1068000 1399000   250 10.12
0.172 0.0375 40.89 13.00  80  62 1068000 1399000   250 10.12
0.175 0.0429 40.84 13.00  80  62 1068000 1399000   250 10.12
0.178 0.0426 40.79 13.00  80  62 1068000 1399000   250 10.12
0.181 0.0402 40.76 13.00  80  62 1068000 1399000   250 10.12
0.184 0.0413 40.73 13.00  80  62 1068000 1399000   250 10.12
0.187 0.0417 40.70 13.00  80  62 1068000 1399000   250 10.12
0.190 0.0403 40.67 13.00  80  62 1068000 1399000   250 10.12
0.193 0.0424 40.63 13.00  80  62 1068000 1399000   250 10.12
0.196 0.0388 40.59 13.00  80  62 1068000 1399000   250 10.12
0.199 0.0371 40.56 13.00  80  62 1068000 1399000   250 10.12
0.202 0.0425 40.53 13.00  80  62 1068000 1399000   250 10.12
0.205 0.0417 40.51 13.00  80  62 1068000 1399000   250 10.12
0.208 0.0432 40.50 13.00  80  62 1068000 1399000   250 10.12
0.211 0.0378 40.50 13.00  80  62 1068000 1399000   250 10.12
0.215 0.0392 40.52 13.00  80  62 1068000 1399000   250 10.12
0.218 0.0404 40.55 13.00  80  62 1068000 1399000   250 10.12
0.221 0.0417 40.60 13.00  80  62 1068000 1399000   250 10.12
0.224 0.0402 40.67 13.00  80  62 1068000 1399000   250 10.12
0.227 0.0406 40.77 13.00  80  62 1068000 1399000   250 10.12
0.230 0.0424 40.90 13.00  80  62 1068000 1399000   250 10.12
0.233 0.0413 41.05 13.00  80  62 1068000 1399000   250 10.12
0.236 0.0376 41.22 13.00  80  62 1068000 1399000   250 10.12
0.239 0.0416 41.41 13.00  80  62 1068000 1399000   250 10.12
0.242 0.0435 41.61 13.00  80  62 1068000 1399000   250 10.12
0.245 0.0394 41.81 13.00  80  62 1068000 1399000   250 10.12
0.248 0.0408 42.01 13.00  80  62 1068000 1399000   250 10.12
0.251 0.0455 42.21 13.00  80  62 1068000 1399000   250 10.12
0.254 0.0441 42.40 13.00  80  62 1068000 1399000   250 10.12
0.257 0.0416 42.60 13.00  80  62 1068000 1399000   250 10.12
0.260 0.0441 42.80 13.00  80  62 1068000 1399000   250 10.12
0.263 0.0402 43.00 13.00  80  62 1068000 1399000   250 10.12
0.266 0.0427 43.20 13.00  80  62 1068000 1399000   250 10.12
0.269 0.0439 43.41 13.00  80  62 1068000 1399000   250 10.12
0.272 0.0429 43.61 13.00  80  62 1068000 1399000   250 10.12
0.275 0.0489 43.81 13.00  80  62 1068000 1399000   250 10.12
0.278 0.0428 44.01 13.00  80  62 1068000 1399000   250 10.12
0.281 0.0444 44.22 13.00  80  62 1068000 1399000   250 10.12
0.284 0.0443 44.42 13.00  80  62 1068000 1399000   250 10.12
0.287 0.0429 44.60 13.00  80  62 1068000 1399000   250 10.12
0.290 0.0430 44.76 13.00  80  62 1068000 1399000   250 10.12
0.293 0.0456 44.92 13.00  80  62 1068000 1399000   250 10.12
0.296 0.0444 45.06 13.00  80  62 1068000 1399000   250 10.12
0.299 0.0440 45.19 13.00  80  62 1068000 1399000   250 10.12
0.302 0.0449 45.31 13.00  80  62 1068000 1399000   250 10.12
0.305 0.0476 45.43 13.00  80  62 1068000 1399000   250 10.12
0.308 0.0471 45.55 13.00  80  62 1068000 1399000   250 10.12
0.311 0.0461 45.66 13.00  80  62 1068000 1399000   250 10.12
0.314 0.0436 45.76 13.00  80  62 1068000 1399000   250 10.12
0.317 0.0481 45.85 13.00  80  62 1068000 1399000   250 10.12
0.320 0.0475 45.94 13.00  80  62 1068000 1399000   250 10.12
0.323 0.0437 46.02 13.00  80  62 1068000 1399000   250 10.12
0.326 0.0473 46.09 13.00  80  62 1068000 1399000   250 10.12
0.329 0.0463 46.16 13.00  80  62 1068000 1399000   250 10.12
0.332 0.0480 46.23 13.00  80  62 1068000 1399000   250 10.12
0.335 0.0430 46.30 13.00  80  62 1068000 1399000   250 10.12
0.338 0.0458 46.35 13.00  80  62 1068000 1399000   250 10.12
0.341 0.0440 46.39 13.00  80  62 1068000 1399000   250 10.12
0.344 0.0464 46.41 13.00  80  62 1068000 1399000   250 10.12
0.347 0.0494 46.44 13.00  80  62 1068000 1399000   250 10.12
0.350 0.0480 46.46 13.00  80  62 1068000 1399000   250 10.12
0.353 0.0444 46.49 13.00  80  62 1068000 1399000   250 10.12
0.356 0.0453 46.52 13.00  80  62 1068000 1399000   250 10.12
0.360 0.0482 46.56 13.00  80  62 1068000 1399000   250 10.12
0.363 0.0461 46.60 13.00  80  62 1068000 1399000   250 10.12
0.366 0.0477 46.64 13.00  80  62 1068000 1399000   250 10.12
0.369 0.0463 46.68 13.00  80  62 1068000 1399000   250 10.12
0.372 0.0446 46.71 13.00  80  62 1068000 1399000   250 10.12
0.375 0.0490 46.72 13.00  80  62 1068000 1399000   250 10.12
0.378 0.0475 46.71 13.00  80  62 1068000 1399000   250 10.12
0.381 0.0452 46.70 13.00  80  62 1068000 1399000   250 10.12
0.384 0.0478 46.67 13.00  80  62 1068000 1399000   250 10.12
0.387 0.0458 46.62 13.00  80  62 1068000 1399000   250 10.12
0.390 0.0491 46.57 13.00  80  62 1068000 1399000   250 10.12
0.393 0.0459 46.51 13.00  80  62 1068000 1399000   250 10.12
0.396 0.0431 46.45 13.00  80  62 1068000 1399000   250 10.12
0.399 0.0467 46.39 13.00  80  62 1068000 1399000   250 10.12
0.402 0.0477 46.33 13.00  80  62 1068000 1399000   250 10.12
0.405 0.0493 46.28 13.00  80  62 1068000 1399000   250 10.12
0.408 0.0436 46.23 13.00  80  62 1068000 1399000   250 10.12
0.411 0.0473 46.19 13.00  80  62 1068000 1399000   250 10.12
0.414 0.0441 46.16 13.00  80  62 1068000 1399000   250 10.12
0.417 0.0462 46.12 13.00  80  62 1068000 1399000   250 10.12
0.420 0.0474 46.09 13.00  80  62 1068000 1399000   250 10.12
0.423 0.0447 46.08 13.00  80  62 1068000 1399000   250 10.12
0.426 0.0448 46.08 13.00  80  62 1068000 1399000   250 10.12
0.429 0.0474 46.08 13.00  80  62 1068000 1399000   250 10.12
0.432 0.0458 46.10 13.00  80  62 1068000 1399000   250 10.12
0.435 0.0470 46.12 13.00  80  62 1068000 1399000   250 10.12
0.438 0.0443 46.15 13.00  80  62 1068000 1399000   250 10.12
0.441 0.0488 46.18 13.00  80  62 1068000 1399000   250 10.12
0.444 0.0462 46.22 13.00  80  62 1068000 1399000   250 10.12
0.447 0.0455 46.26 13.00  80  62 1068000 1399000   250 10.12
0.450 0.0459 46.30 13.00  80  62 1068000 1399000   250 10.12
0.453 0.0455 46.35 13.00  80  62 1068000 1399000   250 10.12
0.456 0.0491 46.41 13.00  80  62 1068000 1399000   250 10.12
0.459 0.0451 46.48 13.00  80  62 1068000 1399000   250 10.12
0.462 0.0474 46.56 13.00  80  62 1068000 1399000   250 10.12
0.465 0.0462 46.64 13.00  80  62 1068000 1399000   250 10.12
0.468 0.0447 46.73 13.00  80  62 1068000 1399000   250 10.12
0.471 0.0493 46.83 13.00  80  62 1068000 1399000   250 10.12
0.474 0.0465 46.93 13.00  80  62 1068000 1399000   250 10.12
0.477 0.0453 47.04 13.00  80  62 1068000 1399000   250 10.12
0.480 0.0502 47.15 13.00  80  62 1068000 1399000   250 10.12
0.483 0.0460 47.27 13.00  80  62 1068000 1399000   250 10.12
0.486 0.0448 47.40 13.00  80  62 1068000 1399000   250 10.12
0.489 0.0484 47.53 13.00  80  62 1068000 1399000   250 10.12
0.492 0.0464 47.67 13.00  80  62 1068000 1399000   250 10.12
0.495 0.0490 47.82 13.00  80  62 1068000 1399000   250 10.12
0.498 0.0488 47.96 13.00  80  62 1068000 1399000   250 10.12
0.502 0.0491 48.10 13.00  80  62 1068000 1399000   250 10.12
0.505 0.0471 48.24 13.00  80  62 1068000 1399000   250 10.12
0.508 0.0486 48.38 13.00  80  62 1068000 1399000   250 10.12
0.511 0.0498 48.53 13.00  80  62 1068000 1399000   250 10.12
0.514 0.0482 48.68 13.00  80  62 1068000 1399000   250 10.12
0.517 0.0490 48.84 13.00  80  62 1068000 1399000   250 10.12
0.520 0.0479 49.00 13.00  80  62 1068000 1399000   250 10.12
0.523 0.0511 49.17 13.00  80  62 1068000 1399000   250 10.12
0.526 0.0495 49.34 13.00  80  62 1068000 1399000   250 10.12
0.529 0.0472 49.51 13.00  80  62 1068000 1399000   250 10.12
0.532 0.0505 49.68 13.00  80  62 1068000 1399000   250 10.12
0.535 0.0490 49.86 13.00  80  62 1068000 1399000   250 10.12
0.538 0.0511 50.03 13.00  80  62 1068000 1399000   250 10.12
0.541 0.0485 50.20 13.00  80  62 1068000 1399000   250 10.12
0.544 0.0523 50.37 13.00  80  62 1068000 1399000   250 10.12
0.547 0.0496 50.55 13.00  80  62 1068000 1399000   250 10.12
0.550 0.0502 50.73 13.00  80  62 1068000 1399000   250 10.12
0.553 0.0503 50.93 13.00  80  62 1068000 1399000   250 10.12
0.556 0.0509 51.14 13.00  80  62 1068000 1399000   250 10.12
0.559 0.0542 51.35 13.00  80  62 1068000 1399000   250 10.12
0.562 0.0523 51.59 13.00  80  62 1068000 1399000   250 10.12
0.565 0.0501 51.82 13.00  80  62 1068000 1399000   250 10.12
0.568 0.0511 52.07 13.00  80  62 1068000 1399000   250 10.12
0.571 0.0552 52.32 13.00  80  62 1068000 1399000   250 10.12
0.574 0.0522 52.58 13.00  80  62 1068000 1399000   250 10.12
0.577 0.0517 52.84 13.00  80  62 1068000 1399000   250 10.12
0.580 0.0530 53.09 13.00  80  62 1068000 1399000   250 10.12
0.583 0.0521 53.35 13.00  80  62 1068000 1399000   250 10.12
0.586 0.0527 53.61 13.00  80  62 1068000 1399000   250 10.12
0.589 0.0545 53.86 13.00  80  62 1068000 1399000   250 10.12
0.592 0.0535 54.12 13.00  80  62 1068000 1399000   250 10.12
0.595 0.0566 54.39 13.00  80  62 1068000 1399000   250 10.12
0.598 0.0535 54.66 13.00  80  62 1068000 1399000   250 10.12
0.601 0.0548 54.94 13.00  80  62 1068000 1399000   250 10.12
0.604 0.0568 55.23 13.00  80  62 1068000 1399000   250 10.12
0.607 0.0547 55.52 13.00  80  62 1068000 1399000   250 10.12
0.610 0.0565 55.83 13.00  80  62 1068000 1399000   250 10.12
0.613 0.0563 56.14 13.00  80  62 1068000 1399000   250 10.12
0.616 0.0583 56.47 13.00  80  62 1068000 1399000   250 10.12
0.619 0.0528 56.80 13.00  80  62 1068000 1399000   250 10.12
0.622 0.0590 57.13 13.00  80  62 1068000 1399000   250 10.12
0.625 0.0556 57.46 13.00  80  62 1068000 1399000   250 10.12
0.628 0.0594 57.79 13.00  80  62 1068000 1399000   250 10.12
0.631 0.0566 58.11 13.00  80  62 1068000 1399000   250 10.12
0.634 0.0568 58.43 13.00  80  62 1068000 1399000   250 10.12
0.637 0.0615 58.74 13.00  80  62 1068000 1399000   250 10.12
0.640 0.0590 59.06 13.00  80  62 1068000 1399000   250 10.12
0.644 0.0602 59.38 13.00  80  62 1068000 1399000   250 10.12
0.647 0.0566 59.72 13.00  80  62 1068000 1399000   250 10.12
0.650 0.0625 60.06 13.00  80  62 1068000 1399000   250 10.12
0.653 0.0611 60.42 13.00  80  62 1068000 1399000   250 10.12
0.656 0.0588 60.78 13.00  80  62 1068000 1399000   250 10.12
0.659 0.0630 61.14 13.00  80  62 1068000 1399000   250 10.12
0.662 0.0605 61.50 13.00  80  62 1068000 1399000   250 10.12
0.665 0.0629 61.84 13.00  80  62 1068000 1399000   250 10.12
0.668 0.0612 62.18 13.00  80  62 1068000 1399000   250 10.12
0.671 0.0614 62.50 13.00  80  62 1068000 1399000   250 10.12
0.674 0.0625 62.80 13.00  80  62 1068000 1399000   250 10.12
0.677 0.0651 63.08 13.00  80  62 1068000 1399000   250 10.12
0.680 0.0624 63.34 13.00  80  62 1068000 1399000   250 10.12
0.683 0.0603 63.58 13.00  80  62 1068000 1399000   250 10.12
0.686 0.0655 63.81 13.00  80  62 1068000 1399000   250 10.12
0.689 0.0661 64.02 13.00  80  62 1068000 1399000   250 10.12
0.692 0.0645 64.21 13.00  80  62 1068000 1399000   250 10.12
0.695 0.0629 64.37 13.00  80  62 1068000 1399000   250 10.12
0.698 0.0672 64.52 13.00  80  62 1068000 1399000   250 10.12
0.701 0.0658 64.65 13.00  80  62 1068000 1399000   250 10.12
0.704 0.0623 64.75 13.00  80  62 1068000 1399000   250 10.12
0.707 0.0656 64.84 13.00  80  62 1068000 1399000   250 10.12
0.710 0.0668 64.91 13.00  80  62 1068000 1399000   250 10.12
0.713 0.0611 64.96 13.00  80  62 1068000 1399000   250 10.12
0.716 0.0672 64.99 13.00  80  62 1068000 1399000   250 10.12
0.719 0.0632 65.01 13.00  80  62 1068000 1399000   250 10.12
0.722 0.0661 65.02 13.00  80  62 1068000 1399000   250 10.12
0.725 0.0646 65.01 13.00  80  62 1068000 1399000   250 10.12
0.728 0.0648 65.00 13.00  80  62 1068000 1399000   250 10.12
0.731 0.0648 64.98 13.00  80  62 1068000 1399000   250 10.12
0.734 0.0661 64.95 13.00  80  62 1068000 1399000   250 10.12
0.737 0.0636 64.92 13.00  80  62 1068000 1399000   250 10.12
0.740 0.0653 64.90 13.00  80  62 1068000 1399000   250 10.12
0.743 0.0650 64.87 13.00  80  62 1068000 1399000   250 10.12
0.746 0.0650 64.85 13.00  80  62 1068000 1399000   250 10.12
0.749 0.0639 64.82 13.00  80  62 1068000 1399000   250 10.12
0.752 0.0637 64.80 13.00  80  62 1068000 1399000   250 10.12
0.755 0.0652 64.77 13.00  80  62 1068000 1399000   250 10.12
0.758 0.0669 64.74 13.00  80  62 1068000 1399000   250 10.12
0.761 0.0672 64.71 13.00  80  62 1068000 1399000   250 10.12
0.764 0.0606 64.68 13.00  80  62 1068000 1399000   250 10.12
0.767 0.0658 64.65 13.00  80  62 1068000 1399000   250 10.12
0.770 0.0647 64.61 13.00  80  62 1068000 1399000   250 10.12
0.773 0.0634 64.58 13.00  80  62 1068000 1399000   250 10.12
0.776 0.0655 64.54 13.00  80  62 1068000 1399000   250 10.12
0.779 0.0645 64.52 13.00  80  62 1068000 1399000   250 10.12
0.782 0.0649 64.50 13.00  80  62 1068000 1399000   250 10.12
0.785 0.0646 64.49 13.00  80  62 1068000 1399000   250 10.12
0.789 0.0631 64.49 13.00  80  62 1068000 1399000   250 10.12
0.792 0.0646 64.51 13.00  80  62 1068000 1399000   250 10.12
0.795 0.0638 64.54 13.00  80  62 1068000 1399000   250 10.12
0.798 0.0680 64.58 13.00  80  62 1068000 1399000   250 10.12
0.801 0.0604 64.63 13.00  80  62 1068000 1399000   250 10.12
0.804 0.0672 64.68 13.00  80  62 1068000 1399000   250 10.12
0.807 0.0633 64.74 13.00  80  62 1068000 1399000   250 10.12
0.810 0.0661 64.81 13.00  80  62 1068000 1399000   250 10.12
0.813 0.0641 64.86 13.00  80  62 1068000 1399000   250 10.12
0.816 0.0650 64.92 13.00  80  62 1068000 1399000   250 10.12
0.819 0.0627 64.97 13.00  80  62 1068000 1399000   250 10.12
0.822 0.0673 65.00 13.00  80  62 1068000 1399000   250 10.12
0.825 0.0653 65.03 13.00  80  62 1068000 1399000   250 10.12
0.828 0.0631 65.05 13.00  80  62 1068000 1399000   250 10.12
0.831 0.0678 65.07 13.00  80  62 1068000 1399000   250 10.12
0.834 0.0657 65.09 13.00  80  62 1068000 1399000   250 10.12
0.837 0.0642 65.11 13.00  80  62 1068000 1399000   250 10.12
0.840 0.0669 65.14 13.00  80  62 1068000 1399000   250 10.12
0.843 0.0662 65.18 13.00  80  62 1068000 1399000   250 10.12
0.846 0.0644 65.23 13.00  80  62 1068000 1399000   250 10.12
0.849 0.0656 65.28 13.00  80  62 1068000 1399000   250 10.12
0.852 0.0633 65.34 13.00  80  62 1068000 1399000   250 10.12
0.855 0.0636 65.40 13.00  80  62 1068000 1399000   250 10.12
0.858 0.0675 65.48 13.00  80  62 1068000 1399000   250 10.12
0.861 0.0645 65.56 13.00  80  62 1068000 1399000   250 10.12
0.864 0.0652 65.65 13.00  80  62 1068000 1399000   250 10.12
0.867 0.0634 65.74 13.00  80  62 1068000 1399000   250 10.12
0.870 0.0666 65.84 13.00  80  62 1068000 1399000   250 10.12
0.873 0.0666 65.94 13.00  80  62 1068000 1399000   250 10.12
0.876 0.0669 66.04 13.00  80  62 1068000 1399000   250 10.12
0.879 0.0650 66.14 13.00  80  62 1068000 1399000   250 10.12
0.882 0.0663 66.24 13.00  80  62 1068000 1399000   250 10.12
0.885 0.0684 66.34 13.00  80  62 1068000 1399000   250 10.12
0.888 0.0664 66.44 13.00  80  62 1068000 1399000   250 10.12
0.891 0.0668 66.53 13.00  80  62 1068000 1399000   250 10.12
0.894 0.0683 66.62 13.00  80  62 1068000 1399000   250 10.12
0.897 0.0651 66.69 13.00  80  62 1068000 1399000   250 10.12
0.900 0.0658 66.75 13.00  80  62 1068000 1399000   250 10.12
0.903 0.0667 66.79 13.00  80  62 1068000 1399000   250 10.12
0.906 0.0694 66.81 13.00  80  62 1068000 1399000   250 10.12
0.909 0.0652 66.80 13.00  80  62 1068000 1399000   250 10.12
0.912 0.0681 66.78 13.00  80  62 1068000 1399000   250 10.12
0.915 0.0650 66.75 13.00  80  62 1068000 1399000   250 10.12
0.918 0.0659 66.71 13.00  80  62 1068000 1399000   250 10.12
0.921 0.0683 66.67 13.00  80  62 1068000 1399000   250 10.12
0.924 0.0660 66.63 13.00  80  62 1068000 1399000   250 10.12
0.927 0.0657 66.60 13.00  80  62 1068000 1399000   250 10.12
0.931 0.0678 66.59 13.00  80  62 1068000 1399000   250 10.12
0.934 0.0645 66.59 13.00  80  62 1068000 1399000   250 10.12
0.937 0.0682 66.60 13.00  80  62 1068000 1399000   250 10.12
0.940 0.0673 66.62 13.00  80  62 1068000 1399000   250 10.12
0.943 0.0676 66.65 13.00  80  62 1068000 1399000   250 10.12
0.946 0.0666 66.69 13.00  80  62 1068000 1399000   250 10.12
0.949 0.0643 66.74 13.00  80  62 1068000 1399000   250 10.12
0.952 0.0682 66.79 13.00  80  62 1068000 1399000   250 10.12
0.955 0.0658 66.85 13.00  80  62 1068000 1399000   250 10.12
0.958 0.0665 66.91 13.00  80  62 1068000 1399000   250 10.12
0.961 0.0649 66.98 13.00  80  62 1068000 1399000   250 10.12
0.964 0.0660 67.04 13.00  80  62 1068000 1399000   250 10.12
0.967 0.0722 67.10 13.00  80  62 1068000 1399000   250 10.12
0.970 0.0654 67.15 13.00  80  62 1068000 1399000   250 10.12
0.973 0.0665 67.18 13.00  80  62 1068000 1399000   250 10.12
0.976 0.0697 67.19 13.00  80  62 1068000 1399000   250 10.12
0.979 0.0647 67.18 13.00  80  62 1068000 1399000   250 10.12
0.982 0.0709 67.17 13.00  80  62 1068000 1399000   250 10.12
0.985 0.0663 67.15 13.00  80  62 1068000 1399000   250 10.12
0.988 0.0645 67.14 13.00  80  62 1068000 1399000   250 10.12
0.991 0.0672 67.12 13.00  80  62 1068000 1399000   250 10.12
0.994 0.0701 67.12 13.00  80  62 1068000 1399000   250 10.12
0.997 0.0655 67.11 13.00  80  62 1068000 1399000   250 10.12
1.000 0.0691 67.11 13.00  80  62 1068000 1399000   250 10.12
1.003 0.0678 67.11 13.00  80  62 1068000 1399000   250 10.12
1.006 0.0652 67.11 13.00  80  62 1068000 1399000   250 10.12
1.009 0.0664 67.10 13.00  80  62 1068000 1399000   250 10.12
1.012 0.0666 67.11 13.00  80  62 1068000 1399000   250 10.12
1.015 0.0699 67.11 13.00  80  62 1068000 1399000   250 10.12
1.018 0.0612 67.13 13.00  80  62 1068000 1399000   250 10.12
1.021 0.0694 67.16 13.00  80  62 1068000 1399000   250 10.12
1.024 0.0648 67.20 13.00  80  62 1068000 1399000   250 10.12
1.027 0.0657 67.25 13.00  80  62 1068000 1399000   250 10.12
1.030 0.0688 67.30 13.00  80  62 1068000 1399000   250 10.12
1.033 0.0711 67.34 13.00  80  62 1068000 1399000   250 10.12
1.036 0.0643 67.38 13.00  80  62 1068000 1399000   250 10.12
1.039 0.0722 67.41 13.00  80  62 1068000 1399000   250 10.12
1.042 0.0672 67.44 13.00  80  62 1068000 1399000   250 10.12
1.045 0.0689 67.48 13.00  80  62 1068000 1399000   250 10.12
1.048 0.0640 67.51 13.00  80  62 1068000 1399000   250 10.12
1.051 0.0683 67.54 13.00  80  62 1068000 1399000   250 10.12
1.054 0.0674 67.56 13.00  80  62 1068000 1399000   250 10.12
1.057 0.0669 67.58 13.00  80  62 1068000 1399000   250 10.12
1.060 0.0701 67.59 13.00  80  62 1068000 1399000   250 10.12
1.063 0.0636 67.59 13.00  80  62 1068000 1399000   250 10.12
1.066 0.0705 67.58 13.00  80  62 1068000 1399000   250 10.12
1.069 0.0669 67.57 13.00  80  62 1068000 1399000   250 10.12
1.073 0.0670 67.55 13.00  80  62 1068000 1399000   250 10.12
1.076 0.0707 67.54 13.00  80  62 1068000 1399000   250 10.12
1.079 0.0646 67.54 13.00  80  62 1068000 1399000   250 10.12
1.082 0.0648 67.55 13.00  80  62 1068000 1399000   250 10.12
1.085 0.0685 67.57 13.00  80  62 1068000 1399000   250 10.12
1.088 0.0676 67.61 13.00  80  62 1068000 1399000   250 10.12
1.091 0.0679 67.67 13.00  80  62 1068000 1399000   250 10.12
1.094 0.0696 67.73 13.00  80  62 1068000 1399000   250 10.12
1.097 0.0655 67.79 13.00  80  62 1068000 1399000   250 10.12
1.100 0.0712 67.85 13.00  80  62 1068000 1399000   250 10.12
1.103 0.0679 67.90 13.00  80  62 1068000 1399000   250 10.12
1.106 0.0661 67.93 13.00  80  62 1068000 1399000   250 10.12
1.109 0.0662 67.95 13.00  80  62 1068000 1399000   250 10.12
1.112 0.0700 67.96 13.00  80  62 1068000 1399000   250 10.12
1.115 0.0674 67.97 13.00  80  62 1068000 1399000   250 10.12
1.118 0.0709 67.96 13.00  80  62 1068000 1399000   250 10.12
1.121 0.0650 67.94 13.00  80  62 1068000 1399000   250 10.12
1.124 0.0658 67.92 13.00  80  62 1068000 1399000   250 10.12
1.127 0.0726 67.89 13.00  80  62 1068000 1399000   250 10.12
1.130 0.0681 67.86 13.00  80  62 1068000 1399000   250 10.12
1.133 0.0647 67.84 13.00  80  62 1068000 1399000   250 10.12
1.136 0.0716 67.83 13.00  80  62 1068000 1399000   250 10.12
1.139 0.0676 67.82 13.00  80  62 1068000 1399000   250 10.12
1.142 0.0657 67.83 13.00  80  62 1068000 1399000   250 10.12
1.145 0.0672 67.84 13.00  80  62 1068000 1399000   250 10.12
1.148 0.0688 67.86 13.00  80  62 1068000 1399000   250 10.12
1.151 0.0679 67.89 13.00  80  62 1068000 1399000   250 10.12
1.154 0.0664 67.92 13.00  80  62 1068000 1399000   250 10.12
1.157 0.0663 67.95 13.00  80  62 1068000 1399000   250 10.12
1.160 0.0679 67.97 13.00  80  62 1068000 1399000   250 10.12
1.163 0.0668 67.99 13.00  80  62 1068000 1399000   250 10.12
1.166 0.0733 68.01 13.00  80  62 1068000 1399000   250 10.12
1.169 0.0651 68.04 13.00  80  62 1068000 1399000   250 10.12
1.172 0.0676 68.07 13.00  80  62 1068000 1399000   250 10.12
1.175 0.0660 68.11 13.00  80  62 1068000 1399000   250 10.12
1.178 0.0733 68.15 13.00  80  62 1068000 1399000   250 10.12
1.181 0.0684 68.17 13.00  80  62 1068000 1399000   250 10.12
1.184 0.0677 68.18 13.00  80  62 1068000 1399000   250 10.12
1.187 0.0699 68.18 13.00  80  62 1068000 1399000   250 10.12
1.190 0.0684 68.16 13.00  80  62 1068000 1399000   250 10.12
1.193 0.0646 68.13 13.00  80  62 1068000 1399000   250 10.12
1.196 0.0676 68.07 13.00  80  62 1068000 1399000   250 10.12
1.199 0.0693 68.00 13.00  80  62 1068000 1399000   250 10.12
1.202 0.0655 67.90 13.00  80  62 1068000 1399000   250 10.12
1.205 0.0683 67.78 13.00  80  62 1068000 1399000   250 10.12
1.208 0.0699 67.65 13.00  80  62 1068000 1399000   250 10.12
1.211 0.0713 67.51 13.00  80  62 1068000 1399000   250 10.12
1.215 0.0609 67.38 13.00  80  62 1068000 1399000   250 10.12
1.218 0.0667 67.25 13.00  80  62 1068000 1399000   250 10.12
1.221 0.0735 67.13 13.00  80  62 1068000 1399000   250 10.12
1.224 0.0671 67.01 13.00  80  62 1068000 1399000   250 10.12
1.227 0.0642 66.91 13.00  80  62 1068000 1399000   250 10.12
1.230 0.0677 66.83 13.00  80  62 1068000 1399000   250 10.12
1.233 0.0664 66.76 13.00  80  62 1068000 1399000   250 10.12
1.236 0.0617 66.72 13.00  80  62 1068000 1399000   250 10.12
1.239 0.0683 66.70 13.00  80  62 1068000 1399000   250 10.12
1.242 0.0699 66.70 13.00  80  62 1068000 1399000   250 10.12
1.245 0.0658 66.71 13.00  80  62 1068000 1399000   250 10.12
1.248 0.0681 66.75 13.00  80  62 1068000 1399000   250 10.12
1.251 0.0635 66.79 13.00  80  62 1068000 1399000   250 10.12
1.254 0.0682 66.85 13.00  80  62 1068000 1399000   250 10.12
1.257 0.0633 66.91 13.00  80  62 1068000 1399000   250 10.12
1.260 0.0670 66.98 13.00  80  62 1068000 1399000   250 10.12
1.263 0.0694 67.06 13.00  80  62 1068000 1399000   250 10.12
1.266 0.0688 67.14 13.00  80  62 1068000 1399000   250 10.12
1.269 0.0673 67.22 13.00  80  62 1068000 1399000   250 10.12
1.272 0.0649 67.28 13.00  80  62 1068000 1399000   250 10.12
1.275 0.0682 67.34 13.00  80  62 1068000 1399000   250 10.12
1.278 0.0661 67.38 13.00  80  62 1068000 1399000   250 10.12
1.281 0.0699 67.43 13.00  80  62 1068000 1399000   250 10.12
1.284 0.0687 67.47 13.00  80  62 1068000 1399000   250 10.12
1.287 0.0686 67.49 13.00  80  62 1068000 1399000   250 10.12
1.290 0.0681 67.51 13.00  80  62 1068000 1399000   250 10.12
1.293 0.0678 67.51 13.00  80  62 1068000 1399000   250 10.12
1.296 0.0656 67.52 13.00  80  62 1068000 1399000   250 10.12
1.299 0.0664 67.52 13.00  80  62 1068000 1399000   250 10.12
1.302 0.0706 67.52 13.00  80  62 1068000 1399000   250 10.12
1.305 0.0646 67.53 13.00  80  62 1068000 1399000   250 10.12
1.308 0.0657 67.54 13.00  80  62 1068000 1399000   250 10.12
1.311 0.0667 67.55 13.00  80  62 1068000 1399000   250 10.12
1.314 0.0692 67.58 13.00  80  62 1068000 1399000   250 10.12
1.317 0.0679 67.62 13.00  80  62 1068000 1399000   250 10.12
1.320 0.0692 67.68 13.00  80  62 1068000 1399000   250 10.12
1.323 0.0638 67.76 13.00  80  62 1068000 1399000   250 10.12
1.326 0.0685 67.84 13.00  80  62 1068000 1399000   250 10.12
1.329 0.0692 67.93 13.00  80  62 1068000 1399000   250 10.12
1.332 0.0692 68.03 13.00  80  62 1068000 1399000   250 10.12
1.335 0.0701 68.12 13.00  80  62 1068000 1399000   250 10.12
1.338 0.0673 68.21 13.00  80  62 1068000 1399000   250 10.12
1.341 0.0640 68.31 13.00  80  62 1068000 1399000   250 10.12
1.344 0.0681 68.41 13.00  80  62 1068000 1399000   250 10.12
1.347 0.0702 68.49 13.00  80  62 1068000 1399000   250 10.12
1.350 0.0708 68.56 13.00  80  62 1068000 1399000   250 10.12
1.353 0.0676 68.62 13.00  80  62 1068000 1399000   250 10.12
1.356 0.0703 68.67 13.00  80  62 1068000 1399000   250 10.12
1.360 0.0700 68.72 13.00  80  62 1068000 1399000   250 10.12
1.363 0.0659 68.75 13.00  80  62 1068000 1399000   250 10.12
1.366 0.0703 68.78 13.00  80  62 1068000 1399000   250 10.12
1.369 0.0682 68.78 13.00  80  62 1068000 1399000   250 10.12
1.372 0.0688 68.76 13.00  80  62 1068000 1399000   250 10.12
1.375 0.0654 68.72 13.00  80  62 1068000 1399000   250 10.12
1.378 0.0721 68.67 13.00  80  62 1068000 1399000   250 10.12
1.381 0.0665 68.60 13.00  80  62 1068000 1399000   250 10.12
1.384 0.0686 68.52 13.00  80  62 1068000 1399000   250 10.12
1.387 0.0692 68.42 13.00  80  62 1068000 1399000   250 10.12
1.390 0.0674 68.32 13.00  80  62 1068000 1399000   250 10.12
1.393 0.0692 68.22 13.00  80  62 1068000 1399000   250 10.12
1.396 0.0709 68.11 13.00  80  62 1068000 1399000   250 10.12
1.399 0.0721 68.01 13.00  80  62 1068000 1399000   250 10.12
1.402 0.0612 67.91 13.00  80  62 1068000 1399000   250 10.12
1.405 0.0678 67.83 13.00  80  62 1068000 1399000   250 10.12
1.408 0.0701 67.76 13.00  80  62 1068000 1399000   250 10.12
1.411 0.0695 67.72 13.00  80  62 1068000 1399000   250 10.12
1.414 0.0643 67.70 13.00  80  62 1068000 1399000   250 10.12
1.417 0.0702 67.70 13.00  80  62 1068000 1399000   250 10.12
1.420 0.0641 67.71 13.00  80  62 1068000 1399000   250 10.12
1.423 0.0638 67.73 13.00  80  62 1068000 1399000   250 10.12
1.426 0.0680 67.74 13.00  80  62 1068000 1399000   250 10.12
1.429 0.0716 67.76 13.00  80  62 1068000 1399000   250 10.12
1.432 0.0675 67.79 13.00  80  62 1068000 1399000   250 10.12
1.435 0.0685 67.82 13.00  80  62 1068000 1399000   250 10.12
1.438 0.0667 67.85 13.00  80  62 1068000 1399000   250 10.12
1.441 0.0656 67.90 13.00  80  62 1068000 1399000   250 10.12
1.444 0.0697 67.95 13.00  80  62 1068000 1399000   250 10.12
1.447 0.0703 68.00 13.00  80  62 1068000 1399000   250 10.12
1.450 0.0682 68.05 13.00  80  62 1068000 1399000   250 10.12
1.453 0.0663 68.10 13.00  80  62 1068000 1399000   250 10.12
1.456 0.0689 68.14 13.00  80  62 1068000 1399000   250 10.12
1.459 0.0684 68.16 13.00  80  62 1068000 1399000   250 10.12
1.462 0.0710 68.17 13.00  80  62 1068000 1399000   250 10.12
1.465 0.0713 68.18 13.00  80  62 1068000 1399000   250 10.12
1.468 0.0663 68.18 13.00  80  62 1068000 1399000   250 10.12
1.471 0.0668 68.17 13.00  80  62 1068000 1399000   250 10.12
1.474 0.0642 68.16 13.00  80  62 1068000 1399000   250 10.12
1.477 0.0679 68.14 13.00  80  62 1068000 1399000   250 10.12
1.480 0.0664 68.11 13.00  80  62 1068000 1399000   250 10.12
1.483 0.0675 68.07 13.00  80  62 1068000 1399000   250 10.12
1.486 0.0744 68.02 13.00  80  62 1068000 1399000   250 10.12
1.489 0.0638 67.97 13.00  80  62 1068000 1399000   250 10.12
1.492 0.0700 67.92 13.00  80  62 1068000 1399000   250 10.12
1.495 0.0684 67.85 13.00  80  62 1068000 1399000   250 10.12
1.498 0.0658 67.79 13.00  80  62 1068000 1399000   250 10.12
1.502 0.0702 67.74 13.00  80  62 1068000 1399000   250 10.12
1.505 0.0659 67.71 13.00  80  62 1068000 1399000   250 10.12
1.508 0.0682 67.69 13.00  80  62 1068000 1399000   250 10.12
1.511 0.0670 67.69 13.00  80  62 1068000 1399000   250 10.12
1.514 0.0691 67.69 13.00  80  62 1068000 1399000   250 10.12
1.517 0.0710 67.69 13.00  80  62 1068000 1399000   250 10.12
1.520 0.0677 67.70 13.00  80  62 1068000 1399000   250 10.12
1.523 0.0648 67.70 13.00  80  62 1068000 1399000   250 10.12
1.526 0.0683 67.70 13.00  80  62 1068000 1399000   250 10.12
1.529 0.0647 67.68 13.00  80  62 1068000 1399000   250 10.12
1.532 0.0690 67.65 13.00  80  62 1068000 1399000   250 10.12
1.535 0.0646 67.62 13.00  80  62 1068000 1399000   250 10.12
1.538 0.0675 67.59 13.00  80  62 1068000 1399000   250 10.12
1.541 0.0690 67.57 13.00  80  62 1068000 1399000   250 10.12
1.544 0.0658 67.56 13.00  80  62 1068000 1399000   250 10.12
1.547 0.0702 67.57 13.00  80  62 1068000 1399000   250 10.12
1.550 0.0687 67.58 13.00  80  62 1068000 1399000   250 10.12
1.553 0.0693 67.60 13.00  80  62 1068000 1399000   250 10.12
1.556 0.0691 67.64 13.00  80  62 1068000 1399000   250 10.12
1.559 0.0663 67.70 13.00  80  62 1068000 1399000   250 10.12
1.562 0.0672 67.78 13.00  80  62 1068000 1399000   250 10.12
1.565 0.0665 67.87 13.00  80  62 1068000 1399000   250 10.12
1.568 0.0701 67.97 13.00  80  62 1068000 1399000   250 10.12
1.571 0.0637 68.07 13.00  80  62 1068000 1399000   250 10.12
1.574 0.0689 68.16 13.00  80  62 1068000 1399000   250 10.12
1.577 0.0703 68.24 13.00  80  62 1068000 1399000   250 10.12
1.580 0.0676 68.29 13.00  80  62 1068000 1399000   250 10.12
1.583 0.0647 68.32 13.00  80  62 1068000 1399000   250 10.12
1.586 0.0681 68.33 13.00  80  62 1068000 1399000   250 10.12
1.589 0.0715 68.32 13.00  80  62 1068000 1399000   250 10.12
1.592 0.0651 68.30 13.00  80  62 1068000 1399000   250 10.12
1.595 0.0690 68.28 13.00  80  62 1068000 1399000   250 10.12
1.598 0.0722 68.25 13.00  80  62 1068000 1399000   250 10.12
1.601 0.0697 68.23 13.00  80  62 1068000 1399000   250 10.12
1.604 0.0663 68.20 13.00  80  62 1068000 1399000   250 10.12
1.607 0.0711 68.17 13.00  80  62 1068000 1399000   250 10.12
1.610 0.0674 68.14 13.00  80  62 1068000 1399000   250 10.12
1.613 0.0688 68.08 13.00  80  62 1068000 1399000   250 10.12
1.617 0.0696 68.01 13.00  80  62 1068000 1399000   250 10.12
1.620 0.0652 67.93 13.00  80  62 1068000 1399000   250 10.12
1.624 0.0660 67.83 13.00  80  62 1068000 1399000   250 10.12
1.627 0.0681 67.72 13.00  80  62 1068000 1399000   250 10.12
1.631 0.0659 67.62 13.00  80  62 1068000 1399000   250 10.12
1.635 0.0685 67.52 13.00  80  62 1068000 1399000   250 10.12
1.640 0.0660 67.42 13.00  80  62 1068000 1399000   250 10.12
1.644 0.0664 67.33 13.00  80  62 1068000 1399000   250 10.12
1.648 0.0676 67.26 13.00  80  62 1068000 1399000   250 10.12
1.653 0.0682 67.20 13.00  80  62 1068000 1399000   250 10.12
1.658 0.0687 67.17 13.00  80  62 1068000 1399000   250 10.12
1.663 0.0677 67.17 13.00  80  62 1068000 1399000   250 10.12
1.669 0.0673 67.19 13.00  80  62 1068000 1399000   250 10.12
1.674 0.0665 67.24 13.00  80  62 1068000 1399000   250 10.12
1.680 0.0678 67.30 13.00  80  62 1068000 1399000   250 10.12
1.686 0.0674 67.37 13.00  80  62 1068000 1399000   250 10.12
1.693 0.0651 67.44 13.00  80  62 1068000 1399000   250 10.12
1.699 0.0688 67.52 13.00  80  62 1068000 1399000   250 10.12
1.706 0.0678 67.59 13.00  80  62 1068000 1399000   250 10.12
1.713 0.0658 67.66 13.00  80  62 1068000 1399000   250 10.12
1.721 0.0693 67.73 13.00  80  62 1068000 1399000   250 10.12
1.729 0.0673 67.79 13.00  80  62 1068000 1399000   250 10.12
1.737 0.0677 67.85 13.00  80  62 1068000 1399000   250 10.12
1.745 0.0681 67.92 13.00  80  62 1068000 1399000   250 10.12
1.754 0.0672 67.98 13.00  80  62 1068000 1399000   250 10.12
1.763 0.0678 68.05 13.00  80  62 1068000 1399000   250 10.12
1.773 0.0687 68.11 13.00  80  62 1068000 1399000   250 10.12
1.783 0.0682 68.16 13.00  80  62 1068000 1399000   250 10.12
1.793 0.0694 68.21 13.00  80  62 1068000 1399000   250 10.12
1.804 0.0682 68.24 13.00  80  62 1068000 1399000   250 10.12
1.816 0.0686 68.25 13.00  80  62 1068000 1399000   250 10.12
1.827 0.0679 68.24 13.00  80  62 1068000 1399000   250 10.12
1.840 0.0679 68.20 13.00  80  62 1068000 1399000   250 10.12
1.852 0.0675 68.14 13.00  80  62 1068000 1399000   250 10.12
1.866 0.0684 68.07 13.00  80  62 1068000 1399000   250 10.12
1.880 0.0694 67.98 13.00  80  62 1068000 1399000   250 10.12
1.894 0.0686 67.87 13.00  80  62 1068000 1399000   250 10.12
1.909 0.0671 67.76 13.00  80  62 1068000 1399000   250 10.12
1.924 0.0679 67.65 13.00  80  62 1068000 1399000   250 10.12
1.940 0.0675 67.54 13.00  80  62 1068000 1399000   250 10.12
1.955 0.0679 67.43 13.00  80  62 1068000 1399000   250 10.12
1.970 0.0662 67.33 13.00  80  62 1068000 1399000   250 10.12
1.985 0.0674 67.23 13.00  80  62 1068000 1399000   250 10.12
2.000 0.0679 67.13 13.00  80  62 1068000 1399000   250 10.12
2.015 0.0664 67.04 13.00  80  62 1068000 1399000   250 10.12
2.030 0.0655 66.96 13.00  80  62 1068000 1399000   250 10.12
2.045 0.0667 66.89 13.00  80  62 1068000 1399000   250 10.12
2.060 0.0674 66.82 13.00  80  62 1068000 1399000   250 10.12
2.076 0.0667 66.75 13.00  80  62 1068000 1399000   250 10.12
2.091 0.0666 66.67 13.00  80  62 1068000 1399000   250 10.12
2.106 0.0667 66.60 13.00  80  62 1068000 1399000   250 10.12
2.121 0.0670 66.53 13.00  80  62 1068000 1399000   250 10.12
2.136 0.0681 66.46 13.00  80  62 1068000 1399000   250 10.12
2.151 0.0673 66.42 13.00  80  62 1068000 1399000   250 10.12
2.166 0.0669 66.40 13.00  80  62 1068000 1399000   250 10.12
2.181 0.0679 66.41 13.00  80  62 1068000 1399000   250 10.12
2.196 0.0673 66.48 13.00  80  62 1068000 1399000   250 10.12
2.211 0.0676 66.62 13.00  80  62 1068000 1399000   250 10.12
2.227 0.0676 66.83 13.00  80  62 1068000 1399000   250 10.12
2.242 0.0675 67.15 13.00  80  62 1068000 1399000   250 10.12
2.257 0.0684 67.60 13.00  80  62 1068000 1399000   250 10.12
2.272 0.0682 68.20 13.00  80  62 1068000 1399000   250 10.12
2.287 0.0694 68.98 13.00  80  62 1068000 1399000   250 10.12
2.302 0.0700 69.97 13.00  80  62 1068000 1399000   250 10.12
2.317 0.0698 71.20 13.00  80  62 1068000 1399000   250 10.12
2.332 0.0712 72.69 13.00  80  62 1068000 1399000   250 10.12
2.347 0.0733 74.45 13.00  80  62 1068000 1399000   250 10.12
2.363 0.0744 76.51 13.00  80  62 1068000 1399000   250 10.12
2.378 0.0779 78.85 13.00  80  62 1068000 1399000   250 10.12
2.393 0.0804 81.46 13.00  80  62 1068000 1399000   250 10.12
2.408 0.0837 84.34 13.00  80  62 1068000 1399000   250 10.12
2.423 0.0868 87.46 13.00  80  62 1068000 1399000   250 10.12
2.438 0.0904 90.81 13.00  80  62 1068000 1399000   250 10.12
2.453 0.0962 94.38 13.00  80  62 1068000 1399000   250 10.12
2.468 0.0991 98.31 13.00  80  62 1068000 1399000   250 10.12
2.483 0.1036 103.66 13.00  80  62 1068000 1399000   250 10.12
2.498 0.1084 111.08 13.00  80  62 1068000 1399000   250 10.12
2.514 0.1154 119.09 13.00  80  62 1068000 1399000   250 10.12
2.529 0.1220 126.89 13.00  80  62 1068000 1399000   250 10.12
2.544 0.1284 134.22 13.00  80  62 1068000 1399000   250 10.12
2.559 0.1331 141.03 13.00  80  62 1068000 1399000   250 10.12
2.574 0.1414 147.32 13.00  80  62 1068000 1399000   250 10.12
2.589 0.1443 153.12 13.00  80  62 1068000 1399000   250 10.12
2.604 0.1516 158.46 13.00  80  62 1068000 1399000   250 10.12
2.619 0.1611 163.38 13.00  80  62 1068000 1399000   250 10.12
2.634 0.1629 167.91 13.00  80  62 1068000 1399000   250 10.12
2.650 0.1773 172.09 13.00  80  62 1068000 1399000   250 10.12
2.665 0.1830 175.93 13.00  80  62 1068000 1399000   250 10.12
2.680 0.1943 179.44 13.00  80  62 1068000 1399000   250 10.12
2.695 0.2105 182.63 13.00  80  62 1068000 1399000   250 10.12
2.710 0.2268 185.50 13.00  80  62 1068000 1399000   250 10.12
2.725 0.2437 188.06 13.00  80  62 1068000 1399000   250 10.12
2.740 0.2752 190.29 13.00  80  62 1068000 1399000   250 10.12
2.755 0.2857 192.16 13.00  80  62 1068000 1399000   250 10.12
2.770 0.2994 193.67 13.00  80  62 1068000 1399000   250 10.12
2.785 0.3187 194.78 13.00  80  62 1068000 1399000   250 10.12
2.801 0.0000 195.44 13.00  80  62 1068000 1399000   250 10.12
2.816 0.0000 195.62 13.00  80  62 1068000 1399000   250 10.12
