     x     qy smooth tpara  cd  zL     xTr    xCpl frame tma
-2.224 0.4681 375.13 21.50  79  62  923000 1338000   260 10.07
-2.212 0.3650 350.32 21.50  79  62  923000 1338000   260 10.07
-2.200 0.4281 326.77 21.50  79  62  923000 1338000   260 10.07
-2.188 0.2949 304.46 21.50  79  62  923000 1338000   260 10.07
-2.176 0.2288 283.36 21.50  79  62  923000 1338000   260 10.07
-2.164 0.2256 263.42 21.50  79  62  923000 1338000   260 10.07
-2.152 0.1795 244.63 21.50  79  62  923000 1338000   260 10.07
-2.140 0.1827 226.96 21.50  79  62  923000 1338000   260 10.07
-2.128 0.1703 210.38 21.50  79  62  923000 1338000   260 10.07
-2.116 0.1593 194.88 21.50  79  62  923000 1338000   260 10.07
-2.104 0.1473 180.46 21.50  79  62  923000 1338000   260 10.07
-2.092 0.1409 167.09 21.50  79  62  923000 1338000   260 10.07
-2.080 0.1355 154.78 21.50  79  62  923000 1338000   260 10.07
-2.067 0.1290 143.53 21.50  79  62  923000 1338000   260 10.07
-2.055 0.1252 133.36 21.50  79  62  923000 1338000   260 10.07
-2.043 0.1193 124.29 21.50  79  62  923000 1338000   260 10.07
-2.031 0.1148 116.36 21.50  79  62  923000 1338000   260 10.07
-2.019 0.1141 109.61 21.50  79  62  923000 1338000   260 10.07
-2.007 0.1108 104.11 21.50  79  62  923000 1338000   260 10.07
-1.995 0.1082 99.95 21.50  79  62  923000 1338000   260 10.07
-1.983 0.1058 97.21 21.50  79  62  923000 1338000   260 10.07
-1.971 0.1029 95.95 21.50  79  62  923000 1338000   260 10.07
-1.959 0.0996 95.90 21.50  79  62  923000 1338000   260 10.07
-1.947 0.0987 95.94 21.50  79  62  923000 1338000   260 10.07
-1.935 0.0974 94.63 21.50  79  62  923000 1338000   260 10.07
-1.923 0.0948 93.16 21.50  79  62  923000 1338000   260 10.07
-1.911 0.0930 91.64 21.50  79  62  923000 1338000   260 10.07
-1.899 0.0906 90.15 21.50  79  62  923000 1338000   260 10.07
-1.887 0.0896 88.71 21.50  79  62  923000 1338000   260 10.07
-1.875 0.0874 87.33 21.50  79  62  923000 1338000   260 10.07
-1.863 0.0868 86.02 21.50  79  62  923000 1338000   260 10.07
-1.851 0.0859 84.77 21.50  79  62  923000 1338000   260 10.07
-1.839 0.0842 83.59 21.50  79  62  923000 1338000   260 10.07
-1.827 0.0826 82.50 21.50  79  62  923000 1338000   260 10.07
-1.814 0.0816 81.49 21.50  79  62  923000 1338000   260 10.07
-1.802 0.0800 80.55 21.50  79  62  923000 1338000   260 10.07
-1.790 0.0791 79.69 21.50  79  62  923000 1338000   260 10.07
-1.778 0.0781 78.92 21.50  79  62  923000 1338000   260 10.07
-1.766 0.0763 78.22 21.50  79  62  923000 1338000   260 10.07
-1.754 0.0763 77.59 21.50  79  62  923000 1338000   260 10.07
-1.742 0.0771 77.04 21.50  79  62  923000 1338000   260 10.07
-1.730 0.0763 76.55 21.50  79  62  923000 1338000   260 10.07
-1.718 0.0769 76.13 21.50  79  62  923000 1338000   260 10.07
-1.706 0.0743 75.76 21.50  79  62  923000 1338000   260 10.07
-1.694 0.0782 75.46 21.50  79  62  923000 1338000   260 10.07
-1.682 0.0758 75.21 21.50  79  62  923000 1338000   260 10.07
-1.670 0.0767 75.01 21.50  79  62  923000 1338000   260 10.07
-1.658 0.0766 74.84 21.50  79  62  923000 1338000   260 10.07
-1.646 0.0741 74.72 21.50  79  62  923000 1338000   260 10.07
-1.634 0.0731 74.62 21.50  79  62  923000 1338000   260 10.07
-1.622 0.0755 74.55 21.50  79  62  923000 1338000   260 10.07
-1.610 0.0744 74.49 21.50  79  62  923000 1338000   260 10.07
-1.598 0.0720 74.45 21.50  79  62  923000 1338000   260 10.07
-1.586 0.0747 74.41 21.50  79  62  923000 1338000   260 10.07
-1.573 0.0737 74.37 21.50  79  62  923000 1338000   260 10.07
-1.561 0.0753 74.34 21.50  79  62  923000 1338000   260 10.07
-1.549 0.0746 74.32 21.50  79  62  923000 1338000   260 10.07
-1.537 0.0745 74.32 21.50  79  62  923000 1338000   260 10.07
-1.525 0.0741 74.32 21.50  79  62  923000 1338000   260 10.07
-1.513 0.0741 74.35 21.50  79  62  923000 1338000   260 10.07
-1.501 0.0739 74.38 21.50  79  62  923000 1338000   260 10.07
-1.489 0.0743 74.43 21.50  79  62  923000 1338000   260 10.07
-1.477 0.0733 74.48 21.50  79  62  923000 1338000   260 10.07
-1.465 0.0764 74.52 21.50  79  62  923000 1338000   260 10.07
-1.453 0.0741 74.52 21.50  79  62  923000 1338000   260 10.07
-1.441 0.0720 74.47 21.50  79  62  923000 1338000   260 10.07
-1.429 0.0755 74.34 21.50  79  62  923000 1338000   260 10.07
-1.417 0.0752 74.10 21.50  79  62  923000 1338000   260 10.07
-1.405 0.0733 73.76 21.50  79  62  923000 1338000   260 10.07
-1.393 0.0735 73.30 21.50  79  62  923000 1338000   260 10.07
-1.381 0.0733 72.74 21.50  79  62  923000 1338000   260 10.07
-1.369 0.0736 72.09 21.50  79  62  923000 1338000   260 10.07
-1.357 0.0728 71.36 21.50  79  62  923000 1338000   260 10.07
-1.345 0.0736 70.58 21.50  79  62  923000 1338000   260 10.07
-1.333 0.0714 69.78 21.50  79  62  923000 1338000   260 10.07
-1.320 0.0709 68.97 21.50  79  62  923000 1338000   260 10.07
-1.308 0.0698 68.18 21.50  79  62  923000 1338000   260 10.07
-1.296 0.0692 67.43 21.50  79  62  923000 1338000   260 10.07
-1.284 0.0683 66.74 21.50  79  62  923000 1338000   260 10.07
-1.272 0.0654 66.13 21.50  79  62  923000 1338000   260 10.07
-1.260 0.0642 65.60 21.50  79  62  923000 1338000   260 10.07
-1.248 0.0612 65.18 21.50  79  62  923000 1338000   260 10.07
-1.236 0.0612 64.86 21.50  79  62  923000 1338000   260 10.07
-1.224 0.0603 64.65 21.50  79  62  923000 1338000   260 10.07
-1.212 0.0591 64.56 21.50  79  62  923000 1338000   260 10.07
-1.200 0.0614 64.59 21.50  79  62  923000 1338000   260 10.07
-1.188 0.0634 64.75 21.50  79  62  923000 1338000   260 10.07
-1.176 0.0647 65.02 21.50  79  62  923000 1338000   260 10.07
-1.164 0.0663 65.41 21.50  79  62  923000 1338000   260 10.07
-1.152 0.0676 65.89 21.50  79  62  923000 1338000   260 10.07
-1.140 0.0671 66.44 21.50  79  62  923000 1338000   260 10.07
-1.128 0.0709 67.05 21.50  79  62  923000 1338000   260 10.07
-1.116 0.0685 67.70 21.50  79  62  923000 1338000   260 10.07
-1.104 0.0706 68.36 21.50  79  62  923000 1338000   260 10.07
-1.092 0.0696 69.00 21.50  79  62  923000 1338000   260 10.07
-1.080 0.0704 69.60 21.50  79  62  923000 1338000   260 10.07
-1.067 0.0707 70.13 21.50  79  62  923000 1338000   260 10.07
-1.055 0.0702 70.59 21.50  79  62  923000 1338000   260 10.07
-1.043 0.0715 70.95 21.50  79  62  923000 1338000   260 10.07
-1.031 0.0723 71.21 21.50  79  62  923000 1338000   260 10.07
-1.019 0.0715 71.38 21.50  79  62  923000 1338000   260 10.07
-1.007 0.0707 71.46 21.50  79  62  923000 1338000   260 10.07
-0.995 0.0725 71.47 21.50  79  62  923000 1338000   260 10.07
-0.983 0.0724 71.42 21.50  79  62  923000 1338000   260 10.07
-0.971 0.0717 71.34 21.50  79  62  923000 1338000   260 10.07
-0.959 0.0698 71.23 21.50  79  62  923000 1338000   260 10.07
-0.947 0.0700 71.10 21.50  79  62  923000 1338000   260 10.07
-0.935 0.0700 70.97 21.50  79  62  923000 1338000   260 10.07
-0.923 0.0704 70.83 21.50  79  62  923000 1338000   260 10.07
-0.911 0.0703 70.68 21.50  79  62  923000 1338000   260 10.07
-0.899 0.0716 70.54 21.50  79  62  923000 1338000   260 10.07
-0.887 0.0706 70.40 21.50  79  62  923000 1338000   260 10.07
-0.875 0.0696 70.26 21.50  79  62  923000 1338000   260 10.07
-0.863 0.0707 70.12 21.50  79  62  923000 1338000   260 10.07
-0.851 0.0697 69.99 21.50  79  62  923000 1338000   260 10.07
-0.839 0.0694 69.86 21.50  79  62  923000 1338000   260 10.07
-0.827 0.0689 69.74 21.50  79  62  923000 1338000   260 10.07
-0.814 0.0708 69.63 21.50  79  62  923000 1338000   260 10.07
-0.802 0.0692 69.51 21.50  79  62  923000 1338000   260 10.07
-0.790 0.0695 69.39 21.50  79  62  923000 1338000   260 10.07
-0.778 0.0692 69.27 21.50  79  62  923000 1338000   260 10.07
-0.766 0.0692 69.14 21.50  79  62  923000 1338000   260 10.07
-0.754 0.0691 69.00 21.50  79  62  923000 1338000   260 10.07
-0.742 0.0680 68.86 21.50  79  62  923000 1338000   260 10.07
-0.730 0.0690 68.72 21.50  79  62  923000 1338000   260 10.07
-0.718 0.0684 68.57 21.50  79  62  923000 1338000   260 10.07
-0.706 0.0687 68.44 21.50  79  62  923000 1338000   260 10.07
-0.694 0.0696 68.31 21.50  79  62  923000 1338000   260 10.07
-0.682 0.0695 68.18 21.50  79  62  923000 1338000   260 10.07
-0.670 0.0676 68.07 21.50  79  62  923000 1338000   260 10.07
-0.658 0.0667 67.96 21.50  79  62  923000 1338000   260 10.07
-0.646 0.0672 67.84 21.50  79  62  923000 1338000   260 10.07
-0.634 0.0676 67.73 21.50  79  62  923000 1338000   260 10.07
-0.622 0.0687 67.61 21.50  79  62  923000 1338000   260 10.07
-0.610 0.0658 67.48 21.50  79  62  923000 1338000   260 10.07
-0.598 0.0667 67.35 21.50  79  62  923000 1338000   260 10.07
-0.586 0.0667 67.20 21.50  79  62  923000 1338000   260 10.07
-0.573 0.0673 67.05 21.50  79  62  923000 1338000   260 10.07
-0.561 0.0667 66.89 21.50  79  62  923000 1338000   260 10.07
-0.549 0.0685 66.72 21.50  79  62  923000 1338000   260 10.07
-0.537 0.0673 66.55 21.50  79  62  923000 1338000   260 10.07
-0.525 0.0681 66.37 21.50  79  62  923000 1338000   260 10.07
-0.513 0.0658 66.20 21.50  79  62  923000 1338000   260 10.07
-0.501 0.0656 66.03 21.50  79  62  923000 1338000   260 10.07
-0.489 0.0664 65.88 21.50  79  62  923000 1338000   260 10.07
-0.477 0.0659 65.73 21.50  79  62  923000 1338000   260 10.07
-0.465 0.0647 65.60 21.50  79  62  923000 1338000   260 10.07
-0.453 0.0659 65.49 21.50  79  62  923000 1338000   260 10.07
-0.441 0.0657 65.38 21.50  79  62  923000 1338000   260 10.07
-0.429 0.0643 65.29 21.50  79  62  923000 1338000   260 10.07
-0.417 0.0652 65.21 21.50  79  62  923000 1338000   260 10.07
-0.405 0.0640 65.15 21.50  79  62  923000 1338000   260 10.07
-0.393 0.0645 65.11 21.50  79  62  923000 1338000   260 10.07
-0.381 0.0637 65.10 21.50  79  62  923000 1338000   260 10.07
-0.369 0.0659 65.10 21.50  79  62  923000 1338000   260 10.07
-0.357 0.0639 65.14 21.50  79  62  923000 1338000   260 10.07
-0.345 0.0653 65.20 21.50  79  62  923000 1338000   260 10.07
-0.333 0.0661 65.28 21.50  79  62  923000 1338000   260 10.07
-0.320 0.0644 65.37 21.50  79  62  923000 1338000   260 10.07
-0.308 0.0665 65.48 21.50  79  62  923000 1338000   260 10.07
-0.296 0.0658 65.59 21.50  79  62  923000 1338000   260 10.07
-0.284 0.0664 65.69 21.50  79  62  923000 1338000   260 10.07
-0.272 0.0653 65.77 21.50  79  62  923000 1338000   260 10.07
-0.260 0.0665 65.84 21.50  79  62  923000 1338000   260 10.07
-0.248 0.0643 65.88 21.50  79  62  923000 1338000   260 10.07
-0.236 0.0667 65.89 21.50  79  62  923000 1338000   260 10.07
-0.224 0.0657 65.85 21.50  79  62  923000 1338000   260 10.07
-0.212 0.0650 65.76 21.50  79  62  923000 1338000   260 10.07
-0.200 0.0642 65.59 21.50  79  62  923000 1338000   260 10.07
-0.188 0.0667 65.35 21.50  79  62  923000 1338000   260 10.07
-0.176 0.0659 65.01 21.50  79  62  923000 1338000   260 10.07
-0.164 0.0646 64.58 21.50  79  62  923000 1338000   260 10.07
-0.152 0.0639 64.04 21.50  79  62  923000 1338000   260 10.07
-0.140 0.0638 63.40 21.50  79  62  923000 1338000   260 10.07
-0.128 0.0634 62.65 21.50  79  62  923000 1338000   260 10.07
-0.116 0.0629 61.80 21.50  79  62  923000 1338000   260 10.07
-0.104 0.0611 60.84 21.50  79  62  923000 1338000   260 10.07
-0.092 0.0609 59.79 21.50  79  62  923000 1338000   260 10.07
-0.080 0.0604 58.65 21.50  79  62  923000 1338000   260 10.07
-0.067 0.0592 57.43 21.50  79  62  923000 1338000   260 10.07
-0.055 0.0571 56.17 21.50  79  62  923000 1338000   260 10.07
-0.043 0.0558 54.86 21.50  79  62  923000 1338000   260 10.07
-0.032 0.0546 53.53 21.50  79  62  923000 1338000   260 10.07
-0.021 0.0518 52.21 21.50  79  62  923000 1338000   260 10.07
-0.010 0.0509 50.90 21.50  79  62  923000 1338000   260 10.07
0.000 0.0488 49.63 21.50  79  62  923000 1338000   260 10.07
0.010 0.0457 48.41 21.50  79  62  923000 1338000   260 10.07
0.019 0.0457 47.26 21.50  79  62  923000 1338000   260 10.07
0.028 0.0448 46.17 21.50  79  62  923000 1338000   260 10.07
0.037 0.0445 45.17 21.50  79  62  923000 1338000   260 10.07
0.045 0.0421 44.26 21.50  79  62  923000 1338000   260 10.07
0.053 0.0433 43.45 21.50  79  62  923000 1338000   260 10.07
0.061 0.0419 42.74 21.50  79  62  923000 1338000   260 10.07
0.068 0.0409 42.13 21.50  79  62  923000 1338000   260 10.07
0.075 0.0405 41.62 21.50  79  62  923000 1338000   260 10.07
0.082 0.0400 41.21 21.50  79  62  923000 1338000   260 10.07
0.089 0.0431 40.90 21.50  79  62  923000 1338000   260 10.07
0.095 0.0426 40.68 21.50  79  62  923000 1338000   260 10.07
0.101 0.0406 40.53 21.50  79  62  923000 1338000   260 10.07
0.107 0.0412 40.43 21.50  79  62  923000 1338000   260 10.07
0.112 0.0409 40.36 21.50  79  62  923000 1338000   260 10.07
0.117 0.0407 40.32 21.50  79  62  923000 1338000   260 10.07
0.123 0.0403 40.30 21.50  79  62  923000 1338000   260 10.07
0.127 0.0414 40.26 21.50  79  62  923000 1338000   260 10.07
0.132 0.0375 40.22 21.50  79  62  923000 1338000   260 10.07
0.137 0.0393 40.16 21.50  79  62  923000 1338000   260 10.07
0.141 0.0425 40.09 21.50  79  62  923000 1338000   260 10.07
0.145 0.0394 40.02 21.50  79  62  923000 1338000   260 10.07
0.149 0.0413 39.95 21.50  79  62  923000 1338000   260 10.07
0.153 0.0392 39.88 21.50  79  62  923000 1338000   260 10.07
0.156 0.0397 39.80 21.50  79  62  923000 1338000   260 10.07
0.160 0.0406 39.72 21.50  79  62  923000 1338000   260 10.07
0.163 0.0395 39.64 21.50  79  62  923000 1338000   260 10.07
0.166 0.0414 39.57 21.50  79  62  923000 1338000   260 10.07
0.169 0.0398 39.50 21.50  79  62  923000 1338000   260 10.07
0.172 0.0393 39.45 21.50  79  62  923000 1338000   260 10.07
0.175 0.0395 39.40 21.50  79  62  923000 1338000   260 10.07
0.178 0.0323 39.36 21.50  79  62  923000 1338000   260 10.07
0.181 0.0424 39.31 21.50  79  62  923000 1338000   260 10.07
0.183 0.0411 39.26 21.50  79  62  923000 1338000   260 10.07
0.186 0.0394 39.19 21.50  79  62  923000 1338000   260 10.07
0.188 0.0356 39.13 21.50  79  62  923000 1338000   260 10.07
0.190 0.0391 39.05 21.50  79  62  923000 1338000   260 10.07
0.193 0.0413 38.97 21.50  79  62  923000 1338000   260 10.07
0.195 0.0408 38.88 21.50  79  62  923000 1338000   260 10.07
0.198 0.0401 38.78 21.50  79  62  923000 1338000   260 10.07
0.200 0.0378 38.68 21.50  79  62  923000 1338000   260 10.07
0.202 0.0377 38.58 21.50  79  62  923000 1338000   260 10.07
0.205 0.0359 38.47 21.50  79  62  923000 1338000   260 10.07
0.207 0.0403 38.37 21.50  79  62  923000 1338000   260 10.07
0.210 0.0390 38.27 21.50  79  62  923000 1338000   260 10.07
0.212 0.0406 38.19 21.50  79  62  923000 1338000   260 10.07
0.214 0.0370 38.12 21.50  79  62  923000 1338000   260 10.07
0.217 0.0393 38.06 21.50  79  62  923000 1338000   260 10.07
0.219 0.0366 38.01 21.50  79  62  923000 1338000   260 10.07
0.222 0.0380 37.99 21.50  79  62  923000 1338000   260 10.07
0.224 0.0366 37.98 21.50  79  62  923000 1338000   260 10.07
0.227 0.0368 37.99 21.50  79  62  923000 1338000   260 10.07
0.229 0.0372 38.03 21.50  79  62  923000 1338000   260 10.07
0.231 0.0380 38.10 21.50  79  62  923000 1338000   260 10.07
0.234 0.0403 38.19 21.50  79  62  923000 1338000   260 10.07
0.236 0.0361 38.29 21.50  79  62  923000 1338000   260 10.07
0.239 0.0349 38.42 21.50  79  62  923000 1338000   260 10.07
0.241 0.0421 38.56 21.50  79  62  923000 1338000   260 10.07
0.243 0.0368 38.71 21.50  79  62  923000 1338000   260 10.07
0.246 0.0401 38.86 21.50  79  62  923000 1338000   260 10.07
0.248 0.0397 39.00 21.50  79  62  923000 1338000   260 10.07
0.251 0.0418 39.14 21.50  79  62  923000 1338000   260 10.07
0.253 0.0391 39.27 21.50  79  62  923000 1338000   260 10.07
0.255 0.0410 39.39 21.50  79  62  923000 1338000   260 10.07
0.258 0.0386 39.50 21.50  79  62  923000 1338000   260 10.07
0.260 0.0375 39.59 21.50  79  62  923000 1338000   260 10.07
0.263 0.0403 39.67 21.50  79  62  923000 1338000   260 10.07
0.265 0.0410 39.74 21.50  79  62  923000 1338000   260 10.07
0.267 0.0398 39.80 21.50  79  62  923000 1338000   260 10.07
0.270 0.0401 39.85 21.50  79  62  923000 1338000   260 10.07
0.272 0.0383 39.90 21.50  79  62  923000 1338000   260 10.07
0.275 0.0409 39.96 21.50  79  62  923000 1338000   260 10.07
0.277 0.0413 40.02 21.50  79  62  923000 1338000   260 10.07
0.280 0.0396 40.09 21.50  79  62  923000 1338000   260 10.07
0.282 0.0376 40.18 21.50  79  62  923000 1338000   260 10.07
0.284 0.0413 40.29 21.50  79  62  923000 1338000   260 10.07
0.287 0.0406 40.42 21.50  79  62  923000 1338000   260 10.07
0.289 0.0369 40.56 21.50  79  62  923000 1338000   260 10.07
0.292 0.0415 40.72 21.50  79  62  923000 1338000   260 10.07
0.294 0.0412 40.87 21.50  79  62  923000 1338000   260 10.07
0.296 0.0400 41.02 21.50  79  62  923000 1338000   260 10.07
0.299 0.0413 41.15 21.50  79  62  923000 1338000   260 10.07
0.301 0.0429 41.25 21.50  79  62  923000 1338000   260 10.07
0.304 0.0422 41.31 21.50  79  62  923000 1338000   260 10.07
0.306 0.0424 41.35 21.50  79  62  923000 1338000   260 10.07
0.308 0.0418 41.37 21.50  79  62  923000 1338000   260 10.07
0.311 0.0399 41.37 21.50  79  62  923000 1338000   260 10.07
0.313 0.0423 41.35 21.50  79  62  923000 1338000   260 10.07
0.316 0.0400 41.33 21.50  79  62  923000 1338000   260 10.07
0.318 0.0442 41.28 21.50  79  62  923000 1338000   260 10.07
0.320 0.0426 41.23 21.50  79  62  923000 1338000   260 10.07
0.323 0.0400 41.17 21.50  79  62  923000 1338000   260 10.07
0.325 0.0433 41.09 21.50  79  62  923000 1338000   260 10.07
0.328 0.0419 41.01 21.50  79  62  923000 1338000   260 10.07
0.330 0.0392 40.91 21.50  79  62  923000 1338000   260 10.07
0.333 0.0356 40.81 21.50  79  62  923000 1338000   260 10.07
0.335 0.0422 40.70 21.50  79  62  923000 1338000   260 10.07
0.337 0.0394 40.59 21.50  79  62  923000 1338000   260 10.07
0.340 0.0414 40.50 21.50  79  62  923000 1338000   260 10.07
0.342 0.0372 40.42 21.50  79  62  923000 1338000   260 10.07
0.345 0.0400 40.37 21.50  79  62  923000 1338000   260 10.07
0.347 0.0417 40.35 21.50  79  62  923000 1338000   260 10.07
0.349 0.0413 40.35 21.50  79  62  923000 1338000   260 10.07
0.352 0.0438 40.37 21.50  79  62  923000 1338000   260 10.07
0.354 0.0408 40.41 21.50  79  62  923000 1338000   260 10.07
0.357 0.0393 40.47 21.50  79  62  923000 1338000   260 10.07
0.359 0.0425 40.55 21.50  79  62  923000 1338000   260 10.07
0.361 0.0385 40.64 21.50  79  62  923000 1338000   260 10.07
0.364 0.0397 40.74 21.50  79  62  923000 1338000   260 10.07
0.366 0.0423 40.85 21.50  79  62  923000 1338000   260 10.07
0.369 0.0394 40.95 21.50  79  62  923000 1338000   260 10.07
0.371 0.0393 41.05 21.50  79  62  923000 1338000   260 10.07
0.373 0.0424 41.14 21.50  79  62  923000 1338000   260 10.07
0.376 0.0409 41.23 21.50  79  62  923000 1338000   260 10.07
0.378 0.0396 41.31 21.50  79  62  923000 1338000   260 10.07
0.381 0.0426 41.38 21.50  79  62  923000 1338000   260 10.07
0.383 0.0436 41.45 21.50  79  62  923000 1338000   260 10.07
0.386 0.0421 41.53 21.50  79  62  923000 1338000   260 10.07
0.388 0.0426 41.60 21.50  79  62  923000 1338000   260 10.07
0.390 0.0412 41.68 21.50  79  62  923000 1338000   260 10.07
0.393 0.0406 41.76 21.50  79  62  923000 1338000   260 10.07
0.395 0.0399 41.85 21.50  79  62  923000 1338000   260 10.07
0.398 0.0432 41.94 21.50  79  62  923000 1338000   260 10.07
0.400 0.0425 42.04 21.50  79  62  923000 1338000   260 10.07
0.402 0.0435 42.14 21.50  79  62  923000 1338000   260 10.07
0.405 0.0426 42.24 21.50  79  62  923000 1338000   260 10.07
0.407 0.0401 42.34 21.50  79  62  923000 1338000   260 10.07
0.410 0.0438 42.44 21.50  79  62  923000 1338000   260 10.07
0.412 0.0429 42.55 21.50  79  62  923000 1338000   260 10.07
0.414 0.0421 42.67 21.50  79  62  923000 1338000   260 10.07
0.417 0.0428 42.80 21.50  79  62  923000 1338000   260 10.07
0.419 0.0437 42.95 21.50  79  62  923000 1338000   260 10.07
0.422 0.0404 43.12 21.50  79  62  923000 1338000   260 10.07
0.424 0.0420 43.30 21.50  79  62  923000 1338000   260 10.07
0.427 0.0427 43.49 21.50  79  62  923000 1338000   260 10.07
0.429 0.0421 43.69 21.50  79  62  923000 1338000   260 10.07
0.431 0.0478 43.89 21.50  79  62  923000 1338000   260 10.07
0.434 0.0466 44.08 21.50  79  62  923000 1338000   260 10.07
0.436 0.0408 44.27 21.50  79  62  923000 1338000   260 10.07
0.439 0.0468 44.45 21.50  79  62  923000 1338000   260 10.07
0.441 0.0439 44.62 21.50  79  62  923000 1338000   260 10.07
0.443 0.0454 44.78 21.50  79  62  923000 1338000   260 10.07
0.446 0.0463 44.94 21.50  79  62  923000 1338000   260 10.07
0.448 0.0440 45.09 21.50  79  62  923000 1338000   260 10.07
0.451 0.0433 45.23 21.50  79  62  923000 1338000   260 10.07
0.453 0.0443 45.36 21.50  79  62  923000 1338000   260 10.07
0.455 0.0477 45.46 21.50  79  62  923000 1338000   260 10.07
0.458 0.0458 45.54 21.50  79  62  923000 1338000   260 10.07
0.460 0.0476 45.59 21.50  79  62  923000 1338000   260 10.07
0.463 0.0443 45.62 21.50  79  62  923000 1338000   260 10.07
0.465 0.0466 45.63 21.50  79  62  923000 1338000   260 10.07
0.467 0.0440 45.62 21.50  79  62  923000 1338000   260 10.07
0.470 0.0461 45.59 21.50  79  62  923000 1338000   260 10.07
0.472 0.0453 45.56 21.50  79  62  923000 1338000   260 10.07
0.475 0.0421 45.53 21.50  79  62  923000 1338000   260 10.07
0.477 0.0488 45.51 21.50  79  62  923000 1338000   260 10.07
0.480 0.0466 45.49 21.50  79  62  923000 1338000   260 10.07
0.482 0.0435 45.47 21.50  79  62  923000 1338000   260 10.07
0.484 0.0466 45.45 21.50  79  62  923000 1338000   260 10.07
0.487 0.0469 45.44 21.50  79  62  923000 1338000   260 10.07
0.489 0.0463 45.44 21.50  79  62  923000 1338000   260 10.07
0.492 0.0429 45.44 21.50  79  62  923000 1338000   260 10.07
0.494 0.0467 45.46 21.50  79  62  923000 1338000   260 10.07
0.496 0.0455 45.47 21.50  79  62  923000 1338000   260 10.07
0.499 0.0444 45.49 21.50  79  62  923000 1338000   260 10.07
0.501 0.0391 45.51 21.50  79  62  923000 1338000   260 10.07
0.504 0.0509 45.54 21.50  79  62  923000 1338000   260 10.07
0.506 0.0463 45.56 21.50  79  62  923000 1338000   260 10.07
0.508 0.0422 45.59 21.50  79  62  923000 1338000   260 10.07
0.511 0.0470 45.62 21.50  79  62  923000 1338000   260 10.07
0.513 0.0486 45.65 21.50  79  62  923000 1338000   260 10.07
0.516 0.0467 45.69 21.50  79  62  923000 1338000   260 10.07
0.518 0.0423 45.75 21.50  79  62  923000 1338000   260 10.07
0.520 0.0480 45.81 21.50  79  62  923000 1338000   260 10.07
0.523 0.0457 45.87 21.50  79  62  923000 1338000   260 10.07
0.525 0.0447 45.92 21.50  79  62  923000 1338000   260 10.07
0.528 0.0473 45.95 21.50  79  62  923000 1338000   260 10.07
0.530 0.0435 45.97 21.50  79  62  923000 1338000   260 10.07
0.533 0.0510 45.96 21.50  79  62  923000 1338000   260 10.07
0.535 0.0448 45.92 21.50  79  62  923000 1338000   260 10.07
0.537 0.0419 45.86 21.50  79  62  923000 1338000   260 10.07
0.540 0.0441 45.79 21.50  79  62  923000 1338000   260 10.07
0.542 0.0492 45.71 21.50  79  62  923000 1338000   260 10.07
0.545 0.0435 45.63 21.50  79  62  923000 1338000   260 10.07
0.547 0.0467 45.56 21.50  79  62  923000 1338000   260 10.07
0.549 0.0494 45.51 21.50  79  62  923000 1338000   260 10.07
0.552 0.0450 45.46 21.50  79  62  923000 1338000   260 10.07
0.554 0.0457 45.43 21.50  79  62  923000 1338000   260 10.07
0.557 0.0450 45.39 21.50  79  62  923000 1338000   260 10.07
0.559 0.0459 45.36 21.50  79  62  923000 1338000   260 10.07
0.561 0.0441 45.33 21.50  79  62  923000 1338000   260 10.07
0.564 0.0450 45.29 21.50  79  62  923000 1338000   260 10.07
0.566 0.0411 45.25 21.50  79  62  923000 1338000   260 10.07
0.569 0.0439 45.21 21.50  79  62  923000 1338000   260 10.07
0.571 0.0476 45.17 21.50  79  62  923000 1338000   260 10.07
0.573 0.0455 45.15 21.50  79  62  923000 1338000   260 10.07
0.576 0.0459 45.15 21.50  79  62  923000 1338000   260 10.07
0.578 0.0451 45.19 21.50  79  62  923000 1338000   260 10.07
0.581 0.0454 45.28 21.50  79  62  923000 1338000   260 10.07
0.583 0.0485 45.42 21.50  79  62  923000 1338000   260 10.07
0.586 0.0495 45.60 21.50  79  62  923000 1338000   260 10.07
0.588 0.0428 45.82 21.50  79  62  923000 1338000   260 10.07
0.590 0.0430 46.08 21.50  79  62  923000 1338000   260 10.07
0.593 0.0449 46.38 21.50  79  62  923000 1338000   260 10.07
0.595 0.0486 46.69 21.50  79  62  923000 1338000   260 10.07
0.598 0.0450 47.03 21.50  79  62  923000 1338000   260 10.07
0.600 0.0453 47.39 21.50  79  62  923000 1338000   260 10.07
0.602 0.0483 47.77 21.50  79  62  923000 1338000   260 10.07
0.605 0.0478 48.18 21.50  79  62  923000 1338000   260 10.07
0.607 0.0484 48.61 21.50  79  62  923000 1338000   260 10.07
0.610 0.0495 49.08 21.50  79  62  923000 1338000   260 10.07
0.612 0.0490 49.58 21.50  79  62  923000 1338000   260 10.07
0.614 0.0513 50.11 21.50  79  62  923000 1338000   260 10.07
0.617 0.0519 50.67 21.50  79  62  923000 1338000   260 10.07
0.619 0.0508 51.26 21.50  79  62  923000 1338000   260 10.07
0.622 0.0571 51.85 21.50  79  62  923000 1338000   260 10.07
0.624 0.0529 52.43 21.50  79  62  923000 1338000   260 10.07
0.627 0.0506 53.01 21.50  79  62  923000 1338000   260 10.07
0.629 0.0487 53.58 21.50  79  62  923000 1338000   260 10.07
0.631 0.0529 54.14 21.50  79  62  923000 1338000   260 10.07
0.634 0.0543 54.68 21.50  79  62  923000 1338000   260 10.07
0.636 0.0573 55.19 21.50  79  62  923000 1338000   260 10.07
0.639 0.0573 55.69 21.50  79  62  923000 1338000   260 10.07
0.641 0.0576 56.16 21.50  79  62  923000 1338000   260 10.07
0.643 0.0563 56.64 21.50  79  62  923000 1338000   260 10.07
0.646 0.0585 57.11 21.50  79  62  923000 1338000   260 10.07
0.648 0.0596 57.58 21.50  79  62  923000 1338000   260 10.07
0.651 0.0539 58.06 21.50  79  62  923000 1338000   260 10.07
0.653 0.0603 58.53 21.50  79  62  923000 1338000   260 10.07
0.655 0.0592 59.00 21.50  79  62  923000 1338000   260 10.07
0.658 0.0588 59.46 21.50  79  62  923000 1338000   260 10.07
0.660 0.0563 59.91 21.50  79  62  923000 1338000   260 10.07
0.663 0.0593 60.35 21.50  79  62  923000 1338000   260 10.07
0.665 0.0635 60.77 21.50  79  62  923000 1338000   260 10.07
0.667 0.0592 61.17 21.50  79  62  923000 1338000   260 10.07
0.670 0.0645 61.53 21.50  79  62  923000 1338000   260 10.07
0.672 0.0612 61.86 21.50  79  62  923000 1338000   260 10.07
0.675 0.0678 62.17 21.50  79  62  923000 1338000   260 10.07
0.677 0.0559 62.45 21.50  79  62  923000 1338000   260 10.07
0.680 0.0609 62.71 21.50  79  62  923000 1338000   260 10.07
0.682 0.0648 62.98 21.50  79  62  923000 1338000   260 10.07
0.684 0.0658 63.24 21.50  79  62  923000 1338000   260 10.07
0.687 0.0622 63.49 21.50  79  62  923000 1338000   260 10.07
0.689 0.0656 63.73 21.50  79  62  923000 1338000   260 10.07
0.692 0.0648 63.95 21.50  79  62  923000 1338000   260 10.07
0.694 0.0654 64.15 21.50  79  62  923000 1338000   260 10.07
0.696 0.0618 64.32 21.50  79  62  923000 1338000   260 10.07
0.699 0.0620 64.46 21.50  79  62  923000 1338000   260 10.07
0.701 0.0645 64.58 21.50  79  62  923000 1338000   260 10.07
0.704 0.0674 64.69 21.50  79  62  923000 1338000   260 10.07
0.706 0.0666 64.78 21.50  79  62  923000 1338000   260 10.07
0.708 0.0610 64.86 21.50  79  62  923000 1338000   260 10.07
0.711 0.0628 64.93 21.50  79  62  923000 1338000   260 10.07
0.713 0.0630 64.98 21.50  79  62  923000 1338000   260 10.07
0.716 0.0673 65.02 21.50  79  62  923000 1338000   260 10.07
0.718 0.0660 65.04 21.50  79  62  923000 1338000   260 10.07
0.720 0.0667 65.04 21.50  79  62  923000 1338000   260 10.07
0.723 0.0635 65.01 21.50  79  62  923000 1338000   260 10.07
0.725 0.0688 64.97 21.50  79  62  923000 1338000   260 10.07
0.728 0.0653 64.90 21.50  79  62  923000 1338000   260 10.07
0.730 0.0639 64.83 21.50  79  62  923000 1338000   260 10.07
0.733 0.0652 64.74 21.50  79  62  923000 1338000   260 10.07
0.735 0.0623 64.64 21.50  79  62  923000 1338000   260 10.07
0.737 0.0645 64.52 21.50  79  62  923000 1338000   260 10.07
0.740 0.0635 64.38 21.50  79  62  923000 1338000   260 10.07
0.742 0.0664 64.23 21.50  79  62  923000 1338000   260 10.07
0.745 0.0616 64.07 21.50  79  62  923000 1338000   260 10.07
0.747 0.0669 63.90 21.50  79  62  923000 1338000   260 10.07
0.749 0.0655 63.74 21.50  79  62  923000 1338000   260 10.07
0.752 0.0621 63.57 21.50  79  62  923000 1338000   260 10.07
0.754 0.0606 63.41 21.50  79  62  923000 1338000   260 10.07
0.757 0.0621 63.25 21.50  79  62  923000 1338000   260 10.07
0.759 0.0637 63.10 21.50  79  62  923000 1338000   260 10.07
0.761 0.0655 62.98 21.50  79  62  923000 1338000   260 10.07
0.764 0.0615 62.88 21.50  79  62  923000 1338000   260 10.07
0.766 0.0618 62.81 21.50  79  62  923000 1338000   260 10.07
0.769 0.0625 62.76 21.50  79  62  923000 1338000   260 10.07
0.771 0.0620 62.72 21.50  79  62  923000 1338000   260 10.07
0.773 0.0651 62.70 21.50  79  62  923000 1338000   260 10.07
0.776 0.0656 62.69 21.50  79  62  923000 1338000   260 10.07
0.778 0.0574 62.70 21.50  79  62  923000 1338000   260 10.07
0.781 0.0636 62.71 21.50  79  62  923000 1338000   260 10.07
0.783 0.0653 62.74 21.50  79  62  923000 1338000   260 10.07
0.786 0.0624 62.79 21.50  79  62  923000 1338000   260 10.07
0.788 0.0610 62.84 21.50  79  62  923000 1338000   260 10.07
0.790 0.0609 62.91 21.50  79  62  923000 1338000   260 10.07
0.793 0.0653 62.98 21.50  79  62  923000 1338000   260 10.07
0.795 0.0601 63.06 21.50  79  62  923000 1338000   260 10.07
0.798 0.0678 63.13 21.50  79  62  923000 1338000   260 10.07
0.800 0.0584 63.20 21.50  79  62  923000 1338000   260 10.07
0.802 0.0668 63.26 21.50  79  62  923000 1338000   260 10.07
0.805 0.0640 63.33 21.50  79  62  923000 1338000   260 10.07
0.807 0.0620 63.40 21.50  79  62  923000 1338000   260 10.07
0.810 0.0652 63.47 21.50  79  62  923000 1338000   260 10.07
0.812 0.0648 63.56 21.50  79  62  923000 1338000   260 10.07
0.814 0.0594 63.65 21.50  79  62  923000 1338000   260 10.07
0.817 0.0657 63.74 21.50  79  62  923000 1338000   260 10.07
0.819 0.0657 63.84 21.50  79  62  923000 1338000   260 10.07
0.822 0.0616 63.95 21.50  79  62  923000 1338000   260 10.07
0.824 0.0635 64.06 21.50  79  62  923000 1338000   260 10.07
0.827 0.0653 64.16 21.50  79  62  923000 1338000   260 10.07
0.829 0.0638 64.26 21.50  79  62  923000 1338000   260 10.07
0.831 0.0651 64.36 21.50  79  62  923000 1338000   260 10.07
0.834 0.0632 64.46 21.50  79  62  923000 1338000   260 10.07
0.836 0.0654 64.57 21.50  79  62  923000 1338000   260 10.07
0.839 0.0636 64.69 21.50  79  62  923000 1338000   260 10.07
0.841 0.0647 64.81 21.50  79  62  923000 1338000   260 10.07
0.843 0.0636 64.94 21.50  79  62  923000 1338000   260 10.07
0.846 0.0663 65.07 21.50  79  62  923000 1338000   260 10.07
0.848 0.0653 65.21 21.50  79  62  923000 1338000   260 10.07
0.851 0.0654 65.34 21.50  79  62  923000 1338000   260 10.07
0.853 0.0674 65.47 21.50  79  62  923000 1338000   260 10.07
0.855 0.0650 65.59 21.50  79  62  923000 1338000   260 10.07
0.858 0.0670 65.71 21.50  79  62  923000 1338000   260 10.07
0.860 0.0652 65.83 21.50  79  62  923000 1338000   260 10.07
0.863 0.0642 65.94 21.50  79  62  923000 1338000   260 10.07
0.865 0.0661 66.04 21.50  79  62  923000 1338000   260 10.07
0.867 0.0659 66.14 21.50  79  62  923000 1338000   260 10.07
0.870 0.0651 66.24 21.50  79  62  923000 1338000   260 10.07
0.872 0.0687 66.33 21.50  79  62  923000 1338000   260 10.07
0.875 0.0657 66.42 21.50  79  62  923000 1338000   260 10.07
0.877 0.0674 66.50 21.50  79  62  923000 1338000   260 10.07
0.880 0.0669 66.57 21.50  79  62  923000 1338000   260 10.07
0.882 0.0653 66.62 21.50  79  62  923000 1338000   260 10.07
0.884 0.0674 66.68 21.50  79  62  923000 1338000   260 10.07
0.887 0.0640 66.72 21.50  79  62  923000 1338000   260 10.07
0.889 0.0695 66.76 21.50  79  62  923000 1338000   260 10.07
0.892 0.0650 66.81 21.50  79  62  923000 1338000   260 10.07
0.894 0.0684 66.85 21.50  79  62  923000 1338000   260 10.07
0.896 0.0669 66.89 21.50  79  62  923000 1338000   260 10.07
0.899 0.0670 66.93 21.50  79  62  923000 1338000   260 10.07
0.901 0.0663 66.96 21.50  79  62  923000 1338000   260 10.07
0.904 0.0701 66.99 21.50  79  62  923000 1338000   260 10.07
0.906 0.0636 67.02 21.50  79  62  923000 1338000   260 10.07
0.908 0.0684 67.04 21.50  79  62  923000 1338000   260 10.07
0.911 0.0663 67.07 21.50  79  62  923000 1338000   260 10.07
0.913 0.0686 67.10 21.50  79  62  923000 1338000   260 10.07
0.916 0.0681 67.15 21.50  79  62  923000 1338000   260 10.07
0.918 0.0619 67.20 21.50  79  62  923000 1338000   260 10.07
0.920 0.0700 67.25 21.50  79  62  923000 1338000   260 10.07
0.923 0.0665 67.30 21.50  79  62  923000 1338000   260 10.07
0.925 0.0666 67.35 21.50  79  62  923000 1338000   260 10.07
0.928 0.0692 67.40 21.50  79  62  923000 1338000   260 10.07
0.930 0.0673 67.45 21.50  79  62  923000 1338000   260 10.07
0.933 0.0677 67.50 21.50  79  62  923000 1338000   260 10.07
0.935 0.0664 67.56 21.50  79  62  923000 1338000   260 10.07
0.937 0.0693 67.61 21.50  79  62  923000 1338000   260 10.07
0.940 0.0644 67.67 21.50  79  62  923000 1338000   260 10.07
0.942 0.0694 67.72 21.50  79  62  923000 1338000   260 10.07
0.945 0.0692 67.76 21.50  79  62  923000 1338000   260 10.07
0.947 0.0662 67.78 21.50  79  62  923000 1338000   260 10.07
0.949 0.0712 67.80 21.50  79  62  923000 1338000   260 10.07
0.952 0.0651 67.79 21.50  79  62  923000 1338000   260 10.07
0.954 0.0671 67.77 21.50  79  62  923000 1338000   260 10.07
0.957 0.0683 67.74 21.50  79  62  923000 1338000   260 10.07
0.959 0.0698 67.70 21.50  79  62  923000 1338000   260 10.07
0.961 0.0673 67.65 21.50  79  62  923000 1338000   260 10.07
0.964 0.0672 67.59 21.50  79  62  923000 1338000   260 10.07
0.966 0.0657 67.53 21.50  79  62  923000 1338000   260 10.07
0.969 0.0663 67.47 21.50  79  62  923000 1338000   260 10.07
0.971 0.0736 67.41 21.50  79  62  923000 1338000   260 10.07
0.973 0.0621 67.36 21.50  79  62  923000 1338000   260 10.07
0.976 0.0704 67.32 21.50  79  62  923000 1338000   260 10.07
0.978 0.0644 67.27 21.50  79  62  923000 1338000   260 10.07
0.981 0.0691 67.23 21.50  79  62  923000 1338000   260 10.07
0.983 0.0688 67.19 21.50  79  62  923000 1338000   260 10.07
0.986 0.0631 67.15 21.50  79  62  923000 1338000   260 10.07
0.988 0.0641 67.10 21.50  79  62  923000 1338000   260 10.07
0.990 0.0726 67.05 21.50  79  62  923000 1338000   260 10.07
0.993 0.0656 67.00 21.50  79  62  923000 1338000   260 10.07
0.995 0.0647 66.94 21.50  79  62  923000 1338000   260 10.07
0.998 0.0676 66.87 21.50  79  62  923000 1338000   260 10.07
1.000 0.0688 66.79 21.50  79  62  923000 1338000   260 10.07
1.002 0.0677 66.72 21.50  79  62  923000 1338000   260 10.07
1.005 0.0668 66.65 21.50  79  62  923000 1338000   260 10.07
1.007 0.0660 66.58 21.50  79  62  923000 1338000   260 10.07
1.010 0.0644 66.52 21.50  79  62  923000 1338000   260 10.07
1.012 0.0708 66.46 21.50  79  62  923000 1338000   260 10.07
1.014 0.0657 66.40 21.50  79  62  923000 1338000   260 10.07
1.017 0.0666 66.34 21.50  79  62  923000 1338000   260 10.07
1.019 0.0641 66.29 21.50  79  62  923000 1338000   260 10.07
1.022 0.0681 66.25 21.50  79  62  923000 1338000   260 10.07
1.024 0.0650 66.22 21.50  79  62  923000 1338000   260 10.07
1.027 0.0646 66.20 21.50  79  62  923000 1338000   260 10.07
1.029 0.0677 66.20 21.50  79  62  923000 1338000   260 10.07
1.031 0.0629 66.21 21.50  79  62  923000 1338000   260 10.07
1.034 0.0667 66.24 21.50  79  62  923000 1338000   260 10.07
1.036 0.0678 66.28 21.50  79  62  923000 1338000   260 10.07
1.039 0.0663 66.35 21.50  79  62  923000 1338000   260 10.07
1.041 0.0654 66.44 21.50  79  62  923000 1338000   260 10.07
1.043 0.0668 66.54 21.50  79  62  923000 1338000   260 10.07
1.046 0.0692 66.65 21.50  79  62  923000 1338000   260 10.07
1.048 0.0669 66.77 21.50  79  62  923000 1338000   260 10.07
1.051 0.0632 66.89 21.50  79  62  923000 1338000   260 10.07
1.053 0.0677 67.01 21.50  79  62  923000 1338000   260 10.07
1.055 0.0680 67.12 21.50  79  62  923000 1338000   260 10.07
1.058 0.0693 67.22 21.50  79  62  923000 1338000   260 10.07
1.060 0.0646 67.31 21.50  79  62  923000 1338000   260 10.07
1.063 0.0670 67.38 21.50  79  62  923000 1338000   260 10.07
1.065 0.0699 67.42 21.50  79  62  923000 1338000   260 10.07
1.067 0.0698 67.45 21.50  79  62  923000 1338000   260 10.07
1.070 0.0664 67.45 21.50  79  62  923000 1338000   260 10.07
1.072 0.0658 67.45 21.50  79  62  923000 1338000   260 10.07
1.075 0.0676 67.44 21.50  79  62  923000 1338000   260 10.07
1.077 0.0666 67.43 21.50  79  62  923000 1338000   260 10.07
1.080 0.0712 67.44 21.50  79  62  923000 1338000   260 10.07
1.082 0.0652 67.45 21.50  79  62  923000 1338000   260 10.07
1.084 0.0669 67.48 21.50  79  62  923000 1338000   260 10.07
1.087 0.0678 67.51 21.50  79  62  923000 1338000   260 10.07
1.089 0.0691 67.56 21.50  79  62  923000 1338000   260 10.07
1.092 0.0654 67.60 21.50  79  62  923000 1338000   260 10.07
1.094 0.0673 67.65 21.50  79  62  923000 1338000   260 10.07
1.096 0.0692 67.71 21.50  79  62  923000 1338000   260 10.07
1.099 0.0654 67.76 21.50  79  62  923000 1338000   260 10.07
1.101 0.0680 67.81 21.50  79  62  923000 1338000   260 10.07
1.104 0.0653 67.86 21.50  79  62  923000 1338000   260 10.07
1.106 0.0667 67.91 21.50  79  62  923000 1338000   260 10.07
1.108 0.0730 67.96 21.50  79  62  923000 1338000   260 10.07
1.111 0.0654 68.01 21.50  79  62  923000 1338000   260 10.07
1.113 0.0701 68.05 21.50  79  62  923000 1338000   260 10.07
1.116 0.0683 68.09 21.50  79  62  923000 1338000   260 10.07
1.118 0.0704 68.13 21.50  79  62  923000 1338000   260 10.07
1.120 0.0660 68.17 21.50  79  62  923000 1338000   260 10.07
1.123 0.0717 68.20 21.50  79  62  923000 1338000   260 10.07
1.125 0.0690 68.24 21.50  79  62  923000 1338000   260 10.07
1.128 0.0652 68.27 21.50  79  62  923000 1338000   260 10.07
1.130 0.0670 68.30 21.50  79  62  923000 1338000   260 10.07
1.133 0.0691 68.33 21.50  79  62  923000 1338000   260 10.07
1.135 0.0670 68.34 21.50  79  62  923000 1338000   260 10.07
1.137 0.0681 68.34 21.50  79  62  923000 1338000   260 10.07
1.140 0.0681 68.32 21.50  79  62  923000 1338000   260 10.07
1.142 0.0677 68.29 21.50  79  62  923000 1338000   260 10.07
1.145 0.0691 68.26 21.50  79  62  923000 1338000   260 10.07
1.147 0.0679 68.23 21.50  79  62  923000 1338000   260 10.07
1.149 0.0666 68.20 21.50  79  62  923000 1338000   260 10.07
1.152 0.0700 68.18 21.50  79  62  923000 1338000   260 10.07
1.154 0.0703 68.17 21.50  79  62  923000 1338000   260 10.07
1.157 0.0663 68.16 21.50  79  62  923000 1338000   260 10.07
1.159 0.0698 68.15 21.50  79  62  923000 1338000   260 10.07
1.161 0.0684 68.14 21.50  79  62  923000 1338000   260 10.07
1.164 0.0667 68.12 21.50  79  62  923000 1338000   260 10.07
1.166 0.0714 68.09 21.50  79  62  923000 1338000   260 10.07
1.169 0.0666 68.06 21.50  79  62  923000 1338000   260 10.07
1.171 0.0676 68.03 21.50  79  62  923000 1338000   260 10.07
1.173 0.0659 68.00 21.50  79  62  923000 1338000   260 10.07
1.176 0.0698 67.96 21.50  79  62  923000 1338000   260 10.07
1.178 0.0670 67.92 21.50  79  62  923000 1338000   260 10.07
1.181 0.0670 67.87 21.50  79  62  923000 1338000   260 10.07
1.183 0.0646 67.82 21.50  79  62  923000 1338000   260 10.07
1.186 0.0718 67.78 21.50  79  62  923000 1338000   260 10.07
1.188 0.0680 67.72 21.50  79  62  923000 1338000   260 10.07
1.190 0.0692 67.67 21.50  79  62  923000 1338000   260 10.07
1.193 0.0636 67.63 21.50  79  62  923000 1338000   260 10.07
1.195 0.0701 67.59 21.50  79  62  923000 1338000   260 10.07
1.198 0.0656 67.56 21.50  79  62  923000 1338000   260 10.07
1.200 0.0684 67.54 21.50  79  62  923000 1338000   260 10.07
1.202 0.0673 67.52 21.50  79  62  923000 1338000   260 10.07
1.205 0.0685 67.50 21.50  79  62  923000 1338000   260 10.07
1.207 0.0686 67.47 21.50  79  62  923000 1338000   260 10.07
1.210 0.0666 67.43 21.50  79  62  923000 1338000   260 10.07
1.212 0.0668 67.38 21.50  79  62  923000 1338000   260 10.07
1.214 0.0710 67.32 21.50  79  62  923000 1338000   260 10.07
1.217 0.0669 67.25 21.50  79  62  923000 1338000   260 10.07
1.219 0.0640 67.17 21.50  79  62  923000 1338000   260 10.07
1.222 0.0652 67.09 21.50  79  62  923000 1338000   260 10.07
1.224 0.0673 67.01 21.50  79  62  923000 1338000   260 10.07
1.227 0.0670 66.94 21.50  79  62  923000 1338000   260 10.07
1.229 0.0682 66.88 21.50  79  62  923000 1338000   260 10.07
1.231 0.0669 66.83 21.50  79  62  923000 1338000   260 10.07
1.234 0.0683 66.80 21.50  79  62  923000 1338000   260 10.07
1.236 0.0671 66.77 21.50  79  62  923000 1338000   260 10.07
1.239 0.0665 66.76 21.50  79  62  923000 1338000   260 10.07
1.241 0.0688 66.76 21.50  79  62  923000 1338000   260 10.07
1.243 0.0646 66.77 21.50  79  62  923000 1338000   260 10.07
1.246 0.0637 66.80 21.50  79  62  923000 1338000   260 10.07
1.248 0.0665 66.86 21.50  79  62  923000 1338000   260 10.07
1.251 0.0685 66.93 21.50  79  62  923000 1338000   260 10.07
1.253 0.0675 67.02 21.50  79  62  923000 1338000   260 10.07
1.255 0.0650 67.11 21.50  79  62  923000 1338000   260 10.07
1.258 0.0665 67.20 21.50  79  62  923000 1338000   260 10.07
1.260 0.0687 67.29 21.50  79  62  923000 1338000   260 10.07
1.263 0.0682 67.37 21.50  79  62  923000 1338000   260 10.07
1.265 0.0685 67.45 21.50  79  62  923000 1338000   260 10.07
1.267 0.0686 67.52 21.50  79  62  923000 1338000   260 10.07
1.270 0.0641 67.60 21.50  79  62  923000 1338000   260 10.07
1.272 0.0685 67.67 21.50  79  62  923000 1338000   260 10.07
1.275 0.0684 67.73 21.50  79  62  923000 1338000   260 10.07
1.277 0.0706 67.79 21.50  79  62  923000 1338000   260 10.07
1.280 0.0630 67.82 21.50  79  62  923000 1338000   260 10.07
1.282 0.0694 67.84 21.50  79  62  923000 1338000   260 10.07
1.284 0.0690 67.85 21.50  79  62  923000 1338000   260 10.07
1.287 0.0700 67.85 21.50  79  62  923000 1338000   260 10.07
1.289 0.0685 67.84 21.50  79  62  923000 1338000   260 10.07
1.292 0.0689 67.82 21.50  79  62  923000 1338000   260 10.07
1.294 0.0640 67.79 21.50  79  62  923000 1338000   260 10.07
1.296 0.0672 67.76 21.50  79  62  923000 1338000   260 10.07
1.299 0.0682 67.74 21.50  79  62  923000 1338000   260 10.07
1.301 0.0667 67.71 21.50  79  62  923000 1338000   260 10.07
1.304 0.0667 67.69 21.50  79  62  923000 1338000   260 10.07
1.306 0.0671 67.66 21.50  79  62  923000 1338000   260 10.07
1.308 0.0722 67.64 21.50  79  62  923000 1338000   260 10.07
1.311 0.0679 67.62 21.50  79  62  923000 1338000   260 10.07
1.313 0.0629 67.60 21.50  79  62  923000 1338000   260 10.07
1.316 0.0684 67.57 21.50  79  62  923000 1338000   260 10.07
1.318 0.0665 67.54 21.50  79  62  923000 1338000   260 10.07
1.320 0.0695 67.50 21.50  79  62  923000 1338000   260 10.07
1.323 0.0672 67.47 21.50  79  62  923000 1338000   260 10.07
1.325 0.0690 67.44 21.50  79  62  923000 1338000   260 10.07
1.328 0.0674 67.42 21.50  79  62  923000 1338000   260 10.07
1.330 0.0704 67.40 21.50  79  62  923000 1338000   260 10.07
1.333 0.0643 67.39 21.50  79  62  923000 1338000   260 10.07
1.335 0.0661 67.38 21.50  79  62  923000 1338000   260 10.07
1.337 0.0671 67.37 21.50  79  62  923000 1338000   260 10.07
1.340 0.0687 67.34 21.50  79  62  923000 1338000   260 10.07
1.342 0.0679 67.32 21.50  79  62  923000 1338000   260 10.07
1.345 0.0677 67.31 21.50  79  62  923000 1338000   260 10.07
1.347 0.0665 67.30 21.50  79  62  923000 1338000   260 10.07
1.349 0.0655 67.30 21.50  79  62  923000 1338000   260 10.07
1.352 0.0667 67.30 21.50  79  62  923000 1338000   260 10.07
1.354 0.0700 67.31 21.50  79  62  923000 1338000   260 10.07
1.357 0.0656 67.33 21.50  79  62  923000 1338000   260 10.07
1.359 0.0660 67.35 21.50  79  62  923000 1338000   260 10.07
1.361 0.0679 67.38 21.50  79  62  923000 1338000   260 10.07
1.364 0.0652 67.41 21.50  79  62  923000 1338000   260 10.07
1.366 0.0729 67.45 21.50  79  62  923000 1338000   260 10.07
1.369 0.0668 67.50 21.50  79  62  923000 1338000   260 10.07
1.371 0.0679 67.54 21.50  79  62  923000 1338000   260 10.07
1.373 0.0666 67.58 21.50  79  62  923000 1338000   260 10.07
1.376 0.0666 67.60 21.50  79  62  923000 1338000   260 10.07
1.378 0.0689 67.62 21.50  79  62  923000 1338000   260 10.07
1.381 0.0664 67.64 21.50  79  62  923000 1338000   260 10.07
1.383 0.0667 67.65 21.50  79  62  923000 1338000   260 10.07
1.386 0.0687 67.68 21.50  79  62  923000 1338000   260 10.07
1.388 0.0710 67.71 21.50  79  62  923000 1338000   260 10.07
1.390 0.0650 67.73 21.50  79  62  923000 1338000   260 10.07
1.393 0.0656 67.74 21.50  79  62  923000 1338000   260 10.07
1.395 0.0700 67.74 21.50  79  62  923000 1338000   260 10.07
1.398 0.0690 67.73 21.50  79  62  923000 1338000   260 10.07
1.400 0.0671 67.70 21.50  79  62  923000 1338000   260 10.07
1.402 0.0662 67.67 21.50  79  62  923000 1338000   260 10.07
1.405 0.0661 67.62 21.50  79  62  923000 1338000   260 10.07
1.407 0.0697 67.57 21.50  79  62  923000 1338000   260 10.07
1.410 0.0689 67.51 21.50  79  62  923000 1338000   260 10.07
1.412 0.0628 67.44 21.50  79  62  923000 1338000   260 10.07
1.414 0.0696 67.38 21.50  79  62  923000 1338000   260 10.07
1.417 0.0691 67.32 21.50  79  62  923000 1338000   260 10.07
1.419 0.0673 67.26 21.50  79  62  923000 1338000   260 10.07
1.422 0.0671 67.20 21.50  79  62  923000 1338000   260 10.07
1.424 0.0681 67.14 21.50  79  62  923000 1338000   260 10.07
1.427 0.0712 67.10 21.50  79  62  923000 1338000   260 10.07
1.429 0.0667 67.06 21.50  79  62  923000 1338000   260 10.07
1.431 0.0606 67.02 21.50  79  62  923000 1338000   260 10.07
1.434 0.0663 67.00 21.50  79  62  923000 1338000   260 10.07
1.436 0.0668 66.97 21.50  79  62  923000 1338000   260 10.07
1.439 0.0677 66.96 21.50  79  62  923000 1338000   260 10.07
1.441 0.0679 66.96 21.50  79  62  923000 1338000   260 10.07
1.443 0.0638 66.97 21.50  79  62  923000 1338000   260 10.07
1.446 0.0688 66.98 21.50  79  62  923000 1338000   260 10.07
1.448 0.0657 67.00 21.50  79  62  923000 1338000   260 10.07
1.451 0.0707 67.01 21.50  79  62  923000 1338000   260 10.07
1.453 0.0655 67.02 21.50  79  62  923000 1338000   260 10.07
1.455 0.0683 67.04 21.50  79  62  923000 1338000   260 10.07
1.458 0.0659 67.06 21.50  79  62  923000 1338000   260 10.07
1.460 0.0672 67.09 21.50  79  62  923000 1338000   260 10.07
1.463 0.0695 67.12 21.50  79  62  923000 1338000   260 10.07
1.465 0.0667 67.15 21.50  79  62  923000 1338000   260 10.07
1.467 0.0630 67.18 21.50  79  62  923000 1338000   260 10.07
1.470 0.0704 67.19 21.50  79  62  923000 1338000   260 10.07
1.472 0.0677 67.18 21.50  79  62  923000 1338000   260 10.07
1.475 0.0660 67.16 21.50  79  62  923000 1338000   260 10.07
1.477 0.0666 67.13 21.50  79  62  923000 1338000   260 10.07
1.480 0.0706 67.09 21.50  79  62  923000 1338000   260 10.07
1.482 0.0661 67.04 21.50  79  62  923000 1338000   260 10.07
1.484 0.0652 66.99 21.50  79  62  923000 1338000   260 10.07
1.487 0.0695 66.94 21.50  79  62  923000 1338000   260 10.07
1.489 0.0610 66.89 21.50  79  62  923000 1338000   260 10.07
1.492 0.0680 66.84 21.50  79  62  923000 1338000   260 10.07
1.494 0.0644 66.79 21.50  79  62  923000 1338000   260 10.07
1.496 0.0725 66.74 21.50  79  62  923000 1338000   260 10.07
1.499 0.0669 66.70 21.50  79  62  923000 1338000   260 10.07
1.501 0.0660 66.65 21.50  79  62  923000 1338000   260 10.07
1.504 0.0679 66.59 21.50  79  62  923000 1338000   260 10.07
1.506 0.0646 66.54 21.50  79  62  923000 1338000   260 10.07
1.508 0.0683 66.49 21.50  79  62  923000 1338000   260 10.07
1.511 0.0632 66.45 21.50  79  62  923000 1338000   260 10.07
1.513 0.0680 66.41 21.50  79  62  923000 1338000   260 10.07
1.516 0.0666 66.39 21.50  79  62  923000 1338000   260 10.07
1.518 0.0678 66.39 21.50  79  62  923000 1338000   260 10.07
1.520 0.0646 66.40 21.50  79  62  923000 1338000   260 10.07
1.523 0.0678 66.44 21.50  79  62  923000 1338000   260 10.07
1.525 0.0638 66.50 21.50  79  62  923000 1338000   260 10.07
1.528 0.0668 66.59 21.50  79  62  923000 1338000   260 10.07
1.530 0.0669 66.69 21.50  79  62  923000 1338000   260 10.07
1.533 0.0682 66.80 21.50  79  62  923000 1338000   260 10.07
1.535 0.0673 66.93 21.50  79  62  923000 1338000   260 10.07
1.537 0.0628 67.08 21.50  79  62  923000 1338000   260 10.07
1.540 0.0715 67.24 21.50  79  62  923000 1338000   260 10.07
1.542 0.0636 67.41 21.50  79  62  923000 1338000   260 10.07
1.545 0.0660 67.57 21.50  79  62  923000 1338000   260 10.07
1.547 0.0689 67.73 21.50  79  62  923000 1338000   260 10.07
1.549 0.0690 67.88 21.50  79  62  923000 1338000   260 10.07
1.552 0.0693 68.01 21.50  79  62  923000 1338000   260 10.07
1.554 0.0676 68.12 21.50  79  62  923000 1338000   260 10.07
1.557 0.0678 68.22 21.50  79  62  923000 1338000   260 10.07
1.559 0.0701 68.31 21.50  79  62  923000 1338000   260 10.07
1.561 0.0706 68.37 21.50  79  62  923000 1338000   260 10.07
1.564 0.0683 68.42 21.50  79  62  923000 1338000   260 10.07
1.566 0.0692 68.43 21.50  79  62  923000 1338000   260 10.07
1.569 0.0651 68.42 21.50  79  62  923000 1338000   260 10.07
1.571 0.0723 68.38 21.50  79  62  923000 1338000   260 10.07
1.573 0.0655 68.31 21.50  79  62  923000 1338000   260 10.07
1.576 0.0673 68.23 21.50  79  62  923000 1338000   260 10.07
1.578 0.0673 68.14 21.50  79  62  923000 1338000   260 10.07
1.581 0.0708 68.04 21.50  79  62  923000 1338000   260 10.07
1.583 0.0679 67.93 21.50  79  62  923000 1338000   260 10.07
1.586 0.0645 67.81 21.50  79  62  923000 1338000   260 10.07
1.588 0.0690 67.70 21.50  79  62  923000 1338000   260 10.07
1.590 0.0684 67.59 21.50  79  62  923000 1338000   260 10.07
1.593 0.0689 67.49 21.50  79  62  923000 1338000   260 10.07
1.595 0.0687 67.39 21.50  79  62  923000 1338000   260 10.07
1.598 0.0631 67.30 21.50  79  62  923000 1338000   260 10.07
1.600 0.0661 67.22 21.50  79  62  923000 1338000   260 10.07
1.602 0.0707 67.17 21.50  79  62  923000 1338000   260 10.07
1.605 0.0669 67.13 21.50  79  62  923000 1338000   260 10.07
1.607 0.0638 67.10 21.50  79  62  923000 1338000   260 10.07
1.610 0.0698 67.09 21.50  79  62  923000 1338000   260 10.07
1.612 0.0664 67.08 21.50  79  62  923000 1338000   260 10.07
1.614 0.0663 67.08 21.50  79  62  923000 1338000   260 10.07
1.617 0.0664 67.10 21.50  79  62  923000 1338000   260 10.07
1.619 0.0718 67.13 21.50  79  62  923000 1338000   260 10.07
1.622 0.0673 67.17 21.50  79  62  923000 1338000   260 10.07
1.624 0.0643 67.22 21.50  79  62  923000 1338000   260 10.07
1.627 0.0647 67.28 21.50  79  62  923000 1338000   260 10.07
1.629 0.0669 67.33 21.50  79  62  923000 1338000   260 10.07
1.631 0.0710 67.37 21.50  79  62  923000 1338000   260 10.07
1.634 0.0652 67.41 21.50  79  62  923000 1338000   260 10.07
1.636 0.0640 67.44 21.50  79  62  923000 1338000   260 10.07
1.639 0.0683 67.47 21.50  79  62  923000 1338000   260 10.07
1.642 0.0710 67.49 21.50  79  62  923000 1338000   260 10.07
1.644 0.0697 67.51 21.50  79  62  923000 1338000   260 10.07
1.647 0.0700 67.52 21.50  79  62  923000 1338000   260 10.07
1.650 0.0660 67.54 21.50  79  62  923000 1338000   260 10.07
1.654 0.0633 67.55 21.50  79  62  923000 1338000   260 10.07
1.657 0.0677 67.57 21.50  79  62  923000 1338000   260 10.07
1.661 0.0689 67.58 21.50  79  62  923000 1338000   260 10.07
1.664 0.0685 67.57 21.50  79  62  923000 1338000   260 10.07
1.668 0.0705 67.55 21.50  79  62  923000 1338000   260 10.07
1.672 0.0663 67.52 21.50  79  62  923000 1338000   260 10.07
1.676 0.0628 67.47 21.50  79  62  923000 1338000   260 10.07
1.680 0.0694 67.40 21.50  79  62  923000 1338000   260 10.07
1.685 0.0656 67.32 21.50  79  62  923000 1338000   260 10.07
1.689 0.0675 67.24 21.50  79  62  923000 1338000   260 10.07
1.694 0.0668 67.15 21.50  79  62  923000 1338000   260 10.07
1.699 0.0693 67.07 21.50  79  62  923000 1338000   260 10.07
1.705 0.0671 67.00 21.50  79  62  923000 1338000   260 10.07
1.710 0.0676 66.93 21.50  79  62  923000 1338000   260 10.07
1.716 0.0667 66.87 21.50  79  62  923000 1338000   260 10.07
1.722 0.0680 66.81 21.50  79  62  923000 1338000   260 10.07
1.728 0.0655 66.74 21.50  79  62  923000 1338000   260 10.07
1.735 0.0675 66.66 21.50  79  62  923000 1338000   260 10.07
1.741 0.0672 66.57 21.50  79  62  923000 1338000   260 10.07
1.748 0.0642 66.46 21.50  79  62  923000 1338000   260 10.07
1.756 0.0664 66.34 21.50  79  62  923000 1338000   260 10.07
1.763 0.0654 66.23 21.50  79  62  923000 1338000   260 10.07
1.771 0.0660 66.14 21.50  79  62  923000 1338000   260 10.07
1.780 0.0669 66.05 21.50  79  62  923000 1338000   260 10.07
1.788 0.0671 65.98 21.50  79  62  923000 1338000   260 10.07
1.797 0.0671 65.92 21.50  79  62  923000 1338000   260 10.07
1.807 0.0668 65.89 21.50  79  62  923000 1338000   260 10.07
1.817 0.0673 65.88 21.50  79  62  923000 1338000   260 10.07
1.827 0.0648 65.92 21.50  79  62  923000 1338000   260 10.07
1.838 0.0654 65.99 21.50  79  62  923000 1338000   260 10.07
1.849 0.0653 66.10 21.50  79  62  923000 1338000   260 10.07
1.860 0.0662 66.26 21.50  79  62  923000 1338000   260 10.07
1.872 0.0656 66.46 21.50  79  62  923000 1338000   260 10.07
1.884 0.0669 66.73 21.50  79  62  923000 1338000   260 10.07
1.896 0.0668 67.06 21.50  79  62  923000 1338000   260 10.07
1.908 0.0681 67.48 21.50  79  62  923000 1338000   260 10.07
1.920 0.0683 68.00 21.50  79  62  923000 1338000   260 10.07
1.933 0.0693 68.63 21.50  79  62  923000 1338000   260 10.07
1.945 0.0701 69.39 21.50  79  62  923000 1338000   260 10.07
1.957 0.0707 70.28 21.50  79  62  923000 1338000   260 10.07
1.969 0.0716 71.34 21.50  79  62  923000 1338000   260 10.07
1.981 0.0715 72.56 21.50  79  62  923000 1338000   260 10.07
1.993 0.0716 73.97 21.50  79  62  923000 1338000   260 10.07
2.005 0.0738 75.57 21.50  79  62  923000 1338000   260 10.07
2.017 0.0774 77.36 21.50  79  62  923000 1338000   260 10.07
2.029 0.0780 79.33 21.50  79  62  923000 1338000   260 10.07
2.041 0.0783 81.48 21.50  79  62  923000 1338000   260 10.07
2.053 0.0812 83.76 21.50  79  62  923000 1338000   260 10.07
2.065 0.0848 86.15 21.50  79  62  923000 1338000   260 10.07
2.077 0.0862 88.59 21.50  79  62  923000 1338000   260 10.07
2.089 0.0896 91.04 21.50  79  62  923000 1338000   260 10.07
2.101 0.0919 93.45 21.50  79  62  923000 1338000   260 10.07
2.113 0.0968 95.74 21.50  79  62  923000 1338000   260 10.07
2.125 0.0977 97.87 21.50  79  62  923000 1338000   260 10.07
2.137 0.0996 99.79 21.50  79  62  923000 1338000   260 10.07
2.149 0.1041 101.47 21.50  79  62  923000 1338000   260 10.07
2.161 0.1058 102.88 21.50  79  62  923000 1338000   260 10.07
2.173 0.1087 104.03 21.50  79  62  923000 1338000   260 10.07
2.186 0.1126 104.91 21.50  79  62  923000 1338000   260 10.07
2.198 0.1135 105.54 21.50  79  62  923000 1338000   260 10.07
2.210 0.1131 105.96 21.50  79  62  923000 1338000   260 10.07
2.222 0.1164 106.20 21.50  79  62  923000 1338000   260 10.07
2.234 0.1117 106.34 21.50  79  62  923000 1338000   260 10.07
2.246 0.1125 106.43 21.50  79  62  923000 1338000   260 10.07
2.258 0.1097 106.56 21.50  79  62  923000 1338000   260 10.07
2.270 0.1072 106.81 21.50  79  62  923000 1338000   260 10.07
2.282 0.1051 107.27 21.50  79  62  923000 1338000   260 10.07
2.294 0.1054 108.04 21.50  79  62  923000 1338000   260 10.07
2.306 0.1049 109.24 21.50  79  62  923000 1338000   260 10.07
2.318 0.1061 111.12 21.50  79  62  923000 1338000   260 10.07
2.330 0.1100 115.97 21.50  79  62  923000 1338000   260 10.07
2.342 0.1148 124.16 21.50  79  62  923000 1338000   260 10.07
2.354 0.1159 133.57 21.50  79  62  923000 1338000   260 10.07
2.366 0.1267 143.05 21.50  79  62  923000 1338000   260 10.07
2.378 0.1338 152.20 21.50  79  62  923000 1338000   260 10.07
2.390 0.1403 160.90 21.50  79  62  923000 1338000   260 10.07
2.402 0.1451 169.16 21.50  79  62  923000 1338000   260 10.07
2.414 0.1568 177.03 21.50  79  62  923000 1338000   260 10.07
2.427 0.1729 184.55 21.50  79  62  923000 1338000   260 10.07
2.439 0.1824 191.80 21.50  79  62  923000 1338000   260 10.07
2.451 0.1976 198.81 21.50  79  62  923000 1338000   260 10.07
2.463 0.2144 205.63 21.50  79  62  923000 1338000   260 10.07
2.475 0.2303 212.29 21.50  79  62  923000 1338000   260 10.07
2.487 0.2499 218.81 21.50  79  62  923000 1338000   260 10.07
2.499 0.2726 225.20 21.50  79  62  923000 1338000   260 10.07
2.511 0.2939 231.47 21.50  79  62  923000 1338000   260 10.07
2.523 0.3198 237.62 21.50  79  62  923000 1338000   260 10.07
2.535 0.3482 243.62 21.50  79  62  923000 1338000   260 10.07
2.547 0.3778 249.45 21.50  79  62  923000 1338000   260 10.07
2.559 0.4066 255.09 21.50  79  62  923000 1338000   260 10.07
2.571 0.4199 260.48 21.50  79  62  923000 1338000   260 10.07
2.583 0.0000 265.57 21.50  79  62  923000 1338000   260 10.07
2.595 0.0000 270.30 21.50  79  62  923000 1338000   260 10.07
