     x     qy smooth tpara  cd  zL     xTr    xCpl frame tma
-1.795 0.3960 337.67 26.10  78  62  840000 1308000   250 9.74
-1.784 0.3517 315.80 26.10  78  62  840000 1308000   250 9.74
-1.774 0.3879 295.02 26.10  78  62  840000 1308000   250 9.74
-1.763 0.2646 275.33 26.10  78  62  840000 1308000   250 9.74
-1.752 0.2196 256.69 26.10  78  62  840000 1308000   250 9.74
-1.741 0.1902 239.08 26.10  78  62  840000 1308000   250 9.74
-1.731 0.1699 222.46 26.10  78  62  840000 1308000   250 9.74
-1.720 0.1688 206.82 26.10  78  62  840000 1308000   250 9.74
-1.709 0.1567 192.15 26.10  78  62  840000 1308000   250 9.74
-1.699 0.1457 178.41 26.10  78  62  840000 1308000   250 9.74
-1.688 0.1376 165.61 26.10  78  62  840000 1308000   250 9.74
-1.677 0.1298 153.74 26.10  78  62  840000 1308000   250 9.74
-1.667 0.1266 142.79 26.10  78  62  840000 1308000   250 9.74
-1.656 0.1191 132.77 26.10  78  62  840000 1308000   250 9.74
-1.645 0.1171 123.69 26.10  78  62  840000 1308000   250 9.74
-1.635 0.1120 115.57 26.10  78  62  840000 1308000   250 9.74
-1.624 0.1099 108.44 26.10  78  62  840000 1308000   250 9.74
-1.613 0.1061 102.35 26.10  78  62  840000 1308000   250 9.74
-1.603 0.1028 97.36 26.10  78  62  840000 1308000   250 9.74
-1.592 0.1004 93.54 26.10  78  62  840000 1308000   250 9.74
-1.581 0.0978 90.97 26.10  78  62  840000 1308000   250 9.74
-1.571 0.0970 89.72 26.10  78  62  840000 1308000   250 9.74
-1.560 0.0914 89.56 26.10  78  62  840000 1308000   250 9.74
-1.549 0.0910 89.51 26.10  78  62  840000 1308000   250 9.74
-1.538 0.0907 88.24 26.10  78  62  840000 1308000   250 9.74
-1.528 0.0881 86.83 26.10  78  62  840000 1308000   250 9.74
-1.517 0.0854 85.38 26.10  78  62  840000 1308000   250 9.74
-1.506 0.0850 83.96 26.10  78  62  840000 1308000   250 9.74
-1.496 0.0841 82.60 26.10  78  62  840000 1308000   250 9.74
-1.485 0.0822 81.29 26.10  78  62  840000 1308000   250 9.74
-1.474 0.0813 80.04 26.10  78  62  840000 1308000   250 9.74
-1.464 0.0788 78.86 26.10  78  62  840000 1308000   250 9.74
-1.453 0.0773 77.74 26.10  78  62  840000 1308000   250 9.74
-1.442 0.0771 76.71 26.10  78  62  840000 1308000   250 9.74
-1.432 0.0764 75.77 26.10  78  62  840000 1308000   250 9.74
-1.421 0.0736 74.91 26.10  78  62  840000 1308000   250 9.74
-1.410 0.0753 74.14 26.10  78  62  840000 1308000   250 9.74
-1.400 0.0726 73.45 26.10  78  62  840000 1308000   250 9.74
-1.389 0.0722 72.85 26.10  78  62  840000 1308000   250 9.74
-1.378 0.0726 72.32 26.10  78  62  840000 1308000   250 9.74
-1.368 0.0710 71.86 26.10  78  62  840000 1308000   250 9.74
-1.357 0.0693 71.47 26.10  78  62  840000 1308000   250 9.74
-1.346 0.0703 71.15 26.10  78  62  840000 1308000   250 9.74
-1.335 0.0710 70.88 26.10  78  62  840000 1308000   250 9.74
-1.325 0.0714 70.65 26.10  78  62  840000 1308000   250 9.74
-1.314 0.0694 70.47 26.10  78  62  840000 1308000   250 9.74
-1.303 0.0701 70.32 26.10  78  62  840000 1308000   250 9.74
-1.293 0.0736 70.20 26.10  78  62  840000 1308000   250 9.74
-1.282 0.0690 70.09 26.10  78  62  840000 1308000   250 9.74
-1.271 0.0700 69.98 26.10  78  62  840000 1308000   250 9.74
-1.261 0.0726 69.88 26.10  78  62  840000 1308000   250 9.74
-1.250 0.0700 69.78 26.10  78  62  840000 1308000   250 9.74
-1.239 0.0707 69.68 26.10  78  62  840000 1308000   250 9.74
-1.229 0.0692 69.57 26.10  78  62  840000 1308000   250 9.74
-1.218 0.0699 69.45 26.10  78  62  840000 1308000   250 9.74
-1.207 0.0700 69.33 26.10  78  62  840000 1308000   250 9.74
-1.197 0.0677 69.19 26.10  78  62  840000 1308000   250 9.74
-1.186 0.0696 69.06 26.10  78  62  840000 1308000   250 9.74
-1.175 0.0685 68.91 26.10  78  62  840000 1308000   250 9.74
-1.165 0.0686 68.76 26.10  78  62  840000 1308000   250 9.74
-1.154 0.0687 68.60 26.10  78  62  840000 1308000   250 9.74
-1.143 0.0675 68.44 26.10  78  62  840000 1308000   250 9.74
-1.132 0.0684 68.29 26.10  78  62  840000 1308000   250 9.74
-1.122 0.0667 68.14 26.10  78  62  840000 1308000   250 9.74
-1.111 0.0680 68.00 26.10  78  62  840000 1308000   250 9.74
-1.100 0.0687 67.87 26.10  78  62  840000 1308000   250 9.74
-1.090 0.0671 67.76 26.10  78  62  840000 1308000   250 9.74
-1.079 0.0684 67.67 26.10  78  62  840000 1308000   250 9.74
-1.068 0.0683 67.59 26.10  78  62  840000 1308000   250 9.74
-1.058 0.0680 67.52 26.10  78  62  840000 1308000   250 9.74
-1.047 0.0681 67.47 26.10  78  62  840000 1308000   250 9.74
-1.036 0.0680 67.43 26.10  78  62  840000 1308000   250 9.74
-1.026 0.0675 67.39 26.10  78  62  840000 1308000   250 9.74
-1.015 0.0664 67.36 26.10  78  62  840000 1308000   250 9.74
-1.004 0.0670 67.33 26.10  78  62  840000 1308000   250 9.74
-0.994 0.0673 67.30 26.10  78  62  840000 1308000   250 9.74
-0.983 0.0673 67.26 26.10  78  62  840000 1308000   250 9.74
-0.972 0.0660 67.23 26.10  78  62  840000 1308000   250 9.74
-0.962 0.0659 67.19 26.10  78  62  840000 1308000   250 9.74
-0.951 0.0675 67.15 26.10  78  62  840000 1308000   250 9.74
-0.940 0.0670 67.09 26.10  78  62  840000 1308000   250 9.74
-0.929 0.0679 67.03 26.10  78  62  840000 1308000   250 9.74
-0.919 0.0671 66.97 26.10  78  62  840000 1308000   250 9.74
-0.908 0.0676 66.90 26.10  78  62  840000 1308000   250 9.74
-0.897 0.0678 66.83 26.10  78  62  840000 1308000   250 9.74
-0.887 0.0677 66.76 26.10  78  62  840000 1308000   250 9.74
-0.876 0.0667 66.70 26.10  78  62  840000 1308000   250 9.74
-0.865 0.0651 66.65 26.10  78  62  840000 1308000   250 9.74
-0.855 0.0671 66.61 26.10  78  62  840000 1308000   250 9.74
-0.844 0.0673 66.58 26.10  78  62  840000 1308000   250 9.74
-0.833 0.0664 66.56 26.10  78  62  840000 1308000   250 9.74
-0.823 0.0670 66.56 26.10  78  62  840000 1308000   250 9.74
-0.812 0.0660 66.56 26.10  78  62  840000 1308000   250 9.74
-0.801 0.0670 66.58 26.10  78  62  840000 1308000   250 9.74
-0.791 0.0650 66.60 26.10  78  62  840000 1308000   250 9.74
-0.780 0.0655 66.62 26.10  78  62  840000 1308000   250 9.74
-0.769 0.0665 66.65 26.10  78  62  840000 1308000   250 9.74
-0.759 0.0659 66.69 26.10  78  62  840000 1308000   250 9.74
-0.748 0.0664 66.73 26.10  78  62  840000 1308000   250 9.74
-0.737 0.0665 66.78 26.10  78  62  840000 1308000   250 9.74
-0.726 0.0668 66.84 26.10  78  62  840000 1308000   250 9.74
-0.716 0.0667 66.91 26.10  78  62  840000 1308000   250 9.74
-0.705 0.0683 66.98 26.10  78  62  840000 1308000   250 9.74
-0.694 0.0691 67.05 26.10  78  62  840000 1308000   250 9.74
-0.684 0.0672 67.12 26.10  78  62  840000 1308000   250 9.74
-0.673 0.0669 67.17 26.10  78  62  840000 1308000   250 9.74
-0.662 0.0681 67.20 26.10  78  62  840000 1308000   250 9.74
-0.652 0.0687 67.20 26.10  78  62  840000 1308000   250 9.74
-0.641 0.0663 67.19 26.10  78  62  840000 1308000   250 9.74
-0.630 0.0667 67.16 26.10  78  62  840000 1308000   250 9.74
-0.620 0.0655 67.11 26.10  78  62  840000 1308000   250 9.74
-0.609 0.0668 67.03 26.10  78  62  840000 1308000   250 9.74
-0.598 0.0666 66.93 26.10  78  62  840000 1308000   250 9.74
-0.588 0.0668 66.82 26.10  78  62  840000 1308000   250 9.74
-0.577 0.0665 66.69 26.10  78  62  840000 1308000   250 9.74
-0.566 0.0682 66.56 26.10  78  62  840000 1308000   250 9.74
-0.556 0.0663 66.42 26.10  78  62  840000 1308000   250 9.74
-0.545 0.0674 66.29 26.10  78  62  840000 1308000   250 9.74
-0.534 0.0663 66.15 26.10  78  62  840000 1308000   250 9.74
-0.524 0.0670 66.02 26.10  78  62  840000 1308000   250 9.74
-0.513 0.0637 65.88 26.10  78  62  840000 1308000   250 9.74
-0.502 0.0651 65.74 26.10  78  62  840000 1308000   250 9.74
-0.491 0.0649 65.60 26.10  78  62  840000 1308000   250 9.74
-0.481 0.0651 65.45 26.10  78  62  840000 1308000   250 9.74
-0.470 0.0656 65.30 26.10  78  62  840000 1308000   250 9.74
-0.459 0.0655 65.15 26.10  78  62  840000 1308000   250 9.74
-0.449 0.0663 65.00 26.10  78  62  840000 1308000   250 9.74
-0.438 0.0658 64.85 26.10  78  62  840000 1308000   250 9.74
-0.427 0.0656 64.71 26.10  78  62  840000 1308000   250 9.74
-0.417 0.0623 64.58 26.10  78  62  840000 1308000   250 9.74
-0.406 0.0653 64.48 26.10  78  62  840000 1308000   250 9.74
-0.395 0.0645 64.39 26.10  78  62  840000 1308000   250 9.74
-0.385 0.0653 64.34 26.10  78  62  840000 1308000   250 9.74
-0.374 0.0637 64.31 26.10  78  62  840000 1308000   250 9.74
-0.363 0.0637 64.32 26.10  78  62  840000 1308000   250 9.74
-0.353 0.0641 64.35 26.10  78  62  840000 1308000   250 9.74
-0.342 0.0624 64.41 26.10  78  62  840000 1308000   250 9.74
-0.331 0.0645 64.51 26.10  78  62  840000 1308000   250 9.74
-0.321 0.0647 64.63 26.10  78  62  840000 1308000   250 9.74
-0.310 0.0642 64.78 26.10  78  62  840000 1308000   250 9.74
-0.299 0.0650 64.95 26.10  78  62  840000 1308000   250 9.74
-0.288 0.0654 65.14 26.10  78  62  840000 1308000   250 9.74
-0.278 0.0644 65.35 26.10  78  62  840000 1308000   250 9.74
-0.267 0.0655 65.58 26.10  78  62  840000 1308000   250 9.74
-0.256 0.0660 65.80 26.10  78  62  840000 1308000   250 9.74
-0.246 0.0650 66.02 26.10  78  62  840000 1308000   250 9.74
-0.235 0.0661 66.22 26.10  78  62  840000 1308000   250 9.74
-0.224 0.0673 66.41 26.10  78  62  840000 1308000   250 9.74
-0.214 0.0661 66.56 26.10  78  62  840000 1308000   250 9.74
-0.203 0.0675 66.69 26.10  78  62  840000 1308000   250 9.74
-0.192 0.0660 66.77 26.10  78  62  840000 1308000   250 9.74
-0.182 0.0674 66.81 26.10  78  62  840000 1308000   250 9.74
-0.171 0.0683 66.78 26.10  78  62  840000 1308000   250 9.74
-0.160 0.0665 66.67 26.10  78  62  840000 1308000   250 9.74
-0.150 0.0664 66.46 26.10  78  62  840000 1308000   250 9.74
-0.139 0.0662 66.14 26.10  78  62  840000 1308000   250 9.74
-0.128 0.0664 65.70 26.10  78  62  840000 1308000   250 9.74
-0.118 0.0643 65.11 26.10  78  62  840000 1308000   250 9.74
-0.107 0.0627 64.39 26.10  78  62  840000 1308000   250 9.74
-0.096 0.0648 63.51 26.10  78  62  840000 1308000   250 9.74
-0.085 0.0624 62.49 26.10  78  62  840000 1308000   250 9.74
-0.075 0.0632 61.35 26.10  78  62  840000 1308000   250 9.74
-0.064 0.0613 60.08 26.10  78  62  840000 1308000   250 9.74
-0.053 0.0612 58.70 26.10  78  62  840000 1308000   250 9.74
-0.043 0.0592 57.25 26.10  78  62  840000 1308000   250 9.74
-0.032 0.0586 55.72 26.10  78  62  840000 1308000   250 9.74
-0.021 0.0559 54.16 26.10  78  62  840000 1308000   250 9.74
-0.011 0.0539 52.58 26.10  78  62  840000 1308000   250 9.74
0.000 0.0513 51.00 26.10  78  62  840000 1308000   250 9.74
0.011 0.0490 49.45 26.10  78  62  840000 1308000   250 9.74
0.021 0.0461 47.95 26.10  78  62  840000 1308000   250 9.74
0.032 0.0438 46.52 26.10  78  62  840000 1308000   250 9.74
0.043 0.0424 45.17 26.10  78  62  840000 1308000   250 9.74
0.053 0.0423 43.93 26.10  78  62  840000 1308000   250 9.74
0.064 0.0397 42.79 26.10  78  62  840000 1308000   250 9.74
0.075 0.0393 41.79 26.10  78  62  840000 1308000   250 9.74
0.085 0.0402 40.92 26.10  78  62  840000 1308000   250 9.74
0.096 0.0401 40.19 26.10  78  62  840000 1308000   250 9.74
0.107 0.0387 39.61 26.10  78  62  840000 1308000   250 9.74
0.118 0.0397 39.18 26.10  78  62  840000 1308000   250 9.74
0.128 0.0373 38.88 26.10  78  62  840000 1308000   250 9.74
0.139 0.0393 38.70 26.10  78  62  840000 1308000   250 9.74
0.149 0.0377 38.62 26.10  78  62  840000 1308000   250 9.74
0.159 0.0395 38.62 26.10  78  62  840000 1308000   250 9.74
0.168 0.0397 38.68 26.10  78  62  840000 1308000   250 9.74
0.178 0.0388 38.78 26.10  78  62  840000 1308000   250 9.74
0.186 0.0410 38.89 26.10  78  62  840000 1308000   250 9.74
0.195 0.0398 38.99 26.10  78  62  840000 1308000   250 9.74
0.203 0.0397 39.07 26.10  78  62  840000 1308000   250 9.74
0.210 0.0400 39.12 26.10  78  62  840000 1308000   250 9.74
0.218 0.0389 39.14 26.10  78  62  840000 1308000   250 9.74
0.225 0.0399 39.11 26.10  78  62  840000 1308000   250 9.74
0.231 0.0385 39.05 26.10  78  62  840000 1308000   250 9.74
0.238 0.0398 38.96 26.10  78  62  840000 1308000   250 9.74
0.244 0.0390 38.85 26.10  78  62  840000 1308000   250 9.74
0.250 0.0391 38.72 26.10  78  62  840000 1308000   250 9.74
0.256 0.0401 38.58 26.10  78  62  840000 1308000   250 9.74
0.262 0.0379 38.43 26.10  78  62  840000 1308000   250 9.74
0.267 0.0368 38.28 26.10  78  62  840000 1308000   250 9.74
0.272 0.0384 38.13 26.10  78  62  840000 1308000   250 9.74
0.277 0.0377 37.99 26.10  78  62  840000 1308000   250 9.74
0.281 0.0383 37.87 26.10  78  62  840000 1308000   250 9.74
0.286 0.0373 37.77 26.10  78  62  840000 1308000   250 9.74
0.290 0.0374 37.70 26.10  78  62  840000 1308000   250 9.74
0.294 0.0372 37.66 26.10  78  62  840000 1308000   250 9.74
0.298 0.0367 37.64 26.10  78  62  840000 1308000   250 9.74
0.302 0.0368 37.66 26.10  78  62  840000 1308000   250 9.74
0.306 0.0387 37.69 26.10  78  62  840000 1308000   250 9.74
0.309 0.0364 37.76 26.10  78  62  840000 1308000   250 9.74
0.313 0.0374 37.85 26.10  78  62  840000 1308000   250 9.74
0.316 0.0406 37.97 26.10  78  62  840000 1308000   250 9.74
0.319 0.0352 38.10 26.10  78  62  840000 1308000   250 9.74
0.322 0.0419 38.24 26.10  78  62  840000 1308000   250 9.74
0.325 0.0378 38.39 26.10  78  62  840000 1308000   250 9.74
0.328 0.0376 38.55 26.10  78  62  840000 1308000   250 9.74
0.330 0.0370 38.70 26.10  78  62  840000 1308000   250 9.74
0.333 0.0405 38.85 26.10  78  62  840000 1308000   250 9.74
0.335 0.0393 39.00 26.10  78  62  840000 1308000   250 9.74
0.338 0.0409 39.13 26.10  78  62  840000 1308000   250 9.74
0.340 0.0373 39.25 26.10  78  62  840000 1308000   250 9.74
0.342 0.0382 39.36 26.10  78  62  840000 1308000   250 9.74
0.344 0.0417 39.46 26.10  78  62  840000 1308000   250 9.74
0.346 0.0401 39.56 26.10  78  62  840000 1308000   250 9.74
0.348 0.0400 39.65 26.10  78  62  840000 1308000   250 9.74
0.350 0.0388 39.74 26.10  78  62  840000 1308000   250 9.74
0.353 0.0417 39.82 26.10  78  62  840000 1308000   250 9.74
0.355 0.0368 39.91 26.10  78  62  840000 1308000   250 9.74
0.357 0.0416 39.98 26.10  78  62  840000 1308000   250 9.74
0.359 0.0411 40.05 26.10  78  62  840000 1308000   250 9.74
0.361 0.0396 40.11 26.10  78  62  840000 1308000   250 9.74
0.363 0.0363 40.17 26.10  78  62  840000 1308000   250 9.74
0.365 0.0413 40.21 26.10  78  62  840000 1308000   250 9.74
0.368 0.0406 40.26 26.10  78  62  840000 1308000   250 9.74
0.370 0.0438 40.31 26.10  78  62  840000 1308000   250 9.74
0.372 0.0395 40.37 26.10  78  62  840000 1308000   250 9.74
0.374 0.0378 40.44 26.10  78  62  840000 1308000   250 9.74
0.376 0.0419 40.53 26.10  78  62  840000 1308000   250 9.74
0.378 0.0420 40.63 26.10  78  62  840000 1308000   250 9.74
0.380 0.0393 40.74 26.10  78  62  840000 1308000   250 9.74
0.382 0.0411 40.86 26.10  78  62  840000 1308000   250 9.74
0.385 0.0443 40.99 26.10  78  62  840000 1308000   250 9.74
0.387 0.0390 41.14 26.10  78  62  840000 1308000   250 9.74
0.389 0.0417 41.31 26.10  78  62  840000 1308000   250 9.74
0.391 0.0421 41.49 26.10  78  62  840000 1308000   250 9.74
0.393 0.0369 41.70 26.10  78  62  840000 1308000   250 9.74
0.395 0.0421 41.92 26.10  78  62  840000 1308000   250 9.74
0.397 0.0418 42.17 26.10  78  62  840000 1308000   250 9.74
0.400 0.0430 42.44 26.10  78  62  840000 1308000   250 9.74
0.402 0.0445 42.73 26.10  78  62  840000 1308000   250 9.74
0.404 0.0450 43.06 26.10  78  62  840000 1308000   250 9.74
0.406 0.0384 43.40 26.10  78  62  840000 1308000   250 9.74
0.408 0.0451 43.75 26.10  78  62  840000 1308000   250 9.74
0.410 0.0480 44.12 26.10  78  62  840000 1308000   250 9.74
0.412 0.0447 44.49 26.10  78  62  840000 1308000   250 9.74
0.415 0.0388 44.84 26.10  78  62  840000 1308000   250 9.74
0.417 0.0451 45.17 26.10  78  62  840000 1308000   250 9.74
0.419 0.0444 45.47 26.10  78  62  840000 1308000   250 9.74
0.421 0.0485 45.75 26.10  78  62  840000 1308000   250 9.74
0.423 0.0453 46.01 26.10  78  62  840000 1308000   250 9.74
0.425 0.0504 46.23 26.10  78  62  840000 1308000   250 9.74
0.427 0.0474 46.42 26.10  78  62  840000 1308000   250 9.74
0.429 0.0440 46.58 26.10  78  62  840000 1308000   250 9.74
0.432 0.0468 46.70 26.10  78  62  840000 1308000   250 9.74
0.434 0.0493 46.80 26.10  78  62  840000 1308000   250 9.74
0.436 0.0462 46.87 26.10  78  62  840000 1308000   250 9.74
0.438 0.0459 46.93 26.10  78  62  840000 1308000   250 9.74
0.440 0.0512 46.97 26.10  78  62  840000 1308000   250 9.74
0.442 0.0444 46.99 26.10  78  62  840000 1308000   250 9.74
0.444 0.0473 47.01 26.10  78  62  840000 1308000   250 9.74
0.447 0.0447 47.00 26.10  78  62  840000 1308000   250 9.74
0.449 0.0466 46.99 26.10  78  62  840000 1308000   250 9.74
0.451 0.0455 46.96 26.10  78  62  840000 1308000   250 9.74
0.453 0.0480 46.93 26.10  78  62  840000 1308000   250 9.74
0.455 0.0452 46.88 26.10  78  62  840000 1308000   250 9.74
0.457 0.0455 46.82 26.10  78  62  840000 1308000   250 9.74
0.459 0.0510 46.75 26.10  78  62  840000 1308000   250 9.74
0.462 0.0471 46.67 26.10  78  62  840000 1308000   250 9.74
0.464 0.0465 46.61 26.10  78  62  840000 1308000   250 9.74
0.466 0.0433 46.55 26.10  78  62  840000 1308000   250 9.74
0.468 0.0474 46.49 26.10  78  62  840000 1308000   250 9.74
0.470 0.0452 46.43 26.10  78  62  840000 1308000   250 9.74
0.472 0.0529 46.36 26.10  78  62  840000 1308000   250 9.74
0.474 0.0430 46.29 26.10  78  62  840000 1308000   250 9.74
0.476 0.0458 46.21 26.10  78  62  840000 1308000   250 9.74
0.479 0.0463 46.13 26.10  78  62  840000 1308000   250 9.74
0.481 0.0467 46.05 26.10  78  62  840000 1308000   250 9.74
0.483 0.0490 45.96 26.10  78  62  840000 1308000   250 9.74
0.485 0.0444 45.87 26.10  78  62  840000 1308000   250 9.74
0.487 0.0439 45.78 26.10  78  62  840000 1308000   250 9.74
0.489 0.0439 45.70 26.10  78  62  840000 1308000   250 9.74
0.491 0.0460 45.63 26.10  78  62  840000 1308000   250 9.74
0.494 0.0445 45.56 26.10  78  62  840000 1308000   250 9.74
0.496 0.0422 45.49 26.10  78  62  840000 1308000   250 9.74
0.498 0.0475 45.43 26.10  78  62  840000 1308000   250 9.74
0.500 0.0469 45.37 26.10  78  62  840000 1308000   250 9.74
0.502 0.0480 45.31 26.10  78  62  840000 1308000   250 9.74
0.504 0.0456 45.24 26.10  78  62  840000 1308000   250 9.74
0.506 0.0471 45.19 26.10  78  62  840000 1308000   250 9.74
0.509 0.0414 45.14 26.10  78  62  840000 1308000   250 9.74
0.511 0.0422 45.11 26.10  78  62  840000 1308000   250 9.74
0.513 0.0445 45.10 26.10  78  62  840000 1308000   250 9.74
0.515 0.0509 45.10 26.10  78  62  840000 1308000   250 9.74
0.517 0.0447 45.10 26.10  78  62  840000 1308000   250 9.74
0.519 0.0433 45.11 26.10  78  62  840000 1308000   250 9.74
0.521 0.0486 45.10 26.10  78  62  840000 1308000   250 9.74
0.524 0.0417 45.08 26.10  78  62  840000 1308000   250 9.74
0.526 0.0454 45.04 26.10  78  62  840000 1308000   250 9.74
0.528 0.0461 44.97 26.10  78  62  840000 1308000   250 9.74
0.530 0.0426 44.89 26.10  78  62  840000 1308000   250 9.74
0.532 0.0410 44.78 26.10  78  62  840000 1308000   250 9.74
0.534 0.0459 44.67 26.10  78  62  840000 1308000   250 9.74
0.536 0.0463 44.55 26.10  78  62  840000 1308000   250 9.74
0.538 0.0458 44.44 26.10  78  62  840000 1308000   250 9.74
0.541 0.0431 44.35 26.10  78  62  840000 1308000   250 9.74
0.543 0.0463 44.28 26.10  78  62  840000 1308000   250 9.74
0.545 0.0457 44.23 26.10  78  62  840000 1308000   250 9.74
0.547 0.0453 44.20 26.10  78  62  840000 1308000   250 9.74
0.549 0.0475 44.18 26.10  78  62  840000 1308000   250 9.74
0.551 0.0410 44.18 26.10  78  62  840000 1308000   250 9.74
0.553 0.0433 44.21 26.10  78  62  840000 1308000   250 9.74
0.556 0.0434 44.26 26.10  78  62  840000 1308000   250 9.74
0.558 0.0414 44.33 26.10  78  62  840000 1308000   250 9.74
0.560 0.0453 44.40 26.10  78  62  840000 1308000   250 9.74
0.562 0.0406 44.48 26.10  78  62  840000 1308000   250 9.74
0.564 0.0436 44.55 26.10  78  62  840000 1308000   250 9.74
0.566 0.0471 44.61 26.10  78  62  840000 1308000   250 9.74
0.568 0.0436 44.67 26.10  78  62  840000 1308000   250 9.74
0.571 0.0436 44.73 26.10  78  62  840000 1308000   250 9.74
0.573 0.0468 44.79 26.10  78  62  840000 1308000   250 9.74
0.575 0.0458 44.85 26.10  78  62  840000 1308000   250 9.74
0.577 0.0469 44.91 26.10  78  62  840000 1308000   250 9.74
0.579 0.0477 44.97 26.10  78  62  840000 1308000   250 9.74
0.581 0.0470 45.03 26.10  78  62  840000 1308000   250 9.74
0.583 0.0427 45.08 26.10  78  62  840000 1308000   250 9.74
0.585 0.0459 45.12 26.10  78  62  840000 1308000   250 9.74
0.588 0.0456 45.14 26.10  78  62  840000 1308000   250 9.74
0.590 0.0401 45.15 26.10  78  62  840000 1308000   250 9.74
0.592 0.0488 45.16 26.10  78  62  840000 1308000   250 9.74
0.594 0.0476 45.18 26.10  78  62  840000 1308000   250 9.74
0.596 0.0447 45.21 26.10  78  62  840000 1308000   250 9.74
0.598 0.0439 45.26 26.10  78  62  840000 1308000   250 9.74
0.600 0.0404 45.33 26.10  78  62  840000 1308000   250 9.74
0.603 0.0466 45.43 26.10  78  62  840000 1308000   250 9.74
0.605 0.0454 45.57 26.10  78  62  840000 1308000   250 9.74
0.607 0.0473 45.75 26.10  78  62  840000 1308000   250 9.74
0.609 0.0426 45.97 26.10  78  62  840000 1308000   250 9.74
0.611 0.0464 46.23 26.10  78  62  840000 1308000   250 9.74
0.613 0.0466 46.52 26.10  78  62  840000 1308000   250 9.74
0.615 0.0474 46.83 26.10  78  62  840000 1308000   250 9.74
0.618 0.0444 47.16 26.10  78  62  840000 1308000   250 9.74
0.620 0.0511 47.50 26.10  78  62  840000 1308000   250 9.74
0.622 0.0490 47.84 26.10  78  62  840000 1308000   250 9.74
0.624 0.0467 48.18 26.10  78  62  840000 1308000   250 9.74
0.626 0.0474 48.50 26.10  78  62  840000 1308000   250 9.74
0.628 0.0526 48.81 26.10  78  62  840000 1308000   250 9.74
0.630 0.0505 49.11 26.10  78  62  840000 1308000   250 9.74
0.632 0.0513 49.41 26.10  78  62  840000 1308000   250 9.74
0.635 0.0488 49.70 26.10  78  62  840000 1308000   250 9.74
0.637 0.0454 49.99 26.10  78  62  840000 1308000   250 9.74
0.639 0.0516 50.27 26.10  78  62  840000 1308000   250 9.74
0.641 0.0515 50.56 26.10  78  62  840000 1308000   250 9.74
0.643 0.0525 50.85 26.10  78  62  840000 1308000   250 9.74
0.645 0.0508 51.17 26.10  78  62  840000 1308000   250 9.74
0.647 0.0520 51.52 26.10  78  62  840000 1308000   250 9.74
0.650 0.0465 51.88 26.10  78  62  840000 1308000   250 9.74
0.652 0.0557 52.25 26.10  78  62  840000 1308000   250 9.74
0.654 0.0514 52.64 26.10  78  62  840000 1308000   250 9.74
0.656 0.0514 53.03 26.10  78  62  840000 1308000   250 9.74
0.658 0.0537 53.44 26.10  78  62  840000 1308000   250 9.74
0.660 0.0531 53.86 26.10  78  62  840000 1308000   250 9.74
0.662 0.0529 54.29 26.10  78  62  840000 1308000   250 9.74
0.665 0.0555 54.72 26.10  78  62  840000 1308000   250 9.74
0.667 0.0551 55.17 26.10  78  62  840000 1308000   250 9.74
0.669 0.0586 55.61 26.10  78  62  840000 1308000   250 9.74
0.671 0.0561 56.06 26.10  78  62  840000 1308000   250 9.74
0.673 0.0579 56.51 26.10  78  62  840000 1308000   250 9.74
0.675 0.0553 56.95 26.10  78  62  840000 1308000   250 9.74
0.677 0.0598 57.38 26.10  78  62  840000 1308000   250 9.74
0.679 0.0599 57.81 26.10  78  62  840000 1308000   250 9.74
0.682 0.0573 58.25 26.10  78  62  840000 1308000   250 9.74
0.684 0.0607 58.70 26.10  78  62  840000 1308000   250 9.74
0.686 0.0542 59.15 26.10  78  62  840000 1308000   250 9.74
0.688 0.0592 59.60 26.10  78  62  840000 1308000   250 9.74
0.690 0.0601 60.07 26.10  78  62  840000 1308000   250 9.74
0.692 0.0553 60.55 26.10  78  62  840000 1308000   250 9.74
0.694 0.0673 61.04 26.10  78  62  840000 1308000   250 9.74
0.697 0.0612 61.55 26.10  78  62  840000 1308000   250 9.74
0.699 0.0586 62.07 26.10  78  62  840000 1308000   250 9.74
0.701 0.0627 62.59 26.10  78  62  840000 1308000   250 9.74
0.703 0.0648 63.11 26.10  78  62  840000 1308000   250 9.74
0.705 0.0652 63.63 26.10  78  62  840000 1308000   250 9.74
0.707 0.0592 64.15 26.10  78  62  840000 1308000   250 9.74
0.709 0.0638 64.64 26.10  78  62  840000 1308000   250 9.74
0.712 0.0698 65.12 26.10  78  62  840000 1308000   250 9.74
0.714 0.0652 65.57 26.10  78  62  840000 1308000   250 9.74
0.716 0.0633 65.99 26.10  78  62  840000 1308000   250 9.74
0.718 0.0680 66.39 26.10  78  62  840000 1308000   250 9.74
0.720 0.0731 66.76 26.10  78  62  840000 1308000   250 9.74
0.722 0.0670 67.09 26.10  78  62  840000 1308000   250 9.74
0.724 0.0635 67.40 26.10  78  62  840000 1308000   250 9.74
0.726 0.0693 67.66 26.10  78  62  840000 1308000   250 9.74
0.729 0.0691 67.90 26.10  78  62  840000 1308000   250 9.74
0.731 0.0691 68.10 26.10  78  62  840000 1308000   250 9.74
0.733 0.0706 68.27 26.10  78  62  840000 1308000   250 9.74
0.735 0.0614 68.43 26.10  78  62  840000 1308000   250 9.74
0.737 0.0630 68.56 26.10  78  62  840000 1308000   250 9.74
0.739 0.0744 68.68 26.10  78  62  840000 1308000   250 9.74
0.741 0.0692 68.76 26.10  78  62  840000 1308000   250 9.74
0.744 0.0692 68.81 26.10  78  62  840000 1308000   250 9.74
0.746 0.0659 68.84 26.10  78  62  840000 1308000   250 9.74
0.748 0.0668 68.86 26.10  78  62  840000 1308000   250 9.74
0.750 0.0729 68.86 26.10  78  62  840000 1308000   250 9.74
0.752 0.0698 68.84 26.10  78  62  840000 1308000   250 9.74
0.754 0.0692 68.81 26.10  78  62  840000 1308000   250 9.74
0.756 0.0705 68.76 26.10  78  62  840000 1308000   250 9.74
0.759 0.0706 68.69 26.10  78  62  840000 1308000   250 9.74
0.761 0.0628 68.57 26.10  78  62  840000 1308000   250 9.74
0.763 0.0692 68.42 26.10  78  62  840000 1308000   250 9.74
0.765 0.0707 68.25 26.10  78  62  840000 1308000   250 9.74
0.767 0.0671 68.05 26.10  78  62  840000 1308000   250 9.74
0.769 0.0710 67.84 26.10  78  62  840000 1308000   250 9.74
0.771 0.0631 67.63 26.10  78  62  840000 1308000   250 9.74
0.774 0.0724 67.41 26.10  78  62  840000 1308000   250 9.74
0.776 0.0671 67.19 26.10  78  62  840000 1308000   250 9.74
0.778 0.0653 66.96 26.10  78  62  840000 1308000   250 9.74
0.780 0.0641 66.74 26.10  78  62  840000 1308000   250 9.74
0.782 0.0652 66.53 26.10  78  62  840000 1308000   250 9.74
0.784 0.0673 66.33 26.10  78  62  840000 1308000   250 9.74
0.786 0.0669 66.14 26.10  78  62  840000 1308000   250 9.74
0.788 0.0681 65.94 26.10  78  62  840000 1308000   250 9.74
0.791 0.0638 65.76 26.10  78  62  840000 1308000   250 9.74
0.793 0.0615 65.59 26.10  78  62  840000 1308000   250 9.74
0.795 0.0676 65.44 26.10  78  62  840000 1308000   250 9.74
0.797 0.0639 65.32 26.10  78  62  840000 1308000   250 9.74
0.799 0.0643 65.22 26.10  78  62  840000 1308000   250 9.74
0.801 0.0676 65.15 26.10  78  62  840000 1308000   250 9.74
0.803 0.0700 65.11 26.10  78  62  840000 1308000   250 9.74
0.806 0.0669 65.09 26.10  78  62  840000 1308000   250 9.74
0.808 0.0638 65.10 26.10  78  62  840000 1308000   250 9.74
0.810 0.0652 65.15 26.10  78  62  840000 1308000   250 9.74
0.812 0.0607 65.21 26.10  78  62  840000 1308000   250 9.74
0.814 0.0637 65.29 26.10  78  62  840000 1308000   250 9.74
0.816 0.0677 65.38 26.10  78  62  840000 1308000   250 9.74
0.818 0.0619 65.47 26.10  78  62  840000 1308000   250 9.74
0.821 0.0661 65.55 26.10  78  62  840000 1308000   250 9.74
0.823 0.0642 65.61 26.10  78  62  840000 1308000   250 9.74
0.825 0.0660 65.67 26.10  78  62  840000 1308000   250 9.74
0.827 0.0670 65.70 26.10  78  62  840000 1308000   250 9.74
0.829 0.0656 65.72 26.10  78  62  840000 1308000   250 9.74
0.831 0.0672 65.73 26.10  78  62  840000 1308000   250 9.74
0.833 0.0687 65.74 26.10  78  62  840000 1308000   250 9.74
0.835 0.0639 65.74 26.10  78  62  840000 1308000   250 9.74
0.838 0.0696 65.75 26.10  78  62  840000 1308000   250 9.74
0.840 0.0628 65.79 26.10  78  62  840000 1308000   250 9.74
0.842 0.0669 65.83 26.10  78  62  840000 1308000   250 9.74
0.844 0.0645 65.88 26.10  78  62  840000 1308000   250 9.74
0.846 0.0679 65.94 26.10  78  62  840000 1308000   250 9.74
0.848 0.0686 66.00 26.10  78  62  840000 1308000   250 9.74
0.850 0.0674 66.05 26.10  78  62  840000 1308000   250 9.74
0.853 0.0620 66.11 26.10  78  62  840000 1308000   250 9.74
0.855 0.0636 66.16 26.10  78  62  840000 1308000   250 9.74
0.857 0.0644 66.22 26.10  78  62  840000 1308000   250 9.74
0.859 0.0635 66.28 26.10  78  62  840000 1308000   250 9.74
0.861 0.0692 66.35 26.10  78  62  840000 1308000   250 9.74
0.863 0.0628 66.43 26.10  78  62  840000 1308000   250 9.74
0.865 0.0652 66.52 26.10  78  62  840000 1308000   250 9.74
0.868 0.0706 66.63 26.10  78  62  840000 1308000   250 9.74
0.870 0.0667 66.75 26.10  78  62  840000 1308000   250 9.74
0.872 0.0726 66.89 26.10  78  62  840000 1308000   250 9.74
0.874 0.0640 67.04 26.10  78  62  840000 1308000   250 9.74
0.876 0.0696 67.19 26.10  78  62  840000 1308000   250 9.74
0.878 0.0669 67.34 26.10  78  62  840000 1308000   250 9.74
0.880 0.0687 67.48 26.10  78  62  840000 1308000   250 9.74
0.882 0.0663 67.60 26.10  78  62  840000 1308000   250 9.74
0.885 0.0685 67.71 26.10  78  62  840000 1308000   250 9.74
0.887 0.0679 67.81 26.10  78  62  840000 1308000   250 9.74
0.889 0.0664 67.88 26.10  78  62  840000 1308000   250 9.74
0.891 0.0668 67.93 26.10  78  62  840000 1308000   250 9.74
0.893 0.0683 67.96 26.10  78  62  840000 1308000   250 9.74
0.895 0.0647 67.97 26.10  78  62  840000 1308000   250 9.74
0.897 0.0681 67.97 26.10  78  62  840000 1308000   250 9.74
0.900 0.0699 67.98 26.10  78  62  840000 1308000   250 9.74
0.902 0.0686 68.00 26.10  78  62  840000 1308000   250 9.74
0.904 0.0697 68.04 26.10  78  62  840000 1308000   250 9.74
0.906 0.0699 68.10 26.10  78  62  840000 1308000   250 9.74
0.908 0.0647 68.18 26.10  78  62  840000 1308000   250 9.74
0.910 0.0697 68.28 26.10  78  62  840000 1308000   250 9.74
0.912 0.0679 68.39 26.10  78  62  840000 1308000   250 9.74
0.915 0.0673 68.50 26.10  78  62  840000 1308000   250 9.74
0.917 0.0694 68.62 26.10  78  62  840000 1308000   250 9.74
0.919 0.0692 68.73 26.10  78  62  840000 1308000   250 9.74
0.921 0.0691 68.83 26.10  78  62  840000 1308000   250 9.74
0.923 0.0662 68.94 26.10  78  62  840000 1308000   250 9.74
0.925 0.0709 69.04 26.10  78  62  840000 1308000   250 9.74
0.927 0.0705 69.15 26.10  78  62  840000 1308000   250 9.74
0.929 0.0676 69.25 26.10  78  62  840000 1308000   250 9.74
0.932 0.0683 69.36 26.10  78  62  840000 1308000   250 9.74
0.934 0.0716 69.48 26.10  78  62  840000 1308000   250 9.74
0.936 0.0700 69.61 26.10  78  62  840000 1308000   250 9.74
0.938 0.0682 69.76 26.10  78  62  840000 1308000   250 9.74
0.940 0.0690 69.92 26.10  78  62  840000 1308000   250 9.74
0.942 0.0718 70.10 26.10  78  62  840000 1308000   250 9.74
0.944 0.0709 70.28 26.10  78  62  840000 1308000   250 9.74
0.947 0.0694 70.46 26.10  78  62  840000 1308000   250 9.74
0.949 0.0731 70.64 26.10  78  62  840000 1308000   250 9.74
0.951 0.0686 70.80 26.10  78  62  840000 1308000   250 9.74
0.953 0.0696 70.96 26.10  78  62  840000 1308000   250 9.74
0.955 0.0707 71.10 26.10  78  62  840000 1308000   250 9.74
0.957 0.0723 71.25 26.10  78  62  840000 1308000   250 9.74
0.959 0.0715 71.39 26.10  78  62  840000 1308000   250 9.74
0.962 0.0705 71.52 26.10  78  62  840000 1308000   250 9.74
0.964 0.0725 71.64 26.10  78  62  840000 1308000   250 9.74
0.966 0.0727 71.77 26.10  78  62  840000 1308000   250 9.74
0.968 0.0726 71.89 26.10  78  62  840000 1308000   250 9.74
0.970 0.0709 72.01 26.10  78  62  840000 1308000   250 9.74
0.972 0.0699 72.11 26.10  78  62  840000 1308000   250 9.74
0.974 0.0766 72.19 26.10  78  62  840000 1308000   250 9.74
0.976 0.0723 72.26 26.10  78  62  840000 1308000   250 9.74
0.979 0.0727 72.31 26.10  78  62  840000 1308000   250 9.74
0.981 0.0697 72.34 26.10  78  62  840000 1308000   250 9.74
0.983 0.0715 72.35 26.10  78  62  840000 1308000   250 9.74
0.985 0.0726 72.34 26.10  78  62  840000 1308000   250 9.74
0.987 0.0744 72.32 26.10  78  62  840000 1308000   250 9.74
0.989 0.0665 72.28 26.10  78  62  840000 1308000   250 9.74
0.991 0.0777 72.23 26.10  78  62  840000 1308000   250 9.74
0.994 0.0714 72.17 26.10  78  62  840000 1308000   250 9.74
0.996 0.0730 72.09 26.10  78  62  840000 1308000   250 9.74
0.998 0.0705 71.99 26.10  78  62  840000 1308000   250 9.74
1.000 0.0746 71.88 26.10  78  62  840000 1308000   250 9.74
1.002 0.0707 71.76 26.10  78  62  840000 1308000   250 9.74
1.004 0.0713 71.63 26.10  78  62  840000 1308000   250 9.74
1.006 0.0723 71.48 26.10  78  62  840000 1308000   250 9.74
1.009 0.0712 71.31 26.10  78  62  840000 1308000   250 9.74
1.011 0.0695 71.14 26.10  78  62  840000 1308000   250 9.74
1.013 0.0671 70.96 26.10  78  62  840000 1308000   250 9.74
1.015 0.0741 70.78 26.10  78  62  840000 1308000   250 9.74
1.017 0.0733 70.59 26.10  78  62  840000 1308000   250 9.74
1.019 0.0710 70.41 26.10  78  62  840000 1308000   250 9.74
1.021 0.0663 70.24 26.10  78  62  840000 1308000   250 9.74
1.024 0.0770 70.06 26.10  78  62  840000 1308000   250 9.74
1.026 0.0626 69.90 26.10  78  62  840000 1308000   250 9.74
1.028 0.0746 69.76 26.10  78  62  840000 1308000   250 9.74
1.030 0.0685 69.63 26.10  78  62  840000 1308000   250 9.74
1.032 0.0677 69.51 26.10  78  62  840000 1308000   250 9.74
1.034 0.0651 69.40 26.10  78  62  840000 1308000   250 9.74
1.036 0.0716 69.29 26.10  78  62  840000 1308000   250 9.74
1.038 0.0697 69.19 26.10  78  62  840000 1308000   250 9.74
1.041 0.0714 69.08 26.10  78  62  840000 1308000   250 9.74
1.043 0.0679 68.98 26.10  78  62  840000 1308000   250 9.74
1.045 0.0664 68.87 26.10  78  62  840000 1308000   250 9.74
1.047 0.0702 68.76 26.10  78  62  840000 1308000   250 9.74
1.049 0.0673 68.65 26.10  78  62  840000 1308000   250 9.74
1.051 0.0745 68.55 26.10  78  62  840000 1308000   250 9.74
1.053 0.0680 68.45 26.10  78  62  840000 1308000   250 9.74
1.056 0.0654 68.37 26.10  78  62  840000 1308000   250 9.74
1.058 0.0691 68.30 26.10  78  62  840000 1308000   250 9.74
1.060 0.0670 68.24 26.10  78  62  840000 1308000   250 9.74
1.062 0.0698 68.18 26.10  78  62  840000 1308000   250 9.74
1.064 0.0706 68.13 26.10  78  62  840000 1308000   250 9.74
1.066 0.0650 68.08 26.10  78  62  840000 1308000   250 9.74
1.068 0.0671 68.03 26.10  78  62  840000 1308000   250 9.74
1.071 0.0693 67.99 26.10  78  62  840000 1308000   250 9.74
1.073 0.0654 67.96 26.10  78  62  840000 1308000   250 9.74
1.075 0.0694 67.94 26.10  78  62  840000 1308000   250 9.74
1.077 0.0671 67.93 26.10  78  62  840000 1308000   250 9.74
1.079 0.0680 67.93 26.10  78  62  840000 1308000   250 9.74
1.081 0.0678 67.95 26.10  78  62  840000 1308000   250 9.74
1.083 0.0672 67.97 26.10  78  62  840000 1308000   250 9.74
1.085 0.0691 68.00 26.10  78  62  840000 1308000   250 9.74
1.088 0.0670 68.02 26.10  78  62  840000 1308000   250 9.74
1.090 0.0688 68.05 26.10  78  62  840000 1308000   250 9.74
1.092 0.0703 68.09 26.10  78  62  840000 1308000   250 9.74
1.094 0.0667 68.12 26.10  78  62  840000 1308000   250 9.74
1.096 0.0703 68.14 26.10  78  62  840000 1308000   250 9.74
1.098 0.0670 68.16 26.10  78  62  840000 1308000   250 9.74
1.100 0.0696 68.17 26.10  78  62  840000 1308000   250 9.74
1.103 0.0656 68.18 26.10  78  62  840000 1308000   250 9.74
1.105 0.0684 68.17 26.10  78  62  840000 1308000   250 9.74
1.107 0.0712 68.16 26.10  78  62  840000 1308000   250 9.74
1.109 0.0650 68.14 26.10  78  62  840000 1308000   250 9.74
1.111 0.0690 68.12 26.10  78  62  840000 1308000   250 9.74
1.113 0.0678 68.08 26.10  78  62  840000 1308000   250 9.74
1.115 0.0693 68.04 26.10  78  62  840000 1308000   250 9.74
1.118 0.0642 68.01 26.10  78  62  840000 1308000   250 9.74
1.120 0.0702 67.98 26.10  78  62  840000 1308000   250 9.74
1.122 0.0697 67.95 26.10  78  62  840000 1308000   250 9.74
1.124 0.0668 67.93 26.10  78  62  840000 1308000   250 9.74
1.126 0.0666 67.92 26.10  78  62  840000 1308000   250 9.74
1.128 0.0684 67.92 26.10  78  62  840000 1308000   250 9.74
1.130 0.0667 67.95 26.10  78  62  840000 1308000   250 9.74
1.132 0.0722 67.98 26.10  78  62  840000 1308000   250 9.74
1.135 0.0659 68.01 26.10  78  62  840000 1308000   250 9.74
1.137 0.0665 68.05 26.10  78  62  840000 1308000   250 9.74
1.139 0.0686 68.07 26.10  78  62  840000 1308000   250 9.74
1.141 0.0696 68.08 26.10  78  62  840000 1308000   250 9.74
1.143 0.0648 68.09 26.10  78  62  840000 1308000   250 9.74
1.145 0.0708 68.09 26.10  78  62  840000 1308000   250 9.74
1.147 0.0678 68.08 26.10  78  62  840000 1308000   250 9.74
1.150 0.0675 68.08 26.10  78  62  840000 1308000   250 9.74
1.152 0.0660 68.07 26.10  78  62  840000 1308000   250 9.74
1.154 0.0694 68.06 26.10  78  62  840000 1308000   250 9.74
1.156 0.0706 68.06 26.10  78  62  840000 1308000   250 9.74
1.158 0.0684 68.05 26.10  78  62  840000 1308000   250 9.74
1.160 0.0649 68.04 26.10  78  62  840000 1308000   250 9.74
1.162 0.0688 68.03 26.10  78  62  840000 1308000   250 9.74
1.165 0.0731 68.00 26.10  78  62  840000 1308000   250 9.74
1.167 0.0671 67.98 26.10  78  62  840000 1308000   250 9.74
1.169 0.0649 67.95 26.10  78  62  840000 1308000   250 9.74
1.171 0.0666 67.92 26.10  78  62  840000 1308000   250 9.74
1.173 0.0680 67.89 26.10  78  62  840000 1308000   250 9.74
1.175 0.0649 67.86 26.10  78  62  840000 1308000   250 9.74
1.177 0.0713 67.83 26.10  78  62  840000 1308000   250 9.74
1.179 0.0659 67.80 26.10  78  62  840000 1308000   250 9.74
1.182 0.0689 67.78 26.10  78  62  840000 1308000   250 9.74
1.184 0.0709 67.75 26.10  78  62  840000 1308000   250 9.74
1.186 0.0662 67.73 26.10  78  62  840000 1308000   250 9.74
1.188 0.0669 67.71 26.10  78  62  840000 1308000   250 9.74
1.190 0.0686 67.70 26.10  78  62  840000 1308000   250 9.74
1.192 0.0677 67.70 26.10  78  62  840000 1308000   250 9.74
1.194 0.0660 67.69 26.10  78  62  840000 1308000   250 9.74
1.197 0.0704 67.69 26.10  78  62  840000 1308000   250 9.74
1.199 0.0635 67.69 26.10  78  62  840000 1308000   250 9.74
1.201 0.0677 67.68 26.10  78  62  840000 1308000   250 9.74
1.203 0.0694 67.66 26.10  78  62  840000 1308000   250 9.74
1.205 0.0679 67.64 26.10  78  62  840000 1308000   250 9.74
1.207 0.0689 67.61 26.10  78  62  840000 1308000   250 9.74
1.209 0.0697 67.59 26.10  78  62  840000 1308000   250 9.74
1.212 0.0636 67.56 26.10  78  62  840000 1308000   250 9.74
1.214 0.0690 67.53 26.10  78  62  840000 1308000   250 9.74
1.216 0.0680 67.52 26.10  78  62  840000 1308000   250 9.74
1.218 0.0678 67.51 26.10  78  62  840000 1308000   250 9.74
1.220 0.0648 67.51 26.10  78  62  840000 1308000   250 9.74
1.222 0.0684 67.51 26.10  78  62  840000 1308000   250 9.74
1.224 0.0661 67.52 26.10  78  62  840000 1308000   250 9.74
1.226 0.0705 67.52 26.10  78  62  840000 1308000   250 9.74
1.229 0.0713 67.53 26.10  78  62  840000 1308000   250 9.74
1.231 0.0615 67.53 26.10  78  62  840000 1308000   250 9.74
1.233 0.0677 67.54 26.10  78  62  840000 1308000   250 9.74
1.235 0.0665 67.55 26.10  78  62  840000 1308000   250 9.74
1.237 0.0704 67.57 26.10  78  62  840000 1308000   250 9.74
1.239 0.0647 67.59 26.10  78  62  840000 1308000   250 9.74
1.241 0.0704 67.62 26.10  78  62  840000 1308000   250 9.74
1.244 0.0670 67.65 26.10  78  62  840000 1308000   250 9.74
1.246 0.0700 67.68 26.10  78  62  840000 1308000   250 9.74
1.248 0.0640 67.71 26.10  78  62  840000 1308000   250 9.74
1.250 0.0702 67.72 26.10  78  62  840000 1308000   250 9.74
1.252 0.0665 67.73 26.10  78  62  840000 1308000   250 9.74
1.254 0.0691 67.72 26.10  78  62  840000 1308000   250 9.74
1.256 0.0653 67.71 26.10  78  62  840000 1308000   250 9.74
1.259 0.0671 67.68 26.10  78  62  840000 1308000   250 9.74
1.261 0.0694 67.66 26.10  78  62  840000 1308000   250 9.74
1.263 0.0694 67.63 26.10  78  62  840000 1308000   250 9.74
1.265 0.0677 67.60 26.10  78  62  840000 1308000   250 9.74
1.267 0.0672 67.57 26.10  78  62  840000 1308000   250 9.74
1.269 0.0644 67.55 26.10  78  62  840000 1308000   250 9.74
1.271 0.0717 67.52 26.10  78  62  840000 1308000   250 9.74
1.274 0.0679 67.50 26.10  78  62  840000 1308000   250 9.74
1.276 0.0646 67.49 26.10  78  62  840000 1308000   250 9.74
1.278 0.0676 67.49 26.10  78  62  840000 1308000   250 9.74
1.280 0.0674 67.50 26.10  78  62  840000 1308000   250 9.74
1.282 0.0671 67.52 26.10  78  62  840000 1308000   250 9.74
1.284 0.0682 67.54 26.10  78  62  840000 1308000   250 9.74
1.286 0.0673 67.55 26.10  78  62  840000 1308000   250 9.74
1.288 0.0648 67.56 26.10  78  62  840000 1308000   250 9.74
1.291 0.0699 67.56 26.10  78  62  840000 1308000   250 9.74
1.293 0.0655 67.55 26.10  78  62  840000 1308000   250 9.74
1.295 0.0714 67.54 26.10  78  62  840000 1308000   250 9.74
1.297 0.0626 67.52 26.10  78  62  840000 1308000   250 9.74
1.299 0.0713 67.51 26.10  78  62  840000 1308000   250 9.74
1.301 0.0691 67.50 26.10  78  62  840000 1308000   250 9.74
1.303 0.0659 67.49 26.10  78  62  840000 1308000   250 9.74
1.306 0.0662 67.48 26.10  78  62  840000 1308000   250 9.74
1.308 0.0708 67.46 26.10  78  62  840000 1308000   250 9.74
1.310 0.0676 67.44 26.10  78  62  840000 1308000   250 9.74
1.312 0.0648 67.41 26.10  78  62  840000 1308000   250 9.74
1.314 0.0687 67.38 26.10  78  62  840000 1308000   250 9.74
1.316 0.0715 67.34 26.10  78  62  840000 1308000   250 9.74
1.318 0.0617 67.30 26.10  78  62  840000 1308000   250 9.74
1.321 0.0664 67.24 26.10  78  62  840000 1308000   250 9.74
1.323 0.0671 67.18 26.10  78  62  840000 1308000   250 9.74
1.325 0.0668 67.12 26.10  78  62  840000 1308000   250 9.74
1.327 0.0664 67.06 26.10  78  62  840000 1308000   250 9.74
1.329 0.0682 67.00 26.10  78  62  840000 1308000   250 9.74
1.331 0.0670 66.94 26.10  78  62  840000 1308000   250 9.74
1.333 0.0682 66.88 26.10  78  62  840000 1308000   250 9.74
1.335 0.0669 66.83 26.10  78  62  840000 1308000   250 9.74
1.338 0.0660 66.78 26.10  78  62  840000 1308000   250 9.74
1.340 0.0691 66.74 26.10  78  62  840000 1308000   250 9.74
1.342 0.0684 66.71 26.10  78  62  840000 1308000   250 9.74
1.344 0.0617 66.69 26.10  78  62  840000 1308000   250 9.74
1.346 0.0667 66.69 26.10  78  62  840000 1308000   250 9.74
1.348 0.0689 66.68 26.10  78  62  840000 1308000   250 9.74
1.350 0.0698 66.68 26.10  78  62  840000 1308000   250 9.74
1.353 0.0619 66.68 26.10  78  62  840000 1308000   250 9.74
1.355 0.0681 66.68 26.10  78  62  840000 1308000   250 9.74
1.357 0.0646 66.68 26.10  78  62  840000 1308000   250 9.74
1.359 0.0671 66.67 26.10  78  62  840000 1308000   250 9.74
1.361 0.0669 66.67 26.10  78  62  840000 1308000   250 9.74
1.363 0.0678 66.67 26.10  78  62  840000 1308000   250 9.74
1.365 0.0682 66.69 26.10  78  62  840000 1308000   250 9.74
1.368 0.0622 66.72 26.10  78  62  840000 1308000   250 9.74
1.370 0.0677 66.77 26.10  78  62  840000 1308000   250 9.74
1.372 0.0656 66.84 26.10  78  62  840000 1308000   250 9.74
1.374 0.0691 66.91 26.10  78  62  840000 1308000   250 9.74
1.376 0.0686 66.98 26.10  78  62  840000 1308000   250 9.74
1.378 0.0674 67.05 26.10  78  62  840000 1308000   250 9.74
1.380 0.0682 67.12 26.10  78  62  840000 1308000   250 9.74
1.382 0.0646 67.18 26.10  78  62  840000 1308000   250 9.74
1.385 0.0690 67.22 26.10  78  62  840000 1308000   250 9.74
1.387 0.0650 67.26 26.10  78  62  840000 1308000   250 9.74
1.389 0.0664 67.28 26.10  78  62  840000 1308000   250 9.74
1.391 0.0677 67.30 26.10  78  62  840000 1308000   250 9.74
1.393 0.0668 67.30 26.10  78  62  840000 1308000   250 9.74
1.395 0.0709 67.30 26.10  78  62  840000 1308000   250 9.74
1.397 0.0642 67.29 26.10  78  62  840000 1308000   250 9.74
1.400 0.0678 67.28 26.10  78  62  840000 1308000   250 9.74
1.402 0.0670 67.28 26.10  78  62  840000 1308000   250 9.74
1.404 0.0695 67.28 26.10  78  62  840000 1308000   250 9.74
1.406 0.0706 67.28 26.10  78  62  840000 1308000   250 9.74
1.408 0.0652 67.28 26.10  78  62  840000 1308000   250 9.74
1.410 0.0656 67.27 26.10  78  62  840000 1308000   250 9.74
1.412 0.0640 67.26 26.10  78  62  840000 1308000   250 9.74
1.415 0.0681 67.25 26.10  78  62  840000 1308000   250 9.74
1.417 0.0688 67.24 26.10  78  62  840000 1308000   250 9.74
1.419 0.0692 67.23 26.10  78  62  840000 1308000   250 9.74
1.421 0.0632 67.21 26.10  78  62  840000 1308000   250 9.74
1.423 0.0684 67.19 26.10  78  62  840000 1308000   250 9.74
1.425 0.0665 67.17 26.10  78  62  840000 1308000   250 9.74
1.427 0.0669 67.14 26.10  78  62  840000 1308000   250 9.74
1.429 0.0704 67.13 26.10  78  62  840000 1308000   250 9.74
1.432 0.0657 67.12 26.10  78  62  840000 1308000   250 9.74
1.434 0.0673 67.12 26.10  78  62  840000 1308000   250 9.74
1.436 0.0691 67.13 26.10  78  62  840000 1308000   250 9.74
1.438 0.0672 67.14 26.10  78  62  840000 1308000   250 9.74
1.440 0.0654 67.14 26.10  78  62  840000 1308000   250 9.74
1.442 0.0661 67.15 26.10  78  62  840000 1308000   250 9.74
1.444 0.0683 67.16 26.10  78  62  840000 1308000   250 9.74
1.447 0.0629 67.17 26.10  78  62  840000 1308000   250 9.74
1.449 0.0720 67.19 26.10  78  62  840000 1308000   250 9.74
1.451 0.0654 67.22 26.10  78  62  840000 1308000   250 9.74
1.453 0.0682 67.24 26.10  78  62  840000 1308000   250 9.74
1.455 0.0674 67.28 26.10  78  62  840000 1308000   250 9.74
1.457 0.0673 67.32 26.10  78  62  840000 1308000   250 9.74
1.459 0.0657 67.37 26.10  78  62  840000 1308000   250 9.74
1.462 0.0679 67.42 26.10  78  62  840000 1308000   250 9.74
1.464 0.0706 67.46 26.10  78  62  840000 1308000   250 9.74
1.466 0.0636 67.50 26.10  78  62  840000 1308000   250 9.74
1.468 0.0665 67.54 26.10  78  62  840000 1308000   250 9.74
1.470 0.0698 67.60 26.10  78  62  840000 1308000   250 9.74
1.472 0.0693 67.65 26.10  78  62  840000 1308000   250 9.74
1.474 0.0640 67.70 26.10  78  62  840000 1308000   250 9.74
1.476 0.0672 67.73 26.10  78  62  840000 1308000   250 9.74
1.479 0.0713 67.75 26.10  78  62  840000 1308000   250 9.74
1.481 0.0671 67.74 26.10  78  62  840000 1308000   250 9.74
1.483 0.0692 67.72 26.10  78  62  840000 1308000   250 9.74
1.485 0.0683 67.69 26.10  78  62  840000 1308000   250 9.74
1.487 0.0676 67.65 26.10  78  62  840000 1308000   250 9.74
1.489 0.0651 67.60 26.10  78  62  840000 1308000   250 9.74
1.491 0.0709 67.54 26.10  78  62  840000 1308000   250 9.74
1.494 0.0625 67.48 26.10  78  62  840000 1308000   250 9.74
1.496 0.0682 67.42 26.10  78  62  840000 1308000   250 9.74
1.498 0.0696 67.35 26.10  78  62  840000 1308000   250 9.74
1.500 0.0677 67.29 26.10  78  62  840000 1308000   250 9.74
1.502 0.0633 67.23 26.10  78  62  840000 1308000   250 9.74
1.504 0.0716 67.18 26.10  78  62  840000 1308000   250 9.74
1.506 0.0689 67.14 26.10  78  62  840000 1308000   250 9.74
1.509 0.0683 67.11 26.10  78  62  840000 1308000   250 9.74
1.511 0.0652 67.08 26.10  78  62  840000 1308000   250 9.74
1.513 0.0600 67.06 26.10  78  62  840000 1308000   250 9.74
1.515 0.0688 67.06 26.10  78  62  840000 1308000   250 9.74
1.517 0.0678 67.07 26.10  78  62  840000 1308000   250 9.74
1.519 0.0674 67.09 26.10  78  62  840000 1308000   250 9.74
1.521 0.0657 67.13 26.10  78  62  840000 1308000   250 9.74
1.524 0.0711 67.17 26.10  78  62  840000 1308000   250 9.74
1.526 0.0650 67.20 26.10  78  62  840000 1308000   250 9.74
1.528 0.0667 67.23 26.10  78  62  840000 1308000   250 9.74
1.530 0.0699 67.27 26.10  78  62  840000 1308000   250 9.74
1.532 0.0666 67.30 26.10  78  62  840000 1308000   250 9.74
1.534 0.0673 67.34 26.10  78  62  840000 1308000   250 9.74
1.536 0.0673 67.38 26.10  78  62  840000 1308000   250 9.74
1.538 0.0665 67.42 26.10  78  62  840000 1308000   250 9.74
1.541 0.0692 67.47 26.10  78  62  840000 1308000   250 9.74
1.543 0.0669 67.51 26.10  78  62  840000 1308000   250 9.74
1.545 0.0656 67.53 26.10  78  62  840000 1308000   250 9.74
1.547 0.0685 67.53 26.10  78  62  840000 1308000   250 9.74
1.549 0.0676 67.52 26.10  78  62  840000 1308000   250 9.74
1.551 0.0664 67.48 26.10  78  62  840000 1308000   250 9.74
1.553 0.0719 67.43 26.10  78  62  840000 1308000   250 9.74
1.556 0.0673 67.37 26.10  78  62  840000 1308000   250 9.74
1.558 0.0648 67.29 26.10  78  62  840000 1308000   250 9.74
1.560 0.0640 67.22 26.10  78  62  840000 1308000   250 9.74
1.562 0.0685 67.14 26.10  78  62  840000 1308000   250 9.74
1.564 0.0683 67.06 26.10  78  62  840000 1308000   250 9.74
1.566 0.0657 66.99 26.10  78  62  840000 1308000   250 9.74
1.568 0.0710 66.91 26.10  78  62  840000 1308000   250 9.74
1.571 0.0689 66.84 26.10  78  62  840000 1308000   250 9.74
1.573 0.0606 66.78 26.10  78  62  840000 1308000   250 9.74
1.575 0.0701 66.71 26.10  78  62  840000 1308000   250 9.74
1.577 0.0661 66.64 26.10  78  62  840000 1308000   250 9.74
1.579 0.0681 66.56 26.10  78  62  840000 1308000   250 9.74
1.581 0.0639 66.50 26.10  78  62  840000 1308000   250 9.74
1.583 0.0631 66.44 26.10  78  62  840000 1308000   250 9.74
1.585 0.0689 66.39 26.10  78  62  840000 1308000   250 9.74
1.588 0.0692 66.35 26.10  78  62  840000 1308000   250 9.74
1.590 0.0619 66.34 26.10  78  62  840000 1308000   250 9.74
1.592 0.0674 66.33 26.10  78  62  840000 1308000   250 9.74
1.594 0.0694 66.35 26.10  78  62  840000 1308000   250 9.74
1.596 0.0624 66.38 26.10  78  62  840000 1308000   250 9.74
1.598 0.0666 66.43 26.10  78  62  840000 1308000   250 9.74
1.600 0.0696 66.50 26.10  78  62  840000 1308000   250 9.74
1.603 0.0670 66.58 26.10  78  62  840000 1308000   250 9.74
1.605 0.0677 66.67 26.10  78  62  840000 1308000   250 9.74
1.607 0.0627 66.78 26.10  78  62  840000 1308000   250 9.74
1.609 0.0689 66.89 26.10  78  62  840000 1308000   250 9.74
1.611 0.0640 67.00 26.10  78  62  840000 1308000   250 9.74
1.613 0.0670 67.09 26.10  78  62  840000 1308000   250 9.74
1.615 0.0673 67.18 26.10  78  62  840000 1308000   250 9.74
1.618 0.0670 67.24 26.10  78  62  840000 1308000   250 9.74
1.620 0.0691 67.30 26.10  78  62  840000 1308000   250 9.74
1.622 0.0692 67.34 26.10  78  62  840000 1308000   250 9.74
1.624 0.0682 67.37 26.10  78  62  840000 1308000   250 9.74
1.626 0.0626 67.39 26.10  78  62  840000 1308000   250 9.74
1.628 0.0707 67.40 26.10  78  62  840000 1308000   250 9.74
1.631 0.0707 67.39 26.10  78  62  840000 1308000   250 9.74
1.633 0.0641 67.38 26.10  78  62  840000 1308000   250 9.74
1.636 0.0671 67.34 26.10  78  62  840000 1308000   250 9.74
1.638 0.0696 67.30 26.10  78  62  840000 1308000   250 9.74
1.641 0.0659 67.25 26.10  78  62  840000 1308000   250 9.74
1.644 0.0667 67.20 26.10  78  62  840000 1308000   250 9.74
1.647 0.0696 67.14 26.10  78  62  840000 1308000   250 9.74
1.650 0.0629 67.09 26.10  78  62  840000 1308000   250 9.74
1.653 0.0688 67.03 26.10  78  62  840000 1308000   250 9.74
1.656 0.0674 66.97 26.10  78  62  840000 1308000   250 9.74
1.660 0.0664 66.91 26.10  78  62  840000 1308000   250 9.74
1.664 0.0666 66.86 26.10  78  62  840000 1308000   250 9.74
1.667 0.0663 66.81 26.10  78  62  840000 1308000   250 9.74
1.671 0.0656 66.78 26.10  78  62  840000 1308000   250 9.74
1.676 0.0682 66.75 26.10  78  62  840000 1308000   250 9.74
1.680 0.0663 66.72 26.10  78  62  840000 1308000   250 9.74
1.684 0.0679 66.68 26.10  78  62  840000 1308000   250 9.74
1.689 0.0644 66.64 26.10  78  62  840000 1308000   250 9.74
1.694 0.0664 66.60 26.10  78  62  840000 1308000   250 9.74
1.699 0.0678 66.56 26.10  78  62  840000 1308000   250 9.74
1.704 0.0696 66.52 26.10  78  62  840000 1308000   250 9.74
1.710 0.0651 66.49 26.10  78  62  840000 1308000   250 9.74
1.716 0.0666 66.46 26.10  78  62  840000 1308000   250 9.74
1.722 0.0693 66.45 26.10  78  62  840000 1308000   250 9.74
1.728 0.0666 66.45 26.10  78  62  840000 1308000   250 9.74
1.734 0.0646 66.47 26.10  78  62  840000 1308000   250 9.74
1.741 0.0661 66.51 26.10  78  62  840000 1308000   250 9.74
1.748 0.0671 66.57 26.10  78  62  840000 1308000   250 9.74
1.756 0.0673 66.67 26.10  78  62  840000 1308000   250 9.74
1.763 0.0655 66.81 26.10  78  62  840000 1308000   250 9.74
1.771 0.0666 67.00 26.10  78  62  840000 1308000   250 9.74
1.780 0.0680 67.24 26.10  78  62  840000 1308000   250 9.74
1.788 0.0688 67.56 26.10  78  62  840000 1308000   250 9.74
1.797 0.0662 67.96 26.10  78  62  840000 1308000   250 9.74
1.807 0.0687 68.47 26.10  78  62  840000 1308000   250 9.74
1.817 0.0688 69.10 26.10  78  62  840000 1308000   250 9.74
1.827 0.0710 69.87 26.10  78  62  840000 1308000   250 9.74
1.838 0.0718 70.80 26.10  78  62  840000 1308000   250 9.74
1.848 0.0714 71.91 26.10  78  62  840000 1308000   250 9.74
1.859 0.0724 73.22 26.10  78  62  840000 1308000   250 9.74
1.870 0.0740 74.74 26.10  78  62  840000 1308000   250 9.74
1.880 0.0747 76.47 26.10  78  62  840000 1308000   250 9.74
1.891 0.0775 78.39 26.10  78  62  840000 1308000   250 9.74
1.902 0.0780 80.49 26.10  78  62  840000 1308000   250 9.74
1.912 0.0803 82.76 26.10  78  62  840000 1308000   250 9.74
1.923 0.0826 85.15 26.10  78  62  840000 1308000   250 9.74
1.934 0.0856 87.64 26.10  78  62  840000 1308000   250 9.74
1.944 0.0864 90.18 26.10  78  62  840000 1308000   250 9.74
1.955 0.0905 92.72 26.10  78  62  840000 1308000   250 9.74
1.966 0.0950 95.23 26.10  78  62  840000 1308000   250 9.74
1.976 0.0979 97.66 26.10  78  62  840000 1308000   250 9.74
1.987 0.1010 99.96 26.10  78  62  840000 1308000   250 9.74
1.998 0.1022 102.08 26.10  78  62  840000 1308000   250 9.74
2.009 0.1063 104.00 26.10  78  62  840000 1308000   250 9.74
2.019 0.1109 105.68 26.10  78  62  840000 1308000   250 9.74
2.030 0.1142 107.10 26.10  78  62  840000 1308000   250 9.74
2.041 0.1148 108.25 26.10  78  62  840000 1308000   250 9.74
2.051 0.1134 109.14 26.10  78  62  840000 1308000   250 9.74
2.062 0.1157 109.76 26.10  78  62  840000 1308000   250 9.74
2.073 0.1156 110.15 26.10  78  62  840000 1308000   250 9.74
2.083 0.1130 110.33 26.10  78  62  840000 1308000   250 9.74
2.094 0.1112 110.38 26.10  78  62  840000 1308000   250 9.74
2.105 0.1126 110.35 26.10  78  62  840000 1308000   250 9.74
2.115 0.1103 110.34 26.10  78  62  840000 1308000   250 9.74
2.126 0.1121 110.45 26.10  78  62  840000 1308000   250 9.74
2.137 0.1099 110.77 26.10  78  62  840000 1308000   250 9.74
2.147 0.1097 111.40 26.10  78  62  840000 1308000   250 9.74
2.158 0.1103 112.40 26.10  78  62  840000 1308000   250 9.74
2.169 0.1113 113.84 26.10  78  62  840000 1308000   250 9.74
2.179 0.1118 115.76 26.10  78  62  840000 1308000   250 9.74
2.190 0.1138 118.19 26.10  78  62  840000 1308000   250 9.74
2.201 0.1166 121.15 26.10  78  62  840000 1308000   250 9.74
2.212 0.1210 124.66 26.10  78  62  840000 1308000   250 9.74
2.222 0.1277 128.76 26.10  78  62  840000 1308000   250 9.74
2.233 0.1323 133.63 26.10  78  62  840000 1308000   250 9.74
2.244 0.1400 141.25 26.10  78  62  840000 1308000   250 9.74
2.254 0.1446 152.29 26.10  78  62  840000 1308000   250 9.74
2.265 0.1554 164.43 26.10  78  62  840000 1308000   250 9.74
2.276 0.1653 176.42 26.10  78  62  840000 1308000   250 9.74
2.286 0.1765 187.84 26.10  78  62  840000 1308000   250 9.74
2.297 0.1893 198.61 26.10  78  62  840000 1308000   250 9.74
2.308 0.1985 208.72 26.10  78  62  840000 1308000   250 9.74
2.318 0.2096 218.23 26.10  78  62  840000 1308000   250 9.74
2.329 0.2209 227.19 26.10  78  62  840000 1308000   250 9.74
2.340 0.2296 235.67 26.10  78  62  840000 1308000   250 9.74
2.350 0.2389 243.71 26.10  78  62  840000 1308000   250 9.74
2.361 0.2523 251.35 26.10  78  62  840000 1308000   250 9.74
2.372 0.2775 258.63 26.10  78  62  840000 1308000   250 9.74
2.382 0.2914 265.57 26.10  78  62  840000 1308000   250 9.74
2.393 0.3144 272.17 26.10  78  62  840000 1308000   250 9.74
2.404 0.3470 278.45 26.10  78  62  840000 1308000   250 9.74
2.415 0.3742 284.39 26.10  78  62  840000 1308000   250 9.74
2.425 0.4104 289.98 26.10  78  62  840000 1308000   250 9.74
2.436 0.4377 295.19 26.10  78  62  840000 1308000   250 9.74
2.447 0.4770 299.98 26.10  78  62  840000 1308000   250 9.74
2.457 0.5018 304.30 26.10  78  62  840000 1308000   250 9.74
2.468 0.0000 308.10 26.10  78  62  840000 1308000   250 9.74
2.479 0.0000 311.28 26.10  78  62  840000 1308000   250 9.74
