     x     qy smooth tpara  cd  zL     xTr    xCpl frame tma
-1.348 0.3767 319.68 32.60  77  62  720000 1254000   240 9.97
-1.339 0.3676 298.69 32.60  77  62  720000 1254000   240 9.97
-1.330 0.3267 278.77 32.60  77  62  720000 1254000   240 9.97
-1.320 0.2554 259.90 32.60  77  62  720000 1254000   240 9.97
-1.311 0.2174 242.04 32.60  77  62  720000 1254000   240 9.97
-1.301 0.1670 225.19 32.60  77  62  720000 1254000   240 9.97
-1.292 0.1578 209.30 32.60  77  62  720000 1254000   240 9.97
-1.283 0.1549 194.36 32.60  77  62  720000 1254000   240 9.97
-1.273 0.1423 180.34 32.60  77  62  720000 1254000   240 9.97
-1.264 0.1355 167.24 32.60  77  62  720000 1254000   240 9.97
-1.255 0.1279 155.05 32.60  77  62  720000 1254000   240 9.97
-1.245 0.1216 143.75 32.60  77  62  720000 1254000   240 9.97
-1.236 0.1187 133.34 32.60  77  62  720000 1254000   240 9.97
-1.227 0.1133 123.84 32.60  77  62  720000 1254000   240 9.97
-1.217 0.1105 115.26 32.60  77  62  720000 1254000   240 9.97
-1.208 0.1053 107.61 32.60  77  62  720000 1254000   240 9.97
-1.199 0.1005 100.93 32.60  77  62  720000 1254000   240 9.97
-1.189 0.0994 95.26 32.60  77  62  720000 1254000   240 9.97
-1.180 0.0959 90.65 32.60  77  62  720000 1254000   240 9.97
-1.170 0.0954 87.19 32.60  77  62  720000 1254000   240 9.97
-1.161 0.0905 84.95 32.60  77  62  720000 1254000   240 9.97
-1.152 0.0877 83.97 32.60  77  62  720000 1254000   240 9.97
-1.142 0.0887 83.99 32.60  77  62  720000 1254000   240 9.97
-1.133 0.0872 84.02 32.60  77  62  720000 1254000   240 9.97
-1.124 0.0850 82.83 32.60  77  62  720000 1254000   240 9.97
-1.114 0.0816 81.48 32.60  77  62  720000 1254000   240 9.97
-1.105 0.0786 80.09 32.60  77  62  720000 1254000   240 9.97
-1.096 0.0800 78.73 32.60  77  62  720000 1254000   240 9.97
-1.086 0.0802 77.44 32.60  77  62  720000 1254000   240 9.97
-1.077 0.0764 76.22 32.60  77  62  720000 1254000   240 9.97
-1.067 0.0760 75.08 32.60  77  62  720000 1254000   240 9.97
-1.058 0.0753 74.03 32.60  77  62  720000 1254000   240 9.97
-1.049 0.0736 73.05 32.60  77  62  720000 1254000   240 9.97
-1.039 0.0720 72.17 32.60  77  62  720000 1254000   240 9.97
-1.030 0.0705 71.36 32.60  77  62  720000 1254000   240 9.97
-1.021 0.0698 70.64 32.60  77  62  720000 1254000   240 9.97
-1.011 0.0705 69.99 32.60  77  62  720000 1254000   240 9.97
-1.002 0.0686 69.42 32.60  77  62  720000 1254000   240 9.97
-0.993 0.0674 68.92 32.60  77  62  720000 1254000   240 9.97
-0.983 0.0672 68.50 32.60  77  62  720000 1254000   240 9.97
-0.974 0.0678 68.16 32.60  77  62  720000 1254000   240 9.97
-0.964 0.0672 67.87 32.60  77  62  720000 1254000   240 9.97
-0.955 0.0668 67.66 32.60  77  62  720000 1254000   240 9.97
-0.946 0.0693 67.51 32.60  77  62  720000 1254000   240 9.97
-0.936 0.0674 67.42 32.60  77  62  720000 1254000   240 9.97
-0.927 0.0684 67.38 32.60  77  62  720000 1254000   240 9.97
-0.918 0.0681 67.39 32.60  77  62  720000 1254000   240 9.97
-0.908 0.0688 67.44 32.60  77  62  720000 1254000   240 9.97
-0.899 0.0682 67.53 32.60  77  62  720000 1254000   240 9.97
-0.890 0.0674 67.65 32.60  77  62  720000 1254000   240 9.97
-0.880 0.0673 67.78 32.60  77  62  720000 1254000   240 9.97
-0.871 0.0682 67.92 32.60  77  62  720000 1254000   240 9.97
-0.861 0.0676 68.06 32.60  77  62  720000 1254000   240 9.97
-0.852 0.0678 68.19 32.60  77  62  720000 1254000   240 9.97
-0.843 0.0675 68.31 32.60  77  62  720000 1254000   240 9.97
-0.833 0.0678 68.41 32.60  77  62  720000 1254000   240 9.97
-0.824 0.0694 68.50 32.60  77  62  720000 1254000   240 9.97
-0.815 0.0675 68.57 32.60  77  62  720000 1254000   240 9.97
-0.805 0.0698 68.63 32.60  77  62  720000 1254000   240 9.97
-0.796 0.0689 68.67 32.60  77  62  720000 1254000   240 9.97
-0.787 0.0689 68.71 32.60  77  62  720000 1254000   240 9.97
-0.777 0.0689 68.74 32.60  77  62  720000 1254000   240 9.97
-0.768 0.0696 68.77 32.60  77  62  720000 1254000   240 9.97
-0.758 0.0692 68.78 32.60  77  62  720000 1254000   240 9.97
-0.749 0.0699 68.78 32.60  77  62  720000 1254000   240 9.97
-0.740 0.0672 68.76 32.60  77  62  720000 1254000   240 9.97
-0.730 0.0696 68.72 32.60  77  62  720000 1254000   240 9.97
-0.721 0.0680 68.66 32.60  77  62  720000 1254000   240 9.97
-0.712 0.0695 68.58 32.60  77  62  720000 1254000   240 9.97
-0.702 0.0678 68.47 32.60  77  62  720000 1254000   240 9.97
-0.693 0.0683 68.35 32.60  77  62  720000 1254000   240 9.97
-0.684 0.0680 68.22 32.60  77  62  720000 1254000   240 9.97
-0.674 0.0671 68.07 32.60  77  62  720000 1254000   240 9.97
-0.665 0.0679 67.91 32.60  77  62  720000 1254000   240 9.97
-0.655 0.0677 67.75 32.60  77  62  720000 1254000   240 9.97
-0.646 0.0678 67.58 32.60  77  62  720000 1254000   240 9.97
-0.637 0.0686 67.42 32.60  77  62  720000 1254000   240 9.97
-0.627 0.0668 67.26 32.60  77  62  720000 1254000   240 9.97
-0.618 0.0670 67.09 32.60  77  62  720000 1254000   240 9.97
-0.609 0.0664 66.91 32.60  77  62  720000 1254000   240 9.97
-0.599 0.0673 66.71 32.60  77  62  720000 1254000   240 9.97
-0.590 0.0660 66.50 32.60  77  62  720000 1254000   240 9.97
-0.581 0.0663 66.27 32.60  77  62  720000 1254000   240 9.97
-0.571 0.0658 66.02 32.60  77  62  720000 1254000   240 9.97
-0.562 0.0673 65.77 32.60  77  62  720000 1254000   240 9.97
-0.552 0.0652 65.51 32.60  77  62  720000 1254000   240 9.97
-0.543 0.0648 65.27 32.60  77  62  720000 1254000   240 9.97
-0.534 0.0655 65.03 32.60  77  62  720000 1254000   240 9.97
-0.524 0.0658 64.82 32.60  77  62  720000 1254000   240 9.97
-0.515 0.0653 64.63 32.60  77  62  720000 1254000   240 9.97
-0.506 0.0632 64.46 32.60  77  62  720000 1254000   240 9.97
-0.496 0.0644 64.31 32.60  77  62  720000 1254000   240 9.97
-0.487 0.0652 64.18 32.60  77  62  720000 1254000   240 9.97
-0.478 0.0632 64.07 32.60  77  62  720000 1254000   240 9.97
-0.468 0.0643 63.98 32.60  77  62  720000 1254000   240 9.97
-0.459 0.0625 63.90 32.60  77  62  720000 1254000   240 9.97
-0.449 0.0620 63.82 32.60  77  62  720000 1254000   240 9.97
-0.440 0.0608 63.75 32.60  77  62  720000 1254000   240 9.97
-0.431 0.0628 63.69 32.60  77  62  720000 1254000   240 9.97
-0.421 0.0652 63.64 32.60  77  62  720000 1254000   240 9.97
-0.412 0.0647 63.59 32.60  77  62  720000 1254000   240 9.97
-0.403 0.0653 63.55 32.60  77  62  720000 1254000   240 9.97
-0.393 0.0645 63.53 32.60  77  62  720000 1254000   240 9.97
-0.384 0.0651 63.51 32.60  77  62  720000 1254000   240 9.97
-0.375 0.0648 63.51 32.60  77  62  720000 1254000   240 9.97
-0.365 0.0634 63.51 32.60  77  62  720000 1254000   240 9.97
-0.356 0.0629 63.52 32.60  77  62  720000 1254000   240 9.97
-0.346 0.0647 63.54 32.60  77  62  720000 1254000   240 9.97
-0.337 0.0615 63.56 32.60  77  62  720000 1254000   240 9.97
-0.328 0.0638 63.59 32.60  77  62  720000 1254000   240 9.97
-0.318 0.0629 63.62 32.60  77  62  720000 1254000   240 9.97
-0.309 0.0622 63.65 32.60  77  62  720000 1254000   240 9.97
-0.300 0.0641 63.69 32.60  77  62  720000 1254000   240 9.97
-0.290 0.0631 63.75 32.60  77  62  720000 1254000   240 9.97
-0.281 0.0642 63.81 32.60  77  62  720000 1254000   240 9.97
-0.272 0.0627 63.90 32.60  77  62  720000 1254000   240 9.97
-0.262 0.0649 64.02 32.60  77  62  720000 1254000   240 9.97
-0.253 0.0638 64.18 32.60  77  62  720000 1254000   240 9.97
-0.243 0.0645 64.37 32.60  77  62  720000 1254000   240 9.97
-0.234 0.0638 64.60 32.60  77  62  720000 1254000   240 9.97
-0.225 0.0645 64.84 32.60  77  62  720000 1254000   240 9.97
-0.215 0.0655 65.09 32.60  77  62  720000 1254000   240 9.97
-0.206 0.0650 65.33 32.60  77  62  720000 1254000   240 9.97
-0.197 0.0652 65.55 32.60  77  62  720000 1254000   240 9.97
-0.187 0.0669 65.75 32.60  77  62  720000 1254000   240 9.97
-0.178 0.0644 65.90 32.60  77  62  720000 1254000   240 9.97
-0.169 0.0665 66.02 32.60  77  62  720000 1254000   240 9.97
-0.159 0.0654 66.08 32.60  77  62  720000 1254000   240 9.97
-0.150 0.0667 66.09 32.60  77  62  720000 1254000   240 9.97
-0.140 0.0647 66.04 32.60  77  62  720000 1254000   240 9.97
-0.131 0.0660 65.91 32.60  77  62  720000 1254000   240 9.97
-0.122 0.0670 65.69 32.60  77  62  720000 1254000   240 9.97
-0.112 0.0672 65.37 32.60  77  62  720000 1254000   240 9.97
-0.103 0.0649 64.92 32.60  77  62  720000 1254000   240 9.97
-0.094 0.0639 64.35 32.60  77  62  720000 1254000   240 9.97
-0.084 0.0662 63.64 32.60  77  62  720000 1254000   240 9.97
-0.075 0.0628 62.80 32.60  77  62  720000 1254000   240 9.97
-0.066 0.0604 61.84 32.60  77  62  720000 1254000   240 9.97
-0.056 0.0622 60.75 32.60  77  62  720000 1254000   240 9.97
-0.047 0.0602 59.56 32.60  77  62  720000 1254000   240 9.97
-0.037 0.0601 58.26 32.60  77  62  720000 1254000   240 9.97
-0.028 0.0580 56.89 32.60  77  62  720000 1254000   240 9.97
-0.019 0.0570 55.46 32.60  77  62  720000 1254000   240 9.97
-0.009 0.0545 54.00 32.60  77  62  720000 1254000   240 9.97
0.000 0.0542 52.52 32.60  77  62  720000 1254000   240 9.97
0.009 0.0526 51.04 32.60  77  62  720000 1254000   240 9.97
0.019 0.0492 49.59 32.60  77  62  720000 1254000   240 9.97
0.028 0.0462 48.18 32.60  77  62  720000 1254000   240 9.97
0.037 0.0445 46.83 32.60  77  62  720000 1254000   240 9.97
0.047 0.0425 45.55 32.60  77  62  720000 1254000   240 9.97
0.056 0.0416 44.34 32.60  77  62  720000 1254000   240 9.97
0.066 0.0424 43.23 32.60  77  62  720000 1254000   240 9.97
0.075 0.0408 42.21 32.60  77  62  720000 1254000   240 9.97
0.084 0.0409 41.28 32.60  77  62  720000 1254000   240 9.97
0.094 0.0409 40.46 32.60  77  62  720000 1254000   240 9.97
0.103 0.0396 39.73 32.60  77  62  720000 1254000   240 9.97
0.112 0.0378 39.11 32.60  77  62  720000 1254000   240 9.97
0.122 0.0375 38.59 32.60  77  62  720000 1254000   240 9.97
0.131 0.0398 38.18 32.60  77  62  720000 1254000   240 9.97
0.140 0.0393 37.86 32.60  77  62  720000 1254000   240 9.97
0.150 0.0384 37.63 32.60  77  62  720000 1254000   240 9.97
0.159 0.0388 37.46 32.60  77  62  720000 1254000   240 9.97
0.169 0.0373 37.35 32.60  77  62  720000 1254000   240 9.97
0.178 0.0374 37.28 32.60  77  62  720000 1254000   240 9.97
0.187 0.0371 37.24 32.60  77  62  720000 1254000   240 9.97
0.197 0.0371 37.21 32.60  77  62  720000 1254000   240 9.97
0.206 0.0374 37.18 32.60  77  62  720000 1254000   240 9.97
0.215 0.0363 37.16 32.60  77  62  720000 1254000   240 9.97
0.225 0.0379 37.16 32.60  77  62  720000 1254000   240 9.97
0.234 0.0356 37.17 32.60  77  62  720000 1254000   240 9.97
0.243 0.0368 37.20 32.60  77  62  720000 1254000   240 9.97
0.253 0.0379 37.27 32.60  77  62  720000 1254000   240 9.97
0.262 0.0365 37.35 32.60  77  62  720000 1254000   240 9.97
0.272 0.0379 37.47 32.60  77  62  720000 1254000   240 9.97
0.281 0.0391 37.62 32.60  77  62  720000 1254000   240 9.97
0.290 0.0385 37.79 32.60  77  62  720000 1254000   240 9.97
0.300 0.0388 37.99 32.60  77  62  720000 1254000   240 9.97
0.309 0.0377 38.19 32.60  77  62  720000 1254000   240 9.97
0.318 0.0374 38.41 32.60  77  62  720000 1254000   240 9.97
0.328 0.0384 38.64 32.60  77  62  720000 1254000   240 9.97
0.337 0.0376 38.88 32.60  77  62  720000 1254000   240 9.97
0.346 0.0382 39.12 32.60  77  62  720000 1254000   240 9.97
0.355 0.0394 39.35 32.60  77  62  720000 1254000   240 9.97
0.364 0.0397 39.56 32.60  77  62  720000 1254000   240 9.97
0.372 0.0407 39.77 32.60  77  62  720000 1254000   240 9.97
0.380 0.0398 39.95 32.60  77  62  720000 1254000   240 9.97
0.388 0.0412 40.13 32.60  77  62  720000 1254000   240 9.97
0.395 0.0418 40.28 32.60  77  62  720000 1254000   240 9.97
0.402 0.0397 40.42 32.60  77  62  720000 1254000   240 9.97
0.409 0.0406 40.54 32.60  77  62  720000 1254000   240 9.97
0.415 0.0411 40.66 32.60  77  62  720000 1254000   240 9.97
0.422 0.0418 40.76 32.60  77  62  720000 1254000   240 9.97
0.428 0.0407 40.86 32.60  77  62  720000 1254000   240 9.97
0.433 0.0416 40.96 32.60  77  62  720000 1254000   240 9.97
0.439 0.0391 41.04 32.60  77  62  720000 1254000   240 9.97
0.444 0.0403 41.12 32.60  77  62  720000 1254000   240 9.97
0.449 0.0402 41.19 32.60  77  62  720000 1254000   240 9.97
0.454 0.0463 41.26 32.60  77  62  720000 1254000   240 9.97
0.459 0.0403 41.33 32.60  77  62  720000 1254000   240 9.97
0.463 0.0404 41.40 32.60  77  62  720000 1254000   240 9.97
0.467 0.0409 41.49 32.60  77  62  720000 1254000   240 9.97
0.471 0.0381 41.59 32.60  77  62  720000 1254000   240 9.97
0.475 0.0420 41.70 32.60  77  62  720000 1254000   240 9.97
0.479 0.0420 41.82 32.60  77  62  720000 1254000   240 9.97
0.483 0.0428 41.95 32.60  77  62  720000 1254000   240 9.97
0.486 0.0429 42.09 32.60  77  62  720000 1254000   240 9.97
0.490 0.0397 42.23 32.60  77  62  720000 1254000   240 9.97
0.493 0.0444 42.37 32.60  77  62  720000 1254000   240 9.97
0.496 0.0439 42.51 32.60  77  62  720000 1254000   240 9.97
0.499 0.0430 42.66 32.60  77  62  720000 1254000   240 9.97
0.502 0.0406 42.79 32.60  77  62  720000 1254000   240 9.97
0.504 0.0438 42.92 32.60  77  62  720000 1254000   240 9.97
0.507 0.0434 43.03 32.60  77  62  720000 1254000   240 9.97
0.509 0.0427 43.12 32.60  77  62  720000 1254000   240 9.97
0.512 0.0445 43.18 32.60  77  62  720000 1254000   240 9.97
0.514 0.0421 43.22 32.60  77  62  720000 1254000   240 9.97
0.516 0.0434 43.24 32.60  77  62  720000 1254000   240 9.97
0.518 0.0437 43.23 32.60  77  62  720000 1254000   240 9.97
0.521 0.0436 43.21 32.60  77  62  720000 1254000   240 9.97
0.522 0.0428 43.16 32.60  77  62  720000 1254000   240 9.97
0.524 0.0443 43.10 32.60  77  62  720000 1254000   240 9.97
0.526 0.0394 43.04 32.60  77  62  720000 1254000   240 9.97
0.528 0.0475 42.99 32.60  77  62  720000 1254000   240 9.97
0.530 0.0409 42.94 32.60  77  62  720000 1254000   240 9.97
0.532 0.0430 42.89 32.60  77  62  720000 1254000   240 9.97
0.534 0.0463 42.84 32.60  77  62  720000 1254000   240 9.97
0.536 0.0415 42.80 32.60  77  62  720000 1254000   240 9.97
0.537 0.0423 42.76 32.60  77  62  720000 1254000   240 9.97
0.539 0.0409 42.74 32.60  77  62  720000 1254000   240 9.97
0.541 0.0401 42.72 32.60  77  62  720000 1254000   240 9.97
0.543 0.0442 42.72 32.60  77  62  720000 1254000   240 9.97
0.545 0.0427 42.74 32.60  77  62  720000 1254000   240 9.97
0.547 0.0422 42.78 32.60  77  62  720000 1254000   240 9.97
0.549 0.0442 42.84 32.60  77  62  720000 1254000   240 9.97
0.551 0.0404 42.91 32.60  77  62  720000 1254000   240 9.97
0.552 0.0471 43.01 32.60  77  62  720000 1254000   240 9.97
0.554 0.0416 43.13 32.60  77  62  720000 1254000   240 9.97
0.556 0.0449 43.27 32.60  77  62  720000 1254000   240 9.97
0.558 0.0399 43.43 32.60  77  62  720000 1254000   240 9.97
0.560 0.0466 43.61 32.60  77  62  720000 1254000   240 9.97
0.562 0.0442 43.80 32.60  77  62  720000 1254000   240 9.97
0.564 0.0404 44.00 32.60  77  62  720000 1254000   240 9.97
0.566 0.0442 44.20 32.60  77  62  720000 1254000   240 9.97
0.567 0.0446 44.39 32.60  77  62  720000 1254000   240 9.97
0.569 0.0425 44.56 32.60  77  62  720000 1254000   240 9.97
0.571 0.0484 44.71 32.60  77  62  720000 1254000   240 9.97
0.573 0.0489 44.85 32.60  77  62  720000 1254000   240 9.97
0.575 0.0408 44.98 32.60  77  62  720000 1254000   240 9.97
0.577 0.0434 45.09 32.60  77  62  720000 1254000   240 9.97
0.579 0.0470 45.20 32.60  77  62  720000 1254000   240 9.97
0.581 0.0453 45.31 32.60  77  62  720000 1254000   240 9.97
0.582 0.0460 45.42 32.60  77  62  720000 1254000   240 9.97
0.584 0.0454 45.53 32.60  77  62  720000 1254000   240 9.97
0.586 0.0470 45.64 32.60  77  62  720000 1254000   240 9.97
0.588 0.0450 45.74 32.60  77  62  720000 1254000   240 9.97
0.590 0.0504 45.83 32.60  77  62  720000 1254000   240 9.97
0.592 0.0419 45.90 32.60  77  62  720000 1254000   240 9.97
0.594 0.0445 45.96 32.60  77  62  720000 1254000   240 9.97
0.596 0.0481 46.01 32.60  77  62  720000 1254000   240 9.97
0.597 0.0413 46.06 32.60  77  62  720000 1254000   240 9.97
0.599 0.0487 46.11 32.60  77  62  720000 1254000   240 9.97
0.601 0.0458 46.16 32.60  77  62  720000 1254000   240 9.97
0.603 0.0445 46.23 32.60  77  62  720000 1254000   240 9.97
0.605 0.0477 46.32 32.60  77  62  720000 1254000   240 9.97
0.607 0.0481 46.44 32.60  77  62  720000 1254000   240 9.97
0.609 0.0474 46.60 32.60  77  62  720000 1254000   240 9.97
0.610 0.0474 46.80 32.60  77  62  720000 1254000   240 9.97
0.612 0.0451 47.03 32.60  77  62  720000 1254000   240 9.97
0.614 0.0483 47.29 32.60  77  62  720000 1254000   240 9.97
0.616 0.0489 47.57 32.60  77  62  720000 1254000   240 9.97
0.618 0.0459 47.88 32.60  77  62  720000 1254000   240 9.97
0.620 0.0459 48.19 32.60  77  62  720000 1254000   240 9.97
0.622 0.0481 48.49 32.60  77  62  720000 1254000   240 9.97
0.624 0.0489 48.77 32.60  77  62  720000 1254000   240 9.97
0.625 0.0459 49.04 32.60  77  62  720000 1254000   240 9.97
0.627 0.0488 49.30 32.60  77  62  720000 1254000   240 9.97
0.629 0.0514 49.55 32.60  77  62  720000 1254000   240 9.97
0.631 0.0545 49.78 32.60  77  62  720000 1254000   240 9.97
0.633 0.0479 50.02 32.60  77  62  720000 1254000   240 9.97
0.635 0.0494 50.26 32.60  77  62  720000 1254000   240 9.97
0.637 0.0512 50.51 32.60  77  62  720000 1254000   240 9.97
0.639 0.0548 50.76 32.60  77  62  720000 1254000   240 9.97
0.640 0.0543 51.00 32.60  77  62  720000 1254000   240 9.97
0.642 0.0469 51.24 32.60  77  62  720000 1254000   240 9.97
0.644 0.0565 51.48 32.60  77  62  720000 1254000   240 9.97
0.646 0.0494 51.71 32.60  77  62  720000 1254000   240 9.97
0.648 0.0496 51.93 32.60  77  62  720000 1254000   240 9.97
0.650 0.0481 52.15 32.60  77  62  720000 1254000   240 9.97
0.652 0.0523 52.37 32.60  77  62  720000 1254000   240 9.97
0.654 0.0524 52.60 32.60  77  62  720000 1254000   240 9.97
0.655 0.0517 52.83 32.60  77  62  720000 1254000   240 9.97
0.657 0.0545 53.07 32.60  77  62  720000 1254000   240 9.97
0.659 0.0533 53.32 32.60  77  62  720000 1254000   240 9.97
0.661 0.0561 53.58 32.60  77  62  720000 1254000   240 9.97
0.663 0.0520 53.86 32.60  77  62  720000 1254000   240 9.97
0.665 0.0577 54.15 32.60  77  62  720000 1254000   240 9.97
0.667 0.0508 54.46 32.60  77  62  720000 1254000   240 9.97
0.669 0.0556 54.79 32.60  77  62  720000 1254000   240 9.97
0.670 0.0559 55.13 32.60  77  62  720000 1254000   240 9.97
0.672 0.0565 55.49 32.60  77  62  720000 1254000   240 9.97
0.674 0.0531 55.85 32.60  77  62  720000 1254000   240 9.97
0.676 0.0576 56.22 32.60  77  62  720000 1254000   240 9.97
0.678 0.0583 56.59 32.60  77  62  720000 1254000   240 9.97
0.680 0.0576 56.95 32.60  77  62  720000 1254000   240 9.97
0.682 0.0568 57.31 32.60  77  62  720000 1254000   240 9.97
0.684 0.0571 57.67 32.60  77  62  720000 1254000   240 9.97
0.685 0.0605 58.04 32.60  77  62  720000 1254000   240 9.97
0.687 0.0579 58.42 32.60  77  62  720000 1254000   240 9.97
0.689 0.0576 58.82 32.60  77  62  720000 1254000   240 9.97
0.691 0.0514 59.25 32.60  77  62  720000 1254000   240 9.97
0.693 0.0608 59.69 32.60  77  62  720000 1254000   240 9.97
0.695 0.0622 60.15 32.60  77  62  720000 1254000   240 9.97
0.697 0.0638 60.62 32.60  77  62  720000 1254000   240 9.97
0.699 0.0619 61.09 32.60  77  62  720000 1254000   240 9.97
0.700 0.0590 61.56 32.60  77  62  720000 1254000   240 9.97
0.702 0.0639 62.03 32.60  77  62  720000 1254000   240 9.97
0.704 0.0618 62.50 32.60  77  62  720000 1254000   240 9.97
0.706 0.0658 62.98 32.60  77  62  720000 1254000   240 9.97
0.708 0.0623 63.47 32.60  77  62  720000 1254000   240 9.97
0.710 0.0614 63.99 32.60  77  62  720000 1254000   240 9.97
0.712 0.0658 64.52 32.60  77  62  720000 1254000   240 9.97
0.713 0.0650 65.08 32.60  77  62  720000 1254000   240 9.97
0.715 0.0684 65.67 32.60  77  62  720000 1254000   240 9.97
0.717 0.0621 66.27 32.60  77  62  720000 1254000   240 9.97
0.719 0.0700 66.88 32.60  77  62  720000 1254000   240 9.97
0.721 0.0656 67.49 32.60  77  62  720000 1254000   240 9.97
0.723 0.0684 68.09 32.60  77  62  720000 1254000   240 9.97
0.725 0.0681 68.66 32.60  77  62  720000 1254000   240 9.97
0.727 0.0684 69.20 32.60  77  62  720000 1254000   240 9.97
0.728 0.0696 69.71 32.60  77  62  720000 1254000   240 9.97
0.730 0.0666 70.21 32.60  77  62  720000 1254000   240 9.97
0.732 0.0686 70.69 32.60  77  62  720000 1254000   240 9.97
0.734 0.0746 71.16 32.60  77  62  720000 1254000   240 9.97
0.736 0.0696 71.60 32.60  77  62  720000 1254000   240 9.97
0.738 0.0736 72.01 32.60  77  62  720000 1254000   240 9.97
0.740 0.0798 72.40 32.60  77  62  720000 1254000   240 9.97
0.742 0.0707 72.74 32.60  77  62  720000 1254000   240 9.97
0.743 0.0740 73.03 32.60  77  62  720000 1254000   240 9.97
0.745 0.0739 73.27 32.60  77  62  720000 1254000   240 9.97
0.747 0.0781 73.44 32.60  77  62  720000 1254000   240 9.97
0.749 0.0677 73.55 32.60  77  62  720000 1254000   240 9.97
0.751 0.0742 73.60 32.60  77  62  720000 1254000   240 9.97
0.753 0.0723 73.59 32.60  77  62  720000 1254000   240 9.97
0.755 0.0739 73.52 32.60  77  62  720000 1254000   240 9.97
0.757 0.0672 73.38 32.60  77  62  720000 1254000   240 9.97
0.758 0.0686 73.17 32.60  77  62  720000 1254000   240 9.97
0.760 0.0802 72.91 32.60  77  62  720000 1254000   240 9.97
0.762 0.0774 72.60 32.60  77  62  720000 1254000   240 9.97
0.764 0.0686 72.24 32.60  77  62  720000 1254000   240 9.97
0.766 0.0813 71.87 32.60  77  62  720000 1254000   240 9.97
0.768 0.0677 71.48 32.60  77  62  720000 1254000   240 9.97
0.770 0.0707 71.10 32.60  77  62  720000 1254000   240 9.97
0.772 0.0680 70.72 32.60  77  62  720000 1254000   240 9.97
0.773 0.0728 70.36 32.60  77  62  720000 1254000   240 9.97
0.775 0.0674 70.00 32.60  77  62  720000 1254000   240 9.97
0.777 0.0700 69.62 32.60  77  62  720000 1254000   240 9.97
0.779 0.0639 69.24 32.60  77  62  720000 1254000   240 9.97
0.781 0.0722 68.87 32.60  77  62  720000 1254000   240 9.97
0.783 0.0736 68.50 32.60  77  62  720000 1254000   240 9.97
0.785 0.0693 68.16 32.60  77  62  720000 1254000   240 9.97
0.787 0.0594 67.83 32.60  77  62  720000 1254000   240 9.97
0.788 0.0708 67.53 32.60  77  62  720000 1254000   240 9.97
0.790 0.0676 67.27 32.60  77  62  720000 1254000   240 9.97
0.792 0.0620 67.06 32.60  77  62  720000 1254000   240 9.97
0.794 0.0681 66.91 32.60  77  62  720000 1254000   240 9.97
0.796 0.0678 66.83 32.60  77  62  720000 1254000   240 9.97
0.798 0.0661 66.81 32.60  77  62  720000 1254000   240 9.97
0.800 0.0694 66.86 32.60  77  62  720000 1254000   240 9.97
0.801 0.0684 66.93 32.60  77  62  720000 1254000   240 9.97
0.803 0.0667 67.00 32.60  77  62  720000 1254000   240 9.97
0.805 0.0635 67.07 32.60  77  62  720000 1254000   240 9.97
0.807 0.0691 67.14 32.60  77  62  720000 1254000   240 9.97
0.809 0.0647 67.20 32.60  77  62  720000 1254000   240 9.97
0.811 0.0647 67.24 32.60  77  62  720000 1254000   240 9.97
0.813 0.0664 67.26 32.60  77  62  720000 1254000   240 9.97
0.815 0.0726 67.26 32.60  77  62  720000 1254000   240 9.97
0.816 0.0711 67.25 32.60  77  62  720000 1254000   240 9.97
0.818 0.0684 67.23 32.60  77  62  720000 1254000   240 9.97
0.820 0.0563 67.21 32.60  77  62  720000 1254000   240 9.97
0.822 0.0707 67.17 32.60  77  62  720000 1254000   240 9.97
0.824 0.0713 67.12 32.60  77  62  720000 1254000   240 9.97
0.826 0.0692 67.07 32.60  77  62  720000 1254000   240 9.97
0.828 0.0685 67.03 32.60  77  62  720000 1254000   240 9.97
0.830 0.0709 67.01 32.60  77  62  720000 1254000   240 9.97
0.831 0.0651 66.98 32.60  77  62  720000 1254000   240 9.97
0.833 0.0632 66.95 32.60  77  62  720000 1254000   240 9.97
0.835 0.0649 66.92 32.60  77  62  720000 1254000   240 9.97
0.837 0.0612 66.88 32.60  77  62  720000 1254000   240 9.97
0.839 0.0658 66.83 32.60  77  62  720000 1254000   240 9.97
0.841 0.0702 66.77 32.60  77  62  720000 1254000   240 9.97
0.843 0.0686 66.71 32.60  77  62  720000 1254000   240 9.97
0.845 0.0629 66.66 32.60  77  62  720000 1254000   240 9.97
0.846 0.0669 66.62 32.60  77  62  720000 1254000   240 9.97
0.848 0.0673 66.61 32.60  77  62  720000 1254000   240 9.97
0.850 0.0724 66.64 32.60  77  62  720000 1254000   240 9.97
0.852 0.0666 66.70 32.60  77  62  720000 1254000   240 9.97
0.854 0.0664 66.80 32.60  77  62  720000 1254000   240 9.97
0.856 0.0692 66.92 32.60  77  62  720000 1254000   240 9.97
0.858 0.0627 67.06 32.60  77  62  720000 1254000   240 9.97
0.860 0.0696 67.21 32.60  77  62  720000 1254000   240 9.97
0.861 0.0659 67.38 32.60  77  62  720000 1254000   240 9.97
0.863 0.0665 67.54 32.60  77  62  720000 1254000   240 9.97
0.865 0.0697 67.70 32.60  77  62  720000 1254000   240 9.97
0.867 0.0638 67.83 32.60  77  62  720000 1254000   240 9.97
0.869 0.0656 67.95 32.60  77  62  720000 1254000   240 9.97
0.871 0.0719 68.07 32.60  77  62  720000 1254000   240 9.97
0.873 0.0661 68.20 32.60  77  62  720000 1254000   240 9.97
0.875 0.0678 68.35 32.60  77  62  720000 1254000   240 9.97
0.876 0.0720 68.55 32.60  77  62  720000 1254000   240 9.97
0.878 0.0650 68.77 32.60  77  62  720000 1254000   240 9.97
0.880 0.0694 69.01 32.60  77  62  720000 1254000   240 9.97
0.882 0.0762 69.26 32.60  77  62  720000 1254000   240 9.97
0.884 0.0679 69.50 32.60  77  62  720000 1254000   240 9.97
0.886 0.0684 69.73 32.60  77  62  720000 1254000   240 9.97
0.888 0.0715 69.94 32.60  77  62  720000 1254000   240 9.97
0.890 0.0703 70.13 32.60  77  62  720000 1254000   240 9.97
0.891 0.0668 70.30 32.60  77  62  720000 1254000   240 9.97
0.893 0.0661 70.46 32.60  77  62  720000 1254000   240 9.97
0.895 0.0740 70.62 32.60  77  62  720000 1254000   240 9.97
0.897 0.0753 70.78 32.60  77  62  720000 1254000   240 9.97
0.899 0.0664 70.96 32.60  77  62  720000 1254000   240 9.97
0.901 0.0747 71.15 32.60  77  62  720000 1254000   240 9.97
0.903 0.0713 71.34 32.60  77  62  720000 1254000   240 9.97
0.904 0.0662 71.54 32.60  77  62  720000 1254000   240 9.97
0.906 0.0798 71.73 32.60  77  62  720000 1254000   240 9.97
0.908 0.0698 71.93 32.60  77  62  720000 1254000   240 9.97
0.910 0.0744 72.14 32.60  77  62  720000 1254000   240 9.97
0.912 0.0676 72.35 32.60  77  62  720000 1254000   240 9.97
0.914 0.0701 72.56 32.60  77  62  720000 1254000   240 9.97
0.916 0.0697 72.78 32.60  77  62  720000 1254000   240 9.97
0.918 0.0754 73.00 32.60  77  62  720000 1254000   240 9.97
0.919 0.0690 73.22 32.60  77  62  720000 1254000   240 9.97
0.921 0.0804 73.45 32.60  77  62  720000 1254000   240 9.97
0.923 0.0730 73.66 32.60  77  62  720000 1254000   240 9.97
0.925 0.0763 73.85 32.60  77  62  720000 1254000   240 9.97
0.927 0.0747 74.03 32.60  77  62  720000 1254000   240 9.97
0.929 0.0770 74.20 32.60  77  62  720000 1254000   240 9.97
0.931 0.0731 74.35 32.60  77  62  720000 1254000   240 9.97
0.933 0.0717 74.50 32.60  77  62  720000 1254000   240 9.97
0.934 0.0715 74.66 32.60  77  62  720000 1254000   240 9.97
0.936 0.0759 74.81 32.60  77  62  720000 1254000   240 9.97
0.938 0.0745 74.96 32.60  77  62  720000 1254000   240 9.97
0.940 0.0733 75.10 32.60  77  62  720000 1254000   240 9.97
0.942 0.0770 75.24 32.60  77  62  720000 1254000   240 9.97
0.944 0.0781 75.36 32.60  77  62  720000 1254000   240 9.97
0.946 0.0765 75.46 32.60  77  62  720000 1254000   240 9.97
0.948 0.0755 75.54 32.60  77  62  720000 1254000   240 9.97
0.949 0.0748 75.60 32.60  77  62  720000 1254000   240 9.97
0.951 0.0751 75.64 32.60  77  62  720000 1254000   240 9.97
0.953 0.0746 75.68 32.60  77  62  720000 1254000   240 9.97
0.955 0.0745 75.71 32.60  77  62  720000 1254000   240 9.97
0.957 0.0737 75.72 32.60  77  62  720000 1254000   240 9.97
0.959 0.0744 75.71 32.60  77  62  720000 1254000   240 9.97
0.961 0.0751 75.67 32.60  77  62  720000 1254000   240 9.97
0.963 0.0792 75.60 32.60  77  62  720000 1254000   240 9.97
0.964 0.0770 75.50 32.60  77  62  720000 1254000   240 9.97
0.966 0.0772 75.37 32.60  77  62  720000 1254000   240 9.97
0.968 0.0783 75.20 32.60  77  62  720000 1254000   240 9.97
0.970 0.0763 75.01 32.60  77  62  720000 1254000   240 9.97
0.972 0.0764 74.79 32.60  77  62  720000 1254000   240 9.97
0.974 0.0659 74.55 32.60  77  62  720000 1254000   240 9.97
0.976 0.0754 74.30 32.60  77  62  720000 1254000   240 9.97
0.978 0.0756 74.03 32.60  77  62  720000 1254000   240 9.97
0.979 0.0723 73.75 32.60  77  62  720000 1254000   240 9.97
0.981 0.0700 73.45 32.60  77  62  720000 1254000   240 9.97
0.983 0.0779 73.15 32.60  77  62  720000 1254000   240 9.97
0.985 0.0743 72.86 32.60  77  62  720000 1254000   240 9.97
0.987 0.0719 72.57 32.60  77  62  720000 1254000   240 9.97
0.989 0.0685 72.29 32.60  77  62  720000 1254000   240 9.97
0.991 0.0725 72.02 32.60  77  62  720000 1254000   240 9.97
0.993 0.0743 71.77 32.60  77  62  720000 1254000   240 9.97
0.994 0.0710 71.56 32.60  77  62  720000 1254000   240 9.97
0.996 0.0754 71.38 32.60  77  62  720000 1254000   240 9.97
0.998 0.0632 71.24 32.60  77  62  720000 1254000   240 9.97
1.000 0.0730 71.12 32.60  77  62  720000 1254000   240 9.97
1.002 0.0717 71.01 32.60  77  62  720000 1254000   240 9.97
1.004 0.0684 70.89 32.60  77  62  720000 1254000   240 9.97
1.006 0.0693 70.75 32.60  77  62  720000 1254000   240 9.97
1.007 0.0702 70.60 32.60  77  62  720000 1254000   240 9.97
1.009 0.0766 70.43 32.60  77  62  720000 1254000   240 9.97
1.011 0.0721 70.26 32.60  77  62  720000 1254000   240 9.97
1.013 0.0638 70.08 32.60  77  62  720000 1254000   240 9.97
1.015 0.0729 69.90 32.60  77  62  720000 1254000   240 9.97
1.017 0.0725 69.73 32.60  77  62  720000 1254000   240 9.97
1.019 0.0699 69.57 32.60  77  62  720000 1254000   240 9.97
1.021 0.0686 69.42 32.60  77  62  720000 1254000   240 9.97
1.022 0.0682 69.28 32.60  77  62  720000 1254000   240 9.97
1.024 0.0674 69.15 32.60  77  62  720000 1254000   240 9.97
1.026 0.0657 69.02 32.60  77  62  720000 1254000   240 9.97
1.028 0.0755 68.89 32.60  77  62  720000 1254000   240 9.97
1.030 0.0734 68.76 32.60  77  62  720000 1254000   240 9.97
1.032 0.0640 68.62 32.60  77  62  720000 1254000   240 9.97
1.034 0.0643 68.46 32.60  77  62  720000 1254000   240 9.97
1.036 0.0686 68.29 32.60  77  62  720000 1254000   240 9.97
1.037 0.0645 68.11 32.60  77  62  720000 1254000   240 9.97
1.039 0.0704 67.94 32.60  77  62  720000 1254000   240 9.97
1.041 0.0690 67.80 32.60  77  62  720000 1254000   240 9.97
1.043 0.0668 67.68 32.60  77  62  720000 1254000   240 9.97
1.045 0.0702 67.59 32.60  77  62  720000 1254000   240 9.97
1.047 0.0681 67.54 32.60  77  62  720000 1254000   240 9.97
1.049 0.0678 67.54 32.60  77  62  720000 1254000   240 9.97
1.051 0.0654 67.56 32.60  77  62  720000 1254000   240 9.97
1.052 0.0727 67.62 32.60  77  62  720000 1254000   240 9.97
1.054 0.0701 67.72 32.60  77  62  720000 1254000   240 9.97
1.056 0.0671 67.84 32.60  77  62  720000 1254000   240 9.97
1.058 0.0607 67.99 32.60  77  62  720000 1254000   240 9.97
1.060 0.0703 68.16 32.60  77  62  720000 1254000   240 9.97
1.062 0.0665 68.34 32.60  77  62  720000 1254000   240 9.97
1.064 0.0624 68.53 32.60  77  62  720000 1254000   240 9.97
1.066 0.0700 68.72 32.60  77  62  720000 1254000   240 9.97
1.067 0.0695 68.90 32.60  77  62  720000 1254000   240 9.97
1.069 0.0682 69.08 32.60  77  62  720000 1254000   240 9.97
1.071 0.0729 69.24 32.60  77  62  720000 1254000   240 9.97
1.073 0.0685 69.42 32.60  77  62  720000 1254000   240 9.97
1.075 0.0744 69.62 32.60  77  62  720000 1254000   240 9.97
1.077 0.0673 69.85 32.60  77  62  720000 1254000   240 9.97
1.079 0.0765 70.09 32.60  77  62  720000 1254000   240 9.97
1.081 0.0673 70.34 32.60  77  62  720000 1254000   240 9.97
1.082 0.0683 70.58 32.60  77  62  720000 1254000   240 9.97
1.084 0.0754 70.80 32.60  77  62  720000 1254000   240 9.97
1.086 0.0680 71.00 32.60  77  62  720000 1254000   240 9.97
1.088 0.0714 71.18 32.60  77  62  720000 1254000   240 9.97
1.090 0.0698 71.34 32.60  77  62  720000 1254000   240 9.97
1.092 0.0728 71.49 32.60  77  62  720000 1254000   240 9.97
1.094 0.0714 71.61 32.60  77  62  720000 1254000   240 9.97
1.096 0.0680 71.72 32.60  77  62  720000 1254000   240 9.97
1.097 0.0713 71.81 32.60  77  62  720000 1254000   240 9.97
1.099 0.0713 71.92 32.60  77  62  720000 1254000   240 9.97
1.101 0.0739 72.03 32.60  77  62  720000 1254000   240 9.97
1.103 0.0734 72.16 32.60  77  62  720000 1254000   240 9.97
1.105 0.0730 72.31 32.60  77  62  720000 1254000   240 9.97
1.107 0.0728 72.49 32.60  77  62  720000 1254000   240 9.97
1.109 0.0731 72.70 32.60  77  62  720000 1254000   240 9.97
1.110 0.0767 72.94 32.60  77  62  720000 1254000   240 9.97
1.112 0.0729 73.20 32.60  77  62  720000 1254000   240 9.97
1.114 0.0663 73.47 32.60  77  62  720000 1254000   240 9.97
1.116 0.0743 73.77 32.60  77  62  720000 1254000   240 9.97
1.118 0.0754 74.08 32.60  77  62  720000 1254000   240 9.97
1.120 0.0747 74.40 32.60  77  62  720000 1254000   240 9.97
1.122 0.0771 74.73 32.60  77  62  720000 1254000   240 9.97
1.124 0.0766 75.08 32.60  77  62  720000 1254000   240 9.97
1.125 0.0727 75.43 32.60  77  62  720000 1254000   240 9.97
1.127 0.0710 75.77 32.60  77  62  720000 1254000   240 9.97
1.129 0.0762 76.12 32.60  77  62  720000 1254000   240 9.97
1.131 0.0749 76.45 32.60  77  62  720000 1254000   240 9.97
1.133 0.0773 76.76 32.60  77  62  720000 1254000   240 9.97
1.135 0.0797 77.05 32.60  77  62  720000 1254000   240 9.97
1.137 0.0764 77.33 32.60  77  62  720000 1254000   240 9.97
1.139 0.0785 77.57 32.60  77  62  720000 1254000   240 9.97
1.140 0.0809 77.79 32.60  77  62  720000 1254000   240 9.97
1.142 0.0811 77.96 32.60  77  62  720000 1254000   240 9.97
1.144 0.0715 78.10 32.60  77  62  720000 1254000   240 9.97
1.146 0.0856 78.20 32.60  77  62  720000 1254000   240 9.97
1.148 0.0764 78.26 32.60  77  62  720000 1254000   240 9.97
1.150 0.0748 78.29 32.60  77  62  720000 1254000   240 9.97
1.152 0.0829 78.29 32.60  77  62  720000 1254000   240 9.97
1.154 0.0780 78.26 32.60  77  62  720000 1254000   240 9.97
1.155 0.0755 78.20 32.60  77  62  720000 1254000   240 9.97
1.157 0.0775 78.11 32.60  77  62  720000 1254000   240 9.97
1.159 0.0820 77.98 32.60  77  62  720000 1254000   240 9.97
1.161 0.0735 77.81 32.60  77  62  720000 1254000   240 9.97
1.163 0.0758 77.59 32.60  77  62  720000 1254000   240 9.97
1.165 0.0787 77.35 32.60  77  62  720000 1254000   240 9.97
1.167 0.0738 77.09 32.60  77  62  720000 1254000   240 9.97
1.169 0.0790 76.82 32.60  77  62  720000 1254000   240 9.97
1.170 0.0769 76.55 32.60  77  62  720000 1254000   240 9.97
1.172 0.0748 76.28 32.60  77  62  720000 1254000   240 9.97
1.174 0.0818 76.00 32.60  77  62  720000 1254000   240 9.97
1.176 0.0707 75.71 32.60  77  62  720000 1254000   240 9.97
1.178 0.0794 75.42 32.60  77  62  720000 1254000   240 9.97
1.180 0.0756 75.11 32.60  77  62  720000 1254000   240 9.97
1.182 0.0774 74.79 32.60  77  62  720000 1254000   240 9.97
1.184 0.0722 74.46 32.60  77  62  720000 1254000   240 9.97
1.185 0.0731 74.12 32.60  77  62  720000 1254000   240 9.97
1.187 0.0732 73.78 32.60  77  62  720000 1254000   240 9.97
1.189 0.0740 73.42 32.60  77  62  720000 1254000   240 9.97
1.191 0.0725 73.05 32.60  77  62  720000 1254000   240 9.97
1.193 0.0700 72.68 32.60  77  62  720000 1254000   240 9.97
1.195 0.0698 72.31 32.60  77  62  720000 1254000   240 9.97
1.197 0.0750 71.94 32.60  77  62  720000 1254000   240 9.97
1.199 0.0731 71.59 32.60  77  62  720000 1254000   240 9.97
1.200 0.0705 71.26 32.60  77  62  720000 1254000   240 9.97
1.202 0.0719 70.94 32.60  77  62  720000 1254000   240 9.97
1.204 0.0699 70.66 32.60  77  62  720000 1254000   240 9.97
1.206 0.0717 70.41 32.60  77  62  720000 1254000   240 9.97
1.208 0.0697 70.19 32.60  77  62  720000 1254000   240 9.97
1.210 0.0687 69.99 32.60  77  62  720000 1254000   240 9.97
1.212 0.0703 69.80 32.60  77  62  720000 1254000   240 9.97
1.213 0.0682 69.63 32.60  77  62  720000 1254000   240 9.97
1.215 0.0699 69.45 32.60  77  62  720000 1254000   240 9.97
1.217 0.0693 69.28 32.60  77  62  720000 1254000   240 9.97
1.219 0.0707 69.10 32.60  77  62  720000 1254000   240 9.97
1.221 0.0704 68.92 32.60  77  62  720000 1254000   240 9.97
1.223 0.0642 68.75 32.60  77  62  720000 1254000   240 9.97
1.225 0.0678 68.59 32.60  77  62  720000 1254000   240 9.97
1.227 0.0695 68.45 32.60  77  62  720000 1254000   240 9.97
1.228 0.0728 68.34 32.60  77  62  720000 1254000   240 9.97
1.230 0.0687 68.25 32.60  77  62  720000 1254000   240 9.97
1.232 0.0654 68.19 32.60  77  62  720000 1254000   240 9.97
1.234 0.0672 68.15 32.60  77  62  720000 1254000   240 9.97
1.236 0.0682 68.12 32.60  77  62  720000 1254000   240 9.97
1.238 0.0707 68.10 32.60  77  62  720000 1254000   240 9.97
1.240 0.0669 68.07 32.60  77  62  720000 1254000   240 9.97
1.242 0.0683 68.03 32.60  77  62  720000 1254000   240 9.97
1.243 0.0653 67.99 32.60  77  62  720000 1254000   240 9.97
1.245 0.0674 67.94 32.60  77  62  720000 1254000   240 9.97
1.247 0.0680 67.89 32.60  77  62  720000 1254000   240 9.97
1.249 0.0667 67.84 32.60  77  62  720000 1254000   240 9.97
1.251 0.0664 67.80 32.60  77  62  720000 1254000   240 9.97
1.253 0.0723 67.75 32.60  77  62  720000 1254000   240 9.97
1.255 0.0679 67.72 32.60  77  62  720000 1254000   240 9.97
1.257 0.0711 67.68 32.60  77  62  720000 1254000   240 9.97
1.258 0.0635 67.65 32.60  77  62  720000 1254000   240 9.97
1.260 0.0711 67.63 32.60  77  62  720000 1254000   240 9.97
1.262 0.0682 67.62 32.60  77  62  720000 1254000   240 9.97
1.264 0.0653 67.61 32.60  77  62  720000 1254000   240 9.97
1.266 0.0687 67.60 32.60  77  62  720000 1254000   240 9.97
1.268 0.0655 67.58 32.60  77  62  720000 1254000   240 9.97
1.270 0.0664 67.56 32.60  77  62  720000 1254000   240 9.97
1.272 0.0669 67.52 32.60  77  62  720000 1254000   240 9.97
1.273 0.0654 67.48 32.60  77  62  720000 1254000   240 9.97
1.275 0.0695 67.44 32.60  77  62  720000 1254000   240 9.97
1.277 0.0678 67.40 32.60  77  62  720000 1254000   240 9.97
1.279 0.0702 67.36 32.60  77  62  720000 1254000   240 9.97
1.281 0.0656 67.33 32.60  77  62  720000 1254000   240 9.97
1.283 0.0664 67.31 32.60  77  62  720000 1254000   240 9.97
1.285 0.0693 67.31 32.60  77  62  720000 1254000   240 9.97
1.287 0.0647 67.32 32.60  77  62  720000 1254000   240 9.97
1.288 0.0671 67.35 32.60  77  62  720000 1254000   240 9.97
1.290 0.0719 67.38 32.60  77  62  720000 1254000   240 9.97
1.292 0.0682 67.41 32.60  77  62  720000 1254000   240 9.97
1.294 0.0630 67.44 32.60  77  62  720000 1254000   240 9.97
1.296 0.0705 67.45 32.60  77  62  720000 1254000   240 9.97
1.298 0.0666 67.46 32.60  77  62  720000 1254000   240 9.97
1.300 0.0641 67.46 32.60  77  62  720000 1254000   240 9.97
1.301 0.0655 67.46 32.60  77  62  720000 1254000   240 9.97
1.303 0.0715 67.45 32.60  77  62  720000 1254000   240 9.97
1.305 0.0693 67.43 32.60  77  62  720000 1254000   240 9.97
1.307 0.0647 67.41 32.60  77  62  720000 1254000   240 9.97
1.309 0.0665 67.40 32.60  77  62  720000 1254000   240 9.97
1.311 0.0690 67.40 32.60  77  62  720000 1254000   240 9.97
1.313 0.0681 67.40 32.60  77  62  720000 1254000   240 9.97
1.315 0.0686 67.41 32.60  77  62  720000 1254000   240 9.97
1.316 0.0647 67.42 32.60  77  62  720000 1254000   240 9.97
1.318 0.0686 67.43 32.60  77  62  720000 1254000   240 9.97
1.320 0.0669 67.43 32.60  77  62  720000 1254000   240 9.97
1.322 0.0691 67.44 32.60  77  62  720000 1254000   240 9.97
1.324 0.0658 67.44 32.60  77  62  720000 1254000   240 9.97
1.326 0.0694 67.44 32.60  77  62  720000 1254000   240 9.97
1.328 0.0660 67.43 32.60  77  62  720000 1254000   240 9.97
1.330 0.0660 67.42 32.60  77  62  720000 1254000   240 9.97
1.331 0.0689 67.41 32.60  77  62  720000 1254000   240 9.97
1.333 0.0672 67.39 32.60  77  62  720000 1254000   240 9.97
1.335 0.0667 67.38 32.60  77  62  720000 1254000   240 9.97
1.337 0.0675 67.38 32.60  77  62  720000 1254000   240 9.97
1.339 0.0670 67.38 32.60  77  62  720000 1254000   240 9.97
1.341 0.0655 67.39 32.60  77  62  720000 1254000   240 9.97
1.343 0.0715 67.39 32.60  77  62  720000 1254000   240 9.97
1.345 0.0682 67.39 32.60  77  62  720000 1254000   240 9.97
1.346 0.0659 67.39 32.60  77  62  720000 1254000   240 9.97
1.348 0.0669 67.39 32.60  77  62  720000 1254000   240 9.97
1.350 0.0666 67.38 32.60  77  62  720000 1254000   240 9.97
1.352 0.0665 67.36 32.60  77  62  720000 1254000   240 9.97
1.354 0.0684 67.34 32.60  77  62  720000 1254000   240 9.97
1.356 0.0684 67.31 32.60  77  62  720000 1254000   240 9.97
1.358 0.0658 67.28 32.60  77  62  720000 1254000   240 9.97
1.360 0.0698 67.25 32.60  77  62  720000 1254000   240 9.97
1.361 0.0626 67.22 32.60  77  62  720000 1254000   240 9.97
1.363 0.0723 67.20 32.60  77  62  720000 1254000   240 9.97
1.365 0.0666 67.18 32.60  77  62  720000 1254000   240 9.97
1.367 0.0667 67.16 32.60  77  62  720000 1254000   240 9.97
1.369 0.0675 67.15 32.60  77  62  720000 1254000   240 9.97
1.371 0.0655 67.13 32.60  77  62  720000 1254000   240 9.97
1.373 0.0668 67.11 32.60  77  62  720000 1254000   240 9.97
1.375 0.0682 67.09 32.60  77  62  720000 1254000   240 9.97
1.376 0.0636 67.06 32.60  77  62  720000 1254000   240 9.97
1.378 0.0688 67.02 32.60  77  62  720000 1254000   240 9.97
1.380 0.0693 66.99 32.60  77  62  720000 1254000   240 9.97
1.382 0.0658 66.95 32.60  77  62  720000 1254000   240 9.97
1.384 0.0643 66.91 32.60  77  62  720000 1254000   240 9.97
1.386 0.0678 66.86 32.60  77  62  720000 1254000   240 9.97
1.388 0.0689 66.82 32.60  77  62  720000 1254000   240 9.97
1.390 0.0676 66.78 32.60  77  62  720000 1254000   240 9.97
1.391 0.0677 66.74 32.60  77  62  720000 1254000   240 9.97
1.393 0.0638 66.71 32.60  77  62  720000 1254000   240 9.97
1.395 0.0699 66.68 32.60  77  62  720000 1254000   240 9.97
1.397 0.0678 66.66 32.60  77  62  720000 1254000   240 9.97
1.399 0.0629 66.64 32.60  77  62  720000 1254000   240 9.97
1.401 0.0647 66.62 32.60  77  62  720000 1254000   240 9.97
1.403 0.0711 66.61 32.60  77  62  720000 1254000   240 9.97
1.404 0.0623 66.60 32.60  77  62  720000 1254000   240 9.97
1.406 0.0671 66.59 32.60  77  62  720000 1254000   240 9.97
1.408 0.0680 66.59 32.60  77  62  720000 1254000   240 9.97
1.410 0.0649 66.60 32.60  77  62  720000 1254000   240 9.97
1.412 0.0690 66.61 32.60  77  62  720000 1254000   240 9.97
1.414 0.0646 66.62 32.60  77  62  720000 1254000   240 9.97
1.416 0.0678 66.64 32.60  77  62  720000 1254000   240 9.97
1.418 0.0678 66.67 32.60  77  62  720000 1254000   240 9.97
1.419 0.0656 66.71 32.60  77  62  720000 1254000   240 9.97
1.421 0.0636 66.74 32.60  77  62  720000 1254000   240 9.97
1.423 0.0685 66.77 32.60  77  62  720000 1254000   240 9.97
1.425 0.0694 66.80 32.60  77  62  720000 1254000   240 9.97
1.427 0.0658 66.83 32.60  77  62  720000 1254000   240 9.97
1.429 0.0678 66.86 32.60  77  62  720000 1254000   240 9.97
1.431 0.0637 66.87 32.60  77  62  720000 1254000   240 9.97
1.433 0.0716 66.88 32.60  77  62  720000 1254000   240 9.97
1.434 0.0651 66.89 32.60  77  62  720000 1254000   240 9.97
1.436 0.0684 66.89 32.60  77  62  720000 1254000   240 9.97
1.438 0.0641 66.89 32.60  77  62  720000 1254000   240 9.97
1.440 0.0663 66.89 32.60  77  62  720000 1254000   240 9.97
1.442 0.0678 66.89 32.60  77  62  720000 1254000   240 9.97
1.444 0.0672 66.89 32.60  77  62  720000 1254000   240 9.97
1.446 0.0678 66.90 32.60  77  62  720000 1254000   240 9.97
1.448 0.0621 66.91 32.60  77  62  720000 1254000   240 9.97
1.449 0.0725 66.92 32.60  77  62  720000 1254000   240 9.97
1.451 0.0640 66.94 32.60  77  62  720000 1254000   240 9.97
1.453 0.0707 66.97 32.60  77  62  720000 1254000   240 9.97
1.455 0.0626 67.00 32.60  77  62  720000 1254000   240 9.97
1.457 0.0674 67.03 32.60  77  62  720000 1254000   240 9.97
1.459 0.0664 67.06 32.60  77  62  720000 1254000   240 9.97
1.461 0.0701 67.09 32.60  77  62  720000 1254000   240 9.97
1.463 0.0665 67.12 32.60  77  62  720000 1254000   240 9.97
1.464 0.0665 67.14 32.60  77  62  720000 1254000   240 9.97
1.466 0.0666 67.15 32.60  77  62  720000 1254000   240 9.97
1.468 0.0678 67.15 32.60  77  62  720000 1254000   240 9.97
1.470 0.0666 67.15 32.60  77  62  720000 1254000   240 9.97
1.472 0.0673 67.13 32.60  77  62  720000 1254000   240 9.97
1.474 0.0679 67.12 32.60  77  62  720000 1254000   240 9.97
1.476 0.0672 67.11 32.60  77  62  720000 1254000   240 9.97
1.478 0.0682 67.10 32.60  77  62  720000 1254000   240 9.97
1.479 0.0675 67.10 32.60  77  62  720000 1254000   240 9.97
1.481 0.0636 67.11 32.60  77  62  720000 1254000   240 9.97
1.483 0.0712 67.11 32.60  77  62  720000 1254000   240 9.97
1.485 0.0690 67.12 32.60  77  62  720000 1254000   240 9.97
1.487 0.0613 67.12 32.60  77  62  720000 1254000   240 9.97
1.489 0.0686 67.12 32.60  77  62  720000 1254000   240 9.97
1.491 0.0659 67.12 32.60  77  62  720000 1254000   240 9.97
1.493 0.0691 67.12 32.60  77  62  720000 1254000   240 9.97
1.494 0.0635 67.12 32.60  77  62  720000 1254000   240 9.97
1.496 0.0687 67.13 32.60  77  62  720000 1254000   240 9.97
1.498 0.0676 67.14 32.60  77  62  720000 1254000   240 9.97
1.500 0.0668 67.16 32.60  77  62  720000 1254000   240 9.97
1.502 0.0682 67.18 32.60  77  62  720000 1254000   240 9.97
1.504 0.0672 67.20 32.60  77  62  720000 1254000   240 9.97
1.506 0.0680 67.22 32.60  77  62  720000 1254000   240 9.97
1.507 0.0673 67.26 32.60  77  62  720000 1254000   240 9.97
1.509 0.0698 67.30 32.60  77  62  720000 1254000   240 9.97
1.511 0.0652 67.35 32.60  77  62  720000 1254000   240 9.97
1.513 0.0665 67.39 32.60  77  62  720000 1254000   240 9.97
1.515 0.0656 67.43 32.60  77  62  720000 1254000   240 9.97
1.517 0.0700 67.46 32.60  77  62  720000 1254000   240 9.97
1.519 0.0644 67.48 32.60  77  62  720000 1254000   240 9.97
1.521 0.0685 67.50 32.60  77  62  720000 1254000   240 9.97
1.522 0.0691 67.51 32.60  77  62  720000 1254000   240 9.97
1.524 0.0678 67.51 32.60  77  62  720000 1254000   240 9.97
1.526 0.0668 67.49 32.60  77  62  720000 1254000   240 9.97
1.528 0.0678 67.47 32.60  77  62  720000 1254000   240 9.97
1.530 0.0657 67.44 32.60  77  62  720000 1254000   240 9.97
1.532 0.0680 67.41 32.60  77  62  720000 1254000   240 9.97
1.534 0.0684 67.38 32.60  77  62  720000 1254000   240 9.97
1.536 0.0673 67.35 32.60  77  62  720000 1254000   240 9.97
1.537 0.0652 67.32 32.60  77  62  720000 1254000   240 9.97
1.539 0.0712 67.29 32.60  77  62  720000 1254000   240 9.97
1.541 0.0675 67.25 32.60  77  62  720000 1254000   240 9.97
1.543 0.0671 67.20 32.60  77  62  720000 1254000   240 9.97
1.545 0.0671 67.15 32.60  77  62  720000 1254000   240 9.97
1.547 0.0645 67.09 32.60  77  62  720000 1254000   240 9.97
1.549 0.0651 67.03 32.60  77  62  720000 1254000   240 9.97
1.551 0.0701 66.96 32.60  77  62  720000 1254000   240 9.97
1.552 0.0691 66.90 32.60  77  62  720000 1254000   240 9.97
1.554 0.0662 66.85 32.60  77  62  720000 1254000   240 9.97
1.556 0.0646 66.82 32.60  77  62  720000 1254000   240 9.97
1.558 0.0636 66.80 32.60  77  62  720000 1254000   240 9.97
1.560 0.0683 66.80 32.60  77  62  720000 1254000   240 9.97
1.562 0.0678 66.82 32.60  77  62  720000 1254000   240 9.97
1.564 0.0670 66.84 32.60  77  62  720000 1254000   240 9.97
1.566 0.0684 66.88 32.60  77  62  720000 1254000   240 9.97
1.567 0.0674 66.92 32.60  77  62  720000 1254000   240 9.97
1.569 0.0665 66.97 32.60  77  62  720000 1254000   240 9.97
1.571 0.0672 67.01 32.60  77  62  720000 1254000   240 9.97
1.573 0.0626 67.06 32.60  77  62  720000 1254000   240 9.97
1.575 0.0698 67.10 32.60  77  62  720000 1254000   240 9.97
1.577 0.0644 67.13 32.60  77  62  720000 1254000   240 9.97
1.579 0.0684 67.15 32.60  77  62  720000 1254000   240 9.97
1.581 0.0703 67.17 32.60  77  62  720000 1254000   240 9.97
1.582 0.0673 67.18 32.60  77  62  720000 1254000   240 9.97
1.584 0.0634 67.18 32.60  77  62  720000 1254000   240 9.97
1.586 0.0696 67.18 32.60  77  62  720000 1254000   240 9.97
1.588 0.0703 67.18 32.60  77  62  720000 1254000   240 9.97
1.590 0.0638 67.17 32.60  77  62  720000 1254000   240 9.97
1.592 0.0729 67.16 32.60  77  62  720000 1254000   240 9.97
1.594 0.0608 67.14 32.60  77  62  720000 1254000   240 9.97
1.596 0.0725 67.11 32.60  77  62  720000 1254000   240 9.97
1.597 0.0619 67.09 32.60  77  62  720000 1254000   240 9.97
1.599 0.0669 67.06 32.60  77  62  720000 1254000   240 9.97
1.601 0.0661 67.03 32.60  77  62  720000 1254000   240 9.97
1.603 0.0668 66.99 32.60  77  62  720000 1254000   240 9.97
1.605 0.0702 66.94 32.60  77  62  720000 1254000   240 9.97
1.607 0.0651 66.88 32.60  77  62  720000 1254000   240 9.97
1.609 0.0675 66.82 32.60  77  62  720000 1254000   240 9.97
1.610 0.0664 66.78 32.60  77  62  720000 1254000   240 9.97
1.612 0.0682 66.77 32.60  77  62  720000 1254000   240 9.97
1.614 0.0676 66.78 32.60  77  62  720000 1254000   240 9.97
1.616 0.0639 66.80 32.60  77  62  720000 1254000   240 9.97
1.618 0.0694 66.84 32.60  77  62  720000 1254000   240 9.97
1.620 0.0645 66.89 32.60  77  62  720000 1254000   240 9.97
1.622 0.0695 66.95 32.60  77  62  720000 1254000   240 9.97
1.624 0.0662 67.01 32.60  77  62  720000 1254000   240 9.97
1.625 0.0638 67.07 32.60  77  62  720000 1254000   240 9.97
1.627 0.0699 67.12 32.60  77  62  720000 1254000   240 9.97
1.629 0.0678 67.17 32.60  77  62  720000 1254000   240 9.97
1.631 0.0646 67.21 32.60  77  62  720000 1254000   240 9.97
1.633 0.0677 67.26 32.60  77  62  720000 1254000   240 9.97
1.635 0.0670 67.30 32.60  77  62  720000 1254000   240 9.97
1.637 0.0661 67.35 32.60  77  62  720000 1254000   240 9.97
1.639 0.0698 67.41 32.60  77  62  720000 1254000   240 9.97
1.640 0.0646 67.48 32.60  77  62  720000 1254000   240 9.97
1.642 0.0721 67.57 32.60  77  62  720000 1254000   240 9.97
1.644 0.0720 67.67 32.60  77  62  720000 1254000   240 9.97
1.646 0.0657 67.77 32.60  77  62  720000 1254000   240 9.97
1.648 0.0645 67.87 32.60  77  62  720000 1254000   240 9.97
1.650 0.0661 67.98 32.60  77  62  720000 1254000   240 9.97
1.652 0.0702 68.08 32.60  77  62  720000 1254000   240 9.97
1.654 0.0673 68.18 32.60  77  62  720000 1254000   240 9.97
1.656 0.0698 68.28 32.60  77  62  720000 1254000   240 9.97
1.658 0.0670 68.38 32.60  77  62  720000 1254000   240 9.97
1.660 0.0667 68.49 32.60  77  62  720000 1254000   240 9.97
1.663 0.0684 68.59 32.60  77  62  720000 1254000   240 9.97
1.665 0.0701 68.69 32.60  77  62  720000 1254000   240 9.97
1.668 0.0708 68.80 32.60  77  62  720000 1254000   240 9.97
1.671 0.0673 68.92 32.60  77  62  720000 1254000   240 9.97
1.673 0.0686 69.04 32.60  77  62  720000 1254000   240 9.97
1.676 0.0708 69.18 32.60  77  62  720000 1254000   240 9.97
1.680 0.0708 69.34 32.60  77  62  720000 1254000   240 9.97
1.683 0.0697 69.52 32.60  77  62  720000 1254000   240 9.97
1.686 0.0691 69.72 32.60  77  62  720000 1254000   240 9.97
1.690 0.0698 69.93 32.60  77  62  720000 1254000   240 9.97
1.693 0.0711 70.15 32.60  77  62  720000 1254000   240 9.97
1.697 0.0695 70.39 32.60  77  62  720000 1254000   240 9.97
1.701 0.0706 70.64 32.60  77  62  720000 1254000   240 9.97
1.705 0.0698 70.92 32.60  77  62  720000 1254000   240 9.97
1.709 0.0723 71.25 32.60  77  62  720000 1254000   240 9.97
1.714 0.0734 71.63 32.60  77  62  720000 1254000   240 9.97
1.718 0.0715 72.08 32.60  77  62  720000 1254000   240 9.97
1.723 0.0729 72.63 32.60  77  62  720000 1254000   240 9.97
1.728 0.0717 73.27 32.60  77  62  720000 1254000   240 9.97
1.733 0.0751 74.04 32.60  77  62  720000 1254000   240 9.97
1.739 0.0737 74.94 32.60  77  62  720000 1254000   240 9.97
1.745 0.0756 75.98 32.60  77  62  720000 1254000   240 9.97
1.751 0.0784 77.19 32.60  77  62  720000 1254000   240 9.97
1.757 0.0771 78.54 32.60  77  62  720000 1254000   240 9.97
1.763 0.0796 80.05 32.60  77  62  720000 1254000   240 9.97
1.770 0.0814 81.72 32.60  77  62  720000 1254000   240 9.97
1.777 0.0778 83.52 32.60  77  62  720000 1254000   240 9.97
1.784 0.0818 85.44 32.60  77  62  720000 1254000   240 9.97
1.792 0.0863 87.45 32.60  77  62  720000 1254000   240 9.97
1.800 0.0879 89.51 32.60  77  62  720000 1254000   240 9.97
1.808 0.0915 91.58 32.60  77  62  720000 1254000   240 9.97
1.817 0.0914 93.63 32.60  77  62  720000 1254000   240 9.97
1.826 0.0950 95.60 32.60  77  62  720000 1254000   240 9.97
1.835 0.0981 97.43 32.60  77  62  720000 1254000   240 9.97
1.845 0.0985 99.08 32.60  77  62  720000 1254000   240 9.97
1.854 0.1033 100.50 32.60  77  62  720000 1254000   240 9.97
1.863 0.1053 101.67 32.60  77  62  720000 1254000   240 9.97
1.873 0.1073 102.55 32.60  77  62  720000 1254000   240 9.97
1.882 0.1053 103.13 32.60  77  62  720000 1254000   240 9.97
1.891 0.1075 103.41 32.60  77  62  720000 1254000   240 9.97
1.901 0.1084 103.40 32.60  77  62  720000 1254000   240 9.97
1.910 0.1102 103.12 32.60  77  62  720000 1254000   240 9.97
1.919 0.1076 102.60 32.60  77  62  720000 1254000   240 9.97
1.929 0.1060 101.88 32.60  77  62  720000 1254000   240 9.97
1.938 0.1050 101.01 32.60  77  62  720000 1254000   240 9.97
1.948 0.1020 100.07 32.60  77  62  720000 1254000   240 9.97
1.957 0.0992 99.12 32.60  77  62  720000 1254000   240 9.97
1.966 0.0986 98.25 32.60  77  62  720000 1254000   240 9.97
1.976 0.0945 97.58 32.60  77  62  720000 1254000   240 9.97
1.985 0.0953 97.20 32.60  77  62  720000 1254000   240 9.97
1.994 0.0922 97.21 32.60  77  62  720000 1254000   240 9.97
2.004 0.0921 97.68 32.60  77  62  720000 1254000   240 9.97
2.013 0.0952 98.70 32.60  77  62  720000 1254000   240 9.97
2.022 0.0955 100.33 32.60  77  62  720000 1254000   240 9.97
2.032 0.0986 102.60 32.60  77  62  720000 1254000   240 9.97
2.041 0.0999 105.53 32.60  77  62  720000 1254000   240 9.97
2.051 0.1052 109.14 32.60  77  62  720000 1254000   240 9.97
2.060 0.1093 113.40 32.60  77  62  720000 1254000   240 9.97
2.069 0.1124 118.27 32.60  77  62  720000 1254000   240 9.97
2.079 0.1195 123.70 32.60  77  62  720000 1254000   240 9.97
2.088 0.1268 129.62 32.60  77  62  720000 1254000   240 9.97
2.097 0.1315 135.93 32.60  77  62  720000 1254000   240 9.97
2.107 0.1412 142.52 32.60  77  62  720000 1254000   240 9.97
2.116 0.1488 149.27 32.60  77  62  720000 1254000   240 9.97
2.125 0.1605 156.07 32.60  77  62  720000 1254000   240 9.97
2.135 0.1680 162.79 32.60  77  62  720000 1254000   240 9.97
2.144 0.1778 169.35 32.60  77  62  720000 1254000   240 9.97
2.154 0.1840 175.65 32.60  77  62  720000 1254000   240 9.97
2.163 0.1945 181.69 32.60  77  62  720000 1254000   240 9.97
2.172 0.1961 187.47 32.60  77  62  720000 1254000   240 9.97
2.182 0.2031 193.22 32.60  77  62  720000 1254000   240 9.97
2.191 0.2058 200.10 32.60  77  62  720000 1254000   240 9.97
2.200 0.2177 210.63 32.60  77  62  720000 1254000   240 9.97
2.210 0.2204 222.48 32.60  77  62  720000 1254000   240 9.97
2.219 0.2249 234.24 32.60  77  62  720000 1254000   240 9.97
2.228 0.2346 245.36 32.60  77  62  720000 1254000   240 9.97
2.238 0.2345 255.66 32.60  77  62  720000 1254000   240 9.97
2.247 0.2419 265.09 32.60  77  62  720000 1254000   240 9.97
2.257 0.2473 273.67 32.60  77  62  720000 1254000   240 9.97
2.266 0.2508 281.47 32.60  77  62  720000 1254000   240 9.97
2.275 0.2636 288.52 32.60  77  62  720000 1254000   240 9.97
2.285 0.2696 294.88 32.60  77  62  720000 1254000   240 9.97
2.294 0.2855 300.61 32.60  77  62  720000 1254000   240 9.97
2.303 0.3057 305.75 32.60  77  62  720000 1254000   240 9.97
2.313 0.3232 310.31 32.60  77  62  720000 1254000   240 9.97
2.322 0.3575 314.34 32.60  77  62  720000 1254000   240 9.97
2.331 0.3815 317.84 32.60  77  62  720000 1254000   240 9.97
2.341 0.4219 320.82 32.60  77  62  720000 1254000   240 9.97
2.350 0.4592 323.27 32.60  77  62  720000 1254000   240 9.97
2.360 0.4804 325.16 32.60  77  62  720000 1254000   240 9.97
2.369 0.5281 326.48 32.60  77  62  720000 1254000   240 9.97
2.378 0.5562 327.17 32.60  77  62  720000 1254000   240 9.97
2.388 0.0000 327.18 32.60  77  62  720000 1254000   240 9.97
2.397 0.0000 326.43 32.60  77  62  720000 1254000   240 9.97
