     x     qy smooth tpara  cd  zL     xTr    xCpl frame tma
-3.185 0.3138 267.68 22.00  87  62 1070000 1406000   240 9.80
-3.170 0.3175 251.06 22.00  87  62 1070000 1406000   240 9.80
-3.155 0.2241 235.26 22.00  87  62 1070000 1406000   240 9.80
-3.140 0.2204 220.26 22.00  87  62 1070000 1406000   240 9.80
-3.125 0.1863 206.03 22.00  87  62 1070000 1406000   240 9.80
-3.110 0.1732 192.57 22.00  87  62 1070000 1406000   240 9.80
-3.095 0.1471 179.84 22.00  87  62 1070000 1406000   240 9.80
-3.080 0.1418 167.85 22.00  87  62 1070000 1406000   240 9.80
-3.065 0.1307 156.58 22.00  87  62 1070000 1406000   240 9.80
-3.051 0.1247 146.01 22.00  87  62 1070000 1406000   240 9.80
-3.036 0.1155 136.14 22.00  87  62 1070000 1406000   240 9.80
-3.021 0.1108 126.96 22.00  87  62 1070000 1406000   240 9.80
-3.006 0.1045 118.48 22.00  87  62 1070000 1406000   240 9.80
-2.991 0.1006 110.69 22.00  87  62 1070000 1406000   240 9.80
-2.976 0.0993 103.60 22.00  87  62 1070000 1406000   240 9.80
-2.961 0.0932 97.23 22.00  87  62 1070000 1406000   240 9.80
-2.946 0.0914 91.60 22.00  87  62 1070000 1406000   240 9.80
-2.932 0.0889 86.73 22.00  87  62 1070000 1406000   240 9.80
-2.917 0.0865 82.67 22.00  87  62 1070000 1406000   240 9.80
-2.902 0.0847 79.46 22.00  87  62 1070000 1406000   240 9.80
-2.887 0.0804 77.16 22.00  87  62 1070000 1406000   240 9.80
-2.872 0.0796 75.79 22.00  87  62 1070000 1406000   240 9.80
-2.857 0.0778 75.20 22.00  87  62 1070000 1406000   240 9.80
-2.842 0.0758 74.72 22.00  87  62 1070000 1406000   240 9.80
-2.827 0.0759 73.54 22.00  87  62 1070000 1406000   240 9.80
-2.812 0.0735 72.36 22.00  87  62 1070000 1406000   240 9.80
-2.798 0.0718 71.19 22.00  87  62 1070000 1406000   240 9.80
-2.783 0.0712 70.05 22.00  87  62 1070000 1406000   240 9.80
-2.768 0.0702 68.95 22.00  87  62 1070000 1406000   240 9.80
-2.753 0.0677 67.92 22.00  87  62 1070000 1406000   240 9.80
-2.738 0.0684 66.94 22.00  87  62 1070000 1406000   240 9.80
-2.723 0.0661 66.04 22.00  87  62 1070000 1406000   240 9.80
-2.708 0.0663 65.20 22.00  87  62 1070000 1406000   240 9.80
-2.693 0.0643 64.45 22.00  87  62 1070000 1406000   240 9.80
-2.679 0.0630 63.77 22.00  87  62 1070000 1406000   240 9.80
-2.664 0.0619 63.18 22.00  87  62 1070000 1406000   240 9.80
-2.649 0.0621 62.65 22.00  87  62 1070000 1406000   240 9.80
-2.634 0.0626 62.19 22.00  87  62 1070000 1406000   240 9.80
-2.619 0.0595 61.80 22.00  87  62 1070000 1406000   240 9.80
-2.604 0.0607 61.47 22.00  87  62 1070000 1406000   240 9.80
-2.589 0.0609 61.18 22.00  87  62 1070000 1406000   240 9.80
-2.574 0.0614 60.95 22.00  87  62 1070000 1406000   240 9.80
-2.560 0.0606 60.75 22.00  87  62 1070000 1406000   240 9.80
-2.545 0.0616 60.60 22.00  87  62 1070000 1406000   240 9.80
-2.530 0.0601 60.48 22.00  87  62 1070000 1406000   240 9.80
-2.515 0.0611 60.39 22.00  87  62 1070000 1406000   240 9.80
-2.500 0.0609 60.31 22.00  87  62 1070000 1406000   240 9.80
-2.485 0.0607 60.25 22.00  87  62 1070000 1406000   240 9.80
-2.470 0.0608 60.19 22.00  87  62 1070000 1406000   240 9.80
-2.455 0.0616 60.11 22.00  87  62 1070000 1406000   240 9.80
-2.440 0.0606 60.03 22.00  87  62 1070000 1406000   240 9.80
-2.426 0.0602 59.93 22.00  87  62 1070000 1406000   240 9.80
-2.411 0.0598 59.83 22.00  87  62 1070000 1406000   240 9.80
-2.396 0.0600 59.70 22.00  87  62 1070000 1406000   240 9.80
-2.381 0.0591 59.57 22.00  87  62 1070000 1406000   240 9.80
-2.366 0.0595 59.44 22.00  87  62 1070000 1406000   240 9.80
-2.351 0.0586 59.30 22.00  87  62 1070000 1406000   240 9.80
-2.336 0.0586 59.17 22.00  87  62 1070000 1406000   240 9.80
-2.321 0.0596 59.05 22.00  87  62 1070000 1406000   240 9.80
-2.307 0.0581 58.93 22.00  87  62 1070000 1406000   240 9.80
-2.292 0.0586 58.82 22.00  87  62 1070000 1406000   240 9.80
-2.277 0.0595 58.73 22.00  87  62 1070000 1406000   240 9.80
-2.262 0.0591 58.64 22.00  87  62 1070000 1406000   240 9.80
-2.247 0.0582 58.57 22.00  87  62 1070000 1406000   240 9.80
-2.232 0.0574 58.51 22.00  87  62 1070000 1406000   240 9.80
-2.217 0.0573 58.45 22.00  87  62 1070000 1406000   240 9.80
-2.202 0.0578 58.41 22.00  87  62 1070000 1406000   240 9.80
-2.188 0.0596 58.38 22.00  87  62 1070000 1406000   240 9.80
-2.173 0.0576 58.36 22.00  87  62 1070000 1406000   240 9.80
-2.158 0.0603 58.34 22.00  87  62 1070000 1406000   240 9.80
-2.143 0.0595 58.33 22.00  87  62 1070000 1406000   240 9.80
-2.128 0.0589 58.33 22.00  87  62 1070000 1406000   240 9.80
-2.113 0.0579 58.33 22.00  87  62 1070000 1406000   240 9.80
-2.098 0.0577 58.34 22.00  87  62 1070000 1406000   240 9.80
-2.083 0.0584 58.35 22.00  87  62 1070000 1406000   240 9.80
-2.068 0.0581 58.36 22.00  87  62 1070000 1406000   240 9.80
-2.054 0.0572 58.36 22.00  87  62 1070000 1406000   240 9.80
-2.039 0.0577 58.35 22.00  87  62 1070000 1406000   240 9.80
-2.024 0.0589 58.34 22.00  87  62 1070000 1406000   240 9.80
-2.009 0.0577 58.31 22.00  87  62 1070000 1406000   240 9.80
-1.994 0.0582 58.26 22.00  87  62 1070000 1406000   240 9.80
-1.979 0.0582 58.20 22.00  87  62 1070000 1406000   240 9.80
-1.964 0.0585 58.12 22.00  87  62 1070000 1406000   240 9.80
-1.949 0.0586 58.04 22.00  87  62 1070000 1406000   240 9.80
-1.935 0.0583 57.94 22.00  87  62 1070000 1406000   240 9.80
-1.920 0.0580 57.84 22.00  87  62 1070000 1406000   240 9.80
-1.905 0.0587 57.74 22.00  87  62 1070000 1406000   240 9.80
-1.890 0.0580 57.65 22.00  87  62 1070000 1406000   240 9.80
-1.875 0.0576 57.55 22.00  87  62 1070000 1406000   240 9.80
-1.860 0.0577 57.46 22.00  87  62 1070000 1406000   240 9.80
-1.845 0.0578 57.36 22.00  87  62 1070000 1406000   240 9.80
-1.830 0.0573 57.27 22.00  87  62 1070000 1406000   240 9.80
-1.815 0.0564 57.17 22.00  87  62 1070000 1406000   240 9.80
-1.801 0.0565 57.08 22.00  87  62 1070000 1406000   240 9.80
-1.786 0.0560 56.99 22.00  87  62 1070000 1406000   240 9.80
-1.771 0.0562 56.92 22.00  87  62 1070000 1406000   240 9.80
-1.756 0.0568 56.85 22.00  87  62 1070000 1406000   240 9.80
-1.741 0.0563 56.79 22.00  87  62 1070000 1406000   240 9.80
-1.726 0.0563 56.75 22.00  87  62 1070000 1406000   240 9.80
-1.711 0.0564 56.71 22.00  87  62 1070000 1406000   240 9.80
-1.696 0.0575 56.68 22.00  87  62 1070000 1406000   240 9.80
-1.682 0.0564 56.66 22.00  87  62 1070000 1406000   240 9.80
-1.667 0.0575 56.64 22.00  87  62 1070000 1406000   240 9.80
-1.652 0.0569 56.62 22.00  87  62 1070000 1406000   240 9.80
-1.637 0.0566 56.61 22.00  87  62 1070000 1406000   240 9.80
-1.622 0.0569 56.59 22.00  87  62 1070000 1406000   240 9.80
-1.607 0.0566 56.56 22.00  87  62 1070000 1406000   240 9.80
-1.592 0.0564 56.52 22.00  87  62 1070000 1406000   240 9.80
-1.577 0.0568 56.47 22.00  87  62 1070000 1406000   240 9.80
-1.562 0.0577 56.41 22.00  87  62 1070000 1406000   240 9.80
-1.548 0.0558 56.34 22.00  87  62 1070000 1406000   240 9.80
-1.533 0.0564 56.26 22.00  87  62 1070000 1406000   240 9.80
-1.518 0.0556 56.16 22.00  87  62 1070000 1406000   240 9.80
-1.503 0.0555 56.06 22.00  87  62 1070000 1406000   240 9.80
-1.488 0.0570 55.95 22.00  87  62 1070000 1406000   240 9.80
-1.473 0.0553 55.84 22.00  87  62 1070000 1406000   240 9.80
-1.458 0.0549 55.72 22.00  87  62 1070000 1406000   240 9.80
-1.443 0.0553 55.60 22.00  87  62 1070000 1406000   240 9.80
-1.429 0.0556 55.49 22.00  87  62 1070000 1406000   240 9.80
-1.414 0.0550 55.37 22.00  87  62 1070000 1406000   240 9.80
-1.399 0.0562 55.26 22.00  87  62 1070000 1406000   240 9.80
-1.384 0.0556 55.14 22.00  87  62 1070000 1406000   240 9.80
-1.369 0.0546 55.02 22.00  87  62 1070000 1406000   240 9.80
-1.354 0.0541 54.90 22.00  87  62 1070000 1406000   240 9.80
-1.339 0.0545 54.77 22.00  87  62 1070000 1406000   240 9.80
-1.324 0.0554 54.64 22.00  87  62 1070000 1406000   240 9.80
-1.310 0.0553 54.51 22.00  87  62 1070000 1406000   240 9.80
-1.295 0.0552 54.39 22.00  87  62 1070000 1406000   240 9.80
-1.280 0.0535 54.26 22.00  87  62 1070000 1406000   240 9.80
-1.265 0.0544 54.14 22.00  87  62 1070000 1406000   240 9.80
-1.250 0.0536 54.03 22.00  87  62 1070000 1406000   240 9.80
-1.235 0.0546 53.92 22.00  87  62 1070000 1406000   240 9.80
-1.220 0.0533 53.82 22.00  87  62 1070000 1406000   240 9.80
-1.205 0.0531 53.72 22.00  87  62 1070000 1406000   240 9.80
-1.190 0.0540 53.63 22.00  87  62 1070000 1406000   240 9.80
-1.176 0.0534 53.55 22.00  87  62 1070000 1406000   240 9.80
-1.161 0.0533 53.47 22.00  87  62 1070000 1406000   240 9.80
-1.146 0.0533 53.40 22.00  87  62 1070000 1406000   240 9.80
-1.131 0.0526 53.34 22.00  87  62 1070000 1406000   240 9.80
-1.116 0.0528 53.28 22.00  87  62 1070000 1406000   240 9.80
-1.101 0.0526 53.23 22.00  87  62 1070000 1406000   240 9.80
-1.086 0.0532 53.18 22.00  87  62 1070000 1406000   240 9.80
-1.071 0.0541 53.14 22.00  87  62 1070000 1406000   240 9.80
-1.057 0.0535 53.10 22.00  87  62 1070000 1406000   240 9.80
-1.042 0.0536 53.06 22.00  87  62 1070000 1406000   240 9.80
-1.027 0.0535 53.02 22.00  87  62 1070000 1406000   240 9.80
-1.012 0.0528 52.98 22.00  87  62 1070000 1406000   240 9.80
-0.997 0.0532 52.93 22.00  87  62 1070000 1406000   240 9.80
-0.982 0.0533 52.88 22.00  87  62 1070000 1406000   240 9.80
-0.967 0.0527 52.82 22.00  87  62 1070000 1406000   240 9.80
-0.952 0.0520 52.75 22.00  87  62 1070000 1406000   240 9.80
-0.938 0.0528 52.68 22.00  87  62 1070000 1406000   240 9.80
-0.923 0.0524 52.60 22.00  87  62 1070000 1406000   240 9.80
-0.908 0.0521 52.52 22.00  87  62 1070000 1406000   240 9.80
-0.893 0.0523 52.43 22.00  87  62 1070000 1406000   240 9.80
-0.878 0.0528 52.34 22.00  87  62 1070000 1406000   240 9.80
-0.863 0.0534 52.24 22.00  87  62 1070000 1406000   240 9.80
-0.848 0.0517 52.14 22.00  87  62 1070000 1406000   240 9.80
-0.833 0.0515 52.04 22.00  87  62 1070000 1406000   240 9.80
-0.818 0.0520 51.95 22.00  87  62 1070000 1406000   240 9.80
-0.804 0.0513 51.85 22.00  87  62 1070000 1406000   240 9.80
-0.789 0.0515 51.76 22.00  87  62 1070000 1406000   240 9.80
-0.774 0.0524 51.68 22.00  87  62 1070000 1406000   240 9.80
-0.759 0.0515 51.61 22.00  87  62 1070000 1406000   240 9.80
-0.744 0.0521 51.54 22.00  87  62 1070000 1406000   240 9.80
-0.729 0.0509 51.48 22.00  87  62 1070000 1406000   240 9.80
-0.714 0.0514 51.43 22.00  87  62 1070000 1406000   240 9.80
-0.699 0.0523 51.38 22.00  87  62 1070000 1406000   240 9.80
-0.685 0.0511 51.35 22.00  87  62 1070000 1406000   240 9.80
-0.670 0.0518 51.32 22.00  87  62 1070000 1406000   240 9.80
-0.655 0.0508 51.31 22.00  87  62 1070000 1406000   240 9.80
-0.640 0.0503 51.31 22.00  87  62 1070000 1406000   240 9.80
-0.625 0.0513 51.32 22.00  87  62 1070000 1406000   240 9.80
-0.610 0.0509 51.34 22.00  87  62 1070000 1406000   240 9.80
-0.595 0.0515 51.36 22.00  87  62 1070000 1406000   240 9.80
-0.580 0.0508 51.39 22.00  87  62 1070000 1406000   240 9.80
-0.565 0.0512 51.43 22.00  87  62 1070000 1406000   240 9.80
-0.551 0.0524 51.48 22.00  87  62 1070000 1406000   240 9.80
-0.536 0.0515 51.52 22.00  87  62 1070000 1406000   240 9.80
-0.521 0.0519 51.57 22.00  87  62 1070000 1406000   240 9.80
-0.506 0.0516 51.62 22.00  87  62 1070000 1406000   240 9.80
-0.491 0.0511 51.68 22.00  87  62 1070000 1406000   240 9.80
-0.477 0.0523 51.73 22.00  87  62 1070000 1406000   240 9.80
-0.463 0.0529 51.78 22.00  87  62 1070000 1406000   240 9.80
-0.450 0.0513 51.82 22.00  87  62 1070000 1406000   240 9.80
-0.437 0.0517 51.86 22.00  87  62 1070000 1406000   240 9.80
-0.425 0.0517 51.89 22.00  87  62 1070000 1406000   240 9.80
-0.414 0.0525 51.92 22.00  87  62 1070000 1406000   240 9.80
-0.402 0.0521 51.95 22.00  87  62 1070000 1406000   240 9.80
-0.392 0.0516 51.98 22.00  87  62 1070000 1406000   240 9.80
-0.381 0.0525 52.01 22.00  87  62 1070000 1406000   240 9.80
-0.372 0.0511 52.05 22.00  87  62 1070000 1406000   240 9.80
-0.362 0.0523 52.08 22.00  87  62 1070000 1406000   240 9.80
-0.353 0.0528 52.13 22.00  87  62 1070000 1406000   240 9.80
-0.344 0.0526 52.18 22.00  87  62 1070000 1406000   240 9.80
-0.336 0.0524 52.23 22.00  87  62 1070000 1406000   240 9.80
-0.328 0.0495 52.30 22.00  87  62 1070000 1406000   240 9.80
-0.320 0.0527 52.37 22.00  87  62 1070000 1406000   240 9.80
-0.313 0.0537 52.45 22.00  87  62 1070000 1406000   240 9.80
-0.306 0.0514 52.53 22.00  87  62 1070000 1406000   240 9.80
-0.299 0.0526 52.61 22.00  87  62 1070000 1406000   240 9.80
-0.292 0.0526 52.69 22.00  87  62 1070000 1406000   240 9.80
-0.286 0.0530 52.75 22.00  87  62 1070000 1406000   240 9.80
-0.280 0.0526 52.79 22.00  87  62 1070000 1406000   240 9.80
-0.274 0.0537 52.83 22.00  87  62 1070000 1406000   240 9.80
-0.269 0.0524 52.86 22.00  87  62 1070000 1406000   240 9.80
-0.264 0.0543 52.87 22.00  87  62 1070000 1406000   240 9.80
-0.258 0.0534 52.88 22.00  87  62 1070000 1406000   240 9.80
-0.254 0.0524 52.89 22.00  87  62 1070000 1406000   240 9.80
-0.249 0.0530 52.89 22.00  87  62 1070000 1406000   240 9.80
-0.244 0.0521 52.88 22.00  87  62 1070000 1406000   240 9.80
-0.240 0.0523 52.87 22.00  87  62 1070000 1406000   240 9.80
-0.236 0.0557 52.85 22.00  87  62 1070000 1406000   240 9.80
-0.232 0.0517 52.81 22.00  87  62 1070000 1406000   240 9.80
-0.228 0.0528 52.77 22.00  87  62 1070000 1406000   240 9.80
-0.225 0.0531 52.71 22.00  87  62 1070000 1406000   240 9.80
-0.221 0.0532 52.65 22.00  87  62 1070000 1406000   240 9.80
-0.218 0.0506 52.57 22.00  87  62 1070000 1406000   240 9.80
-0.214 0.0508 52.49 22.00  87  62 1070000 1406000   240 9.80
-0.211 0.0508 52.41 22.00  87  62 1070000 1406000   240 9.80
-0.208 0.0515 52.33 22.00  87  62 1070000 1406000   240 9.80
-0.205 0.0562 52.25 22.00  87  62 1070000 1406000   240 9.80
-0.202 0.0526 52.19 22.00  87  62 1070000 1406000   240 9.80
-0.199 0.0527 52.13 22.00  87  62 1070000 1406000   240 9.80
-0.196 0.0533 52.08 22.00  87  62 1070000 1406000   240 9.80
-0.193 0.0502 52.04 22.00  87  62 1070000 1406000   240 9.80
-0.190 0.0521 52.00 22.00  87  62 1070000 1406000   240 9.80
-0.188 0.0539 51.97 22.00  87  62 1070000 1406000   240 9.80
-0.185 0.0521 51.95 22.00  87  62 1070000 1406000   240 9.80
-0.182 0.0481 51.94 22.00  87  62 1070000 1406000   240 9.80
-0.179 0.0530 51.92 22.00  87  62 1070000 1406000   240 9.80
-0.176 0.0498 51.91 22.00  87  62 1070000 1406000   240 9.80
-0.173 0.0530 51.91 22.00  87  62 1070000 1406000   240 9.80
-0.170 0.0536 51.90 22.00  87  62 1070000 1406000   240 9.80
-0.167 0.0505 51.89 22.00  87  62 1070000 1406000   240 9.80
-0.164 0.0504 51.88 22.00  87  62 1070000 1406000   240 9.80
-0.161 0.0522 51.86 22.00  87  62 1070000 1406000   240 9.80
-0.158 0.0512 51.83 22.00  87  62 1070000 1406000   240 9.80
-0.155 0.0562 51.81 22.00  87  62 1070000 1406000   240 9.80
-0.152 0.0514 51.79 22.00  87  62 1070000 1406000   240 9.80
-0.149 0.0495 51.77 22.00  87  62 1070000 1406000   240 9.80
-0.146 0.0506 51.76 22.00  87  62 1070000 1406000   240 9.80
-0.143 0.0559 51.74 22.00  87  62 1070000 1406000   240 9.80
-0.140 0.0500 51.72 22.00  87  62 1070000 1406000   240 9.80
-0.137 0.0493 51.68 22.00  87  62 1070000 1406000   240 9.80
-0.134 0.0549 51.63 22.00  87  62 1070000 1406000   240 9.80
-0.131 0.0517 51.56 22.00  87  62 1070000 1406000   240 9.80
-0.128 0.0506 51.47 22.00  87  62 1070000 1406000   240 9.80
-0.125 0.0518 51.37 22.00  87  62 1070000 1406000   240 9.80
-0.122 0.0492 51.25 22.00  87  62 1070000 1406000   240 9.80
-0.119 0.0516 51.12 22.00  87  62 1070000 1406000   240 9.80
-0.116 0.0518 51.00 22.00  87  62 1070000 1406000   240 9.80
-0.113 0.0547 50.88 22.00  87  62 1070000 1406000   240 9.80
-0.110 0.0443 50.77 22.00  87  62 1070000 1406000   240 9.80
-0.107 0.0506 50.66 22.00  87  62 1070000 1406000   240 9.80
-0.104 0.0516 50.55 22.00  87  62 1070000 1406000   240 9.80
-0.101 0.0518 50.46 22.00  87  62 1070000 1406000   240 9.80
-0.098 0.0554 50.39 22.00  87  62 1070000 1406000   240 9.80
-0.095 0.0470 50.33 22.00  87  62 1070000 1406000   240 9.80
-0.092 0.0473 50.28 22.00  87  62 1070000 1406000   240 9.80
-0.089 0.0517 50.23 22.00  87  62 1070000 1406000   240 9.80
-0.086 0.0529 50.17 22.00  87  62 1070000 1406000   240 9.80
-0.083 0.0445 50.11 22.00  87  62 1070000 1406000   240 9.80
-0.080 0.0528 50.05 22.00  87  62 1070000 1406000   240 9.80
-0.077 0.0477 49.97 22.00  87  62 1070000 1406000   240 9.80
-0.074 0.0493 49.87 22.00  87  62 1070000 1406000   240 9.80
-0.071 0.0477 49.76 22.00  87  62 1070000 1406000   240 9.80
-0.068 0.0552 49.63 22.00  87  62 1070000 1406000   240 9.80
-0.065 0.0485 49.48 22.00  87  62 1070000 1406000   240 9.80
-0.062 0.0506 49.32 22.00  87  62 1070000 1406000   240 9.80
-0.060 0.0482 49.15 22.00  87  62 1070000 1406000   240 9.80
-0.057 0.0512 48.98 22.00  87  62 1070000 1406000   240 9.80
-0.054 0.0467 48.80 22.00  87  62 1070000 1406000   240 9.80
-0.051 0.0485 48.62 22.00  87  62 1070000 1406000   240 9.80
-0.048 0.0515 48.43 22.00  87  62 1070000 1406000   240 9.80
-0.045 0.0471 48.23 22.00  87  62 1070000 1406000   240 9.80
-0.042 0.0522 48.02 22.00  87  62 1070000 1406000   240 9.80
-0.039 0.0423 47.79 22.00  87  62 1070000 1406000   240 9.80
-0.036 0.0441 47.53 22.00  87  62 1070000 1406000   240 9.80
-0.033 0.0484 47.25 22.00  87  62 1070000 1406000   240 9.80
-0.030 0.0469 46.94 22.00  87  62 1070000 1406000   240 9.80
-0.027 0.0477 46.61 22.00  87  62 1070000 1406000   240 9.80
-0.024 0.0470 46.27 22.00  87  62 1070000 1406000   240 9.80
-0.021 0.0446 45.92 22.00  87  62 1070000 1406000   240 9.80
-0.018 0.0450 45.57 22.00  87  62 1070000 1406000   240 9.80
-0.015 0.0454 45.23 22.00  87  62 1070000 1406000   240 9.80
-0.012 0.0461 44.90 22.00  87  62 1070000 1406000   240 9.80
-0.009 0.0481 44.57 22.00  87  62 1070000 1406000   240 9.80
-0.006 0.0427 44.25 22.00  87  62 1070000 1406000   240 9.80
-0.003 0.0447 43.93 22.00  87  62 1070000 1406000   240 9.80
0.000 0.0465 43.61 22.00  87  62 1070000 1406000   240 9.80
0.003 0.0396 43.30 22.00  87  62 1070000 1406000   240 9.80
0.006 0.0415 42.97 22.00  87  62 1070000 1406000   240 9.80
0.009 0.0421 42.65 22.00  87  62 1070000 1406000   240 9.80
0.012 0.0440 42.31 22.00  87  62 1070000 1406000   240 9.80
0.015 0.0417 41.97 22.00  87  62 1070000 1406000   240 9.80
0.018 0.0380 41.62 22.00  87  62 1070000 1406000   240 9.80
0.021 0.0419 41.27 22.00  87  62 1070000 1406000   240 9.80
0.024 0.0404 40.92 22.00  87  62 1070000 1406000   240 9.80
0.027 0.0417 40.59 22.00  87  62 1070000 1406000   240 9.80
0.030 0.0421 40.28 22.00  87  62 1070000 1406000   240 9.80
0.033 0.0408 39.98 22.00  87  62 1070000 1406000   240 9.80
0.036 0.0393 39.70 22.00  87  62 1070000 1406000   240 9.80
0.039 0.0389 39.43 22.00  87  62 1070000 1406000   240 9.80
0.042 0.0407 39.18 22.00  87  62 1070000 1406000   240 9.80
0.045 0.0387 38.94 22.00  87  62 1070000 1406000   240 9.80
0.048 0.0377 38.73 22.00  87  62 1070000 1406000   240 9.80
0.051 0.0410 38.53 22.00  87  62 1070000 1406000   240 9.80
0.054 0.0377 38.35 22.00  87  62 1070000 1406000   240 9.80
0.057 0.0355 38.17 22.00  87  62 1070000 1406000   240 9.80
0.060 0.0367 37.99 22.00  87  62 1070000 1406000   240 9.80
0.062 0.0377 37.81 22.00  87  62 1070000 1406000   240 9.80
0.065 0.0387 37.63 22.00  87  62 1070000 1406000   240 9.80
0.068 0.0380 37.46 22.00  87  62 1070000 1406000   240 9.80
0.071 0.0356 37.29 22.00  87  62 1070000 1406000   240 9.80
0.074 0.0375 37.13 22.00  87  62 1070000 1406000   240 9.80
0.077 0.0379 36.96 22.00  87  62 1070000 1406000   240 9.80
0.080 0.0365 36.79 22.00  87  62 1070000 1406000   240 9.80
0.083 0.0374 36.61 22.00  87  62 1070000 1406000   240 9.80
0.086 0.0369 36.44 22.00  87  62 1070000 1406000   240 9.80
0.089 0.0343 36.28 22.00  87  62 1070000 1406000   240 9.80
0.092 0.0387 36.13 22.00  87  62 1070000 1406000   240 9.80
0.095 0.0370 36.00 22.00  87  62 1070000 1406000   240 9.80
0.098 0.0374 35.90 22.00  87  62 1070000 1406000   240 9.80
0.101 0.0351 35.81 22.00  87  62 1070000 1406000   240 9.80
0.104 0.0358 35.74 22.00  87  62 1070000 1406000   240 9.80
0.107 0.0360 35.67 22.00  87  62 1070000 1406000   240 9.80
0.110 0.0347 35.59 22.00  87  62 1070000 1406000   240 9.80
0.113 0.0318 35.52 22.00  87  62 1070000 1406000   240 9.80
0.116 0.0359 35.44 22.00  87  62 1070000 1406000   240 9.80
0.119 0.0337 35.37 22.00  87  62 1070000 1406000   240 9.80
0.122 0.0373 35.30 22.00  87  62 1070000 1406000   240 9.80
0.125 0.0350 35.23 22.00  87  62 1070000 1406000   240 9.80
0.128 0.0330 35.17 22.00  87  62 1070000 1406000   240 9.80
0.131 0.0328 35.11 22.00  87  62 1070000 1406000   240 9.80
0.134 0.0348 35.06 22.00  87  62 1070000 1406000   240 9.80
0.137 0.0401 35.02 22.00  87  62 1070000 1406000   240 9.80
0.140 0.0387 35.00 22.00  87  62 1070000 1406000   240 9.80
0.143 0.0351 35.00 22.00  87  62 1070000 1406000   240 9.80
0.146 0.0358 35.01 22.00  87  62 1070000 1406000   240 9.80
0.149 0.0376 35.04 22.00  87  62 1070000 1406000   240 9.80
0.152 0.0327 35.08 22.00  87  62 1070000 1406000   240 9.80
0.155 0.0349 35.14 22.00  87  62 1070000 1406000   240 9.80
0.158 0.0312 35.22 22.00  87  62 1070000 1406000   240 9.80
0.161 0.0324 35.31 22.00  87  62 1070000 1406000   240 9.80
0.164 0.0364 35.41 22.00  87  62 1070000 1406000   240 9.80
0.167 0.0345 35.51 22.00  87  62 1070000 1406000   240 9.80
0.170 0.0384 35.61 22.00  87  62 1070000 1406000   240 9.80
0.173 0.0345 35.71 22.00  87  62 1070000 1406000   240 9.80
0.176 0.0350 35.81 22.00  87  62 1070000 1406000   240 9.80
0.179 0.0351 35.91 22.00  87  62 1070000 1406000   240 9.80
0.182 0.0353 36.00 22.00  87  62 1070000 1406000   240 9.80
0.185 0.0350 36.06 22.00  87  62 1070000 1406000   240 9.80
0.188 0.0400 36.10 22.00  87  62 1070000 1406000   240 9.80
0.190 0.0370 36.13 22.00  87  62 1070000 1406000   240 9.80
0.193 0.0363 36.16 22.00  87  62 1070000 1406000   240 9.80
0.196 0.0366 36.17 22.00  87  62 1070000 1406000   240 9.80
0.199 0.0357 36.18 22.00  87  62 1070000 1406000   240 9.80
0.202 0.0388 36.17 22.00  87  62 1070000 1406000   240 9.80
0.205 0.0377 36.15 22.00  87  62 1070000 1406000   240 9.80
0.208 0.0380 36.12 22.00  87  62 1070000 1406000   240 9.80
0.211 0.0379 36.09 22.00  87  62 1070000 1406000   240 9.80
0.214 0.0355 36.06 22.00  87  62 1070000 1406000   240 9.80
0.217 0.0322 36.05 22.00  87  62 1070000 1406000   240 9.80
0.220 0.0321 36.05 22.00  87  62 1070000 1406000   240 9.80
0.223 0.0372 36.08 22.00  87  62 1070000 1406000   240 9.80
0.226 0.0341 36.14 22.00  87  62 1070000 1406000   240 9.80
0.229 0.0367 36.23 22.00  87  62 1070000 1406000   240 9.80
0.232 0.0357 36.35 22.00  87  62 1070000 1406000   240 9.80
0.235 0.0342 36.50 22.00  87  62 1070000 1406000   240 9.80
0.238 0.0318 36.68 22.00  87  62 1070000 1406000   240 9.80
0.241 0.0397 36.90 22.00  87  62 1070000 1406000   240 9.80
0.244 0.0416 37.14 22.00  87  62 1070000 1406000   240 9.80
0.247 0.0397 37.41 22.00  87  62 1070000 1406000   240 9.80
0.250 0.0394 37.71 22.00  87  62 1070000 1406000   240 9.80
0.253 0.0350 38.02 22.00  87  62 1070000 1406000   240 9.80
0.256 0.0399 38.34 22.00  87  62 1070000 1406000   240 9.80
0.259 0.0374 38.66 22.00  87  62 1070000 1406000   240 9.80
0.262 0.0389 38.97 22.00  87  62 1070000 1406000   240 9.80
0.265 0.0401 39.26 22.00  87  62 1070000 1406000   240 9.80
0.268 0.0386 39.52 22.00  87  62 1070000 1406000   240 9.80
0.271 0.0402 39.76 22.00  87  62 1070000 1406000   240 9.80
0.274 0.0435 39.98 22.00  87  62 1070000 1406000   240 9.80
0.277 0.0367 40.16 22.00  87  62 1070000 1406000   240 9.80
0.280 0.0390 40.32 22.00  87  62 1070000 1406000   240 9.80
0.283 0.0438 40.46 22.00  87  62 1070000 1406000   240 9.80
0.286 0.0393 40.60 22.00  87  62 1070000 1406000   240 9.80
0.289 0.0395 40.74 22.00  87  62 1070000 1406000   240 9.80
0.292 0.0408 40.87 22.00  87  62 1070000 1406000   240 9.80
0.295 0.0412 41.01 22.00  87  62 1070000 1406000   240 9.80
0.298 0.0393 41.15 22.00  87  62 1070000 1406000   240 9.80
0.301 0.0411 41.30 22.00  87  62 1070000 1406000   240 9.80
0.304 0.0443 41.44 22.00  87  62 1070000 1406000   240 9.80
0.307 0.0437 41.58 22.00  87  62 1070000 1406000   240 9.80
0.310 0.0417 41.69 22.00  87  62 1070000 1406000   240 9.80
0.312 0.0384 41.77 22.00  87  62 1070000 1406000   240 9.80
0.315 0.0398 41.84 22.00  87  62 1070000 1406000   240 9.80
0.318 0.0459 41.90 22.00  87  62 1070000 1406000   240 9.80
0.321 0.0407 41.95 22.00  87  62 1070000 1406000   240 9.80
0.324 0.0433 42.00 22.00  87  62 1070000 1406000   240 9.80
0.327 0.0430 42.04 22.00  87  62 1070000 1406000   240 9.80
0.330 0.0381 42.08 22.00  87  62 1070000 1406000   240 9.80
0.333 0.0426 42.11 22.00  87  62 1070000 1406000   240 9.80
0.336 0.0426 42.12 22.00  87  62 1070000 1406000   240 9.80
0.339 0.0451 42.13 22.00  87  62 1070000 1406000   240 9.80
0.342 0.0413 42.14 22.00  87  62 1070000 1406000   240 9.80
0.345 0.0434 42.14 22.00  87  62 1070000 1406000   240 9.80
0.348 0.0426 42.15 22.00  87  62 1070000 1406000   240 9.80
0.351 0.0391 42.16 22.00  87  62 1070000 1406000   240 9.80
0.354 0.0419 42.17 22.00  87  62 1070000 1406000   240 9.80
0.357 0.0418 42.18 22.00  87  62 1070000 1406000   240 9.80
0.360 0.0423 42.19 22.00  87  62 1070000 1406000   240 9.80
0.363 0.0406 42.19 22.00  87  62 1070000 1406000   240 9.80
0.366 0.0429 42.20 22.00  87  62 1070000 1406000   240 9.80
0.369 0.0425 42.19 22.00  87  62 1070000 1406000   240 9.80
0.372 0.0437 42.18 22.00  87  62 1070000 1406000   240 9.80
0.375 0.0450 42.16 22.00  87  62 1070000 1406000   240 9.80
0.378 0.0414 42.15 22.00  87  62 1070000 1406000   240 9.80
0.381 0.0409 42.16 22.00  87  62 1070000 1406000   240 9.80
0.384 0.0422 42.19 22.00  87  62 1070000 1406000   240 9.80
0.387 0.0403 42.25 22.00  87  62 1070000 1406000   240 9.80
0.390 0.0437 42.35 22.00  87  62 1070000 1406000   240 9.80
0.393 0.0437 42.50 22.00  87  62 1070000 1406000   240 9.80
0.396 0.0419 42.67 22.00  87  62 1070000 1406000   240 9.80
0.399 0.0439 42.88 22.00  87  62 1070000 1406000   240 9.80
0.402 0.0410 43.10 22.00  87  62 1070000 1406000   240 9.80
0.405 0.0450 43.33 22.00  87  62 1070000 1406000   240 9.80
0.408 0.0406 43.55 22.00  87  62 1070000 1406000   240 9.80
0.411 0.0422 43.77 22.00  87  62 1070000 1406000   240 9.80
0.414 0.0431 43.97 22.00  87  62 1070000 1406000   240 9.80
0.417 0.0428 44.16 22.00  87  62 1070000 1406000   240 9.80
0.420 0.0461 44.34 22.00  87  62 1070000 1406000   240 9.80
0.423 0.0431 44.50 22.00  87  62 1070000 1406000   240 9.80
0.426 0.0454 44.64 22.00  87  62 1070000 1406000   240 9.80
0.429 0.0448 44.77 22.00  87  62 1070000 1406000   240 9.80
0.432 0.0440 44.89 22.00  87  62 1070000 1406000   240 9.80
0.435 0.0564 45.01 22.00  87  62 1070000 1406000   240 9.80
0.438 0.0441 45.11 22.00  87  62 1070000 1406000   240 9.80
0.440 0.0466 45.21 22.00  87  62 1070000 1406000   240 9.80
0.443 0.0455 45.30 22.00  87  62 1070000 1406000   240 9.80
0.446 0.0435 45.39 22.00  87  62 1070000 1406000   240 9.80
0.449 0.0434 45.47 22.00  87  62 1070000 1406000   240 9.80
0.452 0.0440 45.54 22.00  87  62 1070000 1406000   240 9.80
0.455 0.0434 45.60 22.00  87  62 1070000 1406000   240 9.80
0.458 0.0463 45.63 22.00  87  62 1070000 1406000   240 9.80
0.461 0.0426 45.65 22.00  87  62 1070000 1406000   240 9.80
0.464 0.0461 45.67 22.00  87  62 1070000 1406000   240 9.80
0.467 0.0437 45.67 22.00  87  62 1070000 1406000   240 9.80
0.470 0.0486 45.69 22.00  87  62 1070000 1406000   240 9.80
0.473 0.0428 45.72 22.00  87  62 1070000 1406000   240 9.80
0.476 0.0469 45.77 22.00  87  62 1070000 1406000   240 9.80
0.479 0.0490 45.85 22.00  87  62 1070000 1406000   240 9.80
0.482 0.0465 45.95 22.00  87  62 1070000 1406000   240 9.80
0.485 0.0475 46.07 22.00  87  62 1070000 1406000   240 9.80
0.488 0.0487 46.21 22.00  87  62 1070000 1406000   240 9.80
0.491 0.0450 46.35 22.00  87  62 1070000 1406000   240 9.80
0.494 0.0442 46.49 22.00  87  62 1070000 1406000   240 9.80
0.497 0.0489 46.63 22.00  87  62 1070000 1406000   240 9.80
0.500 0.0444 46.75 22.00  87  62 1070000 1406000   240 9.80
0.503 0.0484 46.85 22.00  87  62 1070000 1406000   240 9.80
0.506 0.0462 46.94 22.00  87  62 1070000 1406000   240 9.80
0.509 0.0461 47.03 22.00  87  62 1070000 1406000   240 9.80
0.512 0.0439 47.13 22.00  87  62 1070000 1406000   240 9.80
0.515 0.0494 47.24 22.00  87  62 1070000 1406000   240 9.80
0.518 0.0478 47.37 22.00  87  62 1070000 1406000   240 9.80
0.521 0.0477 47.51 22.00  87  62 1070000 1406000   240 9.80
0.524 0.0462 47.68 22.00  87  62 1070000 1406000   240 9.80
0.527 0.0481 47.86 22.00  87  62 1070000 1406000   240 9.80
0.530 0.0495 48.07 22.00  87  62 1070000 1406000   240 9.80
0.533 0.0491 48.29 22.00  87  62 1070000 1406000   240 9.80
0.536 0.0462 48.54 22.00  87  62 1070000 1406000   240 9.80
0.539 0.0494 48.79 22.00  87  62 1070000 1406000   240 9.80
0.542 0.0486 49.05 22.00  87  62 1070000 1406000   240 9.80
0.545 0.0506 49.32 22.00  87  62 1070000 1406000   240 9.80
0.548 0.0517 49.58 22.00  87  62 1070000 1406000   240 9.80
0.551 0.0478 49.85 22.00  87  62 1070000 1406000   240 9.80
0.554 0.0507 50.11 22.00  87  62 1070000 1406000   240 9.80
0.557 0.0501 50.38 22.00  87  62 1070000 1406000   240 9.80
0.560 0.0496 50.66 22.00  87  62 1070000 1406000   240 9.80
0.562 0.0516 50.94 22.00  87  62 1070000 1406000   240 9.80
0.565 0.0513 51.23 22.00  87  62 1070000 1406000   240 9.80
0.568 0.0528 51.52 22.00  87  62 1070000 1406000   240 9.80
0.571 0.0502 51.81 22.00  87  62 1070000 1406000   240 9.80
0.574 0.0504 52.11 22.00  87  62 1070000 1406000   240 9.80
0.577 0.0540 52.42 22.00  87  62 1070000 1406000   240 9.80
0.580 0.0509 52.74 22.00  87  62 1070000 1406000   240 9.80
0.583 0.0554 53.06 22.00  87  62 1070000 1406000   240 9.80
0.586 0.0544 53.38 22.00  87  62 1070000 1406000   240 9.80
0.589 0.0517 53.73 22.00  87  62 1070000 1406000   240 9.80
0.592 0.0549 54.08 22.00  87  62 1070000 1406000   240 9.80
0.595 0.0550 54.45 22.00  87  62 1070000 1406000   240 9.80
0.598 0.0532 54.82 22.00  87  62 1070000 1406000   240 9.80
0.601 0.0562 55.21 22.00  87  62 1070000 1406000   240 9.80
0.604 0.0568 55.61 22.00  87  62 1070000 1406000   240 9.80
0.607 0.0542 56.02 22.00  87  62 1070000 1406000   240 9.80
0.610 0.0577 56.44 22.00  87  62 1070000 1406000   240 9.80
0.613 0.0567 56.86 22.00  87  62 1070000 1406000   240 9.80
0.616 0.0549 57.28 22.00  87  62 1070000 1406000   240 9.80
0.619 0.0592 57.72 22.00  87  62 1070000 1406000   240 9.80
0.622 0.0578 58.16 22.00  87  62 1070000 1406000   240 9.80
0.625 0.0581 58.61 22.00  87  62 1070000 1406000   240 9.80
0.628 0.0582 59.07 22.00  87  62 1070000 1406000   240 9.80
0.631 0.0601 59.52 22.00  87  62 1070000 1406000   240 9.80
0.634 0.0605 59.98 22.00  87  62 1070000 1406000   240 9.80
0.637 0.0589 60.43 22.00  87  62 1070000 1406000   240 9.80
0.640 0.0620 60.87 22.00  87  62 1070000 1406000   240 9.80
0.643 0.0646 61.30 22.00  87  62 1070000 1406000   240 9.80
0.646 0.0589 61.70 22.00  87  62 1070000 1406000   240 9.80
0.649 0.0610 62.09 22.00  87  62 1070000 1406000   240 9.80
0.652 0.0630 62.45 22.00  87  62 1070000 1406000   240 9.80
0.655 0.0615 62.79 22.00  87  62 1070000 1406000   240 9.80
0.658 0.0669 63.09 22.00  87  62 1070000 1406000   240 9.80
0.661 0.0610 63.37 22.00  87  62 1070000 1406000   240 9.80
0.664 0.0653 63.60 22.00  87  62 1070000 1406000   240 9.80
0.667 0.0636 63.81 22.00  87  62 1070000 1406000   240 9.80
0.670 0.0625 63.98 22.00  87  62 1070000 1406000   240 9.80
0.673 0.0658 64.12 22.00  87  62 1070000 1406000   240 9.80
0.676 0.0661 64.23 22.00  87  62 1070000 1406000   240 9.80
0.679 0.0644 64.31 22.00  87  62 1070000 1406000   240 9.80
0.682 0.0631 64.37 22.00  87  62 1070000 1406000   240 9.80
0.685 0.0631 64.42 22.00  87  62 1070000 1406000   240 9.80
0.688 0.0654 64.44 22.00  87  62 1070000 1406000   240 9.80
0.690 0.0645 64.45 22.00  87  62 1070000 1406000   240 9.80
0.693 0.0636 64.45 22.00  87  62 1070000 1406000   240 9.80
0.696 0.0634 64.43 22.00  87  62 1070000 1406000   240 9.80
0.699 0.0675 64.40 22.00  87  62 1070000 1406000   240 9.80
0.702 0.0629 64.35 22.00  87  62 1070000 1406000   240 9.80
0.705 0.0633 64.29 22.00  87  62 1070000 1406000   240 9.80
0.708 0.0652 64.21 22.00  87  62 1070000 1406000   240 9.80
0.711 0.0618 64.14 22.00  87  62 1070000 1406000   240 9.80
0.714 0.0658 64.06 22.00  87  62 1070000 1406000   240 9.80
0.717 0.0636 63.98 22.00  87  62 1070000 1406000   240 9.80
0.720 0.0652 63.91 22.00  87  62 1070000 1406000   240 9.80
0.723 0.0621 63.85 22.00  87  62 1070000 1406000   240 9.80
0.726 0.0666 63.80 22.00  87  62 1070000 1406000   240 9.80
0.729 0.0619 63.76 22.00  87  62 1070000 1406000   240 9.80
0.732 0.0643 63.73 22.00  87  62 1070000 1406000   240 9.80
0.735 0.0639 63.70 22.00  87  62 1070000 1406000   240 9.80
0.738 0.0645 63.69 22.00  87  62 1070000 1406000   240 9.80
0.741 0.0646 63.68 22.00  87  62 1070000 1406000   240 9.80
0.744 0.0594 63.68 22.00  87  62 1070000 1406000   240 9.80
0.747 0.0651 63.69 22.00  87  62 1070000 1406000   240 9.80
0.750 0.0646 63.71 22.00  87  62 1070000 1406000   240 9.80
0.753 0.0596 63.74 22.00  87  62 1070000 1406000   240 9.80
0.756 0.0660 63.79 22.00  87  62 1070000 1406000   240 9.80
0.759 0.0635 63.84 22.00  87  62 1070000 1406000   240 9.80
0.762 0.0650 63.90 22.00  87  62 1070000 1406000   240 9.80
0.765 0.0632 63.97 22.00  87  62 1070000 1406000   240 9.80
0.768 0.0642 64.06 22.00  87  62 1070000 1406000   240 9.80
0.771 0.0655 64.15 22.00  87  62 1070000 1406000   240 9.80
0.774 0.0648 64.25 22.00  87  62 1070000 1406000   240 9.80
0.777 0.0644 64.36 22.00  87  62 1070000 1406000   240 9.80
0.780 0.0644 64.47 22.00  87  62 1070000 1406000   240 9.80
0.783 0.0631 64.59 22.00  87  62 1070000 1406000   240 9.80
0.786 0.0650 64.72 22.00  87  62 1070000 1406000   240 9.80
0.789 0.0657 64.84 22.00  87  62 1070000 1406000   240 9.80
0.792 0.0631 64.97 22.00  87  62 1070000 1406000   240 9.80
0.795 0.0668 65.09 22.00  87  62 1070000 1406000   240 9.80
0.798 0.0646 65.20 22.00  87  62 1070000 1406000   240 9.80
0.801 0.0654 65.32 22.00  87  62 1070000 1406000   240 9.80
0.804 0.0645 65.44 22.00  87  62 1070000 1406000   240 9.80
0.807 0.0664 65.57 22.00  87  62 1070000 1406000   240 9.80
0.810 0.0659 65.70 22.00  87  62 1070000 1406000   240 9.80
0.812 0.0654 65.85 22.00  87  62 1070000 1406000   240 9.80
0.815 0.0656 66.00 22.00  87  62 1070000 1406000   240 9.80
0.818 0.0673 66.15 22.00  87  62 1070000 1406000   240 9.80
0.821 0.0647 66.30 22.00  87  62 1070000 1406000   240 9.80
0.824 0.0648 66.44 22.00  87  62 1070000 1406000   240 9.80
0.827 0.0697 66.58 22.00  87  62 1070000 1406000   240 9.80
0.830 0.0661 66.71 22.00  87  62 1070000 1406000   240 9.80
0.833 0.0681 66.84 22.00  87  62 1070000 1406000   240 9.80
0.836 0.0644 66.96 22.00  87  62 1070000 1406000   240 9.80
0.839 0.0698 67.06 22.00  87  62 1070000 1406000   240 9.80
0.842 0.0659 67.17 22.00  87  62 1070000 1406000   240 9.80
0.845 0.0669 67.27 22.00  87  62 1070000 1406000   240 9.80
0.848 0.0673 67.38 22.00  87  62 1070000 1406000   240 9.80
0.851 0.0678 67.48 22.00  87  62 1070000 1406000   240 9.80
0.854 0.0676 67.58 22.00  87  62 1070000 1406000   240 9.80
0.857 0.0704 67.69 22.00  87  62 1070000 1406000   240 9.80
0.860 0.0675 67.79 22.00  87  62 1070000 1406000   240 9.80
0.863 0.0646 67.89 22.00  87  62 1070000 1406000   240 9.80
0.866 0.0710 68.00 22.00  87  62 1070000 1406000   240 9.80
0.869 0.0661 68.11 22.00  87  62 1070000 1406000   240 9.80
0.872 0.0643 68.22 22.00  87  62 1070000 1406000   240 9.80
0.875 0.0703 68.34 22.00  87  62 1070000 1406000   240 9.80
0.878 0.0718 68.46 22.00  87  62 1070000 1406000   240 9.80
0.881 0.0669 68.59 22.00  87  62 1070000 1406000   240 9.80
0.884 0.0670 68.73 22.00  87  62 1070000 1406000   240 9.80
0.887 0.0711 68.86 22.00  87  62 1070000 1406000   240 9.80
0.890 0.0670 68.99 22.00  87  62 1070000 1406000   240 9.80
0.893 0.0701 69.11 22.00  87  62 1070000 1406000   240 9.80
0.896 0.0692 69.22 22.00  87  62 1070000 1406000   240 9.80
0.899 0.0694 69.32 22.00  87  62 1070000 1406000   240 9.80
0.902 0.0712 69.41 22.00  87  62 1070000 1406000   240 9.80
0.905 0.0663 69.49 22.00  87  62 1070000 1406000   240 9.80
0.908 0.0714 69.55 22.00  87  62 1070000 1406000   240 9.80
0.911 0.0699 69.61 22.00  87  62 1070000 1406000   240 9.80
0.914 0.0691 69.65 22.00  87  62 1070000 1406000   240 9.80
0.917 0.0715 69.68 22.00  87  62 1070000 1406000   240 9.80
0.920 0.0688 69.69 22.00  87  62 1070000 1406000   240 9.80
0.923 0.0705 69.69 22.00  87  62 1070000 1406000   240 9.80
0.926 0.0711 69.69 22.00  87  62 1070000 1406000   240 9.80
0.929 0.0675 69.70 22.00  87  62 1070000 1406000   240 9.80
0.932 0.0717 69.71 22.00  87  62 1070000 1406000   240 9.80
0.935 0.0675 69.73 22.00  87  62 1070000 1406000   240 9.80
0.938 0.0703 69.77 22.00  87  62 1070000 1406000   240 9.80
0.940 0.0675 69.80 22.00  87  62 1070000 1406000   240 9.80
0.943 0.0723 69.85 22.00  87  62 1070000 1406000   240 9.80
0.946 0.0661 69.89 22.00  87  62 1070000 1406000   240 9.80
0.949 0.0735 69.95 22.00  87  62 1070000 1406000   240 9.80
0.952 0.0692 70.01 22.00  87  62 1070000 1406000   240 9.80
0.955 0.0689 70.08 22.00  87  62 1070000 1406000   240 9.80
0.958 0.0710 70.16 22.00  87  62 1070000 1406000   240 9.80
0.961 0.0676 70.25 22.00  87  62 1070000 1406000   240 9.80
0.964 0.0727 70.34 22.00  87  62 1070000 1406000   240 9.80
0.967 0.0712 70.43 22.00  87  62 1070000 1406000   240 9.80
0.970 0.0699 70.52 22.00  87  62 1070000 1406000   240 9.80
0.973 0.0691 70.60 22.00  87  62 1070000 1406000   240 9.80
0.976 0.0725 70.67 22.00  87  62 1070000 1406000   240 9.80
0.979 0.0729 70.73 22.00  87  62 1070000 1406000   240 9.80
0.982 0.0700 70.78 22.00  87  62 1070000 1406000   240 9.80
0.985 0.0704 70.80 22.00  87  62 1070000 1406000   240 9.80
0.988 0.0713 70.82 22.00  87  62 1070000 1406000   240 9.80
0.991 0.0697 70.81 22.00  87  62 1070000 1406000   240 9.80
0.994 0.0696 70.80 22.00  87  62 1070000 1406000   240 9.80
0.997 0.0727 70.79 22.00  87  62 1070000 1406000   240 9.80
1.000 0.0709 70.76 22.00  87  62 1070000 1406000   240 9.80
1.003 0.0702 70.74 22.00  87  62 1070000 1406000   240 9.80
1.006 0.0716 70.72 22.00  87  62 1070000 1406000   240 9.80
1.009 0.0695 70.69 22.00  87  62 1070000 1406000   240 9.80
1.012 0.0718 70.67 22.00  87  62 1070000 1406000   240 9.80
1.015 0.0706 70.64 22.00  87  62 1070000 1406000   240 9.80
1.018 0.0701 70.62 22.00  87  62 1070000 1406000   240 9.80
1.021 0.0683 70.59 22.00  87  62 1070000 1406000   240 9.80
1.024 0.0698 70.57 22.00  87  62 1070000 1406000   240 9.80
1.027 0.0752 70.54 22.00  87  62 1070000 1406000   240 9.80
1.030 0.0671 70.52 22.00  87  62 1070000 1406000   240 9.80
1.033 0.0689 70.50 22.00  87  62 1070000 1406000   240 9.80
1.036 0.0732 70.47 22.00  87  62 1070000 1406000   240 9.80
1.039 0.0711 70.45 22.00  87  62 1070000 1406000   240 9.80
1.042 0.0704 70.43 22.00  87  62 1070000 1406000   240 9.80
1.045 0.0687 70.40 22.00  87  62 1070000 1406000   240 9.80
1.048 0.0723 70.36 22.00  87  62 1070000 1406000   240 9.80
1.051 0.0714 70.31 22.00  87  62 1070000 1406000   240 9.80
1.054 0.0688 70.26 22.00  87  62 1070000 1406000   240 9.80
1.057 0.0711 70.21 22.00  87  62 1070000 1406000   240 9.80
1.060 0.0686 70.15 22.00  87  62 1070000 1406000   240 9.80
1.062 0.0717 70.09 22.00  87  62 1070000 1406000   240 9.80
1.065 0.0693 70.03 22.00  87  62 1070000 1406000   240 9.80
1.068 0.0685 69.97 22.00  87  62 1070000 1406000   240 9.80
1.071 0.0711 69.91 22.00  87  62 1070000 1406000   240 9.80
1.074 0.0685 69.85 22.00  87  62 1070000 1406000   240 9.80
1.077 0.0720 69.80 22.00  87  62 1070000 1406000   240 9.80
1.080 0.0708 69.76 22.00  87  62 1070000 1406000   240 9.80
1.083 0.0692 69.74 22.00  87  62 1070000 1406000   240 9.80
1.086 0.0646 69.73 22.00  87  62 1070000 1406000   240 9.80
1.089 0.0751 69.73 22.00  87  62 1070000 1406000   240 9.80
1.092 0.0699 69.74 22.00  87  62 1070000 1406000   240 9.80
1.095 0.0685 69.77 22.00  87  62 1070000 1406000   240 9.80
1.098 0.0645 69.81 22.00  87  62 1070000 1406000   240 9.80
1.101 0.0739 69.87 22.00  87  62 1070000 1406000   240 9.80
1.104 0.0683 69.94 22.00  87  62 1070000 1406000   240 9.80
1.107 0.0702 70.01 22.00  87  62 1070000 1406000   240 9.80
1.110 0.0722 70.08 22.00  87  62 1070000 1406000   240 9.80
1.113 0.0709 70.15 22.00  87  62 1070000 1406000   240 9.80
1.116 0.0698 70.22 22.00  87  62 1070000 1406000   240 9.80
1.119 0.0668 70.28 22.00  87  62 1070000 1406000   240 9.80
1.122 0.0729 70.33 22.00  87  62 1070000 1406000   240 9.80
1.125 0.0704 70.38 22.00  87  62 1070000 1406000   240 9.80
1.128 0.0703 70.42 22.00  87  62 1070000 1406000   240 9.80
1.131 0.0704 70.45 22.00  87  62 1070000 1406000   240 9.80
1.134 0.0685 70.47 22.00  87  62 1070000 1406000   240 9.80
1.137 0.0741 70.47 22.00  87  62 1070000 1406000   240 9.80
1.140 0.0702 70.45 22.00  87  62 1070000 1406000   240 9.80
1.143 0.0705 70.41 22.00  87  62 1070000 1406000   240 9.80
1.146 0.0692 70.35 22.00  87  62 1070000 1406000   240 9.80
1.149 0.0698 70.29 22.00  87  62 1070000 1406000   240 9.80
1.152 0.0743 70.21 22.00  87  62 1070000 1406000   240 9.80
1.155 0.0706 70.14 22.00  87  62 1070000 1406000   240 9.80
1.158 0.0667 70.07 22.00  87  62 1070000 1406000   240 9.80
1.161 0.0686 70.01 22.00  87  62 1070000 1406000   240 9.80
1.164 0.0719 69.96 22.00  87  62 1070000 1406000   240 9.80
1.167 0.0669 69.93 22.00  87  62 1070000 1406000   240 9.80
1.170 0.0734 69.91 22.00  87  62 1070000 1406000   240 9.80
1.173 0.0697 69.91 22.00  87  62 1070000 1406000   240 9.80
1.176 0.0676 69.91 22.00  87  62 1070000 1406000   240 9.80
1.179 0.0725 69.93 22.00  87  62 1070000 1406000   240 9.80
1.182 0.0691 69.96 22.00  87  62 1070000 1406000   240 9.80
1.185 0.0677 69.98 22.00  87  62 1070000 1406000   240 9.80
1.188 0.0690 70.01 22.00  87  62 1070000 1406000   240 9.80
1.190 0.0705 70.02 22.00  87  62 1070000 1406000   240 9.80
1.193 0.0705 70.02 22.00  87  62 1070000 1406000   240 9.80
1.196 0.0672 70.02 22.00  87  62 1070000 1406000   240 9.80
1.199 0.0742 70.00 22.00  87  62 1070000 1406000   240 9.80
1.202 0.0704 69.99 22.00  87  62 1070000 1406000   240 9.80
1.205 0.0712 69.97 22.00  87  62 1070000 1406000   240 9.80
1.208 0.0703 69.95 22.00  87  62 1070000 1406000   240 9.80
1.211 0.0677 69.92 22.00  87  62 1070000 1406000   240 9.80
1.214 0.0732 69.90 22.00  87  62 1070000 1406000   240 9.80
1.217 0.0727 69.86 22.00  87  62 1070000 1406000   240 9.80
1.220 0.0652 69.81 22.00  87  62 1070000 1406000   240 9.80
1.223 0.0710 69.77 22.00  87  62 1070000 1406000   240 9.80
1.226 0.0707 69.73 22.00  87  62 1070000 1406000   240 9.80
1.229 0.0675 69.69 22.00  87  62 1070000 1406000   240 9.80
1.232 0.0693 69.67 22.00  87  62 1070000 1406000   240 9.80
1.235 0.0695 69.65 22.00  87  62 1070000 1406000   240 9.80
1.238 0.0669 69.65 22.00  87  62 1070000 1406000   240 9.80
1.241 0.0686 69.68 22.00  87  62 1070000 1406000   240 9.80
1.244 0.0699 69.74 22.00  87  62 1070000 1406000   240 9.80
1.247 0.0717 69.81 22.00  87  62 1070000 1406000   240 9.80
1.250 0.0707 69.92 22.00  87  62 1070000 1406000   240 9.80
1.253 0.0704 70.04 22.00  87  62 1070000 1406000   240 9.80
1.256 0.0718 70.18 22.00  87  62 1070000 1406000   240 9.80
1.259 0.0691 70.31 22.00  87  62 1070000 1406000   240 9.80
1.262 0.0703 70.45 22.00  87  62 1070000 1406000   240 9.80
1.265 0.0679 70.58 22.00  87  62 1070000 1406000   240 9.80
1.268 0.0703 70.71 22.00  87  62 1070000 1406000   240 9.80
1.271 0.0715 70.82 22.00  87  62 1070000 1406000   240 9.80
1.274 0.0709 70.91 22.00  87  62 1070000 1406000   240 9.80
1.277 0.0693 70.96 22.00  87  62 1070000 1406000   240 9.80
1.280 0.0780 70.98 22.00  87  62 1070000 1406000   240 9.80
1.283 0.0715 70.96 22.00  87  62 1070000 1406000   240 9.80
1.286 0.0669 70.90 22.00  87  62 1070000 1406000   240 9.80
1.289 0.0719 70.81 22.00  87  62 1070000 1406000   240 9.80
1.292 0.0747 70.70 22.00  87  62 1070000 1406000   240 9.80
1.295 0.0681 70.56 22.00  87  62 1070000 1406000   240 9.80
1.298 0.0719 70.42 22.00  87  62 1070000 1406000   240 9.80
1.301 0.0665 70.28 22.00  87  62 1070000 1406000   240 9.80
1.304 0.0706 70.16 22.00  87  62 1070000 1406000   240 9.80
1.307 0.0701 70.04 22.00  87  62 1070000 1406000   240 9.80
1.310 0.0725 69.93 22.00  87  62 1070000 1406000   240 9.80
1.312 0.0670 69.84 22.00  87  62 1070000 1406000   240 9.80
1.315 0.0711 69.76 22.00  87  62 1070000 1406000   240 9.80
1.318 0.0709 69.70 22.00  87  62 1070000 1406000   240 9.80
1.321 0.0723 69.68 22.00  87  62 1070000 1406000   240 9.80
1.324 0.0661 69.69 22.00  87  62 1070000 1406000   240 9.80
1.327 0.0654 69.74 22.00  87  62 1070000 1406000   240 9.80
1.330 0.0679 69.83 22.00  87  62 1070000 1406000   240 9.80
1.333 0.0697 69.93 22.00  87  62 1070000 1406000   240 9.80
1.336 0.0712 70.05 22.00  87  62 1070000 1406000   240 9.80
1.339 0.0704 70.17 22.00  87  62 1070000 1406000   240 9.80
1.342 0.0690 70.27 22.00  87  62 1070000 1406000   240 9.80
1.345 0.0738 70.37 22.00  87  62 1070000 1406000   240 9.80
1.348 0.0712 70.47 22.00  87  62 1070000 1406000   240 9.80
1.351 0.0684 70.55 22.00  87  62 1070000 1406000   240 9.80
1.354 0.0765 70.63 22.00  87  62 1070000 1406000   240 9.80
1.357 0.0683 70.68 22.00  87  62 1070000 1406000   240 9.80
1.360 0.0691 70.70 22.00  87  62 1070000 1406000   240 9.80
1.363 0.0710 70.68 22.00  87  62 1070000 1406000   240 9.80
1.366 0.0723 70.63 22.00  87  62 1070000 1406000   240 9.80
1.369 0.0721 70.56 22.00  87  62 1070000 1406000   240 9.80
1.372 0.0683 70.45 22.00  87  62 1070000 1406000   240 9.80
1.375 0.0740 70.31 22.00  87  62 1070000 1406000   240 9.80
1.378 0.0723 70.15 22.00  87  62 1070000 1406000   240 9.80
1.381 0.0656 69.97 22.00  87  62 1070000 1406000   240 9.80
1.384 0.0685 69.78 22.00  87  62 1070000 1406000   240 9.80
1.387 0.0704 69.59 22.00  87  62 1070000 1406000   240 9.80
1.390 0.0652 69.42 22.00  87  62 1070000 1406000   240 9.80
1.393 0.0727 69.29 22.00  87  62 1070000 1406000   240 9.80
1.396 0.0696 69.19 22.00  87  62 1070000 1406000   240 9.80
1.399 0.0689 69.13 22.00  87  62 1070000 1406000   240 9.80
1.402 0.0724 69.11 22.00  87  62 1070000 1406000   240 9.80
1.405 0.0683 69.13 22.00  87  62 1070000 1406000   240 9.80
1.408 0.0661 69.17 22.00  87  62 1070000 1406000   240 9.80
1.411 0.0631 69.23 22.00  87  62 1070000 1406000   240 9.80
1.414 0.0736 69.32 22.00  87  62 1070000 1406000   240 9.80
1.417 0.0670 69.42 22.00  87  62 1070000 1406000   240 9.80
1.420 0.0687 69.54 22.00  87  62 1070000 1406000   240 9.80
1.423 0.0748 69.67 22.00  87  62 1070000 1406000   240 9.80
1.426 0.0694 69.82 22.00  87  62 1070000 1406000   240 9.80
1.429 0.0699 69.96 22.00  87  62 1070000 1406000   240 9.80
1.432 0.0667 70.10 22.00  87  62 1070000 1406000   240 9.80
1.435 0.0732 70.22 22.00  87  62 1070000 1406000   240 9.80
1.438 0.0688 70.34 22.00  87  62 1070000 1406000   240 9.80
1.440 0.0725 70.43 22.00  87  62 1070000 1406000   240 9.80
1.443 0.0733 70.52 22.00  87  62 1070000 1406000   240 9.80
1.446 0.0704 70.60 22.00  87  62 1070000 1406000   240 9.80
1.449 0.0706 70.67 22.00  87  62 1070000 1406000   240 9.80
1.452 0.0696 70.73 22.00  87  62 1070000 1406000   240 9.80
1.455 0.0695 70.77 22.00  87  62 1070000 1406000   240 9.80
1.458 0.0730 70.80 22.00  87  62 1070000 1406000   240 9.80
1.461 0.0702 70.80 22.00  87  62 1070000 1406000   240 9.80
1.464 0.0681 70.80 22.00  87  62 1070000 1406000   240 9.80
1.467 0.0718 70.80 22.00  87  62 1070000 1406000   240 9.80
1.470 0.0726 70.80 22.00  87  62 1070000 1406000   240 9.80
1.473 0.0693 70.81 22.00  87  62 1070000 1406000   240 9.80
1.476 0.0691 70.85 22.00  87  62 1070000 1406000   240 9.80
1.479 0.0732 70.89 22.00  87  62 1070000 1406000   240 9.80
1.482 0.0698 70.94 22.00  87  62 1070000 1406000   240 9.80
1.485 0.0689 70.99 22.00  87  62 1070000 1406000   240 9.80
1.488 0.0716 71.03 22.00  87  62 1070000 1406000   240 9.80
1.491 0.0739 71.06 22.00  87  62 1070000 1406000   240 9.80
1.494 0.0681 71.07 22.00  87  62 1070000 1406000   240 9.80
1.497 0.0728 71.08 22.00  87  62 1070000 1406000   240 9.80
1.500 0.0730 71.08 22.00  87  62 1070000 1406000   240 9.80
1.503 0.0686 71.06 22.00  87  62 1070000 1406000   240 9.80
1.506 0.0717 71.04 22.00  87  62 1070000 1406000   240 9.80
1.509 0.0695 71.02 22.00  87  62 1070000 1406000   240 9.80
1.512 0.0743 71.01 22.00  87  62 1070000 1406000   240 9.80
1.515 0.0711 71.00 22.00  87  62 1070000 1406000   240 9.80
1.518 0.0714 71.00 22.00  87  62 1070000 1406000   240 9.80
1.521 0.0728 71.01 22.00  87  62 1070000 1406000   240 9.80
1.524 0.0694 71.02 22.00  87  62 1070000 1406000   240 9.80
1.527 0.0710 71.04 22.00  87  62 1070000 1406000   240 9.80
1.530 0.0696 71.06 22.00  87  62 1070000 1406000   240 9.80
1.533 0.0704 71.08 22.00  87  62 1070000 1406000   240 9.80
1.536 0.0706 71.09 22.00  87  62 1070000 1406000   240 9.80
1.539 0.0689 71.10 22.00  87  62 1070000 1406000   240 9.80
1.542 0.0701 71.11 22.00  87  62 1070000 1406000   240 9.80
1.545 0.0700 71.11 22.00  87  62 1070000 1406000   240 9.80
1.548 0.0721 71.12 22.00  87  62 1070000 1406000   240 9.80
1.551 0.0736 71.14 22.00  87  62 1070000 1406000   240 9.80
1.554 0.0695 71.15 22.00  87  62 1070000 1406000   240 9.80
1.557 0.0746 71.17 22.00  87  62 1070000 1406000   240 9.80
1.560 0.0746 71.19 22.00  87  62 1070000 1406000   240 9.80
1.562 0.0698 71.22 22.00  87  62 1070000 1406000   240 9.80
1.565 0.0707 71.24 22.00  87  62 1070000 1406000   240 9.80
1.568 0.0727 71.27 22.00  87  62 1070000 1406000   240 9.80
1.571 0.0684 71.29 22.00  87  62 1070000 1406000   240 9.80
1.574 0.0696 71.30 22.00  87  62 1070000 1406000   240 9.80
1.577 0.0739 71.30 22.00  87  62 1070000 1406000   240 9.80
1.580 0.0716 71.27 22.00  87  62 1070000 1406000   240 9.80
1.583 0.0705 71.24 22.00  87  62 1070000 1406000   240 9.80
1.587 0.0688 71.19 22.00  87  62 1070000 1406000   240 9.80
1.590 0.0700 71.15 22.00  87  62 1070000 1406000   240 9.80
1.594 0.0726 71.11 22.00  87  62 1070000 1406000   240 9.80
1.597 0.0731 71.09 22.00  87  62 1070000 1406000   240 9.80
1.601 0.0708 71.08 22.00  87  62 1070000 1406000   240 9.80
1.605 0.0710 71.10 22.00  87  62 1070000 1406000   240 9.80
1.609 0.0683 71.15 22.00  87  62 1070000 1406000   240 9.80
1.613 0.0733 71.21 22.00  87  62 1070000 1406000   240 9.80
1.618 0.0733 71.28 22.00  87  62 1070000 1406000   240 9.80
1.623 0.0688 71.35 22.00  87  62 1070000 1406000   240 9.80
1.628 0.0729 71.42 22.00  87  62 1070000 1406000   240 9.80
1.633 0.0702 71.48 22.00  87  62 1070000 1406000   240 9.80
1.638 0.0719 71.52 22.00  87  62 1070000 1406000   240 9.80
1.643 0.0721 71.56 22.00  87  62 1070000 1406000   240 9.80
1.649 0.0692 71.59 22.00  87  62 1070000 1406000   240 9.80
1.655 0.0719 71.62 22.00  87  62 1070000 1406000   240 9.80
1.661 0.0722 71.64 22.00  87  62 1070000 1406000   240 9.80
1.668 0.0724 71.66 22.00  87  62 1070000 1406000   240 9.80
1.675 0.0717 71.67 22.00  87  62 1070000 1406000   240 9.80
1.682 0.0739 71.68 22.00  87  62 1070000 1406000   240 9.80
1.689 0.0705 71.68 22.00  87  62 1070000 1406000   240 9.80
1.697 0.0724 71.67 22.00  87  62 1070000 1406000   240 9.80
1.705 0.0715 71.66 22.00  87  62 1070000 1406000   240 9.80
1.713 0.0714 71.65 22.00  87  62 1070000 1406000   240 9.80
1.722 0.0706 71.62 22.00  87  62 1070000 1406000   240 9.80
1.731 0.0713 71.58 22.00  87  62 1070000 1406000   240 9.80
1.741 0.0703 71.52 22.00  87  62 1070000 1406000   240 9.80
1.750 0.0726 71.46 22.00  87  62 1070000 1406000   240 9.80
1.761 0.0707 71.38 22.00  87  62 1070000 1406000   240 9.80
1.771 0.0724 71.29 22.00  87  62 1070000 1406000   240 9.80
1.783 0.0721 71.18 22.00  87  62 1070000 1406000   240 9.80
1.794 0.0708 71.06 22.00  87  62 1070000 1406000   240 9.80
1.806 0.0706 70.93 22.00  87  62 1070000 1406000   240 9.80
1.819 0.0712 70.79 22.00  87  62 1070000 1406000   240 9.80
1.832 0.0700 70.63 22.00  87  62 1070000 1406000   240 9.80
1.846 0.0711 70.47 22.00  87  62 1070000 1406000   240 9.80
1.860 0.0700 70.30 22.00  87  62 1070000 1406000   240 9.80
1.875 0.0697 70.12 22.00  87  62 1070000 1406000   240 9.80
1.890 0.0718 69.94 22.00  87  62 1070000 1406000   240 9.80
1.905 0.0697 69.75 22.00  87  62 1070000 1406000   240 9.80
1.920 0.0693 69.56 22.00  87  62 1070000 1406000   240 9.80
1.935 0.0689 69.37 22.00  87  62 1070000 1406000   240 9.80
1.949 0.0696 69.19 22.00  87  62 1070000 1406000   240 9.80
1.964 0.0696 69.02 22.00  87  62 1070000 1406000   240 9.80
1.979 0.0684 68.87 22.00  87  62 1070000 1406000   240 9.80
1.994 0.0683 68.74 22.00  87  62 1070000 1406000   240 9.80
2.009 0.0687 68.63 22.00  87  62 1070000 1406000   240 9.80
2.024 0.0681 68.54 22.00  87  62 1070000 1406000   240 9.80
2.039 0.0690 68.48 22.00  87  62 1070000 1406000   240 9.80
2.054 0.0677 68.43 22.00  87  62 1070000 1406000   240 9.80
2.068 0.0677 68.40 22.00  87  62 1070000 1406000   240 9.80
2.083 0.0689 68.38 22.00  87  62 1070000 1406000   240 9.80
2.098 0.0685 68.39 22.00  87  62 1070000 1406000   240 9.80
2.113 0.0688 68.41 22.00  87  62 1070000 1406000   240 9.80
2.128 0.0693 68.46 22.00  87  62 1070000 1406000   240 9.80
2.143 0.0696 68.54 22.00  87  62 1070000 1406000   240 9.80
2.158 0.0695 68.66 22.00  87  62 1070000 1406000   240 9.80
2.173 0.0691 68.83 22.00  87  62 1070000 1406000   240 9.80
2.188 0.0703 69.04 22.00  87  62 1070000 1406000   240 9.80
2.202 0.0708 69.32 22.00  87  62 1070000 1406000   240 9.80
2.217 0.0704 69.68 22.00  87  62 1070000 1406000   240 9.80
2.232 0.0698 70.14 22.00  87  62 1070000 1406000   240 9.80
2.247 0.0729 70.72 22.00  87  62 1070000 1406000   240 9.80
2.262 0.0724 71.46 22.00  87  62 1070000 1406000   240 9.80
2.277 0.0717 72.38 22.00  87  62 1070000 1406000   240 9.80
2.292 0.0741 73.51 22.00  87  62 1070000 1406000   240 9.80
2.307 0.0743 74.87 22.00  87  62 1070000 1406000   240 9.80
2.321 0.0758 76.50 22.00  87  62 1070000 1406000   240 9.80
2.336 0.0779 78.39 22.00  87  62 1070000 1406000   240 9.80
2.351 0.0803 80.57 22.00  87  62 1070000 1406000   240 9.80
2.366 0.0822 83.03 22.00  87  62 1070000 1406000   240 9.80
2.381 0.0855 85.77 22.00  87  62 1070000 1406000   240 9.80
2.396 0.0884 88.78 22.00  87  62 1070000 1406000   240 9.80
2.411 0.0919 92.09 22.00  87  62 1070000 1406000   240 9.80
2.426 0.0952 95.84 22.00  87  62 1070000 1406000   240 9.80
2.440 0.1000 101.34 22.00  87  62 1070000 1406000   240 9.80
2.455 0.1068 109.12 22.00  87  62 1070000 1406000   240 9.80
2.470 0.1101 117.60 22.00  87  62 1070000 1406000   240 9.80
2.485 0.1185 125.92 22.00  87  62 1070000 1406000   240 9.80
2.500 0.1259 133.79 22.00  87  62 1070000 1406000   240 9.80
2.515 0.1318 141.16 22.00  87  62 1070000 1406000   240 9.80
2.530 0.1370 148.02 22.00  87  62 1070000 1406000   240 9.80
2.545 0.1492 154.41 22.00  87  62 1070000 1406000   240 9.80
2.560 0.1536 160.37 22.00  87  62 1070000 1406000   240 9.80
2.574 0.1585 165.95 22.00  87  62 1070000 1406000   240 9.80
2.589 0.1718 171.16 22.00  87  62 1070000 1406000   240 9.80
2.604 0.1816 176.06 22.00  87  62 1070000 1406000   240 9.80
2.619 0.1876 180.65 22.00  87  62 1070000 1406000   240 9.80
2.634 0.2053 184.95 22.00  87  62 1070000 1406000   240 9.80
2.649 0.2195 188.97 22.00  87  62 1070000 1406000   240 9.80
2.664 0.2340 192.72 22.00  87  62 1070000 1406000   240 9.80
2.679 0.2623 196.18 22.00  87  62 1070000 1406000   240 9.80
2.693 0.2851 199.35 22.00  87  62 1070000 1406000   240 9.80
2.708 0.3066 202.20 22.00  87  62 1070000 1406000   240 9.80
2.723 0.3160 204.72 22.00  87  62 1070000 1406000   240 9.80
2.738 0.3365 206.87 22.00  87  62 1070000 1406000   240 9.80
2.753 0.0000 208.60 22.00  87  62 1070000 1406000   240 9.80
2.768 0.0000 209.87 22.00  87  62 1070000 1406000   240 9.80
