     x     qy smooth tpara  cd  zL     xTr    xCpl frame tma
-1.954 0.2826 239.81 36.30  82  62  885000 1338000   250 10.23
-1.943 0.2878 224.50 36.30  82  62  885000 1338000   250 10.23
-1.932 0.2074 209.97 36.30  82  62  885000 1338000   250 10.23
-1.921 0.2113 196.19 36.30  82  62  885000 1338000   250 10.23
-1.909 0.1675 183.14 36.30  82  62  885000 1338000   250 10.23
-1.898 0.1232 170.81 36.30  82  62  885000 1338000   250 10.23
-1.887 0.1303 159.17 36.30  82  62  885000 1338000   250 10.23
-1.876 0.1188 148.22 36.30  82  62  885000 1338000   250 10.23
-1.865 0.1111 137.93 36.30  82  62  885000 1338000   250 10.23
-1.854 0.1063 128.30 36.30  82  62  885000 1338000   250 10.23
-1.843 0.1014 119.32 36.30  82  62  885000 1338000   250 10.23
-1.832 0.0955 110.99 36.30  82  62  885000 1338000   250 10.23
-1.821 0.0904 103.31 36.30  82  62  885000 1338000   250 10.23
-1.810 0.0890 96.28 36.30  82  62  885000 1338000   250 10.23
-1.799 0.0849 89.90 36.30  82  62  885000 1338000   250 10.23
-1.788 0.0829 84.20 36.30  82  62  885000 1338000   250 10.23
-1.777 0.0803 79.20 36.30  82  62  885000 1338000   250 10.23
-1.766 0.0778 74.92 36.30  82  62  885000 1338000   250 10.23
-1.755 0.0758 71.41 36.30  82  62  885000 1338000   250 10.23
-1.744 0.0748 68.71 36.30  82  62  885000 1338000   250 10.23
-1.733 0.0703 66.88 36.30  82  62  885000 1338000   250 10.23
-1.722 0.0695 65.94 36.30  82  62  885000 1338000   250 10.23
-1.711 0.0681 65.72 36.30  82  62  885000 1338000   250 10.23
-1.700 0.0677 65.51 36.30  82  62  885000 1338000   250 10.23
-1.689 0.0651 64.48 36.30  82  62  885000 1338000   250 10.23
-1.678 0.0641 63.37 36.30  82  62  885000 1338000   250 10.23
-1.667 0.0635 62.23 36.30  82  62  885000 1338000   250 10.23
-1.656 0.0607 61.13 36.30  82  62  885000 1338000   250 10.23
-1.645 0.0606 60.09 36.30  82  62  885000 1338000   250 10.23
-1.634 0.0609 59.11 36.30  82  62  885000 1338000   250 10.23
-1.623 0.0574 58.20 36.30  82  62  885000 1338000   250 10.23
-1.611 0.0583 57.36 36.30  82  62  885000 1338000   250 10.23
-1.600 0.0564 56.60 36.30  82  62  885000 1338000   250 10.23
-1.589 0.0561 55.92 36.30  82  62  885000 1338000   250 10.23
-1.578 0.0556 55.33 36.30  82  62  885000 1338000   250 10.23
-1.567 0.0552 54.82 36.30  82  62  885000 1338000   250 10.23
-1.556 0.0536 54.39 36.30  82  62  885000 1338000   250 10.23
-1.545 0.0524 54.04 36.30  82  62  885000 1338000   250 10.23
-1.534 0.0522 53.75 36.30  82  62  885000 1338000   250 10.23
-1.523 0.0533 53.54 36.30  82  62  885000 1338000   250 10.23
-1.512 0.0524 53.40 36.30  82  62  885000 1338000   250 10.23
-1.501 0.0539 53.31 36.30  82  62  885000 1338000   250 10.23
-1.490 0.0525 53.28 36.30  82  62  885000 1338000   250 10.23
-1.479 0.0535 53.29 36.30  82  62  885000 1338000   250 10.23
-1.468 0.0535 53.35 36.30  82  62  885000 1338000   250 10.23
-1.457 0.0540 53.44 36.30  82  62  885000 1338000   250 10.23
-1.446 0.0550 53.55 36.30  82  62  885000 1338000   250 10.23
-1.435 0.0544 53.67 36.30  82  62  885000 1338000   250 10.23
-1.424 0.0523 53.81 36.30  82  62  885000 1338000   250 10.23
-1.413 0.0552 53.95 36.30  82  62  885000 1338000   250 10.23
-1.402 0.0557 54.08 36.30  82  62  885000 1338000   250 10.23
-1.391 0.0546 54.20 36.30  82  62  885000 1338000   250 10.23
-1.380 0.0531 54.30 36.30  82  62  885000 1338000   250 10.23
-1.369 0.0543 54.37 36.30  82  62  885000 1338000   250 10.23
-1.358 0.0545 54.42 36.30  82  62  885000 1338000   250 10.23
-1.347 0.0558 54.44 36.30  82  62  885000 1338000   250 10.23
-1.336 0.0544 54.44 36.30  82  62  885000 1338000   250 10.23
-1.325 0.0545 54.41 36.30  82  62  885000 1338000   250 10.23
-1.313 0.0536 54.36 36.30  82  62  885000 1338000   250 10.23
-1.302 0.0539 54.29 36.30  82  62  885000 1338000   250 10.23
-1.291 0.0544 54.21 36.30  82  62  885000 1338000   250 10.23
-1.280 0.0544 54.12 36.30  82  62  885000 1338000   250 10.23
-1.269 0.0538 54.03 36.30  82  62  885000 1338000   250 10.23
-1.258 0.0544 53.93 36.30  82  62  885000 1338000   250 10.23
-1.247 0.0536 53.84 36.30  82  62  885000 1338000   250 10.23
-1.236 0.0539 53.74 36.30  82  62  885000 1338000   250 10.23
-1.225 0.0542 53.64 36.30  82  62  885000 1338000   250 10.23
-1.214 0.0534 53.54 36.30  82  62  885000 1338000   250 10.23
-1.203 0.0537 53.44 36.30  82  62  885000 1338000   250 10.23
-1.192 0.0524 53.35 36.30  82  62  885000 1338000   250 10.23
-1.181 0.0525 53.26 36.30  82  62  885000 1338000   250 10.23
-1.170 0.0538 53.17 36.30  82  62  885000 1338000   250 10.23
-1.159 0.0536 53.09 36.30  82  62  885000 1338000   250 10.23
-1.148 0.0528 53.01 36.30  82  62  885000 1338000   250 10.23
-1.137 0.0529 52.93 36.30  82  62  885000 1338000   250 10.23
-1.126 0.0515 52.85 36.30  82  62  885000 1338000   250 10.23
-1.115 0.0532 52.77 36.30  82  62  885000 1338000   250 10.23
-1.104 0.0523 52.69 36.30  82  62  885000 1338000   250 10.23
-1.093 0.0535 52.61 36.30  82  62  885000 1338000   250 10.23
-1.082 0.0531 52.53 36.30  82  62  885000 1338000   250 10.23
-1.071 0.0522 52.44 36.30  82  62  885000 1338000   250 10.23
-1.060 0.0525 52.36 36.30  82  62  885000 1338000   250 10.23
-1.049 0.0519 52.26 36.30  82  62  885000 1338000   250 10.23
-1.038 0.0520 52.17 36.30  82  62  885000 1338000   250 10.23
-1.026 0.0525 52.07 36.30  82  62  885000 1338000   250 10.23
-1.015 0.0525 51.98 36.30  82  62  885000 1338000   250 10.23
-1.004 0.0521 51.88 36.30  82  62  885000 1338000   250 10.23
-0.993 0.0516 51.80 36.30  82  62  885000 1338000   250 10.23
-0.982 0.0518 51.72 36.30  82  62  885000 1338000   250 10.23
-0.971 0.0519 51.65 36.30  82  62  885000 1338000   250 10.23
-0.960 0.0513 51.60 36.30  82  62  885000 1338000   250 10.23
-0.949 0.0514 51.56 36.30  82  62  885000 1338000   250 10.23
-0.938 0.0513 51.54 36.30  82  62  885000 1338000   250 10.23
-0.927 0.0512 51.53 36.30  82  62  885000 1338000   250 10.23
-0.916 0.0510 51.53 36.30  82  62  885000 1338000   250 10.23
-0.905 0.0516 51.55 36.30  82  62  885000 1338000   250 10.23
-0.894 0.0500 51.58 36.30  82  62  885000 1338000   250 10.23
-0.883 0.0524 51.62 36.30  82  62  885000 1338000   250 10.23
-0.872 0.0510 51.66 36.30  82  62  885000 1338000   250 10.23
-0.861 0.0514 51.71 36.30  82  62  885000 1338000   250 10.23
-0.850 0.0522 51.76 36.30  82  62  885000 1338000   250 10.23
-0.839 0.0521 51.81 36.30  82  62  885000 1338000   250 10.23
-0.828 0.0520 51.86 36.30  82  62  885000 1338000   250 10.23
-0.817 0.0526 51.91 36.30  82  62  885000 1338000   250 10.23
-0.806 0.0523 51.95 36.30  82  62  885000 1338000   250 10.23
-0.795 0.0526 51.99 36.30  82  62  885000 1338000   250 10.23
-0.784 0.0530 52.03 36.30  82  62  885000 1338000   250 10.23
-0.773 0.0510 52.06 36.30  82  62  885000 1338000   250 10.23
-0.762 0.0525 52.08 36.30  82  62  885000 1338000   250 10.23
-0.751 0.0524 52.09 36.30  82  62  885000 1338000   250 10.23
-0.740 0.0516 52.10 36.30  82  62  885000 1338000   250 10.23
-0.728 0.0524 52.10 36.30  82  62  885000 1338000   250 10.23
-0.717 0.0521 52.09 36.30  82  62  885000 1338000   250 10.23
-0.706 0.0513 52.08 36.30  82  62  885000 1338000   250 10.23
-0.695 0.0524 52.07 36.30  82  62  885000 1338000   250 10.23
-0.684 0.0510 52.05 36.30  82  62  885000 1338000   250 10.23
-0.673 0.0525 52.04 36.30  82  62  885000 1338000   250 10.23
-0.662 0.0517 52.04 36.30  82  62  885000 1338000   250 10.23
-0.651 0.0515 52.04 36.30  82  62  885000 1338000   250 10.23
-0.640 0.0524 52.04 36.30  82  62  885000 1338000   250 10.23
-0.629 0.0524 52.06 36.30  82  62  885000 1338000   250 10.23
-0.618 0.0521 52.08 36.30  82  62  885000 1338000   250 10.23
-0.607 0.0525 52.11 36.30  82  62  885000 1338000   250 10.23
-0.596 0.0529 52.14 36.30  82  62  885000 1338000   250 10.23
-0.585 0.0506 52.18 36.30  82  62  885000 1338000   250 10.23
-0.574 0.0523 52.21 36.30  82  62  885000 1338000   250 10.23
-0.563 0.0535 52.24 36.30  82  62  885000 1338000   250 10.23
-0.552 0.0520 52.27 36.30  82  62  885000 1338000   250 10.23
-0.541 0.0521 52.30 36.30  82  62  885000 1338000   250 10.23
-0.530 0.0520 52.32 36.30  82  62  885000 1338000   250 10.23
-0.519 0.0527 52.33 36.30  82  62  885000 1338000   250 10.23
-0.508 0.0510 52.34 36.30  82  62  885000 1338000   250 10.23
-0.497 0.0535 52.34 36.30  82  62  885000 1338000   250 10.23
-0.486 0.0521 52.33 36.30  82  62  885000 1338000   250 10.23
-0.475 0.0528 52.32 36.30  82  62  885000 1338000   250 10.23
-0.464 0.0530 52.31 36.30  82  62  885000 1338000   250 10.23
-0.453 0.0514 52.29 36.30  82  62  885000 1338000   250 10.23
-0.442 0.0520 52.26 36.30  82  62  885000 1338000   250 10.23
-0.430 0.0522 52.24 36.30  82  62  885000 1338000   250 10.23
-0.419 0.0531 52.22 36.30  82  62  885000 1338000   250 10.23
-0.408 0.0521 52.20 36.30  82  62  885000 1338000   250 10.23
-0.397 0.0524 52.18 36.30  82  62  885000 1338000   250 10.23
-0.386 0.0510 52.15 36.30  82  62  885000 1338000   250 10.23
-0.375 0.0525 52.13 36.30  82  62  885000 1338000   250 10.23
-0.364 0.0529 52.10 36.30  82  62  885000 1338000   250 10.23
-0.353 0.0516 52.07 36.30  82  62  885000 1338000   250 10.23
-0.342 0.0518 52.03 36.30  82  62  885000 1338000   250 10.23
-0.331 0.0512 51.99 36.30  82  62  885000 1338000   250 10.23
-0.320 0.0517 51.94 36.30  82  62  885000 1338000   250 10.23
-0.309 0.0522 51.87 36.30  82  62  885000 1338000   250 10.23
-0.298 0.0517 51.80 36.30  82  62  885000 1338000   250 10.23
-0.287 0.0513 51.71 36.30  82  62  885000 1338000   250 10.23
-0.276 0.0529 51.61 36.30  82  62  885000 1338000   250 10.23
-0.265 0.0508 51.51 36.30  82  62  885000 1338000   250 10.23
-0.254 0.0520 51.40 36.30  82  62  885000 1338000   250 10.23
-0.243 0.0517 51.30 36.30  82  62  885000 1338000   250 10.23
-0.232 0.0513 51.20 36.30  82  62  885000 1338000   250 10.23
-0.221 0.0515 51.11 36.30  82  62  885000 1338000   250 10.23
-0.210 0.0516 51.03 36.30  82  62  885000 1338000   250 10.23
-0.199 0.0505 50.97 36.30  82  62  885000 1338000   250 10.23
-0.188 0.0503 50.91 36.30  82  62  885000 1338000   250 10.23
-0.177 0.0501 50.85 36.30  82  62  885000 1338000   250 10.23
-0.166 0.0505 50.80 36.30  82  62  885000 1338000   250 10.23
-0.155 0.0504 50.74 36.30  82  62  885000 1338000   250 10.23
-0.143 0.0491 50.65 36.30  82  62  885000 1338000   250 10.23
-0.132 0.0492 50.53 36.30  82  62  885000 1338000   250 10.23
-0.121 0.0498 50.36 36.30  82  62  885000 1338000   250 10.23
-0.110 0.0492 50.13 36.30  82  62  885000 1338000   250 10.23
-0.099 0.0494 49.83 36.30  82  62  885000 1338000   250 10.23
-0.088 0.0501 49.45 36.30  82  62  885000 1338000   250 10.23
-0.077 0.0507 48.99 36.30  82  62  885000 1338000   250 10.23
-0.066 0.0495 48.43 36.30  82  62  885000 1338000   250 10.23
-0.055 0.0502 47.79 36.30  82  62  885000 1338000   250 10.23
-0.044 0.0495 47.07 36.30  82  62  885000 1338000   250 10.23
-0.033 0.0467 46.27 36.30  82  62  885000 1338000   250 10.23
-0.022 0.0477 45.41 36.30  82  62  885000 1338000   250 10.23
-0.011 0.0460 44.49 36.30  82  62  885000 1338000   250 10.23
0.000 0.0443 43.52 36.30  82  62  885000 1338000   250 10.23
0.011 0.0433 42.53 36.30  82  62  885000 1338000   250 10.23
0.022 0.0422 41.51 36.30  82  62  885000 1338000   250 10.23
0.033 0.0402 40.50 36.30  82  62  885000 1338000   250 10.23
0.044 0.0387 39.49 36.30  82  62  885000 1338000   250 10.23
0.055 0.0367 38.52 36.30  82  62  885000 1338000   250 10.23
0.065 0.0346 37.59 36.30  82  62  885000 1338000   250 10.23
0.075 0.0350 36.73 36.30  82  62  885000 1338000   250 10.23
0.084 0.0329 35.95 36.30  82  62  885000 1338000   250 10.23
0.093 0.0351 35.25 36.30  82  62  885000 1338000   250 10.23
0.102 0.0334 34.66 36.30  82  62  885000 1338000   250 10.23
0.110 0.0338 34.17 36.30  82  62  885000 1338000   250 10.23
0.118 0.0337 33.79 36.30  82  62  885000 1338000   250 10.23
0.126 0.0329 33.52 36.30  82  62  885000 1338000   250 10.23
0.133 0.0342 33.34 36.30  82  62  885000 1338000   250 10.23
0.140 0.0338 33.24 36.30  82  62  885000 1338000   250 10.23
0.147 0.0330 33.23 36.30  82  62  885000 1338000   250 10.23
0.153 0.0351 33.29 36.30  82  62  885000 1338000   250 10.23
0.159 0.0325 33.39 36.30  82  62  885000 1338000   250 10.23
0.165 0.0342 33.53 36.30  82  62  885000 1338000   250 10.23
0.171 0.0340 33.70 36.30  82  62  885000 1338000   250 10.23
0.176 0.0346 33.88 36.30  82  62  885000 1338000   250 10.23
0.182 0.0338 34.06 36.30  82  62  885000 1338000   250 10.23
0.187 0.0327 34.24 36.30  82  62  885000 1338000   250 10.23
0.191 0.0356 34.40 36.30  82  62  885000 1338000   250 10.23
0.196 0.0359 34.54 36.30  82  62  885000 1338000   250 10.23
0.201 0.0345 34.66 36.30  82  62  885000 1338000   250 10.23
0.205 0.0333 34.75 36.30  82  62  885000 1338000   250 10.23
0.209 0.0353 34.81 36.30  82  62  885000 1338000   250 10.23
0.213 0.0337 34.85 36.30  82  62  885000 1338000   250 10.23
0.217 0.0354 34.87 36.30  82  62  885000 1338000   250 10.23
0.220 0.0363 34.87 36.30  82  62  885000 1338000   250 10.23
0.224 0.0345 34.85 36.30  82  62  885000 1338000   250 10.23
0.227 0.0357 34.81 36.30  82  62  885000 1338000   250 10.23
0.230 0.0360 34.78 36.30  82  62  885000 1338000   250 10.23
0.233 0.0359 34.74 36.30  82  62  885000 1338000   250 10.23
0.236 0.0334 34.70 36.30  82  62  885000 1338000   250 10.23
0.239 0.0348 34.67 36.30  82  62  885000 1338000   250 10.23
0.242 0.0348 34.64 36.30  82  62  885000 1338000   250 10.23
0.244 0.0353 34.62 36.30  82  62  885000 1338000   250 10.23
0.247 0.0347 34.60 36.30  82  62  885000 1338000   250 10.23
0.249 0.0355 34.59 36.30  82  62  885000 1338000   250 10.23
0.252 0.0302 34.59 36.30  82  62  885000 1338000   250 10.23
0.254 0.0347 34.62 36.30  82  62  885000 1338000   250 10.23
0.256 0.0346 34.68 36.30  82  62  885000 1338000   250 10.23
0.258 0.0330 34.77 36.30  82  62  885000 1338000   250 10.23
0.260 0.0334 34.89 36.30  82  62  885000 1338000   250 10.23
0.263 0.0380 35.06 36.30  82  62  885000 1338000   250 10.23
0.265 0.0374 35.26 36.30  82  62  885000 1338000   250 10.23
0.267 0.0352 35.49 36.30  82  62  885000 1338000   250 10.23
0.269 0.0321 35.75 36.30  82  62  885000 1338000   250 10.23
0.272 0.0360 36.04 36.30  82  62  885000 1338000   250 10.23
0.274 0.0405 36.35 36.30  82  62  885000 1338000   250 10.23
0.276 0.0370 36.68 36.30  82  62  885000 1338000   250 10.23
0.278 0.0349 37.01 36.30  82  62  885000 1338000   250 10.23
0.280 0.0346 37.34 36.30  82  62  885000 1338000   250 10.23
0.283 0.0371 37.65 36.30  82  62  885000 1338000   250 10.23
0.285 0.0394 37.94 36.30  82  62  885000 1338000   250 10.23
0.287 0.0360 38.20 36.30  82  62  885000 1338000   250 10.23
0.289 0.0404 38.43 36.30  82  62  885000 1338000   250 10.23
0.291 0.0423 38.62 36.30  82  62  885000 1338000   250 10.23
0.294 0.0356 38.77 36.30  82  62  885000 1338000   250 10.23
0.296 0.0417 38.88 36.30  82  62  885000 1338000   250 10.23
0.298 0.0411 38.96 36.30  82  62  885000 1338000   250 10.23
0.300 0.0366 39.01 36.30  82  62  885000 1338000   250 10.23
0.302 0.0388 39.03 36.30  82  62  885000 1338000   250 10.23
0.305 0.0400 39.01 36.30  82  62  885000 1338000   250 10.23
0.307 0.0380 38.97 36.30  82  62  885000 1338000   250 10.23
0.309 0.0392 38.89 36.30  82  62  885000 1338000   250 10.23
0.311 0.0405 38.79 36.30  82  62  885000 1338000   250 10.23
0.313 0.0408 38.67 36.30  82  62  885000 1338000   250 10.23
0.316 0.0365 38.54 36.30  82  62  885000 1338000   250 10.23
0.318 0.0398 38.41 36.30  82  62  885000 1338000   250 10.23
0.320 0.0355 38.29 36.30  82  62  885000 1338000   250 10.23
0.322 0.0384 38.18 36.30  82  62  885000 1338000   250 10.23
0.325 0.0361 38.09 36.30  82  62  885000 1338000   250 10.23
0.327 0.0389 38.01 36.30  82  62  885000 1338000   250 10.23
0.329 0.0382 37.96 36.30  82  62  885000 1338000   250 10.23
0.331 0.0365 37.92 36.30  82  62  885000 1338000   250 10.23
0.333 0.0368 37.90 36.30  82  62  885000 1338000   250 10.23
0.336 0.0379 37.90 36.30  82  62  885000 1338000   250 10.23
0.338 0.0406 37.91 36.30  82  62  885000 1338000   250 10.23
0.340 0.0369 37.94 36.30  82  62  885000 1338000   250 10.23
0.342 0.0369 37.98 36.30  82  62  885000 1338000   250 10.23
0.344 0.0368 38.04 36.30  82  62  885000 1338000   250 10.23
0.347 0.0404 38.13 36.30  82  62  885000 1338000   250 10.23
0.349 0.0372 38.23 36.30  82  62  885000 1338000   250 10.23
0.351 0.0392 38.35 36.30  82  62  885000 1338000   250 10.23
0.353 0.0394 38.48 36.30  82  62  885000 1338000   250 10.23
0.355 0.0403 38.60 36.30  82  62  885000 1338000   250 10.23
0.358 0.0401 38.71 36.30  82  62  885000 1338000   250 10.23
0.360 0.0377 38.80 36.30  82  62  885000 1338000   250 10.23
0.362 0.0376 38.88 36.30  82  62  885000 1338000   250 10.23
0.364 0.0371 38.96 36.30  82  62  885000 1338000   250 10.23
0.366 0.0384 39.05 36.30  82  62  885000 1338000   250 10.23
0.369 0.0362 39.15 36.30  82  62  885000 1338000   250 10.23
0.371 0.0417 39.26 36.30  82  62  885000 1338000   250 10.23
0.373 0.0437 39.40 36.30  82  62  885000 1338000   250 10.23
0.375 0.0374 39.55 36.30  82  62  885000 1338000   250 10.23
0.377 0.0388 39.72 36.30  82  62  885000 1338000   250 10.23
0.380 0.0412 39.90 36.30  82  62  885000 1338000   250 10.23
0.382 0.0410 40.08 36.30  82  62  885000 1338000   250 10.23
0.384 0.0392 40.27 36.30  82  62  885000 1338000   250 10.23
0.386 0.0403 40.44 36.30  82  62  885000 1338000   250 10.23
0.389 0.0417 40.60 36.30  82  62  885000 1338000   250 10.23
0.391 0.0370 40.74 36.30  82  62  885000 1338000   250 10.23
0.393 0.0400 40.87 36.30  82  62  885000 1338000   250 10.23
0.395 0.0386 40.99 36.30  82  62  885000 1338000   250 10.23
0.397 0.0432 41.09 36.30  82  62  885000 1338000   250 10.23
0.400 0.0415 41.18 36.30  82  62  885000 1338000   250 10.23
0.402 0.0449 41.24 36.30  82  62  885000 1338000   250 10.23
0.404 0.0428 41.30 36.30  82  62  885000 1338000   250 10.23
0.406 0.0444 41.36 36.30  82  62  885000 1338000   250 10.23
0.408 0.0420 41.42 36.30  82  62  885000 1338000   250 10.23
0.411 0.0384 41.48 36.30  82  62  885000 1338000   250 10.23
0.413 0.0422 41.55 36.30  82  62  885000 1338000   250 10.23
0.415 0.0407 41.62 36.30  82  62  885000 1338000   250 10.23
0.417 0.0403 41.70 36.30  82  62  885000 1338000   250 10.23
0.419 0.0409 41.77 36.30  82  62  885000 1338000   250 10.23
0.422 0.0406 41.84 36.30  82  62  885000 1338000   250 10.23
0.424 0.0422 41.91 36.30  82  62  885000 1338000   250 10.23
0.426 0.0404 41.99 36.30  82  62  885000 1338000   250 10.23
0.428 0.0405 42.08 36.30  82  62  885000 1338000   250 10.23
0.430 0.0450 42.17 36.30  82  62  885000 1338000   250 10.23
0.433 0.0439 42.28 36.30  82  62  885000 1338000   250 10.23
0.435 0.0421 42.41 36.30  82  62  885000 1338000   250 10.23
0.437 0.0425 42.55 36.30  82  62  885000 1338000   250 10.23
0.439 0.0416 42.70 36.30  82  62  885000 1338000   250 10.23
0.442 0.0417 42.87 36.30  82  62  885000 1338000   250 10.23
0.444 0.0433 43.02 36.30  82  62  885000 1338000   250 10.23
0.446 0.0469 43.17 36.30  82  62  885000 1338000   250 10.23
0.448 0.0422 43.29 36.30  82  62  885000 1338000   250 10.23
0.450 0.0425 43.40 36.30  82  62  885000 1338000   250 10.23
0.453 0.0432 43.48 36.30  82  62  885000 1338000   250 10.23
0.455 0.0428 43.54 36.30  82  62  885000 1338000   250 10.23
0.457 0.0455 43.58 36.30  82  62  885000 1338000   250 10.23
0.459 0.0455 43.62 36.30  82  62  885000 1338000   250 10.23
0.461 0.0444 43.64 36.30  82  62  885000 1338000   250 10.23
0.464 0.0406 43.67 36.30  82  62  885000 1338000   250 10.23
0.466 0.0449 43.68 36.30  82  62  885000 1338000   250 10.23
0.468 0.0427 43.70 36.30  82  62  885000 1338000   250 10.23
0.470 0.0448 43.71 36.30  82  62  885000 1338000   250 10.23
0.472 0.0435 43.72 36.30  82  62  885000 1338000   250 10.23
0.475 0.0415 43.74 36.30  82  62  885000 1338000   250 10.23
0.477 0.0442 43.75 36.30  82  62  885000 1338000   250 10.23
0.479 0.0420 43.76 36.30  82  62  885000 1338000   250 10.23
0.481 0.0450 43.77 36.30  82  62  885000 1338000   250 10.23
0.483 0.0449 43.78 36.30  82  62  885000 1338000   250 10.23
0.486 0.0416 43.80 36.30  82  62  885000 1338000   250 10.23
0.488 0.0456 43.84 36.30  82  62  885000 1338000   250 10.23
0.490 0.0470 43.89 36.30  82  62  885000 1338000   250 10.23
0.492 0.0423 43.94 36.30  82  62  885000 1338000   250 10.23
0.494 0.0441 44.00 36.30  82  62  885000 1338000   250 10.23
0.497 0.0430 44.05 36.30  82  62  885000 1338000   250 10.23
0.499 0.0437 44.09 36.30  82  62  885000 1338000   250 10.23
0.501 0.0433 44.13 36.30  82  62  885000 1338000   250 10.23
0.503 0.0446 44.15 36.30  82  62  885000 1338000   250 10.23
0.506 0.0456 44.16 36.30  82  62  885000 1338000   250 10.23
0.508 0.0423 44.15 36.30  82  62  885000 1338000   250 10.23
0.510 0.0440 44.13 36.30  82  62  885000 1338000   250 10.23
0.512 0.0459 44.11 36.30  82  62  885000 1338000   250 10.23
0.514 0.0449 44.08 36.30  82  62  885000 1338000   250 10.23
0.517 0.0411 44.06 36.30  82  62  885000 1338000   250 10.23
0.519 0.0467 44.03 36.30  82  62  885000 1338000   250 10.23
0.521 0.0437 44.00 36.30  82  62  885000 1338000   250 10.23
0.523 0.0423 43.98 36.30  82  62  885000 1338000   250 10.23
0.525 0.0460 43.96 36.30  82  62  885000 1338000   250 10.23
0.528 0.0457 43.95 36.30  82  62  885000 1338000   250 10.23
0.530 0.0447 43.94 36.30  82  62  885000 1338000   250 10.23
0.532 0.0387 43.92 36.30  82  62  885000 1338000   250 10.23
0.534 0.0449 43.88 36.30  82  62  885000 1338000   250 10.23
0.536 0.0427 43.83 36.30  82  62  885000 1338000   250 10.23
0.539 0.0430 43.77 36.30  82  62  885000 1338000   250 10.23
0.541 0.0437 43.70 36.30  82  62  885000 1338000   250 10.23
0.543 0.0466 43.64 36.30  82  62  885000 1338000   250 10.23
0.545 0.0440 43.58 36.30  82  62  885000 1338000   250 10.23
0.547 0.0405 43.53 36.30  82  62  885000 1338000   250 10.23
0.550 0.0480 43.49 36.30  82  62  885000 1338000   250 10.23
0.552 0.0424 43.46 36.30  82  62  885000 1338000   250 10.23
0.554 0.0431 43.43 36.30  82  62  885000 1338000   250 10.23
0.556 0.0436 43.41 36.30  82  62  885000 1338000   250 10.23
0.558 0.0429 43.39 36.30  82  62  885000 1338000   250 10.23
0.561 0.0421 43.39 36.30  82  62  885000 1338000   250 10.23
0.563 0.0456 43.38 36.30  82  62  885000 1338000   250 10.23
0.565 0.0428 43.39 36.30  82  62  885000 1338000   250 10.23
0.567 0.0438 43.40 36.30  82  62  885000 1338000   250 10.23
0.570 0.0422 43.41 36.30  82  62  885000 1338000   250 10.23
0.572 0.0396 43.42 36.30  82  62  885000 1338000   250 10.23
0.574 0.0459 43.43 36.30  82  62  885000 1338000   250 10.23
0.576 0.0418 43.45 36.30  82  62  885000 1338000   250 10.23
0.578 0.0443 43.48 36.30  82  62  885000 1338000   250 10.23
0.581 0.0461 43.52 36.30  82  62  885000 1338000   250 10.23
0.583 0.0449 43.59 36.30  82  62  885000 1338000   250 10.23
0.585 0.0417 43.67 36.30  82  62  885000 1338000   250 10.23
0.587 0.0466 43.76 36.30  82  62  885000 1338000   250 10.23
0.589 0.0398 43.85 36.30  82  62  885000 1338000   250 10.23
0.592 0.0444 43.93 36.30  82  62  885000 1338000   250 10.23
0.594 0.0440 44.01 36.30  82  62  885000 1338000   250 10.23
0.596 0.0453 44.09 36.30  82  62  885000 1338000   250 10.23
0.598 0.0442 44.16 36.30  82  62  885000 1338000   250 10.23
0.600 0.0447 44.23 36.30  82  62  885000 1338000   250 10.23
0.603 0.0450 44.31 36.30  82  62  885000 1338000   250 10.23
0.605 0.0440 44.39 36.30  82  62  885000 1338000   250 10.23
0.607 0.0430 44.47 36.30  82  62  885000 1338000   250 10.23
0.609 0.0438 44.56 36.30  82  62  885000 1338000   250 10.23
0.611 0.0460 44.66 36.30  82  62  885000 1338000   250 10.23
0.614 0.0456 44.77 36.30  82  62  885000 1338000   250 10.23
0.616 0.0459 44.91 36.30  82  62  885000 1338000   250 10.23
0.618 0.0444 45.08 36.30  82  62  885000 1338000   250 10.23
0.620 0.0456 45.27 36.30  82  62  885000 1338000   250 10.23
0.623 0.0432 45.49 36.30  82  62  885000 1338000   250 10.23
0.625 0.0460 45.73 36.30  82  62  885000 1338000   250 10.23
0.627 0.0479 45.98 36.30  82  62  885000 1338000   250 10.23
0.629 0.0441 46.23 36.30  82  62  885000 1338000   250 10.23
0.631 0.0424 46.48 36.30  82  62  885000 1338000   250 10.23
0.634 0.0506 46.74 36.30  82  62  885000 1338000   250 10.23
0.636 0.0475 47.01 36.30  82  62  885000 1338000   250 10.23
0.638 0.0479 47.30 36.30  82  62  885000 1338000   250 10.23
0.640 0.0471 47.60 36.30  82  62  885000 1338000   250 10.23
0.642 0.0483 47.93 36.30  82  62  885000 1338000   250 10.23
0.645 0.0490 48.28 36.30  82  62  885000 1338000   250 10.23
0.647 0.0450 48.65 36.30  82  62  885000 1338000   250 10.23
0.649 0.0536 49.04 36.30  82  62  885000 1338000   250 10.23
0.651 0.0478 49.45 36.30  82  62  885000 1338000   250 10.23
0.653 0.0521 49.89 36.30  82  62  885000 1338000   250 10.23
0.656 0.0499 50.35 36.30  82  62  885000 1338000   250 10.23
0.658 0.0512 50.83 36.30  82  62  885000 1338000   250 10.23
0.660 0.0536 51.32 36.30  82  62  885000 1338000   250 10.23
0.662 0.0443 51.83 36.30  82  62  885000 1338000   250 10.23
0.664 0.0531 52.35 36.30  82  62  885000 1338000   250 10.23
0.667 0.0524 52.88 36.30  82  62  885000 1338000   250 10.23
0.669 0.0523 53.42 36.30  82  62  885000 1338000   250 10.23
0.671 0.0543 53.98 36.30  82  62  885000 1338000   250 10.23
0.673 0.0552 54.54 36.30  82  62  885000 1338000   250 10.23
0.675 0.0546 55.10 36.30  82  62  885000 1338000   250 10.23
0.678 0.0585 55.66 36.30  82  62  885000 1338000   250 10.23
0.680 0.0568 56.22 36.30  82  62  885000 1338000   250 10.23
0.682 0.0560 56.76 36.30  82  62  885000 1338000   250 10.23
0.684 0.0582 57.29 36.30  82  62  885000 1338000   250 10.23
0.687 0.0574 57.79 36.30  82  62  885000 1338000   250 10.23
0.689 0.0574 58.27 36.30  82  62  885000 1338000   250 10.23
0.691 0.0560 58.73 36.30  82  62  885000 1338000   250 10.23
0.693 0.0647 59.15 36.30  82  62  885000 1338000   250 10.23
0.695 0.0611 59.55 36.30  82  62  885000 1338000   250 10.23
0.698 0.0557 59.91 36.30  82  62  885000 1338000   250 10.23
0.700 0.0606 60.22 36.30  82  62  885000 1338000   250 10.23
0.702 0.0604 60.50 36.30  82  62  885000 1338000   250 10.23
0.704 0.0649 60.74 36.30  82  62  885000 1338000   250 10.23
0.706 0.0593 60.96 36.30  82  62  885000 1338000   250 10.23
0.709 0.0602 61.16 36.30  82  62  885000 1338000   250 10.23
0.711 0.0609 61.35 36.30  82  62  885000 1338000   250 10.23
0.713 0.0585 61.52 36.30  82  62  885000 1338000   250 10.23
0.715 0.0622 61.67 36.30  82  62  885000 1338000   250 10.23
0.717 0.0670 61.81 36.30  82  62  885000 1338000   250 10.23
0.720 0.0561 61.94 36.30  82  62  885000 1338000   250 10.23
0.722 0.0653 62.05 36.30  82  62  885000 1338000   250 10.23
0.724 0.0610 62.14 36.30  82  62  885000 1338000   250 10.23
0.726 0.0619 62.22 36.30  82  62  885000 1338000   250 10.23
0.728 0.0655 62.28 36.30  82  62  885000 1338000   250 10.23
0.731 0.0609 62.32 36.30  82  62  885000 1338000   250 10.23
0.733 0.0614 62.36 36.30  82  62  885000 1338000   250 10.23
0.735 0.0627 62.40 36.30  82  62  885000 1338000   250 10.23
0.737 0.0617 62.43 36.30  82  62  885000 1338000   250 10.23
0.740 0.0626 62.46 36.30  82  62  885000 1338000   250 10.23
0.742 0.0633 62.49 36.30  82  62  885000 1338000   250 10.23
0.744 0.0647 62.51 36.30  82  62  885000 1338000   250 10.23
0.746 0.0610 62.53 36.30  82  62  885000 1338000   250 10.23
0.748 0.0628 62.53 36.30  82  62  885000 1338000   250 10.23
0.751 0.0605 62.53 36.30  82  62  885000 1338000   250 10.23
0.753 0.0615 62.53 36.30  82  62  885000 1338000   250 10.23
0.755 0.0644 62.52 36.30  82  62  885000 1338000   250 10.23
0.757 0.0651 62.54 36.30  82  62  885000 1338000   250 10.23
0.759 0.0583 62.57 36.30  82  62  885000 1338000   250 10.23
0.762 0.0647 62.62 36.30  82  62  885000 1338000   250 10.23
0.764 0.0619 62.69 36.30  82  62  885000 1338000   250 10.23
0.766 0.0621 62.75 36.30  82  62  885000 1338000   250 10.23
0.768 0.0625 62.82 36.30  82  62  885000 1338000   250 10.23
0.770 0.0619 62.91 36.30  82  62  885000 1338000   250 10.23
0.773 0.0671 63.00 36.30  82  62  885000 1338000   250 10.23
0.775 0.0625 63.11 36.30  82  62  885000 1338000   250 10.23
0.777 0.0631 63.23 36.30  82  62  885000 1338000   250 10.23
0.779 0.0611 63.35 36.30  82  62  885000 1338000   250 10.23
0.781 0.0663 63.47 36.30  82  62  885000 1338000   250 10.23
0.784 0.0611 63.61 36.30  82  62  885000 1338000   250 10.23
0.786 0.0617 63.74 36.30  82  62  885000 1338000   250 10.23
0.788 0.0602 63.88 36.30  82  62  885000 1338000   250 10.23
0.790 0.0703 64.02 36.30  82  62  885000 1338000   250 10.23
0.792 0.0689 64.15 36.30  82  62  885000 1338000   250 10.23
0.795 0.0583 64.28 36.30  82  62  885000 1338000   250 10.23
0.797 0.0671 64.42 36.30  82  62  885000 1338000   250 10.23
0.799 0.0674 64.57 36.30  82  62  885000 1338000   250 10.23
0.801 0.0604 64.72 36.30  82  62  885000 1338000   250 10.23
0.804 0.0638 64.88 36.30  82  62  885000 1338000   250 10.23
0.806 0.0642 65.06 36.30  82  62  885000 1338000   250 10.23
0.808 0.0650 65.24 36.30  82  62  885000 1338000   250 10.23
0.810 0.0677 65.45 36.30  82  62  885000 1338000   250 10.23
0.812 0.0702 65.66 36.30  82  62  885000 1338000   250 10.23
0.815 0.0651 65.88 36.30  82  62  885000 1338000   250 10.23
0.817 0.0593 66.11 36.30  82  62  885000 1338000   250 10.23
0.819 0.0654 66.34 36.30  82  62  885000 1338000   250 10.23
0.821 0.0697 66.59 36.30  82  62  885000 1338000   250 10.23
0.823 0.0677 66.83 36.30  82  62  885000 1338000   250 10.23
0.826 0.0683 67.09 36.30  82  62  885000 1338000   250 10.23
0.828 0.0621 67.34 36.30  82  62  885000 1338000   250 10.23
0.830 0.0712 67.60 36.30  82  62  885000 1338000   250 10.23
0.832 0.0622 67.84 36.30  82  62  885000 1338000   250 10.23
0.834 0.0743 68.07 36.30  82  62  885000 1338000   250 10.23
0.837 0.0675 68.29 36.30  82  62  885000 1338000   250 10.23
0.839 0.0672 68.49 36.30  82  62  885000 1338000   250 10.23
0.841 0.0733 68.66 36.30  82  62  885000 1338000   250 10.23
0.843 0.0651 68.83 36.30  82  62  885000 1338000   250 10.23
0.845 0.0693 68.98 36.30  82  62  885000 1338000   250 10.23
0.848 0.0724 69.13 36.30  82  62  885000 1338000   250 10.23
0.850 0.0700 69.28 36.30  82  62  885000 1338000   250 10.23
0.852 0.0644 69.43 36.30  82  62  885000 1338000   250 10.23
0.854 0.0716 69.57 36.30  82  62  885000 1338000   250 10.23
0.857 0.0692 69.69 36.30  82  62  885000 1338000   250 10.23
0.859 0.0732 69.79 36.30  82  62  885000 1338000   250 10.23
0.861 0.0667 69.88 36.30  82  62  885000 1338000   250 10.23
0.863 0.0749 69.97 36.30  82  62  885000 1338000   250 10.23
0.865 0.0633 70.06 36.30  82  62  885000 1338000   250 10.23
0.868 0.0686 70.15 36.30  82  62  885000 1338000   250 10.23
0.870 0.0710 70.25 36.30  82  62  885000 1338000   250 10.23
0.872 0.0687 70.34 36.30  82  62  885000 1338000   250 10.23
0.874 0.0733 70.45 36.30  82  62  885000 1338000   250 10.23
0.876 0.0723 70.55 36.30  82  62  885000 1338000   250 10.23
0.879 0.0690 70.65 36.30  82  62  885000 1338000   250 10.23
0.881 0.0709 70.74 36.30  82  62  885000 1338000   250 10.23
0.883 0.0746 70.82 36.30  82  62  885000 1338000   250 10.23
0.885 0.0687 70.89 36.30  82  62  885000 1338000   250 10.23
0.887 0.0706 70.94 36.30  82  62  885000 1338000   250 10.23
0.890 0.0701 70.98 36.30  82  62  885000 1338000   250 10.23
0.892 0.0719 70.99 36.30  82  62  885000 1338000   250 10.23
0.894 0.0714 70.99 36.30  82  62  885000 1338000   250 10.23
0.896 0.0687 70.97 36.30  82  62  885000 1338000   250 10.23
0.898 0.0721 70.92 36.30  82  62  885000 1338000   250 10.23
0.901 0.0690 70.86 36.30  82  62  885000 1338000   250 10.23
0.903 0.0766 70.79 36.30  82  62  885000 1338000   250 10.23
0.905 0.0705 70.70 36.30  82  62  885000 1338000   250 10.23
0.907 0.0697 70.61 36.30  82  62  885000 1338000   250 10.23
0.909 0.0687 70.52 36.30  82  62  885000 1338000   250 10.23
0.912 0.0718 70.43 36.30  82  62  885000 1338000   250 10.23
0.914 0.0676 70.36 36.30  82  62  885000 1338000   250 10.23
0.916 0.0737 70.32 36.30  82  62  885000 1338000   250 10.23
0.918 0.0653 70.29 36.30  82  62  885000 1338000   250 10.23
0.921 0.0697 70.26 36.30  82  62  885000 1338000   250 10.23
0.923 0.0725 70.24 36.30  82  62  885000 1338000   250 10.23
0.925 0.0720 70.23 36.30  82  62  885000 1338000   250 10.23
0.927 0.0721 70.21 36.30  82  62  885000 1338000   250 10.23
0.929 0.0662 70.20 36.30  82  62  885000 1338000   250 10.23
0.932 0.0675 70.18 36.30  82  62  885000 1338000   250 10.23
0.934 0.0716 70.16 36.30  82  62  885000 1338000   250 10.23
0.936 0.0717 70.14 36.30  82  62  885000 1338000   250 10.23
0.938 0.0711 70.13 36.30  82  62  885000 1338000   250 10.23
0.940 0.0679 70.12 36.30  82  62  885000 1338000   250 10.23
0.943 0.0711 70.12 36.30  82  62  885000 1338000   250 10.23
0.945 0.0713 70.12 36.30  82  62  885000 1338000   250 10.23
0.947 0.0722 70.12 36.30  82  62  885000 1338000   250 10.23
0.949 0.0698 70.12 36.30  82  62  885000 1338000   250 10.23
0.951 0.0674 70.12 36.30  82  62  885000 1338000   250 10.23
0.954 0.0734 70.11 36.30  82  62  885000 1338000   250 10.23
0.956 0.0693 70.10 36.30  82  62  885000 1338000   250 10.23
0.958 0.0707 70.10 36.30  82  62  885000 1338000   250 10.23
0.960 0.0667 70.09 36.30  82  62  885000 1338000   250 10.23
0.962 0.0699 70.08 36.30  82  62  885000 1338000   250 10.23
0.965 0.0696 70.07 36.30  82  62  885000 1338000   250 10.23
0.967 0.0710 70.06 36.30  82  62  885000 1338000   250 10.23
0.969 0.0692 70.06 36.30  82  62  885000 1338000   250 10.23
0.971 0.0710 70.06 36.30  82  62  885000 1338000   250 10.23
0.974 0.0669 70.04 36.30  82  62  885000 1338000   250 10.23
0.976 0.0734 70.03 36.30  82  62  885000 1338000   250 10.23
0.978 0.0701 70.02 36.30  82  62  885000 1338000   250 10.23
0.980 0.0698 70.02 36.30  82  62  885000 1338000   250 10.23
0.982 0.0712 70.00 36.30  82  62  885000 1338000   250 10.23
0.985 0.0710 69.98 36.30  82  62  885000 1338000   250 10.23
0.987 0.0692 69.95 36.30  82  62  885000 1338000   250 10.23
0.989 0.0706 69.91 36.30  82  62  885000 1338000   250 10.23
0.991 0.0670 69.87 36.30  82  62  885000 1338000   250 10.23
0.993 0.0707 69.82 36.30  82  62  885000 1338000   250 10.23
0.996 0.0702 69.76 36.30  82  62  885000 1338000   250 10.23
0.998 0.0712 69.69 36.30  82  62  885000 1338000   250 10.23
1.000 0.0693 69.63 36.30  82  62  885000 1338000   250 10.23
1.002 0.0673 69.57 36.30  82  62  885000 1338000   250 10.23
1.004 0.0733 69.50 36.30  82  62  885000 1338000   250 10.23
1.007 0.0671 69.44 36.30  82  62  885000 1338000   250 10.23
1.009 0.0697 69.39 36.30  82  62  885000 1338000   250 10.23
1.011 0.0695 69.35 36.30  82  62  885000 1338000   250 10.23
1.013 0.0676 69.31 36.30  82  62  885000 1338000   250 10.23
1.015 0.0684 69.28 36.30  82  62  885000 1338000   250 10.23
1.018 0.0691 69.26 36.30  82  62  885000 1338000   250 10.23
1.020 0.0706 69.24 36.30  82  62  885000 1338000   250 10.23
1.022 0.0690 69.23 36.30  82  62  885000 1338000   250 10.23
1.024 0.0670 69.23 36.30  82  62  885000 1338000   250 10.23
1.026 0.0713 69.23 36.30  82  62  885000 1338000   250 10.23
1.029 0.0725 69.24 36.30  82  62  885000 1338000   250 10.23
1.031 0.0681 69.25 36.30  82  62  885000 1338000   250 10.23
1.033 0.0673 69.27 36.30  82  62  885000 1338000   250 10.23
1.035 0.0701 69.28 36.30  82  62  885000 1338000   250 10.23
1.038 0.0720 69.29 36.30  82  62  885000 1338000   250 10.23
1.040 0.0658 69.30 36.30  82  62  885000 1338000   250 10.23
1.042 0.0690 69.29 36.30  82  62  885000 1338000   250 10.23
1.044 0.0699 69.28 36.30  82  62  885000 1338000   250 10.23
1.046 0.0689 69.26 36.30  82  62  885000 1338000   250 10.23
1.049 0.0697 69.23 36.30  82  62  885000 1338000   250 10.23
1.051 0.0697 69.20 36.30  82  62  885000 1338000   250 10.23
1.053 0.0698 69.16 36.30  82  62  885000 1338000   250 10.23
1.055 0.0663 69.13 36.30  82  62  885000 1338000   250 10.23
1.057 0.0718 69.11 36.30  82  62  885000 1338000   250 10.23
1.060 0.0701 69.10 36.30  82  62  885000 1338000   250 10.23
1.062 0.0662 69.10 36.30  82  62  885000 1338000   250 10.23
1.064 0.0714 69.11 36.30  82  62  885000 1338000   250 10.23
1.066 0.0709 69.12 36.30  82  62  885000 1338000   250 10.23
1.068 0.0642 69.14 36.30  82  62  885000 1338000   250 10.23
1.071 0.0730 69.17 36.30  82  62  885000 1338000   250 10.23
1.073 0.0659 69.19 36.30  82  62  885000 1338000   250 10.23
1.075 0.0694 69.20 36.30  82  62  885000 1338000   250 10.23
1.077 0.0691 69.22 36.30  82  62  885000 1338000   250 10.23
1.079 0.0702 69.23 36.30  82  62  885000 1338000   250 10.23
1.082 0.0672 69.25 36.30  82  62  885000 1338000   250 10.23
1.084 0.0716 69.26 36.30  82  62  885000 1338000   250 10.23
1.086 0.0683 69.28 36.30  82  62  885000 1338000   250 10.23
1.088 0.0701 69.30 36.30  82  62  885000 1338000   250 10.23
1.091 0.0692 69.32 36.30  82  62  885000 1338000   250 10.23
1.093 0.0706 69.34 36.30  82  62  885000 1338000   250 10.23
1.095 0.0711 69.36 36.30  82  62  885000 1338000   250 10.23
1.097 0.0680 69.38 36.30  82  62  885000 1338000   250 10.23
1.099 0.0669 69.39 36.30  82  62  885000 1338000   250 10.23
1.102 0.0716 69.41 36.30  82  62  885000 1338000   250 10.23
1.104 0.0679 69.43 36.30  82  62  885000 1338000   250 10.23
1.106 0.0689 69.44 36.30  82  62  885000 1338000   250 10.23
1.108 0.0723 69.45 36.30  82  62  885000 1338000   250 10.23
1.110 0.0668 69.45 36.30  82  62  885000 1338000   250 10.23
1.113 0.0712 69.45 36.30  82  62  885000 1338000   250 10.23
1.115 0.0677 69.45 36.30  82  62  885000 1338000   250 10.23
1.117 0.0699 69.45 36.30  82  62  885000 1338000   250 10.23
1.119 0.0716 69.46 36.30  82  62  885000 1338000   250 10.23
1.121 0.0676 69.47 36.30  82  62  885000 1338000   250 10.23
1.124 0.0683 69.49 36.30  82  62  885000 1338000   250 10.23
1.126 0.0703 69.52 36.30  82  62  885000 1338000   250 10.23
1.128 0.0697 69.56 36.30  82  62  885000 1338000   250 10.23
1.130 0.0702 69.61 36.30  82  62  885000 1338000   250 10.23
1.132 0.0706 69.66 36.30  82  62  885000 1338000   250 10.23
1.135 0.0660 69.72 36.30  82  62  885000 1338000   250 10.23
1.137 0.0734 69.78 36.30  82  62  885000 1338000   250 10.23
1.139 0.0688 69.84 36.30  82  62  885000 1338000   250 10.23
1.141 0.0728 69.89 36.30  82  62  885000 1338000   250 10.23
1.143 0.0652 69.93 36.30  82  62  885000 1338000   250 10.23
1.146 0.0734 69.96 36.30  82  62  885000 1338000   250 10.23
1.148 0.0644 69.99 36.30  82  62  885000 1338000   250 10.23
1.150 0.0742 70.01 36.30  82  62  885000 1338000   250 10.23
1.152 0.0692 70.03 36.30  82  62  885000 1338000   250 10.23
1.155 0.0692 70.05 36.30  82  62  885000 1338000   250 10.23
1.157 0.0720 70.06 36.30  82  62  885000 1338000   250 10.23
1.159 0.0684 70.07 36.30  82  62  885000 1338000   250 10.23
1.161 0.0725 70.07 36.30  82  62  885000 1338000   250 10.23
1.163 0.0702 70.08 36.30  82  62  885000 1338000   250 10.23
1.166 0.0693 70.08 36.30  82  62  885000 1338000   250 10.23
1.168 0.0698 70.07 36.30  82  62  885000 1338000   250 10.23
1.170 0.0724 70.07 36.30  82  62  885000 1338000   250 10.23
1.172 0.0692 70.06 36.30  82  62  885000 1338000   250 10.23
1.174 0.0685 70.04 36.30  82  62  885000 1338000   250 10.23
1.177 0.0692 70.02 36.30  82  62  885000 1338000   250 10.23
1.179 0.0699 69.99 36.30  82  62  885000 1338000   250 10.23
1.181 0.0698 69.96 36.30  82  62  885000 1338000   250 10.23
1.183 0.0673 69.92 36.30  82  62  885000 1338000   250 10.23
1.185 0.0754 69.89 36.30  82  62  885000 1338000   250 10.23
1.188 0.0669 69.86 36.30  82  62  885000 1338000   250 10.23
1.190 0.0723 69.84 36.30  82  62  885000 1338000   250 10.23
1.192 0.0684 69.84 36.30  82  62  885000 1338000   250 10.23
1.194 0.0702 69.86 36.30  82  62  885000 1338000   250 10.23
1.196 0.0707 69.90 36.30  82  62  885000 1338000   250 10.23
1.199 0.0690 69.95 36.30  82  62  885000 1338000   250 10.23
1.201 0.0687 69.99 36.30  82  62  885000 1338000   250 10.23
1.203 0.0705 70.00 36.30  82  62  885000 1338000   250 10.23
1.205 0.0716 70.00 36.30  82  62  885000 1338000   250 10.23
1.208 0.0664 69.96 36.30  82  62  885000 1338000   250 10.23
1.210 0.0702 69.90 36.30  82  62  885000 1338000   250 10.23
1.212 0.0706 69.82 36.30  82  62  885000 1338000   250 10.23
1.214 0.0708 69.72 36.30  82  62  885000 1338000   250 10.23
1.216 0.0679 69.62 36.30  82  62  885000 1338000   250 10.23
1.219 0.0719 69.51 36.30  82  62  885000 1338000   250 10.23
1.221 0.0689 69.40 36.30  82  62  885000 1338000   250 10.23
1.223 0.0709 69.31 36.30  82  62  885000 1338000   250 10.23
1.225 0.0706 69.22 36.30  82  62  885000 1338000   250 10.23
1.227 0.0695 69.15 36.30  82  62  885000 1338000   250 10.23
1.230 0.0685 69.10 36.30  82  62  885000 1338000   250 10.23
1.232 0.0709 69.06 36.30  82  62  885000 1338000   250 10.23
1.234 0.0698 69.03 36.30  82  62  885000 1338000   250 10.23
1.236 0.0698 69.00 36.30  82  62  885000 1338000   250 10.23
1.238 0.0603 68.98 36.30  82  62  885000 1338000   250 10.23
1.241 0.0651 68.96 36.30  82  62  885000 1338000   250 10.23
1.243 0.0710 68.95 36.30  82  62  885000 1338000   250 10.23
1.245 0.0689 68.95 36.30  82  62  885000 1338000   250 10.23
1.247 0.0695 68.95 36.30  82  62  885000 1338000   250 10.23
1.249 0.0724 68.96 36.30  82  62  885000 1338000   250 10.23
1.252 0.0672 68.98 36.30  82  62  885000 1338000   250 10.23
1.254 0.0720 69.01 36.30  82  62  885000 1338000   250 10.23
1.256 0.0688 69.06 36.30  82  62  885000 1338000   250 10.23
1.258 0.0701 69.12 36.30  82  62  885000 1338000   250 10.23
1.260 0.0678 69.19 36.30  82  62  885000 1338000   250 10.23
1.263 0.0684 69.26 36.30  82  62  885000 1338000   250 10.23
1.265 0.0721 69.33 36.30  82  62  885000 1338000   250 10.23
1.267 0.0704 69.40 36.30  82  62  885000 1338000   250 10.23
1.269 0.0684 69.47 36.30  82  62  885000 1338000   250 10.23
1.272 0.0706 69.52 36.30  82  62  885000 1338000   250 10.23
1.274 0.0667 69.56 36.30  82  62  885000 1338000   250 10.23
1.276 0.0665 69.58 36.30  82  62  885000 1338000   250 10.23
1.278 0.0744 69.59 36.30  82  62  885000 1338000   250 10.23
1.280 0.0682 69.59 36.30  82  62  885000 1338000   250 10.23
1.283 0.0672 69.59 36.30  82  62  885000 1338000   250 10.23
1.285 0.0698 69.59 36.30  82  62  885000 1338000   250 10.23
1.287 0.0708 69.60 36.30  82  62  885000 1338000   250 10.23
1.289 0.0674 69.63 36.30  82  62  885000 1338000   250 10.23
1.291 0.0706 69.66 36.30  82  62  885000 1338000   250 10.23
1.294 0.0737 69.69 36.30  82  62  885000 1338000   250 10.23
1.296 0.0648 69.71 36.30  82  62  885000 1338000   250 10.23
1.298 0.0731 69.72 36.30  82  62  885000 1338000   250 10.23
1.300 0.0711 69.72 36.30  82  62  885000 1338000   250 10.23
1.302 0.0655 69.70 36.30  82  62  885000 1338000   250 10.23
1.305 0.0730 69.68 36.30  82  62  885000 1338000   250 10.23
1.307 0.0714 69.64 36.30  82  62  885000 1338000   250 10.23
1.309 0.0671 69.60 36.30  82  62  885000 1338000   250 10.23
1.311 0.0714 69.54 36.30  82  62  885000 1338000   250 10.23
1.313 0.0667 69.47 36.30  82  62  885000 1338000   250 10.23
1.316 0.0701 69.38 36.30  82  62  885000 1338000   250 10.23
1.318 0.0690 69.28 36.30  82  62  885000 1338000   250 10.23
1.320 0.0727 69.18 36.30  82  62  885000 1338000   250 10.23
1.322 0.0630 69.07 36.30  82  62  885000 1338000   250 10.23
1.325 0.0709 68.98 36.30  82  62  885000 1338000   250 10.23
1.327 0.0710 68.89 36.30  82  62  885000 1338000   250 10.23
1.329 0.0681 68.81 36.30  82  62  885000 1338000   250 10.23
1.331 0.0690 68.74 36.30  82  62  885000 1338000   250 10.23
1.333 0.0686 68.67 36.30  82  62  885000 1338000   250 10.23
1.336 0.0684 68.61 36.30  82  62  885000 1338000   250 10.23
1.338 0.0645 68.56 36.30  82  62  885000 1338000   250 10.23
1.340 0.0721 68.51 36.30  82  62  885000 1338000   250 10.23
1.342 0.0688 68.47 36.30  82  62  885000 1338000   250 10.23
1.344 0.0686 68.43 36.30  82  62  885000 1338000   250 10.23
1.347 0.0687 68.41 36.30  82  62  885000 1338000   250 10.23
1.349 0.0678 68.39 36.30  82  62  885000 1338000   250 10.23
1.351 0.0681 68.39 36.30  82  62  885000 1338000   250 10.23
1.353 0.0671 68.38 36.30  82  62  885000 1338000   250 10.23
1.355 0.0688 68.37 36.30  82  62  885000 1338000   250 10.23
1.358 0.0662 68.37 36.30  82  62  885000 1338000   250 10.23
1.360 0.0730 68.36 36.30  82  62  885000 1338000   250 10.23
1.362 0.0680 68.35 36.30  82  62  885000 1338000   250 10.23
1.364 0.0699 68.34 36.30  82  62  885000 1338000   250 10.23
1.366 0.0657 68.33 36.30  82  62  885000 1338000   250 10.23
1.369 0.0673 68.33 36.30  82  62  885000 1338000   250 10.23
1.371 0.0664 68.33 36.30  82  62  885000 1338000   250 10.23
1.373 0.0708 68.34 36.30  82  62  885000 1338000   250 10.23
1.375 0.0678 68.35 36.30  82  62  885000 1338000   250 10.23
1.377 0.0678 68.36 36.30  82  62  885000 1338000   250 10.23
1.380 0.0689 68.36 36.30  82  62  885000 1338000   250 10.23
1.382 0.0724 68.35 36.30  82  62  885000 1338000   250 10.23
1.384 0.0653 68.34 36.30  82  62  885000 1338000   250 10.23
1.386 0.0706 68.32 36.30  82  62  885000 1338000   250 10.23
1.389 0.0663 68.29 36.30  82  62  885000 1338000   250 10.23
1.391 0.0658 68.25 36.30  82  62  885000 1338000   250 10.23
1.393 0.0712 68.20 36.30  82  62  885000 1338000   250 10.23
1.395 0.0649 68.16 36.30  82  62  885000 1338000   250 10.23
1.397 0.0702 68.12 36.30  82  62  885000 1338000   250 10.23
1.400 0.0678 68.10 36.30  82  62  885000 1338000   250 10.23
1.402 0.0688 68.09 36.30  82  62  885000 1338000   250 10.23
1.404 0.0692 68.09 36.30  82  62  885000 1338000   250 10.23
1.406 0.0694 68.08 36.30  82  62  885000 1338000   250 10.23
1.408 0.0675 68.08 36.30  82  62  885000 1338000   250 10.23
1.411 0.0702 68.09 36.30  82  62  885000 1338000   250 10.23
1.413 0.0645 68.10 36.30  82  62  885000 1338000   250 10.23
1.415 0.0660 68.13 36.30  82  62  885000 1338000   250 10.23
1.417 0.0690 68.17 36.30  82  62  885000 1338000   250 10.23
1.419 0.0681 68.22 36.30  82  62  885000 1338000   250 10.23
1.422 0.0660 68.28 36.30  82  62  885000 1338000   250 10.23
1.424 0.0685 68.33 36.30  82  62  885000 1338000   250 10.23
1.426 0.0700 68.37 36.30  82  62  885000 1338000   250 10.23
1.428 0.0673 68.41 36.30  82  62  885000 1338000   250 10.23
1.430 0.0717 68.44 36.30  82  62  885000 1338000   250 10.23
1.433 0.0683 68.45 36.30  82  62  885000 1338000   250 10.23
1.435 0.0685 68.46 36.30  82  62  885000 1338000   250 10.23
1.437 0.0683 68.47 36.30  82  62  885000 1338000   250 10.23
1.439 0.0695 68.48 36.30  82  62  885000 1338000   250 10.23
1.442 0.0688 68.48 36.30  82  62  885000 1338000   250 10.23
1.444 0.0662 68.49 36.30  82  62  885000 1338000   250 10.23
1.446 0.0681 68.49 36.30  82  62  885000 1338000   250 10.23
1.448 0.0677 68.48 36.30  82  62  885000 1338000   250 10.23
1.450 0.0744 68.46 36.30  82  62  885000 1338000   250 10.23
1.453 0.0656 68.43 36.30  82  62  885000 1338000   250 10.23
1.455 0.0698 68.40 36.30  82  62  885000 1338000   250 10.23
1.457 0.0657 68.36 36.30  82  62  885000 1338000   250 10.23
1.459 0.0703 68.32 36.30  82  62  885000 1338000   250 10.23
1.461 0.0658 68.28 36.30  82  62  885000 1338000   250 10.23
1.464 0.0664 68.26 36.30  82  62  885000 1338000   250 10.23
1.466 0.0697 68.25 36.30  82  62  885000 1338000   250 10.23
1.468 0.0684 68.26 36.30  82  62  885000 1338000   250 10.23
1.470 0.0674 68.27 36.30  82  62  885000 1338000   250 10.23
1.472 0.0671 68.31 36.30  82  62  885000 1338000   250 10.23
1.475 0.0700 68.36 36.30  82  62  885000 1338000   250 10.23
1.477 0.0709 68.41 36.30  82  62  885000 1338000   250 10.23
1.479 0.0681 68.46 36.30  82  62  885000 1338000   250 10.23
1.481 0.0687 68.52 36.30  82  62  885000 1338000   250 10.23
1.483 0.0653 68.57 36.30  82  62  885000 1338000   250 10.23
1.486 0.0737 68.63 36.30  82  62  885000 1338000   250 10.23
1.488 0.0648 68.69 36.30  82  62  885000 1338000   250 10.23
1.490 0.0683 68.77 36.30  82  62  885000 1338000   250 10.23
1.492 0.0717 68.84 36.30  82  62  885000 1338000   250 10.23
1.494 0.0649 68.91 36.30  82  62  885000 1338000   250 10.23
1.497 0.0692 68.97 36.30  82  62  885000 1338000   250 10.23
1.499 0.0722 69.01 36.30  82  62  885000 1338000   250 10.23
1.501 0.0680 69.03 36.30  82  62  885000 1338000   250 10.23
1.503 0.0669 69.03 36.30  82  62  885000 1338000   250 10.23
1.506 0.0730 68.99 36.30  82  62  885000 1338000   250 10.23
1.508 0.0674 68.95 36.30  82  62  885000 1338000   250 10.23
1.510 0.0692 68.89 36.30  82  62  885000 1338000   250 10.23
1.512 0.0671 68.82 36.30  82  62  885000 1338000   250 10.23
1.514 0.0722 68.75 36.30  82  62  885000 1338000   250 10.23
1.517 0.0676 68.67 36.30  82  62  885000 1338000   250 10.23
1.519 0.0666 68.60 36.30  82  62  885000 1338000   250 10.23
1.521 0.0671 68.54 36.30  82  62  885000 1338000   250 10.23
1.523 0.0736 68.49 36.30  82  62  885000 1338000   250 10.23
1.525 0.0691 68.45 36.30  82  62  885000 1338000   250 10.23
1.528 0.0668 68.41 36.30  82  62  885000 1338000   250 10.23
1.530 0.0726 68.38 36.30  82  62  885000 1338000   250 10.23
1.532 0.0650 68.37 36.30  82  62  885000 1338000   250 10.23
1.534 0.0661 68.38 36.30  82  62  885000 1338000   250 10.23
1.536 0.0653 68.41 36.30  82  62  885000 1338000   250 10.23
1.539 0.0709 68.46 36.30  82  62  885000 1338000   250 10.23
1.541 0.0646 68.53 36.30  82  62  885000 1338000   250 10.23
1.543 0.0677 68.61 36.30  82  62  885000 1338000   250 10.23
1.545 0.0704 68.69 36.30  82  62  885000 1338000   250 10.23
1.547 0.0653 68.77 36.30  82  62  885000 1338000   250 10.23
1.550 0.0794 68.85 36.30  82  62  885000 1338000   250 10.23
1.552 0.0644 68.93 36.30  82  62  885000 1338000   250 10.23
1.554 0.0695 69.01 36.30  82  62  885000 1338000   250 10.23
1.556 0.0676 69.09 36.30  82  62  885000 1338000   250 10.23
1.558 0.0735 69.17 36.30  82  62  885000 1338000   250 10.23
1.561 0.0665 69.26 36.30  82  62  885000 1338000   250 10.23
1.563 0.0723 69.33 36.30  82  62  885000 1338000   250 10.23
1.565 0.0661 69.38 36.30  82  62  885000 1338000   250 10.23
1.567 0.0681 69.41 36.30  82  62  885000 1338000   250 10.23
1.570 0.0717 69.40 36.30  82  62  885000 1338000   250 10.23
1.572 0.0703 69.35 36.30  82  62  885000 1338000   250 10.23
1.574 0.0709 69.27 36.30  82  62  885000 1338000   250 10.23
1.576 0.0687 69.15 36.30  82  62  885000 1338000   250 10.23
1.578 0.0673 69.02 36.30  82  62  885000 1338000   250 10.23
1.581 0.0672 68.88 36.30  82  62  885000 1338000   250 10.23
1.583 0.0693 68.74 36.30  82  62  885000 1338000   250 10.23
1.585 0.0686 68.62 36.30  82  62  885000 1338000   250 10.23
1.588 0.0664 68.50 36.30  82  62  885000 1338000   250 10.23
1.590 0.0709 68.40 36.30  82  62  885000 1338000   250 10.23
1.593 0.0685 68.32 36.30  82  62  885000 1338000   250 10.23
1.596 0.0717 68.26 36.30  82  62  885000 1338000   250 10.23
1.599 0.0678 68.23 36.30  82  62  885000 1338000   250 10.23
1.602 0.0695 68.21 36.30  82  62  885000 1338000   250 10.23
1.605 0.0683 68.21 36.30  82  62  885000 1338000   250 10.23
1.608 0.0600 68.23 36.30  82  62  885000 1338000   250 10.23
1.612 0.0696 68.27 36.30  82  62  885000 1338000   250 10.23
1.616 0.0682 68.32 36.30  82  62  885000 1338000   250 10.23
1.619 0.0680 68.39 36.30  82  62  885000 1338000   250 10.23
1.623 0.0698 68.48 36.30  82  62  885000 1338000   250 10.23
1.627 0.0681 68.58 36.30  82  62  885000 1338000   250 10.23
1.632 0.0701 68.69 36.30  82  62  885000 1338000   250 10.23
1.636 0.0680 68.81 36.30  82  62  885000 1338000   250 10.23
1.641 0.0695 68.93 36.30  82  62  885000 1338000   250 10.23
1.646 0.0681 69.05 36.30  82  62  885000 1338000   250 10.23
1.651 0.0697 69.18 36.30  82  62  885000 1338000   250 10.23
1.656 0.0695 69.30 36.30  82  62  885000 1338000   250 10.23
1.661 0.0707 69.42 36.30  82  62  885000 1338000   250 10.23
1.667 0.0697 69.53 36.30  82  62  885000 1338000   250 10.23
1.673 0.0702 69.62 36.30  82  62  885000 1338000   250 10.23
1.679 0.0707 69.68 36.30  82  62  885000 1338000   250 10.23
1.686 0.0674 69.72 36.30  82  62  885000 1338000   250 10.23
1.692 0.0696 69.71 36.30  82  62  885000 1338000   250 10.23
1.699 0.0708 69.68 36.30  82  62  885000 1338000   250 10.23
1.707 0.0700 69.62 36.30  82  62  885000 1338000   250 10.23
1.714 0.0693 69.55 36.30  82  62  885000 1338000   250 10.23
1.722 0.0700 69.47 36.30  82  62  885000 1338000   250 10.23
1.731 0.0701 69.41 36.30  82  62  885000 1338000   250 10.23
1.739 0.0691 69.36 36.30  82  62  885000 1338000   250 10.23
1.748 0.0702 69.32 36.30  82  62  885000 1338000   250 10.23
1.758 0.0694 69.30 36.30  82  62  885000 1338000   250 10.23
1.767 0.0698 69.28 36.30  82  62  885000 1338000   250 10.23
1.777 0.0689 69.29 36.30  82  62  885000 1338000   250 10.23
1.788 0.0692 69.33 36.30  82  62  885000 1338000   250 10.23
1.799 0.0692 69.41 36.30  82  62  885000 1338000   250 10.23
1.810 0.0689 69.54 36.30  82  62  885000 1338000   250 10.23
1.821 0.0701 69.74 36.30  82  62  885000 1338000   250 10.23
1.832 0.0704 70.03 36.30  82  62  885000 1338000   250 10.23
1.843 0.0703 70.41 36.30  82  62  885000 1338000   250 10.23
1.854 0.0715 70.90 36.30  82  62  885000 1338000   250 10.23
1.865 0.0713 71.52 36.30  82  62  885000 1338000   250 10.23
1.876 0.0715 72.28 36.30  82  62  885000 1338000   250 10.23
1.887 0.0740 73.19 36.30  82  62  885000 1338000   250 10.23
1.898 0.0757 74.27 36.30  82  62  885000 1338000   250 10.23
1.909 0.0748 75.53 36.30  82  62  885000 1338000   250 10.23
1.921 0.0753 76.97 36.30  82  62  885000 1338000   250 10.23
1.932 0.0767 78.60 36.30  82  62  885000 1338000   250 10.23
1.943 0.0789 80.40 36.30  82  62  885000 1338000   250 10.23
1.954 0.0796 82.38 36.30  82  62  885000 1338000   250 10.23
1.965 0.0815 84.51 36.30  82  62  885000 1338000   250 10.23
1.976 0.0869 86.78 36.30  82  62  885000 1338000   250 10.23
1.987 0.0886 89.17 36.30  82  62  885000 1338000   250 10.23
1.998 0.0916 91.68 36.30  82  62  885000 1338000   250 10.23
2.009 0.0938 94.27 36.30  82  62  885000 1338000   250 10.23
2.020 0.0971 96.95 36.30  82  62  885000 1338000   250 10.23
2.031 0.0995 99.68 36.30  82  62  885000 1338000   250 10.23
2.042 0.1031 102.45 36.30  82  62  885000 1338000   250 10.23
2.053 0.1054 105.23 36.30  82  62  885000 1338000   250 10.23
2.064 0.1087 107.98 36.30  82  62  885000 1338000   250 10.23
2.075 0.1128 110.70 36.30  82  62  885000 1338000   250 10.23
2.086 0.1134 113.34 36.30  82  62  885000 1338000   250 10.23
2.097 0.1187 115.89 36.30  82  62  885000 1338000   250 10.23
2.108 0.1220 118.32 36.30  82  62  885000 1338000   250 10.23
2.119 0.1220 120.59 36.30  82  62  885000 1338000   250 10.23
2.130 0.1235 122.68 36.30  82  62  885000 1338000   250 10.23
2.141 0.1237 124.57 36.30  82  62  885000 1338000   250 10.23
2.152 0.1270 126.22 36.30  82  62  885000 1338000   250 10.23
2.163 0.1294 127.64 36.30  82  62  885000 1338000   250 10.23
2.174 0.1306 128.81 36.30  82  62  885000 1338000   250 10.23
2.185 0.1354 129.76 36.30  82  62  885000 1338000   250 10.23
2.196 0.1353 130.52 36.30  82  62  885000 1338000   250 10.23
2.208 0.1386 131.28 36.30  82  62  885000 1338000   250 10.23
2.219 0.1356 133.05 36.30  82  62  885000 1338000   250 10.23
2.230 0.1433 137.58 36.30  82  62  885000 1338000   250 10.23
2.241 0.1383 143.38 36.30  82  62  885000 1338000   250 10.23
2.252 0.1402 149.45 36.30  82  62  885000 1338000   250 10.23
2.263 0.1459 155.37 36.30  82  62  885000 1338000   250 10.23
2.274 0.1480 160.99 36.30  82  62  885000 1338000   250 10.23
2.285 0.1478 166.27 36.30  82  62  885000 1338000   250 10.23
2.296 0.1498 171.20 36.30  82  62  885000 1338000   250 10.23
2.307 0.1540 175.82 36.30  82  62  885000 1338000   250 10.23
2.318 0.1593 180.15 36.30  82  62  885000 1338000   250 10.23
2.329 0.1654 184.23 36.30  82  62  885000 1338000   250 10.23
2.340 0.1746 188.10 36.30  82  62  885000 1338000   250 10.23
2.351 0.1840 191.79 36.30  82  62  885000 1338000   250 10.23
2.362 0.1983 195.31 36.30  82  62  885000 1338000   250 10.23
2.373 0.2164 198.69 36.30  82  62  885000 1338000   250 10.23
2.384 0.2446 201.93 36.30  82  62  885000 1338000   250 10.23
2.395 0.2659 205.05 36.30  82  62  885000 1338000   250 10.23
2.406 0.2889 208.05 36.30  82  62  885000 1338000   250 10.23
2.417 0.3350 210.90 36.30  82  62  885000 1338000   250 10.23
2.428 0.3658 213.61 36.30  82  62  885000 1338000   250 10.23
2.439 0.3678 216.13 36.30  82  62  885000 1338000   250 10.23
2.450 0.0000 218.44 36.30  82  62  885000 1338000   250 10.23
2.461 0.0000 220.48 36.30  82  62  885000 1338000   250 10.23
