     x     qy smooth tpara  cd  zL     xTr    xCpl frame tma
-1.572 0.2689 224.65 44.00  75  62  775000 1268000   250 10.11
-1.562 0.2104 210.72 44.00  75  62  775000 1268000   250 10.11
-1.552 0.1975 197.47 44.00  75  62  775000 1268000   250 10.11
-1.542 0.2436 184.90 44.00  75  62  775000 1268000   250 10.11
-1.531 0.1903 172.98 44.00  75  62  775000 1268000   250 10.11
-1.521 0.1035 161.69 44.00  75  62  775000 1268000   250 10.11
-1.511 0.1241 151.04 44.00  75  62  775000 1268000   250 10.11
-1.501 0.1164 140.99 44.00  75  62  775000 1268000   250 10.11
-1.491 0.1074 131.54 44.00  75  62  775000 1268000   250 10.11
-1.481 0.1009 122.69 44.00  75  62  775000 1268000   250 10.11
-1.471 0.0972 114.41 44.00  75  62  775000 1268000   250 10.11
-1.460 0.0904 106.71 44.00  75  62  775000 1268000   250 10.11
-1.450 0.0890 99.58 44.00  75  62  775000 1268000   250 10.11
-1.440 0.0851 93.03 44.00  75  62  775000 1268000   250 10.11
-1.430 0.0820 87.06 44.00  75  62  775000 1268000   250 10.11
-1.420 0.0790 81.69 44.00  75  62  775000 1268000   250 10.11
-1.410 0.0774 76.92 44.00  75  62  775000 1268000   250 10.11
-1.400 0.0748 72.79 44.00  75  62  775000 1268000   250 10.11
-1.389 0.0719 69.33 44.00  75  62  775000 1268000   250 10.11
-1.379 0.0710 66.59 44.00  75  62  775000 1268000   250 10.11
-1.369 0.0693 64.64 44.00  75  62  775000 1268000   250 10.11
-1.359 0.0673 63.52 44.00  75  62  775000 1268000   250 10.11
-1.349 0.0652 63.15 44.00  75  62  775000 1268000   250 10.11
-1.339 0.0657 63.04 44.00  75  62  775000 1268000   250 10.11
-1.329 0.0632 62.20 44.00  75  62  775000 1268000   250 10.11
-1.318 0.0614 61.26 44.00  75  62  775000 1268000   250 10.11
-1.308 0.0611 60.23 44.00  75  62  775000 1268000   250 10.11
-1.298 0.0595 59.21 44.00  75  62  775000 1268000   250 10.11
-1.288 0.0582 58.26 44.00  75  62  775000 1268000   250 10.11
-1.278 0.0585 57.39 44.00  75  62  775000 1268000   250 10.11
-1.268 0.0573 56.60 44.00  75  62  775000 1268000   250 10.11
-1.258 0.0560 55.90 44.00  75  62  775000 1268000   250 10.11
-1.247 0.0567 55.28 44.00  75  62  775000 1268000   250 10.11
-1.237 0.0553 54.74 44.00  75  62  775000 1268000   250 10.11
-1.227 0.0540 54.29 44.00  75  62  775000 1268000   250 10.11
-1.217 0.0531 53.93 44.00  75  62  775000 1268000   250 10.11
-1.207 0.0517 53.64 44.00  75  62  775000 1268000   250 10.11
-1.197 0.0519 53.42 44.00  75  62  775000 1268000   250 10.11
-1.187 0.0525 53.27 44.00  75  62  775000 1268000   250 10.11
-1.176 0.0511 53.17 44.00  75  62  775000 1268000   250 10.11
-1.166 0.0525 53.14 44.00  75  62  775000 1268000   250 10.11
-1.156 0.0530 53.14 44.00  75  62  775000 1268000   250 10.11
-1.146 0.0532 53.19 44.00  75  62  775000 1268000   250 10.11
-1.136 0.0549 53.27 44.00  75  62  775000 1268000   250 10.11
-1.126 0.0551 53.37 44.00  75  62  775000 1268000   250 10.11
-1.116 0.0542 53.49 44.00  75  62  775000 1268000   250 10.11
-1.105 0.0547 53.63 44.00  75  62  775000 1268000   250 10.11
-1.095 0.0554 53.77 44.00  75  62  775000 1268000   250 10.11
-1.085 0.0540 53.91 44.00  75  62  775000 1268000   250 10.11
-1.075 0.0537 54.04 44.00  75  62  775000 1268000   250 10.11
-1.065 0.0544 54.15 44.00  75  62  775000 1268000   250 10.11
-1.055 0.0533 54.23 44.00  75  62  775000 1268000   250 10.11
-1.045 0.0546 54.28 44.00  75  62  775000 1268000   250 10.11
-1.034 0.0553 54.28 44.00  75  62  775000 1268000   250 10.11
-1.024 0.0535 54.25 44.00  75  62  775000 1268000   250 10.11
-1.014 0.0540 54.17 44.00  75  62  775000 1268000   250 10.11
-1.004 0.0541 54.06 44.00  75  62  775000 1268000   250 10.11
-0.994 0.0538 53.92 44.00  75  62  775000 1268000   250 10.11
-0.984 0.0532 53.77 44.00  75  62  775000 1268000   250 10.11
-0.974 0.0532 53.62 44.00  75  62  775000 1268000   250 10.11
-0.963 0.0540 53.47 44.00  75  62  775000 1268000   250 10.11
-0.953 0.0534 53.32 44.00  75  62  775000 1268000   250 10.11
-0.943 0.0543 53.18 44.00  75  62  775000 1268000   250 10.11
-0.933 0.0539 53.03 44.00  75  62  775000 1268000   250 10.11
-0.923 0.0527 52.89 44.00  75  62  775000 1268000   250 10.11
-0.913 0.0531 52.75 44.00  75  62  775000 1268000   250 10.11
-0.903 0.0521 52.62 44.00  75  62  775000 1268000   250 10.11
-0.892 0.0519 52.49 44.00  75  62  775000 1268000   250 10.11
-0.882 0.0525 52.37 44.00  75  62  775000 1268000   250 10.11
-0.872 0.0515 52.26 44.00  75  62  775000 1268000   250 10.11
-0.862 0.0516 52.17 44.00  75  62  775000 1268000   250 10.11
-0.852 0.0520 52.10 44.00  75  62  775000 1268000   250 10.11
-0.842 0.0512 52.04 44.00  75  62  775000 1268000   250 10.11
-0.832 0.0516 51.98 44.00  75  62  775000 1268000   250 10.11
-0.822 0.0532 51.92 44.00  75  62  775000 1268000   250 10.11
-0.811 0.0516 51.86 44.00  75  62  775000 1268000   250 10.11
-0.801 0.0521 51.80 44.00  75  62  775000 1268000   250 10.11
-0.791 0.0518 51.72 44.00  75  62  775000 1268000   250 10.11
-0.781 0.0522 51.65 44.00  75  62  775000 1268000   250 10.11
-0.771 0.0506 51.56 44.00  75  62  775000 1268000   250 10.11
-0.761 0.0506 51.47 44.00  75  62  775000 1268000   250 10.11
-0.751 0.0516 51.37 44.00  75  62  775000 1268000   250 10.11
-0.740 0.0521 51.27 44.00  75  62  775000 1268000   250 10.11
-0.730 0.0523 51.16 44.00  75  62  775000 1268000   250 10.11
-0.720 0.0521 51.04 44.00  75  62  775000 1268000   250 10.11
-0.710 0.0529 50.92 44.00  75  62  775000 1268000   250 10.11
-0.700 0.0505 50.81 44.00  75  62  775000 1268000   250 10.11
-0.690 0.0514 50.70 44.00  75  62  775000 1268000   250 10.11
-0.680 0.0495 50.61 44.00  75  62  775000 1268000   250 10.11
-0.669 0.0498 50.54 44.00  75  62  775000 1268000   250 10.11
-0.659 0.0494 50.48 44.00  75  62  775000 1268000   250 10.11
-0.649 0.0490 50.45 44.00  75  62  775000 1268000   250 10.11
-0.639 0.0491 50.43 44.00  75  62  775000 1268000   250 10.11
-0.629 0.0501 50.43 44.00  75  62  775000 1268000   250 10.11
-0.619 0.0515 50.45 44.00  75  62  775000 1268000   250 10.11
-0.609 0.0497 50.48 44.00  75  62  775000 1268000   250 10.11
-0.598 0.0514 50.53 44.00  75  62  775000 1268000   250 10.11
-0.588 0.0491 50.59 44.00  75  62  775000 1268000   250 10.11
-0.578 0.0516 50.65 44.00  75  62  775000 1268000   250 10.11
-0.568 0.0502 50.72 44.00  75  62  775000 1268000   250 10.11
-0.558 0.0515 50.80 44.00  75  62  775000 1268000   250 10.11
-0.548 0.0502 50.87 44.00  75  62  775000 1268000   250 10.11
-0.538 0.0529 50.93 44.00  75  62  775000 1268000   250 10.11
-0.527 0.0519 50.99 44.00  75  62  775000 1268000   250 10.11
-0.517 0.0511 51.03 44.00  75  62  775000 1268000   250 10.11
-0.507 0.0512 51.05 44.00  75  62  775000 1268000   250 10.11
-0.497 0.0522 51.04 44.00  75  62  775000 1268000   250 10.11
-0.487 0.0505 51.02 44.00  75  62  775000 1268000   250 10.11
-0.477 0.0509 50.98 44.00  75  62  775000 1268000   250 10.11
-0.467 0.0512 50.93 44.00  75  62  775000 1268000   250 10.11
-0.456 0.0500 50.87 44.00  75  62  775000 1268000   250 10.11
-0.446 0.0508 50.82 44.00  75  62  775000 1268000   250 10.11
-0.436 0.0512 50.77 44.00  75  62  775000 1268000   250 10.11
-0.426 0.0505 50.73 44.00  75  62  775000 1268000   250 10.11
-0.416 0.0500 50.69 44.00  75  62  775000 1268000   250 10.11
-0.406 0.0491 50.66 44.00  75  62  775000 1268000   250 10.11
-0.396 0.0508 50.63 44.00  75  62  775000 1268000   250 10.11
-0.385 0.0511 50.62 44.00  75  62  775000 1268000   250 10.11
-0.375 0.0495 50.61 44.00  75  62  775000 1268000   250 10.11
-0.365 0.0506 50.60 44.00  75  62  775000 1268000   250 10.11
-0.355 0.0512 50.61 44.00  75  62  775000 1268000   250 10.11
-0.345 0.0510 50.62 44.00  75  62  775000 1268000   250 10.11
-0.335 0.0499 50.64 44.00  75  62  775000 1268000   250 10.11
-0.325 0.0513 50.65 44.00  75  62  775000 1268000   250 10.11
-0.314 0.0508 50.67 44.00  75  62  775000 1268000   250 10.11
-0.304 0.0520 50.68 44.00  75  62  775000 1268000   250 10.11
-0.294 0.0506 50.69 44.00  75  62  775000 1268000   250 10.11
-0.284 0.0511 50.69 44.00  75  62  775000 1268000   250 10.11
-0.274 0.0507 50.69 44.00  75  62  775000 1268000   250 10.11
-0.264 0.0506 50.69 44.00  75  62  775000 1268000   250 10.11
-0.254 0.0496 50.68 44.00  75  62  775000 1268000   250 10.11
-0.243 0.0512 50.66 44.00  75  62  775000 1268000   250 10.11
-0.233 0.0498 50.65 44.00  75  62  775000 1268000   250 10.11
-0.223 0.0514 50.63 44.00  75  62  775000 1268000   250 10.11
-0.213 0.0496 50.61 44.00  75  62  775000 1268000   250 10.11
-0.203 0.0513 50.61 44.00  75  62  775000 1268000   250 10.11
-0.193 0.0496 50.62 44.00  75  62  775000 1268000   250 10.11
-0.183 0.0498 50.65 44.00  75  62  775000 1268000   250 10.11
-0.172 0.0516 50.70 44.00  75  62  775000 1268000   250 10.11
-0.162 0.0496 50.77 44.00  75  62  775000 1268000   250 10.11
-0.152 0.0511 50.83 44.00  75  62  775000 1268000   250 10.11
-0.142 0.0503 50.88 44.00  75  62  775000 1268000   250 10.11
-0.132 0.0504 50.91 44.00  75  62  775000 1268000   250 10.11
-0.122 0.0510 50.89 44.00  75  62  775000 1268000   250 10.11
-0.112 0.0507 50.80 44.00  75  62  775000 1268000   250 10.11
-0.101 0.0489 50.63 44.00  75  62  775000 1268000   250 10.11
-0.091 0.0513 50.37 44.00  75  62  775000 1268000   250 10.11
-0.081 0.0492 50.00 44.00  75  62  775000 1268000   250 10.11
-0.071 0.0501 49.53 44.00  75  62  775000 1268000   250 10.11
-0.061 0.0496 48.94 44.00  75  62  775000 1268000   250 10.11
-0.051 0.0510 48.25 44.00  75  62  775000 1268000   250 10.11
-0.041 0.0492 47.46 44.00  75  62  775000 1268000   250 10.11
-0.030 0.0480 46.59 44.00  75  62  775000 1268000   250 10.11
-0.020 0.0495 45.65 44.00  75  62  775000 1268000   250 10.11
-0.010 0.0476 44.64 44.00  75  62  775000 1268000   250 10.11
0.000 0.0443 43.59 44.00  75  62  775000 1268000   250 10.11
0.010 0.0432 42.50 44.00  75  62  775000 1268000   250 10.11
0.020 0.0405 41.40 44.00  75  62  775000 1268000   250 10.11
0.030 0.0387 40.30 44.00  75  62  775000 1268000   250 10.11
0.041 0.0372 39.21 44.00  75  62  775000 1268000   250 10.11
0.051 0.0365 38.16 44.00  75  62  775000 1268000   250 10.11
0.061 0.0357 37.17 44.00  75  62  775000 1268000   250 10.11
0.071 0.0337 36.25 44.00  75  62  775000 1268000   250 10.11
0.081 0.0340 35.42 44.00  75  62  775000 1268000   250 10.11
0.091 0.0335 34.71 44.00  75  62  775000 1268000   250 10.11
0.101 0.0329 34.11 44.00  75  62  775000 1268000   250 10.11
0.112 0.0333 33.64 44.00  75  62  775000 1268000   250 10.11
0.122 0.0336 33.30 44.00  75  62  775000 1268000   250 10.11
0.132 0.0323 33.08 44.00  75  62  775000 1268000   250 10.11
0.142 0.0335 32.98 44.00  75  62  775000 1268000   250 10.11
0.152 0.0331 32.98 44.00  75  62  775000 1268000   250 10.11
0.162 0.0337 33.06 44.00  75  62  775000 1268000   250 10.11
0.172 0.0320 33.19 44.00  75  62  775000 1268000   250 10.11
0.183 0.0333 33.36 44.00  75  62  775000 1268000   250 10.11
0.193 0.0332 33.53 44.00  75  62  775000 1268000   250 10.11
0.203 0.0343 33.71 44.00  75  62  775000 1268000   250 10.11
0.213 0.0341 33.88 44.00  75  62  775000 1268000   250 10.11
0.223 0.0350 34.03 44.00  75  62  775000 1268000   250 10.11
0.233 0.0355 34.17 44.00  75  62  775000 1268000   250 10.11
0.243 0.0361 34.28 44.00  75  62  775000 1268000   250 10.11
0.254 0.0347 34.38 44.00  75  62  775000 1268000   250 10.11
0.264 0.0357 34.45 44.00  75  62  775000 1268000   250 10.11
0.273 0.0347 34.50 44.00  75  62  775000 1268000   250 10.11
0.283 0.0344 34.53 44.00  75  62  775000 1268000   250 10.11
0.292 0.0350 34.53 44.00  75  62  775000 1268000   250 10.11
0.300 0.0339 34.52 44.00  75  62  775000 1268000   250 10.11
0.309 0.0345 34.49 44.00  75  62  775000 1268000   250 10.11
0.317 0.0344 34.45 44.00  75  62  775000 1268000   250 10.11
0.324 0.0326 34.40 44.00  75  62  775000 1268000   250 10.11
0.331 0.0338 34.36 44.00  75  62  775000 1268000   250 10.11
0.338 0.0323 34.32 44.00  75  62  775000 1268000   250 10.11
0.345 0.0357 34.30 44.00  75  62  775000 1268000   250 10.11
0.352 0.0351 34.31 44.00  75  62  775000 1268000   250 10.11
0.358 0.0363 34.34 44.00  75  62  775000 1268000   250 10.11
0.364 0.0348 34.41 44.00  75  62  775000 1268000   250 10.11
0.369 0.0330 34.51 44.00  75  62  775000 1268000   250 10.11
0.375 0.0337 34.64 44.00  75  62  775000 1268000   250 10.11
0.380 0.0349 34.79 44.00  75  62  775000 1268000   250 10.11
0.385 0.0357 34.94 44.00  75  62  775000 1268000   250 10.11
0.390 0.0335 35.10 44.00  75  62  775000 1268000   250 10.11
0.395 0.0343 35.26 44.00  75  62  775000 1268000   250 10.11
0.399 0.0359 35.42 44.00  75  62  775000 1268000   250 10.11
0.403 0.0352 35.58 44.00  75  62  775000 1268000   250 10.11
0.407 0.0371 35.75 44.00  75  62  775000 1268000   250 10.11
0.411 0.0348 35.92 44.00  75  62  775000 1268000   250 10.11
0.415 0.0393 36.11 44.00  75  62  775000 1268000   250 10.11
0.419 0.0361 36.31 44.00  75  62  775000 1268000   250 10.11
0.422 0.0365 36.53 44.00  75  62  775000 1268000   250 10.11
0.426 0.0368 36.76 44.00  75  62  775000 1268000   250 10.11
0.429 0.0379 37.01 44.00  75  62  775000 1268000   250 10.11
0.432 0.0361 37.27 44.00  75  62  775000 1268000   250 10.11
0.435 0.0383 37.53 44.00  75  62  775000 1268000   250 10.11
0.438 0.0377 37.81 44.00  75  62  775000 1268000   250 10.11
0.440 0.0372 38.09 44.00  75  62  775000 1268000   250 10.11
0.443 0.0363 38.37 44.00  75  62  775000 1268000   250 10.11
0.445 0.0357 38.63 44.00  75  62  775000 1268000   250 10.11
0.448 0.0382 38.89 44.00  75  62  775000 1268000   250 10.11
0.450 0.0406 39.13 44.00  75  62  775000 1268000   250 10.11
0.452 0.0391 39.36 44.00  75  62  775000 1268000   250 10.11
0.454 0.0433 39.57 44.00  75  62  775000 1268000   250 10.11
0.456 0.0397 39.75 44.00  75  62  775000 1268000   250 10.11
0.458 0.0408 39.92 44.00  75  62  775000 1268000   250 10.11
0.460 0.0407 40.06 44.00  75  62  775000 1268000   250 10.11
0.462 0.0376 40.16 44.00  75  62  775000 1268000   250 10.11
0.465 0.0408 40.24 44.00  75  62  775000 1268000   250 10.11
0.467 0.0436 40.28 44.00  75  62  775000 1268000   250 10.11
0.469 0.0396 40.30 44.00  75  62  775000 1268000   250 10.11
0.471 0.0399 40.28 44.00  75  62  775000 1268000   250 10.11
0.473 0.0382 40.23 44.00  75  62  775000 1268000   250 10.11
0.475 0.0439 40.17 44.00  75  62  775000 1268000   250 10.11
0.477 0.0418 40.09 44.00  75  62  775000 1268000   250 10.11
0.479 0.0402 40.00 44.00  75  62  775000 1268000   250 10.11
0.481 0.0379 39.91 44.00  75  62  775000 1268000   250 10.11
0.483 0.0371 39.83 44.00  75  62  775000 1268000   250 10.11
0.485 0.0403 39.77 44.00  75  62  775000 1268000   250 10.11
0.487 0.0398 39.75 44.00  75  62  775000 1268000   250 10.11
0.489 0.0376 39.75 44.00  75  62  775000 1268000   250 10.11
0.491 0.0388 39.79 44.00  75  62  775000 1268000   250 10.11
0.493 0.0410 39.87 44.00  75  62  775000 1268000   250 10.11
0.495 0.0398 39.97 44.00  75  62  775000 1268000   250 10.11
0.497 0.0406 40.08 44.00  75  62  775000 1268000   250 10.11
0.499 0.0379 40.21 44.00  75  62  775000 1268000   250 10.11
0.501 0.0409 40.35 44.00  75  62  775000 1268000   250 10.11
0.503 0.0416 40.50 44.00  75  62  775000 1268000   250 10.11
0.505 0.0408 40.66 44.00  75  62  775000 1268000   250 10.11
0.507 0.0405 40.82 44.00  75  62  775000 1268000   250 10.11
0.509 0.0421 40.98 44.00  75  62  775000 1268000   250 10.11
0.511 0.0400 41.14 44.00  75  62  775000 1268000   250 10.11
0.513 0.0425 41.28 44.00  75  62  775000 1268000   250 10.11
0.515 0.0416 41.40 44.00  75  62  775000 1268000   250 10.11
0.517 0.0421 41.51 44.00  75  62  775000 1268000   250 10.11
0.519 0.0414 41.58 44.00  75  62  775000 1268000   250 10.11
0.521 0.0450 41.63 44.00  75  62  775000 1268000   250 10.11
0.523 0.0409 41.66 44.00  75  62  775000 1268000   250 10.11
0.525 0.0412 41.68 44.00  75  62  775000 1268000   250 10.11
0.527 0.0391 41.69 44.00  75  62  775000 1268000   250 10.11
0.529 0.0423 41.69 44.00  75  62  775000 1268000   250 10.11
0.531 0.0423 41.68 44.00  75  62  775000 1268000   250 10.11
0.533 0.0408 41.66 44.00  75  62  775000 1268000   250 10.11
0.535 0.0404 41.63 44.00  75  62  775000 1268000   250 10.11
0.538 0.0425 41.60 44.00  75  62  775000 1268000   250 10.11
0.540 0.0406 41.57 44.00  75  62  775000 1268000   250 10.11
0.542 0.0427 41.55 44.00  75  62  775000 1268000   250 10.11
0.544 0.0425 41.53 44.00  75  62  775000 1268000   250 10.11
0.546 0.0420 41.53 44.00  75  62  775000 1268000   250 10.11
0.548 0.0404 41.54 44.00  75  62  775000 1268000   250 10.11
0.550 0.0392 41.55 44.00  75  62  775000 1268000   250 10.11
0.552 0.0419 41.57 44.00  75  62  775000 1268000   250 10.11
0.554 0.0433 41.59 44.00  75  62  775000 1268000   250 10.11
0.556 0.0420 41.61 44.00  75  62  775000 1268000   250 10.11
0.558 0.0401 41.61 44.00  75  62  775000 1268000   250 10.11
0.560 0.0436 41.60 44.00  75  62  775000 1268000   250 10.11
0.562 0.0416 41.57 44.00  75  62  775000 1268000   250 10.11
0.564 0.0435 41.53 44.00  75  62  775000 1268000   250 10.11
0.566 0.0372 41.48 44.00  75  62  775000 1268000   250 10.11
0.568 0.0393 41.41 44.00  75  62  775000 1268000   250 10.11
0.570 0.0449 41.36 44.00  75  62  775000 1268000   250 10.11
0.572 0.0426 41.32 44.00  75  62  775000 1268000   250 10.11
0.574 0.0399 41.30 44.00  75  62  775000 1268000   250 10.11
0.576 0.0423 41.29 44.00  75  62  775000 1268000   250 10.11
0.578 0.0427 41.29 44.00  75  62  775000 1268000   250 10.11
0.580 0.0423 41.31 44.00  75  62  775000 1268000   250 10.11
0.582 0.0385 41.34 44.00  75  62  775000 1268000   250 10.11
0.584 0.0430 41.38 44.00  75  62  775000 1268000   250 10.11
0.586 0.0404 41.42 44.00  75  62  775000 1268000   250 10.11
0.588 0.0385 41.48 44.00  75  62  775000 1268000   250 10.11
0.590 0.0406 41.54 44.00  75  62  775000 1268000   250 10.11
0.592 0.0423 41.60 44.00  75  62  775000 1268000   250 10.11
0.594 0.0410 41.68 44.00  75  62  775000 1268000   250 10.11
0.596 0.0423 41.77 44.00  75  62  775000 1268000   250 10.11
0.598 0.0397 41.86 44.00  75  62  775000 1268000   250 10.11
0.600 0.0452 41.97 44.00  75  62  775000 1268000   250 10.11
0.602 0.0427 42.10 44.00  75  62  775000 1268000   250 10.11
0.604 0.0450 42.23 44.00  75  62  775000 1268000   250 10.11
0.606 0.0409 42.37 44.00  75  62  775000 1268000   250 10.11
0.609 0.0435 42.51 44.00  75  62  775000 1268000   250 10.11
0.611 0.0445 42.65 44.00  75  62  775000 1268000   250 10.11
0.613 0.0401 42.79 44.00  75  62  775000 1268000   250 10.11
0.615 0.0417 42.92 44.00  75  62  775000 1268000   250 10.11
0.617 0.0403 43.05 44.00  75  62  775000 1268000   250 10.11
0.619 0.0460 43.18 44.00  75  62  775000 1268000   250 10.11
0.621 0.0453 43.31 44.00  75  62  775000 1268000   250 10.11
0.623 0.0430 43.44 44.00  75  62  775000 1268000   250 10.11
0.625 0.0425 43.58 44.00  75  62  775000 1268000   250 10.11
0.627 0.0411 43.74 44.00  75  62  775000 1268000   250 10.11
0.629 0.0461 43.91 44.00  75  62  775000 1268000   250 10.11
0.631 0.0427 44.10 44.00  75  62  775000 1268000   250 10.11
0.633 0.0468 44.32 44.00  75  62  775000 1268000   250 10.11
0.635 0.0473 44.58 44.00  75  62  775000 1268000   250 10.11
0.637 0.0435 44.88 44.00  75  62  775000 1268000   250 10.11
0.639 0.0413 45.21 44.00  75  62  775000 1268000   250 10.11
0.641 0.0448 45.56 44.00  75  62  775000 1268000   250 10.11
0.643 0.0469 45.93 44.00  75  62  775000 1268000   250 10.11
0.645 0.0443 46.31 44.00  75  62  775000 1268000   250 10.11
0.647 0.0470 46.68 44.00  75  62  775000 1268000   250 10.11
0.649 0.0464 47.03 44.00  75  62  775000 1268000   250 10.11
0.651 0.0495 47.38 44.00  75  62  775000 1268000   250 10.11
0.653 0.0486 47.71 44.00  75  62  775000 1268000   250 10.11
0.655 0.0486 48.03 44.00  75  62  775000 1268000   250 10.11
0.657 0.0484 48.34 44.00  75  62  775000 1268000   250 10.11
0.659 0.0465 48.62 44.00  75  62  775000 1268000   250 10.11
0.661 0.0486 48.87 44.00  75  62  775000 1268000   250 10.11
0.663 0.0490 49.10 44.00  75  62  775000 1268000   250 10.11
0.665 0.0493 49.30 44.00  75  62  775000 1268000   250 10.11
0.667 0.0527 49.46 44.00  75  62  775000 1268000   250 10.11
0.669 0.0515 49.59 44.00  75  62  775000 1268000   250 10.11
0.671 0.0516 49.69 44.00  75  62  775000 1268000   250 10.11
0.673 0.0484 49.76 44.00  75  62  775000 1268000   250 10.11
0.675 0.0501 49.79 44.00  75  62  775000 1268000   250 10.11
0.677 0.0481 49.78 44.00  75  62  775000 1268000   250 10.11
0.680 0.0487 49.76 44.00  75  62  775000 1268000   250 10.11
0.682 0.0494 49.72 44.00  75  62  775000 1268000   250 10.11
0.684 0.0492 49.67 44.00  75  62  775000 1268000   250 10.11
0.686 0.0478 49.63 44.00  75  62  775000 1268000   250 10.11
0.688 0.0521 49.60 44.00  75  62  775000 1268000   250 10.11
0.690 0.0503 49.57 44.00  75  62  775000 1268000   250 10.11
0.692 0.0516 49.55 44.00  75  62  775000 1268000   250 10.11
0.694 0.0491 49.56 44.00  75  62  775000 1268000   250 10.11
0.696 0.0445 49.59 44.00  75  62  775000 1268000   250 10.11
0.698 0.0484 49.65 44.00  75  62  775000 1268000   250 10.11
0.700 0.0555 49.76 44.00  75  62  775000 1268000   250 10.11
0.702 0.0514 49.91 44.00  75  62  775000 1268000   250 10.11
0.704 0.0466 50.11 44.00  75  62  775000 1268000   250 10.11
0.706 0.0479 50.35 44.00  75  62  775000 1268000   250 10.11
0.708 0.0483 50.61 44.00  75  62  775000 1268000   250 10.11
0.710 0.0545 50.88 44.00  75  62  775000 1268000   250 10.11
0.712 0.0506 51.16 44.00  75  62  775000 1268000   250 10.11
0.714 0.0525 51.45 44.00  75  62  775000 1268000   250 10.11
0.716 0.0498 51.74 44.00  75  62  775000 1268000   250 10.11
0.718 0.0503 52.03 44.00  75  62  775000 1268000   250 10.11
0.720 0.0556 52.33 44.00  75  62  775000 1268000   250 10.11
0.722 0.0521 52.61 44.00  75  62  775000 1268000   250 10.11
0.724 0.0486 52.89 44.00  75  62  775000 1268000   250 10.11
0.726 0.0556 53.15 44.00  75  62  775000 1268000   250 10.11
0.728 0.0556 53.37 44.00  75  62  775000 1268000   250 10.11
0.730 0.0550 53.56 44.00  75  62  775000 1268000   250 10.11
0.732 0.0542 53.70 44.00  75  62  775000 1268000   250 10.11
0.734 0.0557 53.81 44.00  75  62  775000 1268000   250 10.11
0.736 0.0527 53.88 44.00  75  62  775000 1268000   250 10.11
0.738 0.0541 53.91 44.00  75  62  775000 1268000   250 10.11
0.740 0.0559 53.93 44.00  75  62  775000 1268000   250 10.11
0.742 0.0518 53.94 44.00  75  62  775000 1268000   250 10.11
0.744 0.0515 53.94 44.00  75  62  775000 1268000   250 10.11
0.746 0.0553 53.92 44.00  75  62  775000 1268000   250 10.11
0.748 0.0565 53.92 44.00  75  62  775000 1268000   250 10.11
0.751 0.0547 53.93 44.00  75  62  775000 1268000   250 10.11
0.753 0.0538 53.97 44.00  75  62  775000 1268000   250 10.11
0.755 0.0514 54.03 44.00  75  62  775000 1268000   250 10.11
0.757 0.0543 54.11 44.00  75  62  775000 1268000   250 10.11
0.759 0.0532 54.22 44.00  75  62  775000 1268000   250 10.11
0.761 0.0535 54.37 44.00  75  62  775000 1268000   250 10.11
0.763 0.0516 54.55 44.00  75  62  775000 1268000   250 10.11
0.765 0.0555 54.77 44.00  75  62  775000 1268000   250 10.11
0.767 0.0534 55.03 44.00  75  62  775000 1268000   250 10.11
0.769 0.0549 55.31 44.00  75  62  775000 1268000   250 10.11
0.771 0.0593 55.63 44.00  75  62  775000 1268000   250 10.11
0.773 0.0559 55.96 44.00  75  62  775000 1268000   250 10.11
0.775 0.0575 56.29 44.00  75  62  775000 1268000   250 10.11
0.777 0.0533 56.64 44.00  75  62  775000 1268000   250 10.11
0.779 0.0606 56.98 44.00  75  62  775000 1268000   250 10.11
0.781 0.0589 57.32 44.00  75  62  775000 1268000   250 10.11
0.783 0.0547 57.65 44.00  75  62  775000 1268000   250 10.11
0.785 0.0564 57.99 44.00  75  62  775000 1268000   250 10.11
0.787 0.0618 58.32 44.00  75  62  775000 1268000   250 10.11
0.789 0.0586 58.65 44.00  75  62  775000 1268000   250 10.11
0.791 0.0605 58.98 44.00  75  62  775000 1268000   250 10.11
0.793 0.0567 59.28 44.00  75  62  775000 1268000   250 10.11
0.795 0.0595 59.57 44.00  75  62  775000 1268000   250 10.11
0.797 0.0590 59.83 44.00  75  62  775000 1268000   250 10.11
0.799 0.0625 60.08 44.00  75  62  775000 1268000   250 10.11
0.801 0.0593 60.32 44.00  75  62  775000 1268000   250 10.11
0.803 0.0611 60.55 44.00  75  62  775000 1268000   250 10.11
0.805 0.0588 60.78 44.00  75  62  775000 1268000   250 10.11
0.807 0.0616 61.01 44.00  75  62  775000 1268000   250 10.11
0.809 0.0598 61.24 44.00  75  62  775000 1268000   250 10.11
0.811 0.0615 61.46 44.00  75  62  775000 1268000   250 10.11
0.813 0.0628 61.66 44.00  75  62  775000 1268000   250 10.11
0.815 0.0607 61.86 44.00  75  62  775000 1268000   250 10.11
0.817 0.0623 62.04 44.00  75  62  775000 1268000   250 10.11
0.819 0.0649 62.21 44.00  75  62  775000 1268000   250 10.11
0.822 0.0644 62.38 44.00  75  62  775000 1268000   250 10.11
0.824 0.0621 62.55 44.00  75  62  775000 1268000   250 10.11
0.826 0.0640 62.72 44.00  75  62  775000 1268000   250 10.11
0.828 0.0617 62.92 44.00  75  62  775000 1268000   250 10.11
0.830 0.0599 63.13 44.00  75  62  775000 1268000   250 10.11
0.832 0.0613 63.36 44.00  75  62  775000 1268000   250 10.11
0.834 0.0644 63.58 44.00  75  62  775000 1268000   250 10.11
0.836 0.0658 63.79 44.00  75  62  775000 1268000   250 10.11
0.838 0.0645 63.99 44.00  75  62  775000 1268000   250 10.11
0.840 0.0658 64.17 44.00  75  62  775000 1268000   250 10.11
0.842 0.0592 64.34 44.00  75  62  775000 1268000   250 10.11
0.844 0.0676 64.50 44.00  75  62  775000 1268000   250 10.11
0.846 0.0644 64.67 44.00  75  62  775000 1268000   250 10.11
0.848 0.0604 64.86 44.00  75  62  775000 1268000   250 10.11
0.850 0.0662 65.07 44.00  75  62  775000 1268000   250 10.11
0.852 0.0676 65.30 44.00  75  62  775000 1268000   250 10.11
0.854 0.0667 65.54 44.00  75  62  775000 1268000   250 10.11
0.856 0.0654 65.80 44.00  75  62  775000 1268000   250 10.11
0.858 0.0662 66.06 44.00  75  62  775000 1268000   250 10.11
0.860 0.0687 66.33 44.00  75  62  775000 1268000   250 10.11
0.862 0.0687 66.59 44.00  75  62  775000 1268000   250 10.11
0.864 0.0684 66.84 44.00  75  62  775000 1268000   250 10.11
0.866 0.0648 67.08 44.00  75  62  775000 1268000   250 10.11
0.868 0.0651 67.30 44.00  75  62  775000 1268000   250 10.11
0.870 0.0581 67.51 44.00  75  62  775000 1268000   250 10.11
0.872 0.0726 67.71 44.00  75  62  775000 1268000   250 10.11
0.874 0.0624 67.89 44.00  75  62  775000 1268000   250 10.11
0.876 0.0703 68.08 44.00  75  62  775000 1268000   250 10.11
0.878 0.0743 68.27 44.00  75  62  775000 1268000   250 10.11
0.880 0.0727 68.46 44.00  75  62  775000 1268000   250 10.11
0.882 0.0678 68.64 44.00  75  62  775000 1268000   250 10.11
0.884 0.0699 68.82 44.00  75  62  775000 1268000   250 10.11
0.886 0.0671 69.00 44.00  75  62  775000 1268000   250 10.11
0.888 0.0666 69.19 44.00  75  62  775000 1268000   250 10.11
0.890 0.0680 69.37 44.00  75  62  775000 1268000   250 10.11
0.892 0.0706 69.55 44.00  75  62  775000 1268000   250 10.11
0.895 0.0724 69.72 44.00  75  62  775000 1268000   250 10.11
0.897 0.0696 69.88 44.00  75  62  775000 1268000   250 10.11
0.899 0.0684 70.02 44.00  75  62  775000 1268000   250 10.11
0.901 0.0666 70.16 44.00  75  62  775000 1268000   250 10.11
0.903 0.0741 70.27 44.00  75  62  775000 1268000   250 10.11
0.905 0.0693 70.38 44.00  75  62  775000 1268000   250 10.11
0.907 0.0696 70.48 44.00  75  62  775000 1268000   250 10.11
0.909 0.0713 70.59 44.00  75  62  775000 1268000   250 10.11
0.911 0.0676 70.71 44.00  75  62  775000 1268000   250 10.11
0.913 0.0783 70.85 44.00  75  62  775000 1268000   250 10.11
0.915 0.0734 71.02 44.00  75  62  775000 1268000   250 10.11
0.917 0.0632 71.19 44.00  75  62  775000 1268000   250 10.11
0.919 0.0693 71.35 44.00  75  62  775000 1268000   250 10.11
0.921 0.0757 71.49 44.00  75  62  775000 1268000   250 10.11
0.923 0.0705 71.61 44.00  75  62  775000 1268000   250 10.11
0.925 0.0726 71.71 44.00  75  62  775000 1268000   250 10.11
0.927 0.0705 71.80 44.00  75  62  775000 1268000   250 10.11
0.929 0.0734 71.87 44.00  75  62  775000 1268000   250 10.11
0.931 0.0713 71.95 44.00  75  62  775000 1268000   250 10.11
0.933 0.0749 72.03 44.00  75  62  775000 1268000   250 10.11
0.935 0.0693 72.12 44.00  75  62  775000 1268000   250 10.11
0.937 0.0754 72.22 44.00  75  62  775000 1268000   250 10.11
0.939 0.0705 72.33 44.00  75  62  775000 1268000   250 10.11
0.941 0.0707 72.44 44.00  75  62  775000 1268000   250 10.11
0.943 0.0762 72.57 44.00  75  62  775000 1268000   250 10.11
0.945 0.0712 72.71 44.00  75  62  775000 1268000   250 10.11
0.947 0.0709 72.86 44.00  75  62  775000 1268000   250 10.11
0.949 0.0750 73.01 44.00  75  62  775000 1268000   250 10.11
0.951 0.0718 73.16 44.00  75  62  775000 1268000   250 10.11
0.953 0.0708 73.30 44.00  75  62  775000 1268000   250 10.11
0.955 0.0720 73.45 44.00  75  62  775000 1268000   250 10.11
0.957 0.0741 73.60 44.00  75  62  775000 1268000   250 10.11
0.959 0.0791 73.75 44.00  75  62  775000 1268000   250 10.11
0.961 0.0724 73.92 44.00  75  62  775000 1268000   250 10.11
0.963 0.0736 74.11 44.00  75  62  775000 1268000   250 10.11
0.966 0.0700 74.31 44.00  75  62  775000 1268000   250 10.11
0.968 0.0793 74.53 44.00  75  62  775000 1268000   250 10.11
0.970 0.0761 74.77 44.00  75  62  775000 1268000   250 10.11
0.972 0.0765 75.02 44.00  75  62  775000 1268000   250 10.11
0.974 0.0748 75.27 44.00  75  62  775000 1268000   250 10.11
0.976 0.0729 75.52 44.00  75  62  775000 1268000   250 10.11
0.978 0.0752 75.75 44.00  75  62  775000 1268000   250 10.11
0.980 0.0761 75.98 44.00  75  62  775000 1268000   250 10.11
0.982 0.0768 76.21 44.00  75  62  775000 1268000   250 10.11
0.984 0.0749 76.43 44.00  75  62  775000 1268000   250 10.11
0.986 0.0769 76.64 44.00  75  62  775000 1268000   250 10.11
0.988 0.0751 76.85 44.00  75  62  775000 1268000   250 10.11
0.990 0.0756 77.06 44.00  75  62  775000 1268000   250 10.11
0.992 0.0786 77.27 44.00  75  62  775000 1268000   250 10.11
0.994 0.0825 77.48 44.00  75  62  775000 1268000   250 10.11
0.996 0.0761 77.68 44.00  75  62  775000 1268000   250 10.11
0.998 0.0752 77.89 44.00  75  62  775000 1268000   250 10.11
1.000 0.0819 78.08 44.00  75  62  775000 1268000   250 10.11
1.002 0.0799 78.26 44.00  75  62  775000 1268000   250 10.11
1.004 0.0727 78.41 44.00  75  62  775000 1268000   250 10.11
1.006 0.0825 78.54 44.00  75  62  775000 1268000   250 10.11
1.008 0.0771 78.64 44.00  75  62  775000 1268000   250 10.11
1.010 0.0790 78.73 44.00  75  62  775000 1268000   250 10.11
1.012 0.0748 78.78 44.00  75  62  775000 1268000   250 10.11
1.014 0.0807 78.81 44.00  75  62  775000 1268000   250 10.11
1.016 0.0801 78.81 44.00  75  62  775000 1268000   250 10.11
1.018 0.0797 78.79 44.00  75  62  775000 1268000   250 10.11
1.020 0.0826 78.76 44.00  75  62  775000 1268000   250 10.11
1.022 0.0765 78.72 44.00  75  62  775000 1268000   250 10.11
1.024 0.0762 78.67 44.00  75  62  775000 1268000   250 10.11
1.026 0.0787 78.61 44.00  75  62  775000 1268000   250 10.11
1.028 0.0791 78.55 44.00  75  62  775000 1268000   250 10.11
1.030 0.0810 78.48 44.00  75  62  775000 1268000   250 10.11
1.032 0.0756 78.41 44.00  75  62  775000 1268000   250 10.11
1.034 0.0780 78.32 44.00  75  62  775000 1268000   250 10.11
1.037 0.0758 78.23 44.00  75  62  775000 1268000   250 10.11
1.039 0.0806 78.11 44.00  75  62  775000 1268000   250 10.11
1.041 0.0771 77.96 44.00  75  62  775000 1268000   250 10.11
1.043 0.0770 77.81 44.00  75  62  775000 1268000   250 10.11
1.045 0.0807 77.64 44.00  75  62  775000 1268000   250 10.11
1.047 0.0751 77.47 44.00  75  62  775000 1268000   250 10.11
1.049 0.0800 77.28 44.00  75  62  775000 1268000   250 10.11
1.051 0.0771 77.10 44.00  75  62  775000 1268000   250 10.11
1.053 0.0731 76.91 44.00  75  62  775000 1268000   250 10.11
1.055 0.0768 76.71 44.00  75  62  775000 1268000   250 10.11
1.057 0.0811 76.52 44.00  75  62  775000 1268000   250 10.11
1.059 0.0764 76.32 44.00  75  62  775000 1268000   250 10.11
1.061 0.0733 76.12 44.00  75  62  775000 1268000   250 10.11
1.063 0.0782 75.91 44.00  75  62  775000 1268000   250 10.11
1.065 0.0750 75.69 44.00  75  62  775000 1268000   250 10.11
1.067 0.0742 75.46 44.00  75  62  775000 1268000   250 10.11
1.069 0.0765 75.22 44.00  75  62  775000 1268000   250 10.11
1.071 0.0724 74.99 44.00  75  62  775000 1268000   250 10.11
1.073 0.0759 74.76 44.00  75  62  775000 1268000   250 10.11
1.075 0.0732 74.53 44.00  75  62  775000 1268000   250 10.11
1.077 0.0753 74.30 44.00  75  62  775000 1268000   250 10.11
1.079 0.0728 74.09 44.00  75  62  775000 1268000   250 10.11
1.081 0.0759 73.90 44.00  75  62  775000 1268000   250 10.11
1.083 0.0755 73.73 44.00  75  62  775000 1268000   250 10.11
1.085 0.0705 73.58 44.00  75  62  775000 1268000   250 10.11
1.087 0.0759 73.45 44.00  75  62  775000 1268000   250 10.11
1.089 0.0688 73.32 44.00  75  62  775000 1268000   250 10.11
1.091 0.0775 73.21 44.00  75  62  775000 1268000   250 10.11
1.093 0.0733 73.11 44.00  75  62  775000 1268000   250 10.11
1.095 0.0728 73.01 44.00  75  62  775000 1268000   250 10.11
1.097 0.0726 72.91 44.00  75  62  775000 1268000   250 10.11
1.099 0.0704 72.82 44.00  75  62  775000 1268000   250 10.11
1.101 0.0713 72.73 44.00  75  62  775000 1268000   250 10.11
1.103 0.0751 72.63 44.00  75  62  775000 1268000   250 10.11
1.105 0.0689 72.53 44.00  75  62  775000 1268000   250 10.11
1.108 0.0761 72.44 44.00  75  62  775000 1268000   250 10.11
1.110 0.0753 72.37 44.00  75  62  775000 1268000   250 10.11
1.112 0.0687 72.32 44.00  75  62  775000 1268000   250 10.11
1.114 0.0714 72.29 44.00  75  62  775000 1268000   250 10.11
1.116 0.0764 72.27 44.00  75  62  775000 1268000   250 10.11
1.118 0.0721 72.27 44.00  75  62  775000 1268000   250 10.11
1.120 0.0729 72.27 44.00  75  62  775000 1268000   250 10.11
1.122 0.0743 72.27 44.00  75  62  775000 1268000   250 10.11
1.124 0.0657 72.28 44.00  75  62  775000 1268000   250 10.11
1.126 0.0705 72.28 44.00  75  62  775000 1268000   250 10.11
1.128 0.0750 72.28 44.00  75  62  775000 1268000   250 10.11
1.130 0.0732 72.27 44.00  75  62  775000 1268000   250 10.11
1.132 0.0717 72.27 44.00  75  62  775000 1268000   250 10.11
1.134 0.0689 72.27 44.00  75  62  775000 1268000   250 10.11
1.136 0.0766 72.28 44.00  75  62  775000 1268000   250 10.11
1.138 0.0738 72.31 44.00  75  62  775000 1268000   250 10.11
1.140 0.0710 72.36 44.00  75  62  775000 1268000   250 10.11
1.142 0.0704 72.43 44.00  75  62  775000 1268000   250 10.11
1.144 0.0754 72.52 44.00  75  62  775000 1268000   250 10.11
1.146 0.0771 72.64 44.00  75  62  775000 1268000   250 10.11
1.148 0.0724 72.79 44.00  75  62  775000 1268000   250 10.11
1.150 0.0684 72.96 44.00  75  62  775000 1268000   250 10.11
1.152 0.0716 73.15 44.00  75  62  775000 1268000   250 10.11
1.154 0.0735 73.35 44.00  75  62  775000 1268000   250 10.11
1.156 0.0744 73.58 44.00  75  62  775000 1268000   250 10.11
1.158 0.0728 73.84 44.00  75  62  775000 1268000   250 10.11
1.160 0.0748 74.12 44.00  75  62  775000 1268000   250 10.11
1.162 0.0749 74.43 44.00  75  62  775000 1268000   250 10.11
1.164 0.0745 74.78 44.00  75  62  775000 1268000   250 10.11
1.166 0.0727 75.18 44.00  75  62  775000 1268000   250 10.11
1.168 0.0781 75.64 44.00  75  62  775000 1268000   250 10.11
1.170 0.0787 76.17 44.00  75  62  775000 1268000   250 10.11
1.172 0.0768 76.76 44.00  75  62  775000 1268000   250 10.11
1.174 0.0739 77.41 44.00  75  62  775000 1268000   250 10.11
1.176 0.0813 78.13 44.00  75  62  775000 1268000   250 10.11
1.178 0.0771 78.91 44.00  75  62  775000 1268000   250 10.11
1.181 0.0762 79.74 44.00  75  62  775000 1268000   250 10.11
1.183 0.0820 80.62 44.00  75  62  775000 1268000   250 10.11
1.185 0.0852 81.55 44.00  75  62  775000 1268000   250 10.11
1.187 0.0785 82.52 44.00  75  62  775000 1268000   250 10.11
1.189 0.0823 83.54 44.00  75  62  775000 1268000   250 10.11
1.191 0.0836 84.60 44.00  75  62  775000 1268000   250 10.11
1.193 0.0884 85.70 44.00  75  62  775000 1268000   250 10.11
1.195 0.0856 86.83 44.00  75  62  775000 1268000   250 10.11
1.197 0.0848 87.98 44.00  75  62  775000 1268000   250 10.11
1.199 0.0912 89.15 44.00  75  62  775000 1268000   250 10.11
1.201 0.0890 90.32 44.00  75  62  775000 1268000   250 10.11
1.203 0.0928 91.47 44.00  75  62  775000 1268000   250 10.11
1.205 0.0940 92.61 44.00  75  62  775000 1268000   250 10.11
1.207 0.0927 93.69 44.00  75  62  775000 1268000   250 10.11
1.209 0.0945 94.71 44.00  75  62  775000 1268000   250 10.11
1.211 0.0978 95.65 44.00  75  62  775000 1268000   250 10.11
1.213 0.0922 96.49 44.00  75  62  775000 1268000   250 10.11
1.215 0.0976 97.21 44.00  75  62  775000 1268000   250 10.11
1.217 0.1013 97.82 44.00  75  62  775000 1268000   250 10.11
1.219 0.0984 98.30 44.00  75  62  775000 1268000   250 10.11
1.221 0.0972 98.65 44.00  75  62  775000 1268000   250 10.11
1.223 0.1019 98.86 44.00  75  62  775000 1268000   250 10.11
1.225 0.1027 98.95 44.00  75  62  775000 1268000   250 10.11
1.227 0.0964 98.89 44.00  75  62  775000 1268000   250 10.11
1.229 0.1005 98.70 44.00  75  62  775000 1268000   250 10.11
1.231 0.0973 98.39 44.00  75  62  775000 1268000   250 10.11
1.233 0.0981 97.95 44.00  75  62  775000 1268000   250 10.11
1.235 0.1002 97.41 44.00  75  62  775000 1268000   250 10.11
1.237 0.0967 96.75 44.00  75  62  775000 1268000   250 10.11
1.239 0.0966 96.00 44.00  75  62  775000 1268000   250 10.11
1.241 0.0969 95.15 44.00  75  62  775000 1268000   250 10.11
1.243 0.0905 94.23 44.00  75  62  775000 1268000   250 10.11
1.245 0.0895 93.24 44.00  75  62  775000 1268000   250 10.11
1.247 0.0927 92.18 44.00  75  62  775000 1268000   250 10.11
1.249 0.0961 91.09 44.00  75  62  775000 1268000   250 10.11
1.252 0.0844 89.96 44.00  75  62  775000 1268000   250 10.11
1.254 0.0921 88.82 44.00  75  62  775000 1268000   250 10.11
1.256 0.0884 87.67 44.00  75  62  775000 1268000   250 10.11
1.258 0.0851 86.54 44.00  75  62  775000 1268000   250 10.11
1.260 0.0857 85.42 44.00  75  62  775000 1268000   250 10.11
1.262 0.0835 84.33 44.00  75  62  775000 1268000   250 10.11
1.264 0.0849 83.28 44.00  75  62  775000 1268000   250 10.11
1.266 0.0794 82.27 44.00  75  62  775000 1268000   250 10.11
1.268 0.0838 81.30 44.00  75  62  775000 1268000   250 10.11
1.270 0.0810 80.38 44.00  75  62  775000 1268000   250 10.11
1.272 0.0766 79.51 44.00  75  62  775000 1268000   250 10.11
1.274 0.0796 78.68 44.00  75  62  775000 1268000   250 10.11
1.276 0.0751 77.91 44.00  75  62  775000 1268000   250 10.11
1.278 0.0772 77.19 44.00  75  62  775000 1268000   250 10.11
1.280 0.0782 76.51 44.00  75  62  775000 1268000   250 10.11
1.282 0.0734 75.89 44.00  75  62  775000 1268000   250 10.11
1.284 0.0771 75.31 44.00  75  62  775000 1268000   250 10.11
1.286 0.0733 74.78 44.00  75  62  775000 1268000   250 10.11
1.288 0.0735 74.30 44.00  75  62  775000 1268000   250 10.11
1.290 0.0736 73.86 44.00  75  62  775000 1268000   250 10.11
1.292 0.0746 73.47 44.00  75  62  775000 1268000   250 10.11
1.294 0.0738 73.11 44.00  75  62  775000 1268000   250 10.11
1.296 0.0757 72.78 44.00  75  62  775000 1268000   250 10.11
1.298 0.0689 72.48 44.00  75  62  775000 1268000   250 10.11
1.300 0.0736 72.20 44.00  75  62  775000 1268000   250 10.11
1.302 0.0761 71.95 44.00  75  62  775000 1268000   250 10.11
1.304 0.0648 71.72 44.00  75  62  775000 1268000   250 10.11
1.306 0.0736 71.52 44.00  75  62  775000 1268000   250 10.11
1.308 0.0733 71.33 44.00  75  62  775000 1268000   250 10.11
1.310 0.0696 71.16 44.00  75  62  775000 1268000   250 10.11
1.312 0.0726 71.00 44.00  75  62  775000 1268000   250 10.11
1.314 0.0701 70.85 44.00  75  62  775000 1268000   250 10.11
1.316 0.0681 70.70 44.00  75  62  775000 1268000   250 10.11
1.318 0.0736 70.56 44.00  75  62  775000 1268000   250 10.11
1.320 0.0688 70.43 44.00  75  62  775000 1268000   250 10.11
1.323 0.0700 70.31 44.00  75  62  775000 1268000   250 10.11
1.325 0.0688 70.20 44.00  75  62  775000 1268000   250 10.11
1.327 0.0730 70.09 44.00  75  62  775000 1268000   250 10.11
1.329 0.0670 70.00 44.00  75  62  775000 1268000   250 10.11
1.331 0.0729 69.92 44.00  75  62  775000 1268000   250 10.11
1.333 0.0686 69.85 44.00  75  62  775000 1268000   250 10.11
1.335 0.0721 69.78 44.00  75  62  775000 1268000   250 10.11
1.337 0.0662 69.71 44.00  75  62  775000 1268000   250 10.11
1.339 0.0737 69.65 44.00  75  62  775000 1268000   250 10.11
1.341 0.0713 69.59 44.00  75  62  775000 1268000   250 10.11
1.343 0.0664 69.54 44.00  75  62  775000 1268000   250 10.11
1.345 0.0694 69.49 44.00  75  62  775000 1268000   250 10.11
1.347 0.0702 69.43 44.00  75  62  775000 1268000   250 10.11
1.349 0.0661 69.38 44.00  75  62  775000 1268000   250 10.11
1.351 0.0703 69.31 44.00  75  62  775000 1268000   250 10.11
1.353 0.0684 69.24 44.00  75  62  775000 1268000   250 10.11
1.355 0.0714 69.17 44.00  75  62  775000 1268000   250 10.11
1.357 0.0677 69.09 44.00  75  62  775000 1268000   250 10.11
1.359 0.0700 69.01 44.00  75  62  775000 1268000   250 10.11
1.361 0.0697 68.93 44.00  75  62  775000 1268000   250 10.11
1.363 0.0685 68.85 44.00  75  62  775000 1268000   250 10.11
1.365 0.0697 68.78 44.00  75  62  775000 1268000   250 10.11
1.367 0.0680 68.72 44.00  75  62  775000 1268000   250 10.11
1.369 0.0664 68.66 44.00  75  62  775000 1268000   250 10.11
1.371 0.0702 68.61 44.00  75  62  775000 1268000   250 10.11
1.373 0.0702 68.57 44.00  75  62  775000 1268000   250 10.11
1.375 0.0694 68.53 44.00  75  62  775000 1268000   250 10.11
1.377 0.0692 68.49 44.00  75  62  775000 1268000   250 10.11
1.379 0.0645 68.45 44.00  75  62  775000 1268000   250 10.11
1.381 0.0699 68.40 44.00  75  62  775000 1268000   250 10.11
1.383 0.0680 68.36 44.00  75  62  775000 1268000   250 10.11
1.385 0.0655 68.33 44.00  75  62  775000 1268000   250 10.11
1.387 0.0702 68.30 44.00  75  62  775000 1268000   250 10.11
1.389 0.0692 68.29 44.00  75  62  775000 1268000   250 10.11
1.391 0.0667 68.28 44.00  75  62  775000 1268000   250 10.11
1.394 0.0697 68.28 44.00  75  62  775000 1268000   250 10.11
1.396 0.0671 68.29 44.00  75  62  775000 1268000   250 10.11
1.398 0.0689 68.30 44.00  75  62  775000 1268000   250 10.11
1.400 0.0692 68.31 44.00  75  62  775000 1268000   250 10.11
1.402 0.0678 68.33 44.00  75  62  775000 1268000   250 10.11
1.404 0.0693 68.36 44.00  75  62  775000 1268000   250 10.11
1.406 0.0693 68.40 44.00  75  62  775000 1268000   250 10.11
1.408 0.0673 68.44 44.00  75  62  775000 1268000   250 10.11
1.410 0.0671 68.48 44.00  75  62  775000 1268000   250 10.11
1.412 0.0693 68.52 44.00  75  62  775000 1268000   250 10.11
1.414 0.0705 68.55 44.00  75  62  775000 1268000   250 10.11
1.416 0.0653 68.57 44.00  75  62  775000 1268000   250 10.11
1.418 0.0688 68.58 44.00  75  62  775000 1268000   250 10.11
1.420 0.0704 68.57 44.00  75  62  775000 1268000   250 10.11
1.422 0.0712 68.57 44.00  75  62  775000 1268000   250 10.11
1.424 0.0659 68.56 44.00  75  62  775000 1268000   250 10.11
1.426 0.0668 68.56 44.00  75  62  775000 1268000   250 10.11
1.428 0.0690 68.56 44.00  75  62  775000 1268000   250 10.11
1.430 0.0672 68.57 44.00  75  62  775000 1268000   250 10.11
1.432 0.0717 68.58 44.00  75  62  775000 1268000   250 10.11
1.434 0.0683 68.58 44.00  75  62  775000 1268000   250 10.11
1.436 0.0670 68.59 44.00  75  62  775000 1268000   250 10.11
1.438 0.0711 68.59 44.00  75  62  775000 1268000   250 10.11
1.440 0.0716 68.60 44.00  75  62  775000 1268000   250 10.11
1.442 0.0642 68.61 44.00  75  62  775000 1268000   250 10.11
1.444 0.0693 68.62 44.00  75  62  775000 1268000   250 10.11
1.446 0.0657 68.64 44.00  75  62  775000 1268000   250 10.11
1.448 0.0703 68.65 44.00  75  62  775000 1268000   250 10.11
1.450 0.0665 68.67 44.00  75  62  775000 1268000   250 10.11
1.452 0.0699 68.69 44.00  75  62  775000 1268000   250 10.11
1.454 0.0730 68.71 44.00  75  62  775000 1268000   250 10.11
1.456 0.0674 68.74 44.00  75  62  775000 1268000   250 10.11
1.458 0.0641 68.78 44.00  75  62  775000 1268000   250 10.11
1.460 0.0721 68.83 44.00  75  62  775000 1268000   250 10.11
1.462 0.0708 68.89 44.00  75  62  775000 1268000   250 10.11
1.465 0.0659 68.95 44.00  75  62  775000 1268000   250 10.11
1.467 0.0727 69.01 44.00  75  62  775000 1268000   250 10.11
1.469 0.0659 69.07 44.00  75  62  775000 1268000   250 10.11
1.471 0.0678 69.13 44.00  75  62  775000 1268000   250 10.11
1.473 0.0678 69.18 44.00  75  62  775000 1268000   250 10.11
1.475 0.0720 69.23 44.00  75  62  775000 1268000   250 10.11
1.477 0.0711 69.26 44.00  75  62  775000 1268000   250 10.11
1.479 0.0693 69.28 44.00  75  62  775000 1268000   250 10.11
1.481 0.0694 69.30 44.00  75  62  775000 1268000   250 10.11
1.483 0.0663 69.30 44.00  75  62  775000 1268000   250 10.11
1.485 0.0679 69.31 44.00  75  62  775000 1268000   250 10.11
1.487 0.0750 69.32 44.00  75  62  775000 1268000   250 10.11
1.489 0.0662 69.33 44.00  75  62  775000 1268000   250 10.11
1.491 0.0684 69.36 44.00  75  62  775000 1268000   250 10.11
1.493 0.0753 69.39 44.00  75  62  775000 1268000   250 10.11
1.495 0.0650 69.42 44.00  75  62  775000 1268000   250 10.11
1.497 0.0717 69.44 44.00  75  62  775000 1268000   250 10.11
1.499 0.0681 69.46 44.00  75  62  775000 1268000   250 10.11
1.501 0.0682 69.46 44.00  75  62  775000 1268000   250 10.11
1.503 0.0669 69.47 44.00  75  62  775000 1268000   250 10.11
1.505 0.0716 69.47 44.00  75  62  775000 1268000   250 10.11
1.507 0.0695 69.46 44.00  75  62  775000 1268000   250 10.11
1.509 0.0675 69.46 44.00  75  62  775000 1268000   250 10.11
1.511 0.0730 69.46 44.00  75  62  775000 1268000   250 10.11
1.513 0.0673 69.47 44.00  75  62  775000 1268000   250 10.11
1.515 0.0703 69.49 44.00  75  62  775000 1268000   250 10.11
1.517 0.0700 69.51 44.00  75  62  775000 1268000   250 10.11
1.519 0.0701 69.52 44.00  75  62  775000 1268000   250 10.11
1.521 0.0696 69.54 44.00  75  62  775000 1268000   250 10.11
1.523 0.0725 69.55 44.00  75  62  775000 1268000   250 10.11
1.525 0.0644 69.56 44.00  75  62  775000 1268000   250 10.11
1.527 0.0723 69.58 44.00  75  62  775000 1268000   250 10.11
1.529 0.0683 69.59 44.00  75  62  775000 1268000   250 10.11
1.531 0.0724 69.61 44.00  75  62  775000 1268000   250 10.11
1.533 0.0641 69.62 44.00  75  62  775000 1268000   250 10.11
1.535 0.0704 69.65 44.00  75  62  775000 1268000   250 10.11
1.538 0.0720 69.68 44.00  75  62  775000 1268000   250 10.11
1.540 0.0664 69.72 44.00  75  62  775000 1268000   250 10.11
1.542 0.0755 69.77 44.00  75  62  775000 1268000   250 10.11
1.544 0.0677 69.82 44.00  75  62  775000 1268000   250 10.11
1.546 0.0692 69.88 44.00  75  62  775000 1268000   250 10.11
1.548 0.0697 69.95 44.00  75  62  775000 1268000   250 10.11
1.550 0.0699 70.03 44.00  75  62  775000 1268000   250 10.11
1.552 0.0704 70.09 44.00  75  62  775000 1268000   250 10.11
1.554 0.0673 70.16 44.00  75  62  775000 1268000   250 10.11
1.556 0.0707 70.22 44.00  75  62  775000 1268000   250 10.11
1.558 0.0743 70.27 44.00  75  62  775000 1268000   250 10.11
1.560 0.0666 70.31 44.00  75  62  775000 1268000   250 10.11
1.562 0.0709 70.34 44.00  75  62  775000 1268000   250 10.11
1.564 0.0740 70.35 44.00  75  62  775000 1268000   250 10.11
1.566 0.0682 70.36 44.00  75  62  775000 1268000   250 10.11
1.568 0.0703 70.35 44.00  75  62  775000 1268000   250 10.11
1.570 0.0708 70.34 44.00  75  62  775000 1268000   250 10.11
1.572 0.0755 70.31 44.00  75  62  775000 1268000   250 10.11
1.574 0.0670 70.29 44.00  75  62  775000 1268000   250 10.11
1.576 0.0685 70.26 44.00  75  62  775000 1268000   250 10.11
1.578 0.0700 70.24 44.00  75  62  775000 1268000   250 10.11
1.580 0.0679 70.22 44.00  75  62  775000 1268000   250 10.11
1.582 0.0735 70.20 44.00  75  62  775000 1268000   250 10.11
1.584 0.0687 70.18 44.00  75  62  775000 1268000   250 10.11
1.586 0.0738 70.16 44.00  75  62  775000 1268000   250 10.11
1.588 0.0655 70.15 44.00  75  62  775000 1268000   250 10.11
1.590 0.0702 70.16 44.00  75  62  775000 1268000   250 10.11
1.592 0.0731 70.19 44.00  75  62  775000 1268000   250 10.11
1.594 0.0686 70.22 44.00  75  62  775000 1268000   250 10.11
1.596 0.0686 70.26 44.00  75  62  775000 1268000   250 10.11
1.598 0.0720 70.31 44.00  75  62  775000 1268000   250 10.11
1.600 0.0698 70.35 44.00  75  62  775000 1268000   250 10.11
1.602 0.0695 70.40 44.00  75  62  775000 1268000   250 10.11
1.604 0.0696 70.45 44.00  75  62  775000 1268000   250 10.11
1.606 0.0719 70.50 44.00  75  62  775000 1268000   250 10.11
1.609 0.0703 70.54 44.00  75  62  775000 1268000   250 10.11
1.611 0.0723 70.57 44.00  75  62  775000 1268000   250 10.11
1.613 0.0724 70.60 44.00  75  62  775000 1268000   250 10.11
1.615 0.0703 70.62 44.00  75  62  775000 1268000   250 10.11
1.617 0.0677 70.64 44.00  75  62  775000 1268000   250 10.11
1.619 0.0724 70.65 44.00  75  62  775000 1268000   250 10.11
1.621 0.0700 70.68 44.00  75  62  775000 1268000   250 10.11
1.623 0.0704 70.71 44.00  75  62  775000 1268000   250 10.11
1.625 0.0728 70.74 44.00  75  62  775000 1268000   250 10.11
1.627 0.0732 70.77 44.00  75  62  775000 1268000   250 10.11
1.629 0.0667 70.81 44.00  75  62  775000 1268000   250 10.11
1.631 0.0697 70.84 44.00  75  62  775000 1268000   250 10.11
1.633 0.0685 70.89 44.00  75  62  775000 1268000   250 10.11
1.635 0.0729 70.93 44.00  75  62  775000 1268000   250 10.11
1.637 0.0702 70.98 44.00  75  62  775000 1268000   250 10.11
1.639 0.0734 71.03 44.00  75  62  775000 1268000   250 10.11
1.641 0.0721 71.08 44.00  75  62  775000 1268000   250 10.11
1.643 0.0684 71.12 44.00  75  62  775000 1268000   250 10.11
1.645 0.0699 71.17 44.00  75  62  775000 1268000   250 10.11
1.647 0.0742 71.21 44.00  75  62  775000 1268000   250 10.11
1.649 0.0692 71.26 44.00  75  62  775000 1268000   250 10.11
1.651 0.0723 71.31 44.00  75  62  775000 1268000   250 10.11
1.653 0.0731 71.35 44.00  75  62  775000 1268000   250 10.11
1.655 0.0711 71.40 44.00  75  62  775000 1268000   250 10.11
1.657 0.0736 71.45 44.00  75  62  775000 1268000   250 10.11
1.659 0.0707 71.52 44.00  75  62  775000 1268000   250 10.11
1.661 0.0688 71.59 44.00  75  62  775000 1268000   250 10.11
1.663 0.0710 71.67 44.00  75  62  775000 1268000   250 10.11
1.665 0.0778 71.74 44.00  75  62  775000 1268000   250 10.11
1.667 0.0665 71.80 44.00  75  62  775000 1268000   250 10.11
1.669 0.0721 71.84 44.00  75  62  775000 1268000   250 10.11
1.671 0.0740 71.86 44.00  75  62  775000 1268000   250 10.11
1.673 0.0667 71.86 44.00  75  62  775000 1268000   250 10.11
1.675 0.0704 71.86 44.00  75  62  775000 1268000   250 10.11
1.678 0.0750 71.84 44.00  75  62  775000 1268000   250 10.11
1.680 0.0695 71.81 44.00  75  62  775000 1268000   250 10.11
1.682 0.0757 71.76 44.00  75  62  775000 1268000   250 10.11
1.684 0.0744 71.71 44.00  75  62  775000 1268000   250 10.11
1.687 0.0682 71.66 44.00  75  62  775000 1268000   250 10.11
1.690 0.0718 71.61 44.00  75  62  775000 1268000   250 10.11
1.692 0.0751 71.56 44.00  75  62  775000 1268000   250 10.11
1.695 0.0733 71.52 44.00  75  62  775000 1268000   250 10.11
1.698 0.0677 71.47 44.00  75  62  775000 1268000   250 10.11
1.701 0.0739 71.42 44.00  75  62  775000 1268000   250 10.11
1.704 0.0743 71.36 44.00  75  62  775000 1268000   250 10.11
1.708 0.0666 71.29 44.00  75  62  775000 1268000   250 10.11
1.711 0.0678 71.22 44.00  75  62  775000 1268000   250 10.11
1.715 0.0693 71.13 44.00  75  62  775000 1268000   250 10.11
1.718 0.0722 71.04 44.00  75  62  775000 1268000   250 10.11
1.722 0.0708 70.96 44.00  75  62  775000 1268000   250 10.11
1.726 0.0738 70.87 44.00  75  62  775000 1268000   250 10.11
1.731 0.0695 70.79 44.00  75  62  775000 1268000   250 10.11
1.735 0.0702 70.72 44.00  75  62  775000 1268000   250 10.11
1.740 0.0717 70.67 44.00  75  62  775000 1268000   250 10.11
1.745 0.0727 70.63 44.00  75  62  775000 1268000   250 10.11
1.750 0.0708 70.62 44.00  75  62  775000 1268000   250 10.11
1.755 0.0714 70.62 44.00  75  62  775000 1268000   250 10.11
1.760 0.0693 70.63 44.00  75  62  775000 1268000   250 10.11
1.766 0.0727 70.65 44.00  75  62  775000 1268000   250 10.11
1.772 0.0696 70.68 44.00  75  62  775000 1268000   250 10.11
1.778 0.0716 70.73 44.00  75  62  775000 1268000   250 10.11
1.785 0.0701 70.78 44.00  75  62  775000 1268000   250 10.11
1.791 0.0697 70.85 44.00  75  62  775000 1268000   250 10.11
1.798 0.0725 70.93 44.00  75  62  775000 1268000   250 10.11
1.806 0.0703 71.05 44.00  75  62  775000 1268000   250 10.11
1.813 0.0722 71.21 44.00  75  62  775000 1268000   250 10.11
1.821 0.0706 71.44 44.00  75  62  775000 1268000   250 10.11
1.829 0.0729 71.74 44.00  75  62  775000 1268000   250 10.11
1.838 0.0729 72.16 44.00  75  62  775000 1268000   250 10.11
1.847 0.0712 72.69 44.00  75  62  775000 1268000   250 10.11
1.856 0.0738 73.37 44.00  75  62  775000 1268000   250 10.11
1.866 0.0747 74.19 44.00  75  62  775000 1268000   250 10.11
1.876 0.0749 75.19 44.00  75  62  775000 1268000   250 10.11
1.886 0.0761 76.35 44.00  75  62  775000 1268000   250 10.11
1.897 0.0763 77.70 44.00  75  62  775000 1268000   250 10.11
1.907 0.0778 79.21 44.00  75  62  775000 1268000   250 10.11
1.917 0.0803 80.88 44.00  75  62  775000 1268000   250 10.11
1.927 0.0807 82.69 44.00  75  62  775000 1268000   250 10.11
1.937 0.0826 84.63 44.00  75  62  775000 1268000   250 10.11
1.947 0.0851 86.68 44.00  75  62  775000 1268000   250 10.11
1.957 0.0851 88.81 44.00  75  62  775000 1268000   250 10.11
1.968 0.0904 91.03 44.00  75  62  775000 1268000   250 10.11
1.978 0.0929 93.31 44.00  75  62  775000 1268000   250 10.11
1.988 0.0974 95.66 44.00  75  62  775000 1268000   250 10.11
1.998 0.0991 98.06 44.00  75  62  775000 1268000   250 10.11
2.008 0.0998 100.51 44.00  75  62  775000 1268000   250 10.11
2.018 0.1057 102.99 44.00  75  62  775000 1268000   250 10.11
2.028 0.1097 105.50 44.00  75  62  775000 1268000   250 10.11
2.039 0.1115 108.01 44.00  75  62  775000 1268000   250 10.11
2.049 0.1110 110.50 44.00  75  62  775000 1268000   250 10.11
2.059 0.1145 112.97 44.00  75  62  775000 1268000   250 10.11
2.069 0.1141 115.37 44.00  75  62  775000 1268000   250 10.11
2.079 0.1175 117.70 44.00  75  62  775000 1268000   250 10.11
2.089 0.1159 119.92 44.00  75  62  775000 1268000   250 10.11
2.099 0.1193 122.02 44.00  75  62  775000 1268000   250 10.11
2.110 0.1216 123.98 44.00  75  62  775000 1268000   250 10.11
2.120 0.1245 125.79 44.00  75  62  775000 1268000   250 10.11
2.130 0.1271 127.42 44.00  75  62  775000 1268000   250 10.11
2.140 0.1294 128.87 44.00  75  62  775000 1268000   250 10.11
2.150 0.1313 130.11 44.00  75  62  775000 1268000   250 10.11
2.160 0.1348 131.13 44.00  75  62  775000 1268000   250 10.11
2.170 0.1363 131.91 44.00  75  62  775000 1268000   250 10.11
2.181 0.1370 132.44 44.00  75  62  775000 1268000   250 10.11
2.191 0.1347 132.71 44.00  75  62  775000 1268000   250 10.11
2.201 0.1379 132.72 44.00  75  62  775000 1268000   250 10.11
2.211 0.1373 132.46 44.00  75  62  775000 1268000   250 10.11
2.221 0.1359 131.97 44.00  75  62  775000 1268000   250 10.11
2.231 0.1372 131.27 44.00  75  62  775000 1268000   250 10.11
2.241 0.1363 130.45 44.00  75  62  775000 1268000   250 10.11
2.252 0.1371 129.73 44.00  75  62  775000 1268000   250 10.11
2.262 0.1350 130.36 44.00  75  62  775000 1268000   250 10.11
2.272 0.1362 134.34 44.00  75  62  775000 1268000   250 10.11
2.282 0.1357 139.98 44.00  75  62  775000 1268000   250 10.11
2.292 0.1330 146.15 44.00  75  62  775000 1268000   250 10.11
2.302 0.1373 152.34 44.00  75  62  775000 1268000   250 10.11
2.312 0.1351 158.37 44.00  75  62  775000 1268000   250 10.11
2.323 0.1369 164.19 44.00  75  62  775000 1268000   250 10.11
2.333 0.1421 169.80 44.00  75  62  775000 1268000   250 10.11
2.343 0.1458 175.22 44.00  75  62  775000 1268000   250 10.11
2.353 0.1509 180.50 44.00  75  62  775000 1268000   250 10.11
2.363 0.1642 185.67 44.00  75  62  775000 1268000   250 10.11
2.373 0.1772 190.79 44.00  75  62  775000 1268000   250 10.11
2.383 0.1904 195.87 44.00  75  62  775000 1268000   250 10.11
2.394 0.2075 200.96 44.00  75  62  775000 1268000   250 10.11
2.404 0.2278 206.08 44.00  75  62  775000 1268000   250 10.11
2.414 0.2579 211.23 44.00  75  62  775000 1268000   250 10.11
2.424 0.2865 216.42 44.00  75  62  775000 1268000   250 10.11
2.434 0.3240 221.66 44.00  75  62  775000 1268000   250 10.11
2.444 0.3539 226.94 44.00  75  62  775000 1268000   250 10.11
2.454 0.3920 232.24 44.00  75  62  775000 1268000   250 10.11
2.465 0.4187 237.52 44.00  75  62  775000 1268000   250 10.11
2.475 0.0000 242.75 44.00  75  62  775000 1268000   250 10.11
2.485 0.0000 247.87 44.00  75  62  775000 1268000   250 10.11
