     x     qy smooth tpara  cd  zL     xTr    xCpl frame tma
-1.284 0.2737 226.32 55.00  70  62  665000 1183000   250 9.95
-1.274 0.2491 211.89 55.00  70  62  665000 1183000   250 9.95
-1.264 0.2172 198.19 55.00  70  62  665000 1183000   250 9.95
-1.255 0.1816 185.20 55.00  70  62  665000 1183000   250 9.95
-1.245 0.1754 172.91 55.00  70  62  665000 1183000   250 9.95
-1.236 0.1132 161.29 55.00  70  62  665000 1183000   250 9.95
-1.226 0.1251 150.33 55.00  70  62  665000 1183000   250 9.95
-1.216 0.1118 140.02 55.00  70  62  665000 1183000   250 9.95
-1.207 0.1051 130.34 55.00  70  62  665000 1183000   250 9.95
-1.197 0.0980 121.28 55.00  70  62  665000 1183000   250 9.95
-1.187 0.0953 112.83 55.00  70  62  665000 1183000   250 9.95
-1.178 0.0903 105.00 55.00  70  62  665000 1183000   250 9.95
-1.168 0.0852 97.78 55.00  70  62  665000 1183000   250 9.95
-1.158 0.0836 91.17 55.00  70  62  665000 1183000   250 9.95
-1.149 0.0801 85.18 55.00  70  62  665000 1183000   250 9.95
-1.139 0.0780 79.83 55.00  70  62  665000 1183000   250 9.95
-1.129 0.0769 75.13 55.00  70  62  665000 1183000   250 9.95
-1.120 0.0728 71.12 55.00  70  62  665000 1183000   250 9.95
-1.110 0.0719 67.83 55.00  70  62  665000 1183000   250 9.95
-1.100 0.0710 65.31 55.00  70  62  665000 1183000   250 9.95
-1.091 0.0683 63.61 55.00  70  62  665000 1183000   250 9.95
-1.081 0.0678 62.76 55.00  70  62  665000 1183000   250 9.95
-1.071 0.0659 62.61 55.00  70  62  665000 1183000   250 9.95
-1.062 0.0628 62.50 55.00  70  62  665000 1183000   250 9.95
-1.052 0.0618 61.61 55.00  70  62  665000 1183000   250 9.95
-1.042 0.0608 60.64 55.00  70  62  665000 1183000   250 9.95
-1.033 0.0591 59.62 55.00  70  62  665000 1183000   250 9.95
-1.023 0.0601 58.61 55.00  70  62  665000 1183000   250 9.95
-1.014 0.0595 57.65 55.00  70  62  665000 1183000   250 9.95
-1.004 0.0567 56.75 55.00  70  62  665000 1183000   250 9.95
-0.994 0.0554 55.90 55.00  70  62  665000 1183000   250 9.95
-0.985 0.0561 55.12 55.00  70  62  665000 1183000   250 9.95
-0.975 0.0557 54.42 55.00  70  62  665000 1183000   250 9.95
-0.965 0.0534 53.80 55.00  70  62  665000 1183000   250 9.95
-0.956 0.0533 53.26 55.00  70  62  665000 1183000   250 9.95
-0.946 0.0527 52.80 55.00  70  62  665000 1183000   250 9.95
-0.936 0.0517 52.41 55.00  70  62  665000 1183000   250 9.95
-0.927 0.0504 52.10 55.00  70  62  665000 1183000   250 9.95
-0.917 0.0509 51.85 55.00  70  62  665000 1183000   250 9.95
-0.907 0.0510 51.66 55.00  70  62  665000 1183000   250 9.95
-0.898 0.0505 51.52 55.00  70  62  665000 1183000   250 9.95
-0.888 0.0512 51.43 55.00  70  62  665000 1183000   250 9.95
-0.878 0.0503 51.38 55.00  70  62  665000 1183000   250 9.95
-0.869 0.0528 51.37 55.00  70  62  665000 1183000   250 9.95
-0.859 0.0523 51.39 55.00  70  62  665000 1183000   250 9.95
-0.849 0.0525 51.45 55.00  70  62  665000 1183000   250 9.95
-0.840 0.0519 51.55 55.00  70  62  665000 1183000   250 9.95
-0.830 0.0526 51.66 55.00  70  62  665000 1183000   250 9.95
-0.820 0.0516 51.79 55.00  70  62  665000 1183000   250 9.95
-0.811 0.0523 51.92 55.00  70  62  665000 1183000   250 9.95
-0.801 0.0528 52.06 55.00  70  62  665000 1183000   250 9.95
-0.792 0.0528 52.17 55.00  70  62  665000 1183000   250 9.95
-0.782 0.0516 52.28 55.00  70  62  665000 1183000   250 9.95
-0.772 0.0525 52.35 55.00  70  62  665000 1183000   250 9.95
-0.763 0.0514 52.41 55.00  70  62  665000 1183000   250 9.95
-0.753 0.0519 52.43 55.00  70  62  665000 1183000   250 9.95
-0.743 0.0523 52.44 55.00  70  62  665000 1183000   250 9.95
-0.734 0.0522 52.42 55.00  70  62  665000 1183000   250 9.95
-0.724 0.0533 52.39 55.00  70  62  665000 1183000   250 9.95
-0.714 0.0523 52.36 55.00  70  62  665000 1183000   250 9.95
-0.705 0.0522 52.32 55.00  70  62  665000 1183000   250 9.95
-0.695 0.0532 52.29 55.00  70  62  665000 1183000   250 9.95
-0.685 0.0527 52.24 55.00  70  62  665000 1183000   250 9.95
-0.676 0.0526 52.20 55.00  70  62  665000 1183000   250 9.95
-0.666 0.0519 52.14 55.00  70  62  665000 1183000   250 9.95
-0.656 0.0518 52.06 55.00  70  62  665000 1183000   250 9.95
-0.647 0.0519 51.98 55.00  70  62  665000 1183000   250 9.95
-0.637 0.0517 51.87 55.00  70  62  665000 1183000   250 9.95
-0.627 0.0520 51.75 55.00  70  62  665000 1183000   250 9.95
-0.618 0.0502 51.61 55.00  70  62  665000 1183000   250 9.95
-0.608 0.0520 51.46 55.00  70  62  665000 1183000   250 9.95
-0.598 0.0505 51.31 55.00  70  62  665000 1183000   250 9.95
-0.589 0.0526 51.15 55.00  70  62  665000 1183000   250 9.95
-0.579 0.0512 50.98 55.00  70  62  665000 1183000   250 9.95
-0.569 0.0514 50.83 55.00  70  62  665000 1183000   250 9.95
-0.560 0.0504 50.68 55.00  70  62  665000 1183000   250 9.95
-0.550 0.0506 50.54 55.00  70  62  665000 1183000   250 9.95
-0.541 0.0508 50.41 55.00  70  62  665000 1183000   250 9.95
-0.531 0.0505 50.29 55.00  70  62  665000 1183000   250 9.95
-0.521 0.0496 50.16 55.00  70  62  665000 1183000   250 9.95
-0.512 0.0488 50.02 55.00  70  62  665000 1183000   250 9.95
-0.502 0.0485 49.86 55.00  70  62  665000 1183000   250 9.95
-0.492 0.0499 49.69 55.00  70  62  665000 1183000   250 9.95
-0.483 0.0500 49.50 55.00  70  62  665000 1183000   250 9.95
-0.473 0.0494 49.30 55.00  70  62  665000 1183000   250 9.95
-0.463 0.0495 49.11 55.00  70  62  665000 1183000   250 9.95
-0.454 0.0502 48.94 55.00  70  62  665000 1183000   250 9.95
-0.444 0.0483 48.79 55.00  70  62  665000 1183000   250 9.95
-0.434 0.0486 48.68 55.00  70  62  665000 1183000   250 9.95
-0.425 0.0508 48.59 55.00  70  62  665000 1183000   250 9.95
-0.415 0.0483 48.54 55.00  70  62  665000 1183000   250 9.95
-0.405 0.0492 48.52 55.00  70  62  665000 1183000   250 9.95
-0.396 0.0487 48.53 55.00  70  62  665000 1183000   250 9.95
-0.386 0.0478 48.55 55.00  70  62  665000 1183000   250 9.95
-0.376 0.0477 48.59 55.00  70  62  665000 1183000   250 9.95
-0.367 0.0469 48.63 55.00  70  62  665000 1183000   250 9.95
-0.357 0.0464 48.67 55.00  70  62  665000 1183000   250 9.95
-0.347 0.0472 48.71 55.00  70  62  665000 1183000   250 9.95
-0.338 0.0468 48.75 55.00  70  62  665000 1183000   250 9.95
-0.328 0.0481 48.78 55.00  70  62  665000 1183000   250 9.95
-0.319 0.0494 48.80 55.00  70  62  665000 1183000   250 9.95
-0.309 0.0521 48.81 55.00  70  62  665000 1183000   250 9.95
-0.299 0.0501 48.81 55.00  70  62  665000 1183000   250 9.95
-0.290 0.0522 48.80 55.00  70  62  665000 1183000   250 9.95
-0.280 0.0499 48.76 55.00  70  62  665000 1183000   250 9.95
-0.270 0.0492 48.71 55.00  70  62  665000 1183000   250 9.95
-0.261 0.0476 48.65 55.00  70  62  665000 1183000   250 9.95
-0.251 0.0492 48.57 55.00  70  62  665000 1183000   250 9.95
-0.241 0.0483 48.48 55.00  70  62  665000 1183000   250 9.95
-0.232 0.0488 48.39 55.00  70  62  665000 1183000   250 9.95
-0.222 0.0477 48.30 55.00  70  62  665000 1183000   250 9.95
-0.212 0.0486 48.23 55.00  70  62  665000 1183000   250 9.95
-0.203 0.0467 48.18 55.00  70  62  665000 1183000   250 9.95
-0.193 0.0482 48.16 55.00  70  62  665000 1183000   250 9.95
-0.183 0.0475 48.18 55.00  70  62  665000 1183000   250 9.95
-0.174 0.0474 48.24 55.00  70  62  665000 1183000   250 9.95
-0.164 0.0475 48.34 55.00  70  62  665000 1183000   250 9.95
-0.154 0.0467 48.48 55.00  70  62  665000 1183000   250 9.95
-0.145 0.0463 48.66 55.00  70  62  665000 1183000   250 9.95
-0.135 0.0472 48.85 55.00  70  62  665000 1183000   250 9.95
-0.125 0.0478 49.02 55.00  70  62  665000 1183000   250 9.95
-0.116 0.0485 49.16 55.00  70  62  665000 1183000   250 9.95
-0.106 0.0488 49.23 55.00  70  62  665000 1183000   250 9.95
-0.097 0.0503 49.21 55.00  70  62  665000 1183000   250 9.95
-0.087 0.0504 49.08 55.00  70  62  665000 1183000   250 9.95
-0.077 0.0508 48.84 55.00  70  62  665000 1183000   250 9.95
-0.068 0.0508 48.47 55.00  70  62  665000 1183000   250 9.95
-0.058 0.0500 47.98 55.00  70  62  665000 1183000   250 9.95
-0.048 0.0502 47.38 55.00  70  62  665000 1183000   250 9.95
-0.039 0.0491 46.65 55.00  70  62  665000 1183000   250 9.95
-0.029 0.0484 45.83 55.00  70  62  665000 1183000   250 9.95
-0.019 0.0456 44.90 55.00  70  62  665000 1183000   250 9.95
-0.010 0.0457 43.89 55.00  70  62  665000 1183000   250 9.95
0.000 0.0443 42.81 55.00  70  62  665000 1183000   250 9.95
0.010 0.0411 41.67 55.00  70  62  665000 1183000   250 9.95
0.019 0.0398 40.49 55.00  70  62  665000 1183000   250 9.95
0.029 0.0363 39.29 55.00  70  62  665000 1183000   250 9.95
0.039 0.0368 38.10 55.00  70  62  665000 1183000   250 9.95
0.048 0.0343 36.94 55.00  70  62  665000 1183000   250 9.95
0.058 0.0331 35.83 55.00  70  62  665000 1183000   250 9.95
0.068 0.0331 34.80 55.00  70  62  665000 1183000   250 9.95
0.077 0.0332 33.87 55.00  70  62  665000 1183000   250 9.95
0.087 0.0326 33.05 55.00  70  62  665000 1183000   250 9.95
0.097 0.0319 32.34 55.00  70  62  665000 1183000   250 9.95
0.106 0.0318 31.77 55.00  70  62  665000 1183000   250 9.95
0.116 0.0316 31.32 55.00  70  62  665000 1183000   250 9.95
0.125 0.0318 30.99 55.00  70  62  665000 1183000   250 9.95
0.135 0.0315 30.78 55.00  70  62  665000 1183000   250 9.95
0.145 0.0312 30.66 55.00  70  62  665000 1183000   250 9.95
0.154 0.0299 30.64 55.00  70  62  665000 1183000   250 9.95
0.164 0.0300 30.68 55.00  70  62  665000 1183000   250 9.95
0.174 0.0301 30.78 55.00  70  62  665000 1183000   250 9.95
0.183 0.0305 30.91 55.00  70  62  665000 1183000   250 9.95
0.193 0.0311 31.06 55.00  70  62  665000 1183000   250 9.95
0.203 0.0319 31.22 55.00  70  62  665000 1183000   250 9.95
0.212 0.0307 31.38 55.00  70  62  665000 1183000   250 9.95
0.222 0.0319 31.54 55.00  70  62  665000 1183000   250 9.95
0.232 0.0320 31.70 55.00  70  62  665000 1183000   250 9.95
0.241 0.0317 31.86 55.00  70  62  665000 1183000   250 9.95
0.251 0.0328 32.02 55.00  70  62  665000 1183000   250 9.95
0.261 0.0331 32.18 55.00  70  62  665000 1183000   250 9.95
0.270 0.0331 32.33 55.00  70  62  665000 1183000   250 9.95
0.280 0.0333 32.48 55.00  70  62  665000 1183000   250 9.95
0.290 0.0329 32.62 55.00  70  62  665000 1183000   250 9.95
0.299 0.0336 32.75 55.00  70  62  665000 1183000   250 9.95
0.309 0.0330 32.89 55.00  70  62  665000 1183000   250 9.95
0.319 0.0329 33.02 55.00  70  62  665000 1183000   250 9.95
0.328 0.0333 33.17 55.00  70  62  665000 1183000   250 9.95
0.338 0.0321 33.33 55.00  70  62  665000 1183000   250 9.95
0.347 0.0339 33.52 55.00  70  62  665000 1183000   250 9.95
0.357 0.0337 33.73 55.00  70  62  665000 1183000   250 9.95
0.367 0.0319 33.98 55.00  70  62  665000 1183000   250 9.95
0.376 0.0345 34.27 55.00  70  62  665000 1183000   250 9.95
0.386 0.0342 34.59 55.00  70  62  665000 1183000   250 9.95
0.396 0.0350 34.95 55.00  70  62  665000 1183000   250 9.95
0.405 0.0345 35.35 55.00  70  62  665000 1183000   250 9.95
0.415 0.0350 35.77 55.00  70  62  665000 1183000   250 9.95
0.425 0.0360 36.20 55.00  70  62  665000 1183000   250 9.95
0.434 0.0342 36.65 55.00  70  62  665000 1183000   250 9.95
0.444 0.0375 37.10 55.00  70  62  665000 1183000   250 9.95
0.454 0.0374 37.54 55.00  70  62  665000 1183000   250 9.95
0.463 0.0382 37.97 55.00  70  62  665000 1183000   250 9.95
0.473 0.0403 38.36 55.00  70  62  665000 1183000   250 9.95
0.481 0.0390 38.72 55.00  70  62  665000 1183000   250 9.95
0.490 0.0407 39.03 55.00  70  62  665000 1183000   250 9.95
0.498 0.0405 39.30 55.00  70  62  665000 1183000   250 9.95
0.506 0.0398 39.52 55.00  70  62  665000 1183000   250 9.95
0.514 0.0410 39.69 55.00  70  62  665000 1183000   250 9.95
0.521 0.0412 39.84 55.00  70  62  665000 1183000   250 9.95
0.528 0.0386 39.96 55.00  70  62  665000 1183000   250 9.95
0.534 0.0408 40.06 55.00  70  62  665000 1183000   250 9.95
0.541 0.0428 40.14 55.00  70  62  665000 1183000   250 9.95
0.547 0.0386 40.21 55.00  70  62  665000 1183000   250 9.95
0.553 0.0391 40.27 55.00  70  62  665000 1183000   250 9.95
0.559 0.0395 40.34 55.00  70  62  665000 1183000   250 9.95
0.564 0.0391 40.42 55.00  70  62  665000 1183000   250 9.95
0.569 0.0421 40.52 55.00  70  62  665000 1183000   250 9.95
0.574 0.0395 40.66 55.00  70  62  665000 1183000   250 9.95
0.579 0.0394 40.84 55.00  70  62  665000 1183000   250 9.95
0.584 0.0383 41.05 55.00  70  62  665000 1183000   250 9.95
0.588 0.0415 41.32 55.00  70  62  665000 1183000   250 9.95
0.592 0.0417 41.63 55.00  70  62  665000 1183000   250 9.95
0.596 0.0420 41.98 55.00  70  62  665000 1183000   250 9.95
0.600 0.0413 42.36 55.00  70  62  665000 1183000   250 9.95
0.604 0.0440 42.78 55.00  70  62  665000 1183000   250 9.95
0.607 0.0443 43.23 55.00  70  62  665000 1183000   250 9.95
0.611 0.0446 43.70 55.00  70  62  665000 1183000   250 9.95
0.614 0.0466 44.19 55.00  70  62  665000 1183000   250 9.95
0.617 0.0426 44.68 55.00  70  62  665000 1183000   250 9.95
0.620 0.0445 45.18 55.00  70  62  665000 1183000   250 9.95
0.623 0.0440 45.69 55.00  70  62  665000 1183000   250 9.95
0.626 0.0472 46.20 55.00  70  62  665000 1183000   250 9.95
0.629 0.0474 46.71 55.00  70  62  665000 1183000   250 9.95
0.631 0.0508 47.22 55.00  70  62  665000 1183000   250 9.95
0.634 0.0444 47.71 55.00  70  62  665000 1183000   250 9.95
0.636 0.0481 48.19 55.00  70  62  665000 1183000   250 9.95
0.638 0.0504 48.66 55.00  70  62  665000 1183000   250 9.95
0.641 0.0458 49.11 55.00  70  62  665000 1183000   250 9.95
0.643 0.0486 49.53 55.00  70  62  665000 1183000   250 9.95
0.645 0.0515 49.92 55.00  70  62  665000 1183000   250 9.95
0.647 0.0488 50.26 55.00  70  62  665000 1183000   250 9.95
0.649 0.0503 50.57 55.00  70  62  665000 1183000   250 9.95
0.651 0.0518 50.84 55.00  70  62  665000 1183000   250 9.95
0.653 0.0525 51.06 55.00  70  62  665000 1183000   250 9.95
0.654 0.0534 51.23 55.00  70  62  665000 1183000   250 9.95
0.656 0.0456 51.36 55.00  70  62  665000 1183000   250 9.95
0.658 0.0539 51.44 55.00  70  62  665000 1183000   250 9.95
0.660 0.0551 51.47 55.00  70  62  665000 1183000   250 9.95
0.662 0.0527 51.46 55.00  70  62  665000 1183000   250 9.95
0.664 0.0548 51.41 55.00  70  62  665000 1183000   250 9.95
0.666 0.0527 51.34 55.00  70  62  665000 1183000   250 9.95
0.668 0.0450 51.25 55.00  70  62  665000 1183000   250 9.95
0.670 0.0510 51.14 55.00  70  62  665000 1183000   250 9.95
0.672 0.0535 51.02 55.00  70  62  665000 1183000   250 9.95
0.674 0.0512 50.87 55.00  70  62  665000 1183000   250 9.95
0.676 0.0499 50.74 55.00  70  62  665000 1183000   250 9.95
0.678 0.0492 50.62 55.00  70  62  665000 1183000   250 9.95
0.680 0.0478 50.53 55.00  70  62  665000 1183000   250 9.95
0.681 0.0494 50.47 55.00  70  62  665000 1183000   250 9.95
0.683 0.0506 50.46 55.00  70  62  665000 1183000   250 9.95
0.685 0.0535 50.49 55.00  70  62  665000 1183000   250 9.95
0.687 0.0478 50.55 55.00  70  62  665000 1183000   250 9.95
0.689 0.0519 50.65 55.00  70  62  665000 1183000   250 9.95
0.691 0.0473 50.79 55.00  70  62  665000 1183000   250 9.95
0.693 0.0531 50.95 55.00  70  62  665000 1183000   250 9.95
0.695 0.0515 51.13 55.00  70  62  665000 1183000   250 9.95
0.697 0.0492 51.33 55.00  70  62  665000 1183000   250 9.95
0.699 0.0537 51.54 55.00  70  62  665000 1183000   250 9.95
0.701 0.0511 51.76 55.00  70  62  665000 1183000   250 9.95
0.703 0.0539 51.99 55.00  70  62  665000 1183000   250 9.95
0.705 0.0518 52.21 55.00  70  62  665000 1183000   250 9.95
0.707 0.0475 52.43 55.00  70  62  665000 1183000   250 9.95
0.708 0.0556 52.64 55.00  70  62  665000 1183000   250 9.95
0.710 0.0583 52.84 55.00  70  62  665000 1183000   250 9.95
0.712 0.0551 53.04 55.00  70  62  665000 1183000   250 9.95
0.714 0.0531 53.24 55.00  70  62  665000 1183000   250 9.95
0.716 0.0488 53.42 55.00  70  62  665000 1183000   250 9.95
0.718 0.0522 53.59 55.00  70  62  665000 1183000   250 9.95
0.720 0.0538 53.77 55.00  70  62  665000 1183000   250 9.95
0.722 0.0556 53.94 55.00  70  62  665000 1183000   250 9.95
0.724 0.0499 54.12 55.00  70  62  665000 1183000   250 9.95
0.726 0.0583 54.32 55.00  70  62  665000 1183000   250 9.95
0.728 0.0542 54.53 55.00  70  62  665000 1183000   250 9.95
0.730 0.0526 54.77 55.00  70  62  665000 1183000   250 9.95
0.732 0.0538 55.03 55.00  70  62  665000 1183000   250 9.95
0.734 0.0574 55.31 55.00  70  62  665000 1183000   250 9.95
0.736 0.0608 55.61 55.00  70  62  665000 1183000   250 9.95
0.737 0.0532 55.93 55.00  70  62  665000 1183000   250 9.95
0.739 0.0554 56.25 55.00  70  62  665000 1183000   250 9.95
0.741 0.0516 56.55 55.00  70  62  665000 1183000   250 9.95
0.743 0.0585 56.85 55.00  70  62  665000 1183000   250 9.95
0.745 0.0556 57.13 55.00  70  62  665000 1183000   250 9.95
0.747 0.0599 57.40 55.00  70  62  665000 1183000   250 9.95
0.749 0.0603 57.66 55.00  70  62  665000 1183000   250 9.95
0.751 0.0549 57.89 55.00  70  62  665000 1183000   250 9.95
0.753 0.0578 58.09 55.00  70  62  665000 1183000   250 9.95
0.755 0.0571 58.27 55.00  70  62  665000 1183000   250 9.95
0.757 0.0640 58.44 55.00  70  62  665000 1183000   250 9.95
0.759 0.0593 58.62 55.00  70  62  665000 1183000   250 9.95
0.761 0.0600 58.81 55.00  70  62  665000 1183000   250 9.95
0.763 0.0591 58.99 55.00  70  62  665000 1183000   250 9.95
0.764 0.0578 59.17 55.00  70  62  665000 1183000   250 9.95
0.766 0.0603 59.35 55.00  70  62  665000 1183000   250 9.95
0.768 0.0566 59.53 55.00  70  62  665000 1183000   250 9.95
0.770 0.0572 59.70 55.00  70  62  665000 1183000   250 9.95
0.772 0.0619 59.87 55.00  70  62  665000 1183000   250 9.95
0.774 0.0612 60.05 55.00  70  62  665000 1183000   250 9.95
0.776 0.0522 60.23 55.00  70  62  665000 1183000   250 9.95
0.778 0.0615 60.41 55.00  70  62  665000 1183000   250 9.95
0.780 0.0675 60.61 55.00  70  62  665000 1183000   250 9.95
0.782 0.0606 60.83 55.00  70  62  665000 1183000   250 9.95
0.784 0.0593 61.07 55.00  70  62  665000 1183000   250 9.95
0.786 0.0578 61.33 55.00  70  62  665000 1183000   250 9.95
0.788 0.0662 61.60 55.00  70  62  665000 1183000   250 9.95
0.790 0.0599 61.86 55.00  70  62  665000 1183000   250 9.95
0.792 0.0641 62.12 55.00  70  62  665000 1183000   250 9.95
0.793 0.0633 62.36 55.00  70  62  665000 1183000   250 9.95
0.795 0.0631 62.60 55.00  70  62  665000 1183000   250 9.95
0.797 0.0598 62.82 55.00  70  62  665000 1183000   250 9.95
0.799 0.0604 63.04 55.00  70  62  665000 1183000   250 9.95
0.801 0.0652 63.24 55.00  70  62  665000 1183000   250 9.95
0.803 0.0686 63.44 55.00  70  62  665000 1183000   250 9.95
0.805 0.0609 63.63 55.00  70  62  665000 1183000   250 9.95
0.807 0.0646 63.81 55.00  70  62  665000 1183000   250 9.95
0.809 0.0616 63.97 55.00  70  62  665000 1183000   250 9.95
0.811 0.0647 64.13 55.00  70  62  665000 1183000   250 9.95
0.813 0.0673 64.29 55.00  70  62  665000 1183000   250 9.95
0.815 0.0631 64.44 55.00  70  62  665000 1183000   250 9.95
0.817 0.0606 64.58 55.00  70  62  665000 1183000   250 9.95
0.819 0.0674 64.72 55.00  70  62  665000 1183000   250 9.95
0.820 0.0656 64.86 55.00  70  62  665000 1183000   250 9.95
0.822 0.0605 64.98 55.00  70  62  665000 1183000   250 9.95
0.824 0.0646 65.09 55.00  70  62  665000 1183000   250 9.95
0.826 0.0674 65.19 55.00  70  62  665000 1183000   250 9.95
0.828 0.0662 65.28 55.00  70  62  665000 1183000   250 9.95
0.830 0.0668 65.37 55.00  70  62  665000 1183000   250 9.95
0.832 0.0668 65.45 55.00  70  62  665000 1183000   250 9.95
0.834 0.0699 65.54 55.00  70  62  665000 1183000   250 9.95
0.836 0.0649 65.65 55.00  70  62  665000 1183000   250 9.95
0.838 0.0623 65.78 55.00  70  62  665000 1183000   250 9.95
0.840 0.0644 65.94 55.00  70  62  665000 1183000   250 9.95
0.842 0.0615 66.12 55.00  70  62  665000 1183000   250 9.95
0.844 0.0683 66.31 55.00  70  62  665000 1183000   250 9.95
0.846 0.0684 66.51 55.00  70  62  665000 1183000   250 9.95
0.847 0.0691 66.70 55.00  70  62  665000 1183000   250 9.95
0.849 0.0665 66.91 55.00  70  62  665000 1183000   250 9.95
0.851 0.0656 67.10 55.00  70  62  665000 1183000   250 9.95
0.853 0.0627 67.29 55.00  70  62  665000 1183000   250 9.95
0.855 0.0695 67.46 55.00  70  62  665000 1183000   250 9.95
0.857 0.0683 67.62 55.00  70  62  665000 1183000   250 9.95
0.859 0.0652 67.76 55.00  70  62  665000 1183000   250 9.95
0.861 0.0692 67.91 55.00  70  62  665000 1183000   250 9.95
0.863 0.0664 68.05 55.00  70  62  665000 1183000   250 9.95
0.865 0.0721 68.19 55.00  70  62  665000 1183000   250 9.95
0.867 0.0702 68.33 55.00  70  62  665000 1183000   250 9.95
0.869 0.0707 68.47 55.00  70  62  665000 1183000   250 9.95
0.871 0.0704 68.59 55.00  70  62  665000 1183000   250 9.95
0.873 0.0706 68.70 55.00  70  62  665000 1183000   250 9.95
0.875 0.0654 68.80 55.00  70  62  665000 1183000   250 9.95
0.876 0.0672 68.90 55.00  70  62  665000 1183000   250 9.95
0.878 0.0683 69.00 55.00  70  62  665000 1183000   250 9.95
0.880 0.0707 69.10 55.00  70  62  665000 1183000   250 9.95
0.882 0.0663 69.21 55.00  70  62  665000 1183000   250 9.95
0.884 0.0664 69.32 55.00  70  62  665000 1183000   250 9.95
0.886 0.0705 69.43 55.00  70  62  665000 1183000   250 9.95
0.888 0.0716 69.54 55.00  70  62  665000 1183000   250 9.95
0.890 0.0616 69.64 55.00  70  62  665000 1183000   250 9.95
0.892 0.0730 69.74 55.00  70  62  665000 1183000   250 9.95
0.894 0.0743 69.84 55.00  70  62  665000 1183000   250 9.95
0.896 0.0693 69.94 55.00  70  62  665000 1183000   250 9.95
0.898 0.0695 70.03 55.00  70  62  665000 1183000   250 9.95
0.900 0.0707 70.10 55.00  70  62  665000 1183000   250 9.95
0.902 0.0722 70.17 55.00  70  62  665000 1183000   250 9.95
0.903 0.0716 70.22 55.00  70  62  665000 1183000   250 9.95
0.905 0.0671 70.27 55.00  70  62  665000 1183000   250 9.95
0.907 0.0738 70.30 55.00  70  62  665000 1183000   250 9.95
0.909 0.0693 70.32 55.00  70  62  665000 1183000   250 9.95
0.911 0.0731 70.34 55.00  70  62  665000 1183000   250 9.95
0.913 0.0723 70.36 55.00  70  62  665000 1183000   250 9.95
0.915 0.0674 70.40 55.00  70  62  665000 1183000   250 9.95
0.917 0.0660 70.47 55.00  70  62  665000 1183000   250 9.95
0.919 0.0754 70.59 55.00  70  62  665000 1183000   250 9.95
0.921 0.0728 70.73 55.00  70  62  665000 1183000   250 9.95
0.923 0.0680 70.92 55.00  70  62  665000 1183000   250 9.95
0.925 0.0691 71.13 55.00  70  62  665000 1183000   250 9.95
0.927 0.0680 71.39 55.00  70  62  665000 1183000   250 9.95
0.929 0.0696 71.70 55.00  70  62  665000 1183000   250 9.95
0.931 0.0706 72.06 55.00  70  62  665000 1183000   250 9.95
0.932 0.0741 72.48 55.00  70  62  665000 1183000   250 9.95
0.934 0.0757 72.95 55.00  70  62  665000 1183000   250 9.95
0.936 0.0725 73.47 55.00  70  62  665000 1183000   250 9.95
0.938 0.0733 74.04 55.00  70  62  665000 1183000   250 9.95
0.940 0.0784 74.67 55.00  70  62  665000 1183000   250 9.95
0.942 0.0770 75.35 55.00  70  62  665000 1183000   250 9.95
0.944 0.0741 76.10 55.00  70  62  665000 1183000   250 9.95
0.946 0.0776 76.88 55.00  70  62  665000 1183000   250 9.95
0.948 0.0792 77.70 55.00  70  62  665000 1183000   250 9.95
0.950 0.0784 78.54 55.00  70  62  665000 1183000   250 9.95
0.952 0.0756 79.38 55.00  70  62  665000 1183000   250 9.95
0.954 0.0823 80.21 55.00  70  62  665000 1183000   250 9.95
0.956 0.0803 81.01 55.00  70  62  665000 1183000   250 9.95
0.958 0.0736 81.78 55.00  70  62  665000 1183000   250 9.95
0.959 0.0835 82.52 55.00  70  62  665000 1183000   250 9.95
0.961 0.0876 83.23 55.00  70  62  665000 1183000   250 9.95
0.963 0.0835 83.91 55.00  70  62  665000 1183000   250 9.95
0.965 0.0875 84.57 55.00  70  62  665000 1183000   250 9.95
0.967 0.0858 85.22 55.00  70  62  665000 1183000   250 9.95
0.969 0.0845 85.86 55.00  70  62  665000 1183000   250 9.95
0.971 0.0836 86.47 55.00  70  62  665000 1183000   250 9.95
0.973 0.0913 87.04 55.00  70  62  665000 1183000   250 9.95
0.975 0.0926 87.59 55.00  70  62  665000 1183000   250 9.95
0.977 0.0891 88.11 55.00  70  62  665000 1183000   250 9.95
0.979 0.0862 88.60 55.00  70  62  665000 1183000   250 9.95
0.981 0.0917 89.07 55.00  70  62  665000 1183000   250 9.95
0.983 0.0818 89.51 55.00  70  62  665000 1183000   250 9.95
0.985 0.0902 89.88 55.00  70  62  665000 1183000   250 9.95
0.986 0.0901 90.20 55.00  70  62  665000 1183000   250 9.95
0.988 0.0914 90.46 55.00  70  62  665000 1183000   250 9.95
0.990 0.0854 90.66 55.00  70  62  665000 1183000   250 9.95
0.992 0.0914 90.80 55.00  70  62  665000 1183000   250 9.95
0.994 0.0932 90.90 55.00  70  62  665000 1183000   250 9.95
0.996 0.0983 90.96 55.00  70  62  665000 1183000   250 9.95
0.998 0.0861 90.98 55.00  70  62  665000 1183000   250 9.95
1.000 0.0873 90.98 55.00  70  62  665000 1183000   250 9.95
1.002 0.0959 90.95 55.00  70  62  665000 1183000   250 9.95
1.004 0.0894 90.88 55.00  70  62  665000 1183000   250 9.95
1.006 0.0883 90.78 55.00  70  62  665000 1183000   250 9.95
1.008 0.0964 90.65 55.00  70  62  665000 1183000   250 9.95
1.010 0.0874 90.50 55.00  70  62  665000 1183000   250 9.95
1.012 0.0979 90.32 55.00  70  62  665000 1183000   250 9.95
1.014 0.0953 90.12 55.00  70  62  665000 1183000   250 9.95
1.015 0.0838 89.86 55.00  70  62  665000 1183000   250 9.95
1.017 0.0814 89.54 55.00  70  62  665000 1183000   250 9.95
1.019 0.0890 89.14 55.00  70  62  665000 1183000   250 9.95
1.021 0.0859 88.70 55.00  70  62  665000 1183000   250 9.95
1.023 0.0877 88.22 55.00  70  62  665000 1183000   250 9.95
1.025 0.0922 87.73 55.00  70  62  665000 1183000   250 9.95
1.027 0.0875 87.23 55.00  70  62  665000 1183000   250 9.95
1.029 0.0843 86.73 55.00  70  62  665000 1183000   250 9.95
1.031 0.0898 86.23 55.00  70  62  665000 1183000   250 9.95
1.033 0.0878 85.73 55.00  70  62  665000 1183000   250 9.95
1.035 0.0860 85.24 55.00  70  62  665000 1183000   250 9.95
1.037 0.0803 84.75 55.00  70  62  665000 1183000   250 9.95
1.039 0.0870 84.27 55.00  70  62  665000 1183000   250 9.95
1.041 0.0874 83.81 55.00  70  62  665000 1183000   250 9.95
1.042 0.0813 83.37 55.00  70  62  665000 1183000   250 9.95
1.044 0.0862 82.94 55.00  70  62  665000 1183000   250 9.95
1.046 0.0828 82.52 55.00  70  62  665000 1183000   250 9.95
1.048 0.0736 82.09 55.00  70  62  665000 1183000   250 9.95
1.050 0.0783 81.65 55.00  70  62  665000 1183000   250 9.95
1.052 0.0809 81.18 55.00  70  62  665000 1183000   250 9.95
1.054 0.0775 80.70 55.00  70  62  665000 1183000   250 9.95
1.056 0.0870 80.23 55.00  70  62  665000 1183000   250 9.95
1.058 0.0831 79.77 55.00  70  62  665000 1183000   250 9.95
1.060 0.0818 79.37 55.00  70  62  665000 1183000   250 9.95
1.062 0.0786 79.00 55.00  70  62  665000 1183000   250 9.95
1.064 0.0731 78.66 55.00  70  62  665000 1183000   250 9.95
1.066 0.0768 78.32 55.00  70  62  665000 1183000   250 9.95
1.068 0.0820 78.00 55.00  70  62  665000 1183000   250 9.95
1.069 0.0781 77.68 55.00  70  62  665000 1183000   250 9.95
1.071 0.0772 77.38 55.00  70  62  665000 1183000   250 9.95
1.073 0.0784 77.08 55.00  70  62  665000 1183000   250 9.95
1.075 0.0793 76.77 55.00  70  62  665000 1183000   250 9.95
1.077 0.0736 76.46 55.00  70  62  665000 1183000   250 9.95
1.079 0.0746 76.15 55.00  70  62  665000 1183000   250 9.95
1.081 0.0741 75.83 55.00  70  62  665000 1183000   250 9.95
1.083 0.0760 75.50 55.00  70  62  665000 1183000   250 9.95
1.085 0.0755 75.18 55.00  70  62  665000 1183000   250 9.95
1.087 0.0718 74.86 55.00  70  62  665000 1183000   250 9.95
1.089 0.0760 74.56 55.00  70  62  665000 1183000   250 9.95
1.091 0.0794 74.28 55.00  70  62  665000 1183000   250 9.95
1.093 0.0736 74.04 55.00  70  62  665000 1183000   250 9.95
1.095 0.0747 73.81 55.00  70  62  665000 1183000   250 9.95
1.097 0.0735 73.59 55.00  70  62  665000 1183000   250 9.95
1.098 0.0689 73.39 55.00  70  62  665000 1183000   250 9.95
1.100 0.0682 73.19 55.00  70  62  665000 1183000   250 9.95
1.102 0.0793 73.01 55.00  70  62  665000 1183000   250 9.95
1.104 0.0759 72.84 55.00  70  62  665000 1183000   250 9.95
1.106 0.0751 72.70 55.00  70  62  665000 1183000   250 9.95
1.108 0.0687 72.57 55.00  70  62  665000 1183000   250 9.95
1.110 0.0694 72.45 55.00  70  62  665000 1183000   250 9.95
1.112 0.0717 72.33 55.00  70  62  665000 1183000   250 9.95
1.114 0.0737 72.20 55.00  70  62  665000 1183000   250 9.95
1.116 0.0721 72.06 55.00  70  62  665000 1183000   250 9.95
1.118 0.0750 71.92 55.00  70  62  665000 1183000   250 9.95
1.120 0.0702 71.80 55.00  70  62  665000 1183000   250 9.95
1.122 0.0706 71.71 55.00  70  62  665000 1183000   250 9.95
1.124 0.0678 71.64 55.00  70  62  665000 1183000   250 9.95
1.125 0.0773 71.60 55.00  70  62  665000 1183000   250 9.95
1.127 0.0709 71.57 55.00  70  62  665000 1183000   250 9.95
1.129 0.0729 71.57 55.00  70  62  665000 1183000   250 9.95
1.131 0.0707 71.59 55.00  70  62  665000 1183000   250 9.95
1.133 0.0717 71.62 55.00  70  62  665000 1183000   250 9.95
1.135 0.0751 71.68 55.00  70  62  665000 1183000   250 9.95
1.137 0.0724 71.77 55.00  70  62  665000 1183000   250 9.95
1.139 0.0647 71.89 55.00  70  62  665000 1183000   250 9.95
1.141 0.0734 72.06 55.00  70  62  665000 1183000   250 9.95
1.143 0.0721 72.26 55.00  70  62  665000 1183000   250 9.95
1.145 0.0741 72.47 55.00  70  62  665000 1183000   250 9.95
1.147 0.0708 72.69 55.00  70  62  665000 1183000   250 9.95
1.149 0.0703 72.92 55.00  70  62  665000 1183000   250 9.95
1.151 0.0722 73.18 55.00  70  62  665000 1183000   250 9.95
1.153 0.0792 73.47 55.00  70  62  665000 1183000   250 9.95
1.154 0.0751 73.81 55.00  70  62  665000 1183000   250 9.95
1.156 0.0727 74.17 55.00  70  62  665000 1183000   250 9.95
1.158 0.0786 74.55 55.00  70  62  665000 1183000   250 9.95
1.160 0.0701 74.96 55.00  70  62  665000 1183000   250 9.95
1.162 0.0759 75.40 55.00  70  62  665000 1183000   250 9.95
1.164 0.0744 75.88 55.00  70  62  665000 1183000   250 9.95
1.166 0.0799 76.42 55.00  70  62  665000 1183000   250 9.95
1.168 0.0797 77.02 55.00  70  62  665000 1183000   250 9.95
1.170 0.0753 77.69 55.00  70  62  665000 1183000   250 9.95
1.172 0.0813 78.40 55.00  70  62  665000 1183000   250 9.95
1.174 0.0757 79.17 55.00  70  62  665000 1183000   250 9.95
1.176 0.0830 79.98 55.00  70  62  665000 1183000   250 9.95
1.178 0.0765 80.84 55.00  70  62  665000 1183000   250 9.95
1.180 0.0805 81.74 55.00  70  62  665000 1183000   250 9.95
1.181 0.0781 82.71 55.00  70  62  665000 1183000   250 9.95
1.183 0.0872 83.76 55.00  70  62  665000 1183000   250 9.95
1.185 0.0905 84.92 55.00  70  62  665000 1183000   250 9.95
1.187 0.0831 86.19 55.00  70  62  665000 1183000   250 9.95
1.189 0.0909 87.58 55.00  70  62  665000 1183000   250 9.95
1.191 0.0824 89.08 55.00  70  62  665000 1183000   250 9.95
1.193 0.0899 90.70 55.00  70  62  665000 1183000   250 9.95
1.195 0.0920 92.42 55.00  70  62  665000 1183000   250 9.95
1.197 0.1012 94.24 55.00  70  62  665000 1183000   250 9.95
1.199 0.0944 96.17 55.00  70  62  665000 1183000   250 9.95
1.201 0.0996 98.21 55.00  70  62  665000 1183000   250 9.95
1.203 0.1057 100.37 55.00  70  62  665000 1183000   250 9.95
1.205 0.0998 102.65 55.00  70  62  665000 1183000   250 9.95
1.207 0.0957 105.03 55.00  70  62  665000 1183000   250 9.95
1.208 0.0967 107.50 55.00  70  62  665000 1183000   250 9.95
1.210 0.1154 110.01 55.00  70  62  665000 1183000   250 9.95
1.212 0.1142 112.58 55.00  70  62  665000 1183000   250 9.95
1.214 0.1113 115.16 55.00  70  62  665000 1183000   250 9.95
1.216 0.1213 117.75 55.00  70  62  665000 1183000   250 9.95
1.218 0.1249 120.32 55.00  70  62  665000 1183000   250 9.95
1.220 0.1228 122.89 55.00  70  62  665000 1183000   250 9.95
1.222 0.1321 125.42 55.00  70  62  665000 1183000   250 9.95
1.224 0.1141 127.89 55.00  70  62  665000 1183000   250 9.95
1.226 0.1354 130.28 55.00  70  62  665000 1183000   250 9.95
1.228 0.1280 132.56 55.00  70  62  665000 1183000   250 9.95
1.230 0.1350 134.71 55.00  70  62  665000 1183000   250 9.95
1.232 0.1420 136.71 55.00  70  62  665000 1183000   250 9.95
1.234 0.1407 138.56 55.00  70  62  665000 1183000   250 9.95
1.236 0.1419 140.23 55.00  70  62  665000 1183000   250 9.95
1.237 0.1464 141.70 55.00  70  62  665000 1183000   250 9.95
1.239 0.1462 142.95 55.00  70  62  665000 1183000   250 9.95
1.241 0.1388 143.97 55.00  70  62  665000 1183000   250 9.95
1.243 0.1455 144.77 55.00  70  62  665000 1183000   250 9.95
1.245 0.1410 145.34 55.00  70  62  665000 1183000   250 9.95
1.247 0.1386 145.70 55.00  70  62  665000 1183000   250 9.95
1.249 0.1513 145.86 55.00  70  62  665000 1183000   250 9.95
1.251 0.1524 145.82 55.00  70  62  665000 1183000   250 9.95
1.253 0.1389 145.58 55.00  70  62  665000 1183000   250 9.95
1.255 0.1499 145.11 55.00  70  62  665000 1183000   250 9.95
1.257 0.1525 144.44 55.00  70  62  665000 1183000   250 9.95
1.259 0.1406 143.56 55.00  70  62  665000 1183000   250 9.95
1.261 0.1341 142.49 55.00  70  62  665000 1183000   250 9.95
1.263 0.1453 141.22 55.00  70  62  665000 1183000   250 9.95
1.264 0.1394 139.80 55.00  70  62  665000 1183000   250 9.95
1.266 0.1401 138.21 55.00  70  62  665000 1183000   250 9.95
1.268 0.1379 136.49 55.00  70  62  665000 1183000   250 9.95
1.270 0.1348 134.62 55.00  70  62  665000 1183000   250 9.95
1.272 0.1330 132.61 55.00  70  62  665000 1183000   250 9.95
1.274 0.1317 130.48 55.00  70  62  665000 1183000   250 9.95
1.276 0.1250 128.24 55.00  70  62  665000 1183000   250 9.95
1.278 0.1243 125.89 55.00  70  62  665000 1183000   250 9.95
1.280 0.1293 123.48 55.00  70  62  665000 1183000   250 9.95
1.282 0.1173 121.01 55.00  70  62  665000 1183000   250 9.95
1.284 0.1196 118.52 55.00  70  62  665000 1183000   250 9.95
1.286 0.1173 116.04 55.00  70  62  665000 1183000   250 9.95
1.288 0.1142 113.57 55.00  70  62  665000 1183000   250 9.95
1.290 0.1064 111.15 55.00  70  62  665000 1183000   250 9.95
1.292 0.1102 108.77 55.00  70  62  665000 1183000   250 9.95
1.293 0.1076 106.44 55.00  70  62  665000 1183000   250 9.95
1.295 0.1067 104.18 55.00  70  62  665000 1183000   250 9.95
1.297 0.0942 102.00 55.00  70  62  665000 1183000   250 9.95
1.299 0.0989 99.91 55.00  70  62  665000 1183000   250 9.95
1.301 0.1015 97.92 55.00  70  62  665000 1183000   250 9.95
1.303 0.0936 96.05 55.00  70  62  665000 1183000   250 9.95
1.305 0.0905 94.29 55.00  70  62  665000 1183000   250 9.95
1.307 0.0983 92.65 55.00  70  62  665000 1183000   250 9.95
1.309 0.0893 91.12 55.00  70  62  665000 1183000   250 9.95
1.311 0.0885 89.68 55.00  70  62  665000 1183000   250 9.95
1.313 0.0911 88.35 55.00  70  62  665000 1183000   250 9.95
1.315 0.0796 87.11 55.00  70  62  665000 1183000   250 9.95
1.317 0.0868 85.96 55.00  70  62  665000 1183000   250 9.95
1.319 0.0898 84.89 55.00  70  62  665000 1183000   250 9.95
1.320 0.0792 83.90 55.00  70  62  665000 1183000   250 9.95
1.322 0.0867 82.98 55.00  70  62  665000 1183000   250 9.95
1.324 0.0819 82.11 55.00  70  62  665000 1183000   250 9.95
1.326 0.0810 81.31 55.00  70  62  665000 1183000   250 9.95
1.328 0.0848 80.55 55.00  70  62  665000 1183000   250 9.95
1.330 0.0775 79.85 55.00  70  62  665000 1183000   250 9.95
1.332 0.0771 79.19 55.00  70  62  665000 1183000   250 9.95
1.334 0.0803 78.57 55.00  70  62  665000 1183000   250 9.95
1.336 0.0767 78.00 55.00  70  62  665000 1183000   250 9.95
1.338 0.0798 77.48 55.00  70  62  665000 1183000   250 9.95
1.340 0.0765 77.00 55.00  70  62  665000 1183000   250 9.95
1.342 0.0786 76.56 55.00  70  62  665000 1183000   250 9.95
1.344 0.0740 76.14 55.00  70  62  665000 1183000   250 9.95
1.346 0.0727 75.75 55.00  70  62  665000 1183000   250 9.95
1.347 0.0727 75.37 55.00  70  62  665000 1183000   250 9.95
1.349 0.0804 75.02 55.00  70  62  665000 1183000   250 9.95
1.351 0.0745 74.70 55.00  70  62  665000 1183000   250 9.95
1.353 0.0710 74.40 55.00  70  62  665000 1183000   250 9.95
1.355 0.0751 74.12 55.00  70  62  665000 1183000   250 9.95
1.357 0.0759 73.88 55.00  70  62  665000 1183000   250 9.95
1.359 0.0748 73.67 55.00  70  62  665000 1183000   250 9.95
1.361 0.0708 73.47 55.00  70  62  665000 1183000   250 9.95
1.363 0.0750 73.29 55.00  70  62  665000 1183000   250 9.95
1.365 0.0759 73.14 55.00  70  62  665000 1183000   250 9.95
1.367 0.0688 73.00 55.00  70  62  665000 1183000   250 9.95
1.369 0.0751 72.87 55.00  70  62  665000 1183000   250 9.95
1.371 0.0759 72.76 55.00  70  62  665000 1183000   250 9.95
1.373 0.0713 72.65 55.00  70  62  665000 1183000   250 9.95
1.375 0.0691 72.55 55.00  70  62  665000 1183000   250 9.95
1.376 0.0711 72.45 55.00  70  62  665000 1183000   250 9.95
1.378 0.0732 72.33 55.00  70  62  665000 1183000   250 9.95
1.380 0.0696 72.22 55.00  70  62  665000 1183000   250 9.95
1.382 0.0773 72.10 55.00  70  62  665000 1183000   250 9.95
1.384 0.0708 71.99 55.00  70  62  665000 1183000   250 9.95
1.386 0.0708 71.89 55.00  70  62  665000 1183000   250 9.95
1.388 0.0726 71.80 55.00  70  62  665000 1183000   250 9.95
1.390 0.0712 71.71 55.00  70  62  665000 1183000   250 9.95
1.392 0.0715 71.63 55.00  70  62  665000 1183000   250 9.95
1.394 0.0743 71.55 55.00  70  62  665000 1183000   250 9.95
1.396 0.0707 71.48 55.00  70  62  665000 1183000   250 9.95
1.398 0.0704 71.41 55.00  70  62  665000 1183000   250 9.95
1.400 0.0726 71.34 55.00  70  62  665000 1183000   250 9.95
1.402 0.0738 71.28 55.00  70  62  665000 1183000   250 9.95
1.403 0.0698 71.22 55.00  70  62  665000 1183000   250 9.95
1.405 0.0671 71.15 55.00  70  62  665000 1183000   250 9.95
1.407 0.0723 71.09 55.00  70  62  665000 1183000   250 9.95
1.409 0.0718 71.02 55.00  70  62  665000 1183000   250 9.95
1.411 0.0680 70.96 55.00  70  62  665000 1183000   250 9.95
1.413 0.0719 70.90 55.00  70  62  665000 1183000   250 9.95
1.415 0.0741 70.87 55.00  70  62  665000 1183000   250 9.95
1.417 0.0706 70.85 55.00  70  62  665000 1183000   250 9.95
1.419 0.0694 70.85 55.00  70  62  665000 1183000   250 9.95
1.421 0.0700 70.85 55.00  70  62  665000 1183000   250 9.95
1.423 0.0714 70.87 55.00  70  62  665000 1183000   250 9.95
1.425 0.0712 70.89 55.00  70  62  665000 1183000   250 9.95
1.427 0.0703 70.90 55.00  70  62  665000 1183000   250 9.95
1.429 0.0697 70.92 55.00  70  62  665000 1183000   250 9.95
1.431 0.0726 70.93 55.00  70  62  665000 1183000   250 9.95
1.432 0.0719 70.94 55.00  70  62  665000 1183000   250 9.95
1.434 0.0700 70.93 55.00  70  62  665000 1183000   250 9.95
1.436 0.0716 70.91 55.00  70  62  665000 1183000   250 9.95
1.438 0.0699 70.87 55.00  70  62  665000 1183000   250 9.95
1.440 0.0689 70.82 55.00  70  62  665000 1183000   250 9.95
1.442 0.0729 70.77 55.00  70  62  665000 1183000   250 9.95
1.444 0.0758 70.71 55.00  70  62  665000 1183000   250 9.95
1.446 0.0655 70.65 55.00  70  62  665000 1183000   250 9.95
1.448 0.0705 70.61 55.00  70  62  665000 1183000   250 9.95
1.450 0.0740 70.58 55.00  70  62  665000 1183000   250 9.95
1.452 0.0737 70.56 55.00  70  62  665000 1183000   250 9.95
1.454 0.0642 70.54 55.00  70  62  665000 1183000   250 9.95
1.456 0.0683 70.53 55.00  70  62  665000 1183000   250 9.95
1.458 0.0746 70.52 55.00  70  62  665000 1183000   250 9.95
1.459 0.0684 70.51 55.00  70  62  665000 1183000   250 9.95
1.461 0.0725 70.52 55.00  70  62  665000 1183000   250 9.95
1.463 0.0671 70.53 55.00  70  62  665000 1183000   250 9.95
1.465 0.0728 70.56 55.00  70  62  665000 1183000   250 9.95
1.467 0.0667 70.59 55.00  70  62  665000 1183000   250 9.95
1.469 0.0760 70.64 55.00  70  62  665000 1183000   250 9.95
1.471 0.0661 70.69 55.00  70  62  665000 1183000   250 9.95
1.473 0.0706 70.75 55.00  70  62  665000 1183000   250 9.95
1.475 0.0727 70.80 55.00  70  62  665000 1183000   250 9.95
1.477 0.0724 70.87 55.00  70  62  665000 1183000   250 9.95
1.479 0.0727 70.94 55.00  70  62  665000 1183000   250 9.95
1.481 0.0727 71.01 55.00  70  62  665000 1183000   250 9.95
1.483 0.0655 71.08 55.00  70  62  665000 1183000   250 9.95
1.485 0.0751 71.14 55.00  70  62  665000 1183000   250 9.95
1.486 0.0691 71.21 55.00  70  62  665000 1183000   250 9.95
1.488 0.0716 71.27 55.00  70  62  665000 1183000   250 9.95
1.490 0.0710 71.34 55.00  70  62  665000 1183000   250 9.95
1.492 0.0711 71.41 55.00  70  62  665000 1183000   250 9.95
1.494 0.0719 71.47 55.00  70  62  665000 1183000   250 9.95
1.496 0.0724 71.55 55.00  70  62  665000 1183000   250 9.95
1.498 0.0704 71.62 55.00  70  62  665000 1183000   250 9.95
1.500 0.0723 71.70 55.00  70  62  665000 1183000   250 9.95
1.502 0.0721 71.77 55.00  70  62  665000 1183000   250 9.95
1.504 0.0697 71.84 55.00  70  62  665000 1183000   250 9.95
1.506 0.0710 71.91 55.00  70  62  665000 1183000   250 9.95
1.508 0.0738 71.99 55.00  70  62  665000 1183000   250 9.95
1.510 0.0711 72.07 55.00  70  62  665000 1183000   250 9.95
1.512 0.0720 72.15 55.00  70  62  665000 1183000   250 9.95
1.514 0.0743 72.23 55.00  70  62  665000 1183000   250 9.95
1.515 0.0715 72.30 55.00  70  62  665000 1183000   250 9.95
1.517 0.0716 72.37 55.00  70  62  665000 1183000   250 9.95
1.519 0.0739 72.43 55.00  70  62  665000 1183000   250 9.95
1.521 0.0747 72.48 55.00  70  62  665000 1183000   250 9.95
1.523 0.0714 72.52 55.00  70  62  665000 1183000   250 9.95
1.525 0.0746 72.56 55.00  70  62  665000 1183000   250 9.95
1.527 0.0688 72.60 55.00  70  62  665000 1183000   250 9.95
1.529 0.0716 72.64 55.00  70  62  665000 1183000   250 9.95
1.531 0.0747 72.66 55.00  70  62  665000 1183000   250 9.95
1.533 0.0729 72.69 55.00  70  62  665000 1183000   250 9.95
1.535 0.0714 72.71 55.00  70  62  665000 1183000   250 9.95
1.537 0.0723 72.74 55.00  70  62  665000 1183000   250 9.95
1.539 0.0731 72.76 55.00  70  62  665000 1183000   250 9.95
1.541 0.0738 72.78 55.00  70  62  665000 1183000   250 9.95
1.542 0.0727 72.81 55.00  70  62  665000 1183000   250 9.95
1.544 0.0726 72.85 55.00  70  62  665000 1183000   250 9.95
1.546 0.0732 72.90 55.00  70  62  665000 1183000   250 9.95
1.548 0.0720 72.96 55.00  70  62  665000 1183000   250 9.95
1.550 0.0735 73.03 55.00  70  62  665000 1183000   250 9.95
1.552 0.0736 73.10 55.00  70  62  665000 1183000   250 9.95
1.554 0.0713 73.17 55.00  70  62  665000 1183000   250 9.95
1.556 0.0752 73.23 55.00  70  62  665000 1183000   250 9.95
1.558 0.0739 73.30 55.00  70  62  665000 1183000   250 9.95
1.560 0.0721 73.37 55.00  70  62  665000 1183000   250 9.95
1.562 0.0729 73.43 55.00  70  62  665000 1183000   250 9.95
1.564 0.0729 73.48 55.00  70  62  665000 1183000   250 9.95
1.566 0.0757 73.53 55.00  70  62  665000 1183000   250 9.95
1.568 0.0721 73.58 55.00  70  62  665000 1183000   250 9.95
1.569 0.0754 73.63 55.00  70  62  665000 1183000   250 9.95
1.571 0.0726 73.68 55.00  70  62  665000 1183000   250 9.95
1.573 0.0750 73.73 55.00  70  62  665000 1183000   250 9.95
1.575 0.0711 73.78 55.00  70  62  665000 1183000   250 9.95
1.577 0.0746 73.84 55.00  70  62  665000 1183000   250 9.95
1.579 0.0763 73.90 55.00  70  62  665000 1183000   250 9.95
1.581 0.0734 73.97 55.00  70  62  665000 1183000   250 9.95
1.583 0.0725 74.04 55.00  70  62  665000 1183000   250 9.95
1.585 0.0767 74.11 55.00  70  62  665000 1183000   250 9.95
1.587 0.0728 74.18 55.00  70  62  665000 1183000   250 9.95
1.589 0.0687 74.27 55.00  70  62  665000 1183000   250 9.95
1.591 0.0776 74.37 55.00  70  62  665000 1183000   250 9.95
1.593 0.0782 74.48 55.00  70  62  665000 1183000   250 9.95
1.595 0.0739 74.61 55.00  70  62  665000 1183000   250 9.95
1.597 0.0735 74.74 55.00  70  62  665000 1183000   250 9.95
1.598 0.0722 74.87 55.00  70  62  665000 1183000   250 9.95
1.600 0.0755 75.00 55.00  70  62  665000 1183000   250 9.95
1.602 0.0751 75.12 55.00  70  62  665000 1183000   250 9.95
1.604 0.0789 75.24 55.00  70  62  665000 1183000   250 9.95
1.606 0.0710 75.34 55.00  70  62  665000 1183000   250 9.95
1.608 0.0766 75.43 55.00  70  62  665000 1183000   250 9.95
1.610 0.0740 75.51 55.00  70  62  665000 1183000   250 9.95
1.612 0.0794 75.57 55.00  70  62  665000 1183000   250 9.95
1.614 0.0763 75.62 55.00  70  62  665000 1183000   250 9.95
1.616 0.0750 75.65 55.00  70  62  665000 1183000   250 9.95
1.618 0.0718 75.68 55.00  70  62  665000 1183000   250 9.95
1.620 0.0779 75.70 55.00  70  62  665000 1183000   250 9.95
1.622 0.0772 75.69 55.00  70  62  665000 1183000   250 9.95
1.624 0.0764 75.68 55.00  70  62  665000 1183000   250 9.95
1.625 0.0780 75.64 55.00  70  62  665000 1183000   250 9.95
1.627 0.0758 75.60 55.00  70  62  665000 1183000   250 9.95
1.629 0.0742 75.55 55.00  70  62  665000 1183000   250 9.95
1.631 0.0709 75.50 55.00  70  62  665000 1183000   250 9.95
1.633 0.0765 75.46 55.00  70  62  665000 1183000   250 9.95
1.635 0.0750 75.43 55.00  70  62  665000 1183000   250 9.95
1.637 0.0755 75.40 55.00  70  62  665000 1183000   250 9.95
1.639 0.0768 75.40 55.00  70  62  665000 1183000   250 9.95
1.641 0.0736 75.42 55.00  70  62  665000 1183000   250 9.95
1.643 0.0804 75.46 55.00  70  62  665000 1183000   250 9.95
1.645 0.0715 75.52 55.00  70  62  665000 1183000   250 9.95
1.647 0.0748 75.59 55.00  70  62  665000 1183000   250 9.95
1.649 0.0771 75.69 55.00  70  62  665000 1183000   250 9.95
1.651 0.0738 75.81 55.00  70  62  665000 1183000   250 9.95
1.653 0.0788 75.93 55.00  70  62  665000 1183000   250 9.95
1.654 0.0754 76.06 55.00  70  62  665000 1183000   250 9.95
1.656 0.0723 76.18 55.00  70  62  665000 1183000   250 9.95
1.658 0.0761 76.29 55.00  70  62  665000 1183000   250 9.95
1.660 0.0755 76.40 55.00  70  62  665000 1183000   250 9.95
1.662 0.0794 76.50 55.00  70  62  665000 1183000   250 9.95
1.664 0.0783 76.59 55.00  70  62  665000 1183000   250 9.95
1.666 0.0781 76.66 55.00  70  62  665000 1183000   250 9.95
1.668 0.0787 76.73 55.00  70  62  665000 1183000   250 9.95
1.670 0.0744 76.78 55.00  70  62  665000 1183000   250 9.95
1.672 0.0754 76.84 55.00  70  62  665000 1183000   250 9.95
1.674 0.0778 76.89 55.00  70  62  665000 1183000   250 9.95
1.676 0.0758 76.92 55.00  70  62  665000 1183000   250 9.95
1.678 0.0777 76.93 55.00  70  62  665000 1183000   250 9.95
1.680 0.0797 76.92 55.00  70  62  665000 1183000   250 9.95
1.681 0.0756 76.89 55.00  70  62  665000 1183000   250 9.95
1.683 0.0725 76.83 55.00  70  62  665000 1183000   250 9.95
1.685 0.0815 76.77 55.00  70  62  665000 1183000   250 9.95
1.687 0.0738 76.69 55.00  70  62  665000 1183000   250 9.95
1.689 0.0766 76.61 55.00  70  62  665000 1183000   250 9.95
1.691 0.0737 76.52 55.00  70  62  665000 1183000   250 9.95
1.693 0.0795 76.43 55.00  70  62  665000 1183000   250 9.95
1.695 0.0777 76.35 55.00  70  62  665000 1183000   250 9.95
1.697 0.0773 76.27 55.00  70  62  665000 1183000   250 9.95
1.699 0.0746 76.20 55.00  70  62  665000 1183000   250 9.95
1.701 0.0784 76.13 55.00  70  62  665000 1183000   250 9.95
1.703 0.0761 76.07 55.00  70  62  665000 1183000   250 9.95
1.705 0.0733 75.99 55.00  70  62  665000 1183000   250 9.95
1.707 0.0764 75.91 55.00  70  62  665000 1183000   250 9.95
1.708 0.0757 75.82 55.00  70  62  665000 1183000   250 9.95
1.710 0.0732 75.73 55.00  70  62  665000 1183000   250 9.95
1.712 0.0767 75.65 55.00  70  62  665000 1183000   250 9.95
1.714 0.0764 75.57 55.00  70  62  665000 1183000   250 9.95
1.716 0.0749 75.50 55.00  70  62  665000 1183000   250 9.95
1.718 0.0785 75.44 55.00  70  62  665000 1183000   250 9.95
1.720 0.0750 75.38 55.00  70  62  665000 1183000   250 9.95
1.722 0.0747 75.32 55.00  70  62  665000 1183000   250 9.95
1.724 0.0727 75.27 55.00  70  62  665000 1183000   250 9.95
1.726 0.0765 75.24 55.00  70  62  665000 1183000   250 9.95
1.728 0.0757 75.21 55.00  70  62  665000 1183000   250 9.95
1.730 0.0754 75.20 55.00  70  62  665000 1183000   250 9.95
1.732 0.0770 75.19 55.00  70  62  665000 1183000   250 9.95
1.734 0.0706 75.20 55.00  70  62  665000 1183000   250 9.95
1.736 0.0743 75.21 55.00  70  62  665000 1183000   250 9.95
1.737 0.0806 75.22 55.00  70  62  665000 1183000   250 9.95
1.739 0.0736 75.23 55.00  70  62  665000 1183000   250 9.95
1.741 0.0712 75.25 55.00  70  62  665000 1183000   250 9.95
1.743 0.0800 75.27 55.00  70  62  665000 1183000   250 9.95
1.745 0.0756 75.29 55.00  70  62  665000 1183000   250 9.95
1.747 0.0743 75.32 55.00  70  62  665000 1183000   250 9.95
1.749 0.0736 75.35 55.00  70  62  665000 1183000   250 9.95
1.751 0.0779 75.39 55.00  70  62  665000 1183000   250 9.95
1.753 0.0725 75.43 55.00  70  62  665000 1183000   250 9.95
1.755 0.0757 75.47 55.00  70  62  665000 1183000   250 9.95
1.757 0.0778 75.51 55.00  70  62  665000 1183000   250 9.95
1.759 0.0739 75.55 55.00  70  62  665000 1183000   250 9.95
1.761 0.0773 75.58 55.00  70  62  665000 1183000   250 9.95
1.763 0.0734 75.61 55.00  70  62  665000 1183000   250 9.95
1.764 0.0771 75.65 55.00  70  62  665000 1183000   250 9.95
1.766 0.0783 75.69 55.00  70  62  665000 1183000   250 9.95
1.768 0.0721 75.74 55.00  70  62  665000 1183000   250 9.95
1.770 0.0770 75.79 55.00  70  62  665000 1183000   250 9.95
1.772 0.0745 75.85 55.00  70  62  665000 1183000   250 9.95
1.774 0.0794 75.91 55.00  70  62  665000 1183000   250 9.95
1.776 0.0722 75.97 55.00  70  62  665000 1183000   250 9.95
1.778 0.0773 76.02 55.00  70  62  665000 1183000   250 9.95
1.780 0.0736 76.07 55.00  70  62  665000 1183000   250 9.95
1.782 0.0783 76.11 55.00  70  62  665000 1183000   250 9.95
1.784 0.0738 76.14 55.00  70  62  665000 1183000   250 9.95
1.786 0.0809 76.17 55.00  70  62  665000 1183000   250 9.95
1.788 0.0742 76.20 55.00  70  62  665000 1183000   250 9.95
1.790 0.0755 76.23 55.00  70  62  665000 1183000   250 9.95
1.792 0.0752 76.26 55.00  70  62  665000 1183000   250 9.95
1.793 0.0779 76.29 55.00  70  62  665000 1183000   250 9.95
1.795 0.0749 76.32 55.00  70  62  665000 1183000   250 9.95
1.797 0.0791 76.34 55.00  70  62  665000 1183000   250 9.95
1.799 0.0753 76.34 55.00  70  62  665000 1183000   250 9.95
1.801 0.0796 76.33 55.00  70  62  665000 1183000   250 9.95
1.803 0.0715 76.32 55.00  70  62  665000 1183000   250 9.95
1.805 0.0773 76.29 55.00  70  62  665000 1183000   250 9.95
1.807 0.0790 76.27 55.00  70  62  665000 1183000   250 9.95
1.809 0.0712 76.23 55.00  70  62  665000 1183000   250 9.95
1.811 0.0776 76.19 55.00  70  62  665000 1183000   250 9.95
1.813 0.0766 76.15 55.00  70  62  665000 1183000   250 9.95
1.816 0.0766 76.10 55.00  70  62  665000 1183000   250 9.95
1.818 0.0750 76.05 55.00  70  62  665000 1183000   250 9.95
1.820 0.0779 76.01 55.00  70  62  665000 1183000   250 9.95
1.823 0.0779 75.97 55.00  70  62  665000 1183000   250 9.95
1.826 0.0762 75.93 55.00  70  62  665000 1183000   250 9.95
1.828 0.0726 75.88 55.00  70  62  665000 1183000   250 9.95
1.831 0.0754 75.84 55.00  70  62  665000 1183000   250 9.95
1.834 0.0763 75.79 55.00  70  62  665000 1183000   250 9.95
1.838 0.0773 75.74 55.00  70  62  665000 1183000   250 9.95
1.841 0.0735 75.70 55.00  70  62  665000 1183000   250 9.95
1.844 0.0758 75.67 55.00  70  62  665000 1183000   250 9.95
1.848 0.0768 75.65 55.00  70  62  665000 1183000   250 9.95
1.852 0.0772 75.63 55.00  70  62  665000 1183000   250 9.95
1.856 0.0775 75.64 55.00  70  62  665000 1183000   250 9.95
1.860 0.0763 75.66 55.00  70  62  665000 1183000   250 9.95
1.864 0.0736 75.71 55.00  70  62  665000 1183000   250 9.95
1.868 0.0746 75.80 55.00  70  62  665000 1183000   250 9.95
1.873 0.0770 75.94 55.00  70  62  665000 1183000   250 9.95
1.878 0.0764 76.14 55.00  70  62  665000 1183000   250 9.95
1.883 0.0792 76.40 55.00  70  62  665000 1183000   250 9.95
1.888 0.0747 76.75 55.00  70  62  665000 1183000   250 9.95
1.893 0.0771 77.21 55.00  70  62  665000 1183000   250 9.95
1.899 0.0772 77.78 55.00  70  62  665000 1183000   250 9.95
1.905 0.0778 78.48 55.00  70  62  665000 1183000   250 9.95
1.911 0.0789 79.32 55.00  70  62  665000 1183000   250 9.95
1.917 0.0815 80.29 55.00  70  62  665000 1183000   250 9.95
1.924 0.0807 81.40 55.00  70  62  665000 1183000   250 9.95
1.931 0.0811 82.64 55.00  70  62  665000 1183000   250 9.95
1.938 0.0835 84.01 55.00  70  62  665000 1183000   250 9.95
1.946 0.0825 85.51 55.00  70  62  665000 1183000   250 9.95
1.954 0.0872 87.13 55.00  70  62  665000 1183000   250 9.95
1.962 0.0885 88.88 55.00  70  62  665000 1183000   250 9.95
1.970 0.0893 90.76 55.00  70  62  665000 1183000   250 9.95
1.979 0.0921 92.78 55.00  70  62  665000 1183000   250 9.95
1.988 0.0940 94.94 55.00  70  62  665000 1183000   250 9.95
1.998 0.0994 97.26 55.00  70  62  665000 1183000   250 9.95
2.008 0.0984 99.74 55.00  70  62  665000 1183000   250 9.95
2.017 0.1045 102.37 55.00  70  62  665000 1183000   250 9.95
2.027 0.1062 105.13 55.00  70  62  665000 1183000   250 9.95
2.037 0.1096 107.98 55.00  70  62  665000 1183000   250 9.95
2.046 0.1096 110.88 55.00  70  62  665000 1183000   250 9.95
2.056 0.1121 113.77 55.00  70  62  665000 1183000   250 9.95
2.066 0.1107 116.62 55.00  70  62  665000 1183000   250 9.95
2.075 0.1174 119.37 55.00  70  62  665000 1183000   250 9.95
2.085 0.1189 121.98 55.00  70  62  665000 1183000   250 9.95
2.095 0.1190 124.40 55.00  70  62  665000 1183000   250 9.95
2.104 0.1276 126.60 55.00  70  62  665000 1183000   250 9.95
2.114 0.1285 128.56 55.00  70  62  665000 1183000   250 9.95
2.124 0.1342 130.26 55.00  70  62  665000 1183000   250 9.95
2.133 0.1373 131.68 55.00  70  62  665000 1183000   250 9.95
2.143 0.1385 132.81 55.00  70  62  665000 1183000   250 9.95
2.153 0.1376 133.66 55.00  70  62  665000 1183000   250 9.95
2.162 0.1420 134.22 55.00  70  62  665000 1183000   250 9.95
2.172 0.1414 134.50 55.00  70  62  665000 1183000   250 9.95
2.181 0.1401 134.50 55.00  70  62  665000 1183000   250 9.95
2.191 0.1340 134.23 55.00  70  62  665000 1183000   250 9.95
2.201 0.1328 133.71 55.00  70  62  665000 1183000   250 9.95
2.210 0.1303 132.96 55.00  70  62  665000 1183000   250 9.95
2.220 0.1288 132.02 55.00  70  62  665000 1183000   250 9.95
2.230 0.1312 130.92 55.00  70  62  665000 1183000   250 9.95
2.239 0.1279 129.69 55.00  70  62  665000 1183000   250 9.95
2.249 0.1248 128.40 55.00  70  62  665000 1183000   250 9.95
2.259 0.1265 127.07 55.00  70  62  665000 1183000   250 9.95
2.268 0.1266 125.75 55.00  70  62  665000 1183000   250 9.95
2.278 0.1236 124.48 55.00  70  62  665000 1183000   250 9.95
2.288 0.1217 123.26 55.00  70  62  665000 1183000   250 9.95
2.297 0.1228 122.10 55.00  70  62  665000 1183000   250 9.95
2.307 0.1208 120.99 55.00  70  62  665000 1183000   250 9.95
2.317 0.1233 119.93 55.00  70  62  665000 1183000   250 9.95
2.326 0.1203 118.91 55.00  70  62  665000 1183000   250 9.95
2.336 0.1225 117.94 55.00  70  62  665000 1183000   250 9.95
2.346 0.1227 117.09 55.00  70  62  665000 1183000   250 9.95
2.355 0.1235 116.60 55.00  70  62  665000 1183000   250 9.95
2.365 0.1229 117.71 55.00  70  62  665000 1183000   250 9.95
2.375 0.1272 122.51 55.00  70  62  665000 1183000   250 9.95
2.384 0.1276 129.15 55.00  70  62  665000 1183000   250 9.95
2.394 0.1309 136.40 55.00  70  62  665000 1183000   250 9.95
2.403 0.1292 143.74 55.00  70  62  665000 1183000   250 9.95
2.413 0.1313 150.98 55.00  70  62  665000 1183000   250 9.95
2.423 0.1360 158.07 55.00  70  62  665000 1183000   250 9.95
2.432 0.1385 165.00 55.00  70  62  665000 1183000   250 9.95
2.442 0.1436 171.83 55.00  70  62  665000 1183000   250 9.95
2.452 0.1498 178.57 55.00  70  62  665000 1183000   250 9.95
2.461 0.1614 185.29 55.00  70  62  665000 1183000   250 9.95
2.471 0.1712 192.02 55.00  70  62  665000 1183000   250 9.95
2.481 0.1910 198.80 55.00  70  62  665000 1183000   250 9.95
2.490 0.2105 205.66 55.00  70  62  665000 1183000   250 9.95
2.500 0.2428 212.61 55.00  70  62  665000 1183000   250 9.95
2.510 0.2675 219.69 55.00  70  62  665000 1183000   250 9.95
2.519 0.3054 226.88 55.00  70  62  665000 1183000   250 9.95
2.529 0.3478 234.20 55.00  70  62  665000 1183000   250 9.95
2.539 0.3848 241.62 55.00  70  62  665000 1183000   250 9.95
2.548 0.4263 249.13 55.00  70  62  665000 1183000   250 9.95
2.558 0.4430 256.70 55.00  70  62  665000 1183000   250 9.95
2.568 0.0000 264.28 55.00  70  62  665000 1183000   250 9.95
2.577 0.0000 271.80 55.00  70  62  665000 1183000   250 9.95
