     x     qy smooth tpara  cd  zL     xTr    xCpl frame tma
-3.228 0.2194 196.84 34.00  91  62 1091000 1429000   260 9.99
-3.213 0.2327 184.45 34.00  91  62 1091000 1429000   260 9.99
-3.198 0.1973 172.67 34.00  91  62 1091000 1429000   260 9.99
-3.183 0.1434 161.49 34.00  91  62 1091000 1429000   260 9.99
-3.169 0.1591 150.90 34.00  91  62 1091000 1429000   260 9.99
-3.154 0.1033 140.88 34.00  91  62 1091000 1429000   260 9.99
-3.139 0.1061 131.41 34.00  91  62 1091000 1429000   260 9.99
-3.124 0.1007 122.50 34.00  91  62 1091000 1429000   260 9.99
-3.109 0.0948 114.12 34.00  91  62 1091000 1429000   260 9.99
-3.095 0.0886 106.27 34.00  91  62 1091000 1429000   260 9.99
-3.080 0.0827 98.94 34.00  91  62 1091000 1429000   260 9.99
-3.065 0.0792 92.13 34.00  91  62 1091000 1429000   260 9.99
-3.050 0.0763 85.84 34.00  91  62 1091000 1429000   260 9.99
-3.036 0.0735 80.07 34.00  91  62 1091000 1429000   260 9.99
-3.021 0.0702 74.82 34.00  91  62 1091000 1429000   260 9.99
-3.006 0.0691 70.11 34.00  91  62 1091000 1429000   260 9.99
-2.991 0.0665 65.96 34.00  91  62 1091000 1429000   260 9.99
-2.976 0.0645 62.38 34.00  91  62 1091000 1429000   260 9.99
-2.962 0.0627 59.41 34.00  91  62 1091000 1429000   260 9.99
-2.947 0.0611 57.10 34.00  91  62 1091000 1429000   260 9.99
-2.932 0.0594 55.48 34.00  91  62 1091000 1429000   260 9.99
-2.917 0.0576 54.59 34.00  91  62 1091000 1429000   260 9.99
-2.902 0.0568 54.31 34.00  91  62 1091000 1429000   260 9.99
-2.888 0.0547 54.11 34.00  91  62 1091000 1429000   260 9.99
-2.873 0.0537 53.28 34.00  91  62 1091000 1429000   260 9.99
-2.858 0.0528 52.39 34.00  91  62 1091000 1429000   260 9.99
-2.843 0.0521 51.50 34.00  91  62 1091000 1429000   260 9.99
-2.828 0.0510 50.62 34.00  91  62 1091000 1429000   260 9.99
-2.814 0.0498 49.80 34.00  91  62 1091000 1429000   260 9.99
-2.799 0.0501 49.02 34.00  91  62 1091000 1429000   260 9.99
-2.784 0.0486 48.31 34.00  91  62 1091000 1429000   260 9.99
-2.769 0.0480 47.65 34.00  91  62 1091000 1429000   260 9.99
-2.754 0.0473 47.05 34.00  91  62 1091000 1429000   260 9.99
-2.740 0.0462 46.52 34.00  91  62 1091000 1429000   260 9.99
-2.725 0.0466 46.05 34.00  91  62 1091000 1429000   260 9.99
-2.710 0.0454 45.65 34.00  91  62 1091000 1429000   260 9.99
-2.695 0.0450 45.30 34.00  91  62 1091000 1429000   260 9.99
-2.680 0.0447 45.01 34.00  91  62 1091000 1429000   260 9.99
-2.666 0.0442 44.77 34.00  91  62 1091000 1429000   260 9.99
-2.651 0.0438 44.57 34.00  91  62 1091000 1429000   260 9.99
-2.636 0.0439 44.42 34.00  91  62 1091000 1429000   260 9.99
-2.621 0.0436 44.31 34.00  91  62 1091000 1429000   260 9.99
-2.607 0.0447 44.24 34.00  91  62 1091000 1429000   260 9.99
-2.592 0.0446 44.21 34.00  91  62 1091000 1429000   260 9.99
-2.577 0.0450 44.22 34.00  91  62 1091000 1429000   260 9.99
-2.562 0.0434 44.26 34.00  91  62 1091000 1429000   260 9.99
-2.547 0.0449 44.32 34.00  91  62 1091000 1429000   260 9.99
-2.533 0.0454 44.41 34.00  91  62 1091000 1429000   260 9.99
-2.518 0.0449 44.52 34.00  91  62 1091000 1429000   260 9.99
-2.503 0.0447 44.63 34.00  91  62 1091000 1429000   260 9.99
-2.488 0.0454 44.74 34.00  91  62 1091000 1429000   260 9.99
-2.473 0.0442 44.85 34.00  91  62 1091000 1429000   260 9.99
-2.459 0.0444 44.95 34.00  91  62 1091000 1429000   260 9.99
-2.444 0.0454 45.03 34.00  91  62 1091000 1429000   260 9.99
-2.429 0.0447 45.10 34.00  91  62 1091000 1429000   260 9.99
-2.414 0.0452 45.16 34.00  91  62 1091000 1429000   260 9.99
-2.399 0.0455 45.21 34.00  91  62 1091000 1429000   260 9.99
-2.385 0.0454 45.25 34.00  91  62 1091000 1429000   260 9.99
-2.370 0.0459 45.28 34.00  91  62 1091000 1429000   260 9.99
-2.355 0.0453 45.30 34.00  91  62 1091000 1429000   260 9.99
-2.340 0.0461 45.33 34.00  91  62 1091000 1429000   260 9.99
-2.325 0.0454 45.35 34.00  91  62 1091000 1429000   260 9.99
-2.311 0.0456 45.36 34.00  91  62 1091000 1429000   260 9.99
-2.296 0.0452 45.38 34.00  91  62 1091000 1429000   260 9.99
-2.281 0.0448 45.38 34.00  91  62 1091000 1429000   260 9.99
-2.266 0.0453 45.39 34.00  91  62 1091000 1429000   260 9.99
-2.251 0.0452 45.39 34.00  91  62 1091000 1429000   260 9.99
-2.237 0.0449 45.40 34.00  91  62 1091000 1429000   260 9.99
-2.222 0.0453 45.40 34.00  91  62 1091000 1429000   260 9.99
-2.207 0.0456 45.41 34.00  91  62 1091000 1429000   260 9.99
-2.192 0.0457 45.42 34.00  91  62 1091000 1429000   260 9.99
-2.178 0.0453 45.44 34.00  91  62 1091000 1429000   260 9.99
-2.163 0.0454 45.47 34.00  91  62 1091000 1429000   260 9.99
-2.148 0.0462 45.51 34.00  91  62 1091000 1429000   260 9.99
-2.133 0.0461 45.57 34.00  91  62 1091000 1429000   260 9.99
-2.118 0.0453 45.63 34.00  91  62 1091000 1429000   260 9.99
-2.104 0.0451 45.71 34.00  91  62 1091000 1429000   260 9.99
-2.089 0.0453 45.79 34.00  91  62 1091000 1429000   260 9.99
-2.074 0.0461 45.88 34.00  91  62 1091000 1429000   260 9.99
-2.059 0.0451 45.96 34.00  91  62 1091000 1429000   260 9.99
-2.044 0.0457 46.04 34.00  91  62 1091000 1429000   260 9.99
-2.030 0.0468 46.11 34.00  91  62 1091000 1429000   260 9.99
-2.015 0.0458 46.17 34.00  91  62 1091000 1429000   260 9.99
-2.000 0.0468 46.22 34.00  91  62 1091000 1429000   260 9.99
-1.985 0.0462 46.26 34.00  91  62 1091000 1429000   260 9.99
-1.970 0.0465 46.29 34.00  91  62 1091000 1429000   260 9.99
-1.956 0.0468 46.33 34.00  91  62 1091000 1429000   260 9.99
-1.941 0.0463 46.36 34.00  91  62 1091000 1429000   260 9.99
-1.926 0.0468 46.39 34.00  91  62 1091000 1429000   260 9.99
-1.911 0.0465 46.41 34.00  91  62 1091000 1429000   260 9.99
-1.896 0.0466 46.44 34.00  91  62 1091000 1429000   260 9.99
-1.882 0.0473 46.47 34.00  91  62 1091000 1429000   260 9.99
-1.867 0.0462 46.49 34.00  91  62 1091000 1429000   260 9.99
-1.852 0.0467 46.51 34.00  91  62 1091000 1429000   260 9.99
-1.837 0.0460 46.53 34.00  91  62 1091000 1429000   260 9.99
-1.822 0.0459 46.54 34.00  91  62 1091000 1429000   260 9.99
-1.808 0.0464 46.54 34.00  91  62 1091000 1429000   260 9.99
-1.793 0.0453 46.54 34.00  91  62 1091000 1429000   260 9.99
-1.778 0.0456 46.54 34.00  91  62 1091000 1429000   260 9.99
-1.763 0.0476 46.54 34.00  91  62 1091000 1429000   260 9.99
-1.749 0.0463 46.53 34.00  91  62 1091000 1429000   260 9.99
-1.734 0.0466 46.53 34.00  91  62 1091000 1429000   260 9.99
-1.719 0.0476 46.53 34.00  91  62 1091000 1429000   260 9.99
-1.704 0.0467 46.53 34.00  91  62 1091000 1429000   260 9.99
-1.689 0.0471 46.53 34.00  91  62 1091000 1429000   260 9.99
-1.675 0.0464 46.53 34.00  91  62 1091000 1429000   260 9.99
-1.660 0.0467 46.53 34.00  91  62 1091000 1429000   260 9.99
-1.645 0.0469 46.53 34.00  91  62 1091000 1429000   260 9.99
-1.630 0.0463 46.53 34.00  91  62 1091000 1429000   260 9.99
-1.615 0.0465 46.52 34.00  91  62 1091000 1429000   260 9.99
-1.601 0.0460 46.50 34.00  91  62 1091000 1429000   260 9.99
-1.586 0.0465 46.47 34.00  91  62 1091000 1429000   260 9.99
-1.571 0.0466 46.44 34.00  91  62 1091000 1429000   260 9.99
-1.556 0.0458 46.41 34.00  91  62 1091000 1429000   260 9.99
-1.541 0.0460 46.37 34.00  91  62 1091000 1429000   260 9.99
-1.527 0.0472 46.34 34.00  91  62 1091000 1429000   260 9.99
-1.512 0.0457 46.30 34.00  91  62 1091000 1429000   260 9.99
-1.497 0.0459 46.27 34.00  91  62 1091000 1429000   260 9.99
-1.482 0.0463 46.24 34.00  91  62 1091000 1429000   260 9.99
-1.467 0.0466 46.22 34.00  91  62 1091000 1429000   260 9.99
-1.453 0.0463 46.19 34.00  91  62 1091000 1429000   260 9.99
-1.438 0.0465 46.16 34.00  91  62 1091000 1429000   260 9.99
-1.423 0.0462 46.13 34.00  91  62 1091000 1429000   260 9.99
-1.408 0.0457 46.09 34.00  91  62 1091000 1429000   260 9.99
-1.393 0.0460 46.05 34.00  91  62 1091000 1429000   260 9.99
-1.379 0.0462 46.00 34.00  91  62 1091000 1429000   260 9.99
-1.364 0.0457 45.95 34.00  91  62 1091000 1429000   260 9.99
-1.349 0.0460 45.89 34.00  91  62 1091000 1429000   260 9.99
-1.334 0.0461 45.83 34.00  91  62 1091000 1429000   260 9.99
-1.320 0.0459 45.77 34.00  91  62 1091000 1429000   260 9.99
-1.305 0.0467 45.72 34.00  91  62 1091000 1429000   260 9.99
-1.290 0.0457 45.67 34.00  91  62 1091000 1429000   260 9.99
-1.275 0.0450 45.62 34.00  91  62 1091000 1429000   260 9.99
-1.260 0.0458 45.57 34.00  91  62 1091000 1429000   260 9.99
-1.246 0.0448 45.53 34.00  91  62 1091000 1429000   260 9.99
-1.231 0.0453 45.48 34.00  91  62 1091000 1429000   260 9.99
-1.216 0.0453 45.44 34.00  91  62 1091000 1429000   260 9.99
-1.201 0.0443 45.39 34.00  91  62 1091000 1429000   260 9.99
-1.186 0.0458 45.35 34.00  91  62 1091000 1429000   260 9.99
-1.172 0.0453 45.30 34.00  91  62 1091000 1429000   260 9.99
-1.157 0.0451 45.26 34.00  91  62 1091000 1429000   260 9.99
-1.142 0.0456 45.22 34.00  91  62 1091000 1429000   260 9.99
-1.127 0.0454 45.18 34.00  91  62 1091000 1429000   260 9.99
-1.112 0.0453 45.14 34.00  91  62 1091000 1429000   260 9.99
-1.098 0.0455 45.11 34.00  91  62 1091000 1429000   260 9.99
-1.083 0.0451 45.07 34.00  91  62 1091000 1429000   260 9.99
-1.068 0.0453 45.05 34.00  91  62 1091000 1429000   260 9.99
-1.053 0.0448 45.02 34.00  91  62 1091000 1429000   260 9.99
-1.038 0.0453 44.99 34.00  91  62 1091000 1429000   260 9.99
-1.024 0.0457 44.96 34.00  91  62 1091000 1429000   260 9.99
-1.009 0.0434 44.92 34.00  91  62 1091000 1429000   260 9.99
-0.994 0.0440 44.88 34.00  91  62 1091000 1429000   260 9.99
-0.979 0.0453 44.83 34.00  91  62 1091000 1429000   260 9.99
-0.964 0.0448 44.77 34.00  91  62 1091000 1429000   260 9.99
-0.950 0.0443 44.71 34.00  91  62 1091000 1429000   260 9.99
-0.935 0.0447 44.64 34.00  91  62 1091000 1429000   260 9.99
-0.920 0.0450 44.57 34.00  91  62 1091000 1429000   260 9.99
-0.905 0.0448 44.50 34.00  91  62 1091000 1429000   260 9.99
-0.891 0.0444 44.42 34.00  91  62 1091000 1429000   260 9.99
-0.876 0.0445 44.35 34.00  91  62 1091000 1429000   260 9.99
-0.861 0.0446 44.28 34.00  91  62 1091000 1429000   260 9.99
-0.846 0.0441 44.21 34.00  91  62 1091000 1429000   260 9.99
-0.831 0.0438 44.14 34.00  91  62 1091000 1429000   260 9.99
-0.817 0.0448 44.08 34.00  91  62 1091000 1429000   260 9.99
-0.802 0.0443 44.02 34.00  91  62 1091000 1429000   260 9.99
-0.787 0.0437 43.97 34.00  91  62 1091000 1429000   260 9.99
-0.772 0.0444 43.93 34.00  91  62 1091000 1429000   260 9.99
-0.757 0.0426 43.89 34.00  91  62 1091000 1429000   260 9.99
-0.743 0.0449 43.86 34.00  91  62 1091000 1429000   260 9.99
-0.728 0.0429 43.83 34.00  91  62 1091000 1429000   260 9.99
-0.713 0.0434 43.81 34.00  91  62 1091000 1429000   260 9.99
-0.698 0.0430 43.78 34.00  91  62 1091000 1429000   260 9.99
-0.683 0.0435 43.76 34.00  91  62 1091000 1429000   260 9.99
-0.669 0.0439 43.74 34.00  91  62 1091000 1429000   260 9.99
-0.654 0.0445 43.72 34.00  91  62 1091000 1429000   260 9.99
-0.639 0.0431 43.71 34.00  91  62 1091000 1429000   260 9.99
-0.624 0.0438 43.70 34.00  91  62 1091000 1429000   260 9.99
-0.609 0.0444 43.69 34.00  91  62 1091000 1429000   260 9.99
-0.595 0.0437 43.69 34.00  91  62 1091000 1429000   260 9.99
-0.580 0.0443 43.69 34.00  91  62 1091000 1429000   260 9.99
-0.565 0.0446 43.70 34.00  91  62 1091000 1429000   260 9.99
-0.550 0.0434 43.72 34.00  91  62 1091000 1429000   260 9.99
-0.536 0.0442 43.74 34.00  91  62 1091000 1429000   260 9.99
-0.522 0.0435 43.75 34.00  91  62 1091000 1429000   260 9.99
-0.509 0.0438 43.77 34.00  91  62 1091000 1429000   260 9.99
-0.497 0.0430 43.79 34.00  91  62 1091000 1429000   260 9.99
-0.485 0.0434 43.80 34.00  91  62 1091000 1429000   260 9.99
-0.473 0.0425 43.80 34.00  91  62 1091000 1429000   260 9.99
-0.462 0.0439 43.80 34.00  91  62 1091000 1429000   260 9.99
-0.451 0.0434 43.80 34.00  91  62 1091000 1429000   260 9.99
-0.441 0.0439 43.79 34.00  91  62 1091000 1429000   260 9.99
-0.431 0.0444 43.77 34.00  91  62 1091000 1429000   260 9.99
-0.422 0.0440 43.75 34.00  91  62 1091000 1429000   260 9.99
-0.413 0.0437 43.73 34.00  91  62 1091000 1429000   260 9.99
-0.404 0.0440 43.71 34.00  91  62 1091000 1429000   260 9.99
-0.396 0.0442 43.67 34.00  91  62 1091000 1429000   260 9.99
-0.388 0.0440 43.63 34.00  91  62 1091000 1429000   260 9.99
-0.380 0.0440 43.57 34.00  91  62 1091000 1429000   260 9.99
-0.373 0.0439 43.51 34.00  91  62 1091000 1429000   260 9.99
-0.366 0.0437 43.44 34.00  91  62 1091000 1429000   260 9.99
-0.359 0.0422 43.37 34.00  91  62 1091000 1429000   260 9.99
-0.353 0.0434 43.31 34.00  91  62 1091000 1429000   260 9.99
-0.347 0.0434 43.25 34.00  91  62 1091000 1429000   260 9.99
-0.341 0.0443 43.18 34.00  91  62 1091000 1429000   260 9.99
-0.335 0.0423 43.12 34.00  91  62 1091000 1429000   260 9.99
-0.329 0.0413 43.05 34.00  91  62 1091000 1429000   260 9.99
-0.324 0.0449 42.98 34.00  91  62 1091000 1429000   260 9.99
-0.319 0.0412 42.92 34.00  91  62 1091000 1429000   260 9.99
-0.314 0.0438 42.86 34.00  91  62 1091000 1429000   260 9.99
-0.310 0.0407 42.81 34.00  91  62 1091000 1429000   260 9.99
-0.305 0.0434 42.77 34.00  91  62 1091000 1429000   260 9.99
-0.301 0.0431 42.72 34.00  91  62 1091000 1429000   260 9.99
-0.297 0.0418 42.68 34.00  91  62 1091000 1429000   260 9.99
-0.293 0.0433 42.64 34.00  91  62 1091000 1429000   260 9.99
-0.289 0.0412 42.61 34.00  91  62 1091000 1429000   260 9.99
-0.285 0.0450 42.58 34.00  91  62 1091000 1429000   260 9.99
-0.282 0.0427 42.55 34.00  91  62 1091000 1429000   260 9.99
-0.278 0.0443 42.54 34.00  91  62 1091000 1429000   260 9.99
-0.275 0.0425 42.53 34.00  91  62 1091000 1429000   260 9.99
-0.272 0.0450 42.52 34.00  91  62 1091000 1429000   260 9.99
-0.269 0.0397 42.50 34.00  91  62 1091000 1429000   260 9.99
-0.266 0.0393 42.49 34.00  91  62 1091000 1429000   260 9.99
-0.263 0.0422 42.47 34.00  91  62 1091000 1429000   260 9.99
-0.260 0.0425 42.44 34.00  91  62 1091000 1429000   260 9.99
-0.257 0.0452 42.41 34.00  91  62 1091000 1429000   260 9.99
-0.254 0.0425 42.37 34.00  91  62 1091000 1429000   260 9.99
-0.251 0.0412 42.31 34.00  91  62 1091000 1429000   260 9.99
-0.249 0.0390 42.26 34.00  91  62 1091000 1429000   260 9.99
-0.246 0.0446 42.21 34.00  91  62 1091000 1429000   260 9.99
-0.243 0.0443 42.16 34.00  91  62 1091000 1429000   260 9.99
-0.240 0.0393 42.12 34.00  91  62 1091000 1429000   260 9.99
-0.237 0.0425 42.09 34.00  91  62 1091000 1429000   260 9.99
-0.234 0.0464 42.08 34.00  91  62 1091000 1429000   260 9.99
-0.231 0.0405 42.08 34.00  91  62 1091000 1429000   260 9.99
-0.228 0.0413 42.09 34.00  91  62 1091000 1429000   260 9.99
-0.225 0.0443 42.11 34.00  91  62 1091000 1429000   260 9.99
-0.222 0.0416 42.14 34.00  91  62 1091000 1429000   260 9.99
-0.219 0.0394 42.17 34.00  91  62 1091000 1429000   260 9.99
-0.216 0.0412 42.21 34.00  91  62 1091000 1429000   260 9.99
-0.213 0.0428 42.25 34.00  91  62 1091000 1429000   260 9.99
-0.210 0.0436 42.29 34.00  91  62 1091000 1429000   260 9.99
-0.207 0.0421 42.33 34.00  91  62 1091000 1429000   260 9.99
-0.204 0.0387 42.38 34.00  91  62 1091000 1429000   260 9.99
-0.201 0.0451 42.44 34.00  91  62 1091000 1429000   260 9.99
-0.198 0.0412 42.51 34.00  91  62 1091000 1429000   260 9.99
-0.195 0.0435 42.59 34.00  91  62 1091000 1429000   260 9.99
-0.192 0.0432 42.69 34.00  91  62 1091000 1429000   260 9.99
-0.189 0.0442 42.80 34.00  91  62 1091000 1429000   260 9.99
-0.186 0.0422 42.91 34.00  91  62 1091000 1429000   260 9.99
-0.183 0.0426 43.03 34.00  91  62 1091000 1429000   260 9.99
-0.180 0.0444 43.14 34.00  91  62 1091000 1429000   260 9.99
-0.178 0.0417 43.24 34.00  91  62 1091000 1429000   260 9.99
-0.175 0.0442 43.34 34.00  91  62 1091000 1429000   260 9.99
-0.172 0.0428 43.42 34.00  91  62 1091000 1429000   260 9.99
-0.169 0.0439 43.48 34.00  91  62 1091000 1429000   260 9.99
-0.166 0.0431 43.51 34.00  91  62 1091000 1429000   260 9.99
-0.163 0.0442 43.54 34.00  91  62 1091000 1429000   260 9.99
-0.160 0.0416 43.54 34.00  91  62 1091000 1429000   260 9.99
-0.157 0.0441 43.53 34.00  91  62 1091000 1429000   260 9.99
-0.154 0.0436 43.50 34.00  91  62 1091000 1429000   260 9.99
-0.151 0.0421 43.46 34.00  91  62 1091000 1429000   260 9.99
-0.148 0.0451 43.40 34.00  91  62 1091000 1429000   260 9.99
-0.145 0.0454 43.32 34.00  91  62 1091000 1429000   260 9.99
-0.142 0.0447 43.22 34.00  91  62 1091000 1429000   260 9.99
-0.139 0.0424 43.11 34.00  91  62 1091000 1429000   260 9.99
-0.136 0.0428 42.98 34.00  91  62 1091000 1429000   260 9.99
-0.133 0.0400 42.83 34.00  91  62 1091000 1429000   260 9.99
-0.130 0.0406 42.67 34.00  91  62 1091000 1429000   260 9.99
-0.127 0.0449 42.48 34.00  91  62 1091000 1429000   260 9.99
-0.124 0.0439 42.28 34.00  91  62 1091000 1429000   260 9.99
-0.121 0.0410 42.08 34.00  91  62 1091000 1429000   260 9.99
-0.118 0.0462 41.86 34.00  91  62 1091000 1429000   260 9.99
-0.115 0.0368 41.64 34.00  91  62 1091000 1429000   260 9.99
-0.112 0.0408 41.41 34.00  91  62 1091000 1429000   260 9.99
-0.109 0.0433 41.18 34.00  91  62 1091000 1429000   260 9.99
-0.107 0.0407 40.94 34.00  91  62 1091000 1429000   260 9.99
-0.104 0.0419 40.71 34.00  91  62 1091000 1429000   260 9.99
-0.101 0.0365 40.47 34.00  91  62 1091000 1429000   260 9.99
-0.098 0.0421 40.24 34.00  91  62 1091000 1429000   260 9.99
-0.095 0.0399 40.01 34.00  91  62 1091000 1429000   260 9.99
-0.092 0.0400 39.79 34.00  91  62 1091000 1429000   260 9.99
-0.089 0.0379 39.55 34.00  91  62 1091000 1429000   260 9.99
-0.086 0.0412 39.31 34.00  91  62 1091000 1429000   260 9.99
-0.083 0.0376 39.06 34.00  91  62 1091000 1429000   260 9.99
-0.080 0.0412 38.81 34.00  91  62 1091000 1429000   260 9.99
-0.077 0.0379 38.54 34.00  91  62 1091000 1429000   260 9.99
-0.074 0.0372 38.28 34.00  91  62 1091000 1429000   260 9.99
-0.071 0.0386 38.02 34.00  91  62 1091000 1429000   260 9.99
-0.068 0.0409 37.77 34.00  91  62 1091000 1429000   260 9.99
-0.065 0.0339 37.53 34.00  91  62 1091000 1429000   260 9.99
-0.062 0.0377 37.30 34.00  91  62 1091000 1429000   260 9.99
-0.059 0.0368 37.06 34.00  91  62 1091000 1429000   260 9.99
-0.056 0.0388 36.82 34.00  91  62 1091000 1429000   260 9.99
-0.053 0.0367 36.58 34.00  91  62 1091000 1429000   260 9.99
-0.050 0.0341 36.34 34.00  91  62 1091000 1429000   260 9.99
-0.047 0.0371 36.10 34.00  91  62 1091000 1429000   260 9.99
-0.044 0.0350 35.87 34.00  91  62 1091000 1429000   260 9.99
-0.041 0.0363 35.64 34.00  91  62 1091000 1429000   260 9.99
-0.038 0.0360 35.42 34.00  91  62 1091000 1429000   260 9.99
-0.036 0.0314 35.20 34.00  91  62 1091000 1429000   260 9.99
-0.033 0.0364 35.00 34.00  91  62 1091000 1429000   260 9.99
-0.030 0.0352 34.81 34.00  91  62 1091000 1429000   260 9.99
-0.027 0.0362 34.63 34.00  91  62 1091000 1429000   260 9.99
-0.024 0.0352 34.45 34.00  91  62 1091000 1429000   260 9.99
-0.021 0.0315 34.27 34.00  91  62 1091000 1429000   260 9.99
-0.018 0.0348 34.09 34.00  91  62 1091000 1429000   260 9.99
-0.015 0.0366 33.90 34.00  91  62 1091000 1429000   260 9.99
-0.012 0.0337 33.70 34.00  91  62 1091000 1429000   260 9.99
-0.009 0.0330 33.48 34.00  91  62 1091000 1429000   260 9.99
-0.006 0.0311 33.26 34.00  91  62 1091000 1429000   260 9.99
-0.003 0.0310 33.02 34.00  91  62 1091000 1429000   260 9.99
0.000 0.0357 32.77 34.00  91  62 1091000 1429000   260 9.99
0.003 0.0326 32.52 34.00  91  62 1091000 1429000   260 9.99
0.006 0.0321 32.27 34.00  91  62 1091000 1429000   260 9.99
0.009 0.0333 32.02 34.00  91  62 1091000 1429000   260 9.99
0.012 0.0327 31.79 34.00  91  62 1091000 1429000   260 9.99
0.015 0.0331 31.57 34.00  91  62 1091000 1429000   260 9.99
0.018 0.0291 31.39 34.00  91  62 1091000 1429000   260 9.99
0.021 0.0300 31.22 34.00  91  62 1091000 1429000   260 9.99
0.024 0.0345 31.07 34.00  91  62 1091000 1429000   260 9.99
0.027 0.0307 30.94 34.00  91  62 1091000 1429000   260 9.99
0.030 0.0264 30.81 34.00  91  62 1091000 1429000   260 9.99
0.033 0.0291 30.70 34.00  91  62 1091000 1429000   260 9.99
0.036 0.0297 30.59 34.00  91  62 1091000 1429000   260 9.99
0.038 0.0340 30.48 34.00  91  62 1091000 1429000   260 9.99
0.041 0.0288 30.38 34.00  91  62 1091000 1429000   260 9.99
0.044 0.0312 30.28 34.00  91  62 1091000 1429000   260 9.99
0.047 0.0265 30.19 34.00  91  62 1091000 1429000   260 9.99
0.050 0.0325 30.10 34.00  91  62 1091000 1429000   260 9.99
0.053 0.0320 30.03 34.00  91  62 1091000 1429000   260 9.99
0.056 0.0289 29.97 34.00  91  62 1091000 1429000   260 9.99
0.059 0.0334 29.94 34.00  91  62 1091000 1429000   260 9.99
0.062 0.0301 29.92 34.00  91  62 1091000 1429000   260 9.99
0.065 0.0309 29.92 34.00  91  62 1091000 1429000   260 9.99
0.068 0.0305 29.93 34.00  91  62 1091000 1429000   260 9.99
0.071 0.0289 29.95 34.00  91  62 1091000 1429000   260 9.99
0.074 0.0279 29.95 34.00  91  62 1091000 1429000   260 9.99
0.077 0.0283 29.95 34.00  91  62 1091000 1429000   260 9.99
0.080 0.0283 29.94 34.00  91  62 1091000 1429000   260 9.99
0.083 0.0313 29.92 34.00  91  62 1091000 1429000   260 9.99
0.086 0.0289 29.90 34.00  91  62 1091000 1429000   260 9.99
0.089 0.0317 29.88 34.00  91  62 1091000 1429000   260 9.99
0.092 0.0300 29.87 34.00  91  62 1091000 1429000   260 9.99
0.095 0.0291 29.87 34.00  91  62 1091000 1429000   260 9.99
0.098 0.0282 29.89 34.00  91  62 1091000 1429000   260 9.99
0.101 0.0318 29.93 34.00  91  62 1091000 1429000   260 9.99
0.104 0.0300 29.98 34.00  91  62 1091000 1429000   260 9.99
0.107 0.0326 30.07 34.00  91  62 1091000 1429000   260 9.99
0.109 0.0318 30.17 34.00  91  62 1091000 1429000   260 9.99
0.112 0.0285 30.30 34.00  91  62 1091000 1429000   260 9.99
0.115 0.0294 30.45 34.00  91  62 1091000 1429000   260 9.99
0.118 0.0338 30.60 34.00  91  62 1091000 1429000   260 9.99
0.121 0.0287 30.75 34.00  91  62 1091000 1429000   260 9.99
0.124 0.0293 30.90 34.00  91  62 1091000 1429000   260 9.99
0.127 0.0284 31.04 34.00  91  62 1091000 1429000   260 9.99
0.130 0.0304 31.18 34.00  91  62 1091000 1429000   260 9.99
0.133 0.0321 31.32 34.00  91  62 1091000 1429000   260 9.99
0.136 0.0331 31.46 34.00  91  62 1091000 1429000   260 9.99
0.139 0.0315 31.61 34.00  91  62 1091000 1429000   260 9.99
0.142 0.0311 31.76 34.00  91  62 1091000 1429000   260 9.99
0.145 0.0321 31.93 34.00  91  62 1091000 1429000   260 9.99
0.148 0.0332 32.11 34.00  91  62 1091000 1429000   260 9.99
0.151 0.0337 32.29 34.00  91  62 1091000 1429000   260 9.99
0.154 0.0326 32.47 34.00  91  62 1091000 1429000   260 9.99
0.157 0.0321 32.67 34.00  91  62 1091000 1429000   260 9.99
0.160 0.0346 32.88 34.00  91  62 1091000 1429000   260 9.99
0.163 0.0316 33.08 34.00  91  62 1091000 1429000   260 9.99
0.166 0.0359 33.28 34.00  91  62 1091000 1429000   260 9.99
0.169 0.0307 33.48 34.00  91  62 1091000 1429000   260 9.99
0.172 0.0334 33.68 34.00  91  62 1091000 1429000   260 9.99
0.175 0.0328 33.87 34.00  91  62 1091000 1429000   260 9.99
0.178 0.0345 34.06 34.00  91  62 1091000 1429000   260 9.99
0.180 0.0350 34.26 34.00  91  62 1091000 1429000   260 9.99
0.183 0.0332 34.45 34.00  91  62 1091000 1429000   260 9.99
0.186 0.0348 34.66 34.00  91  62 1091000 1429000   260 9.99
0.189 0.0329 34.88 34.00  91  62 1091000 1429000   260 9.99
0.192 0.0371 35.10 34.00  91  62 1091000 1429000   260 9.99
0.195 0.0365 35.31 34.00  91  62 1091000 1429000   260 9.99
0.198 0.0355 35.52 34.00  91  62 1091000 1429000   260 9.99
0.201 0.0337 35.72 34.00  91  62 1091000 1429000   260 9.99
0.204 0.0370 35.91 34.00  91  62 1091000 1429000   260 9.99
0.207 0.0359 36.10 34.00  91  62 1091000 1429000   260 9.99
0.210 0.0387 36.28 34.00  91  62 1091000 1429000   260 9.99
0.213 0.0364 36.45 34.00  91  62 1091000 1429000   260 9.99
0.216 0.0358 36.61 34.00  91  62 1091000 1429000   260 9.99
0.219 0.0344 36.76 34.00  91  62 1091000 1429000   260 9.99
0.222 0.0401 36.91 34.00  91  62 1091000 1429000   260 9.99
0.225 0.0389 37.05 34.00  91  62 1091000 1429000   260 9.99
0.228 0.0370 37.19 34.00  91  62 1091000 1429000   260 9.99
0.231 0.0350 37.34 34.00  91  62 1091000 1429000   260 9.99
0.234 0.0376 37.50 34.00  91  62 1091000 1429000   260 9.99
0.237 0.0377 37.67 34.00  91  62 1091000 1429000   260 9.99
0.240 0.0387 37.84 34.00  91  62 1091000 1429000   260 9.99
0.243 0.0364 38.00 34.00  91  62 1091000 1429000   260 9.99
0.246 0.0345 38.17 34.00  91  62 1091000 1429000   260 9.99
0.249 0.0385 38.33 34.00  91  62 1091000 1429000   260 9.99
0.251 0.0390 38.49 34.00  91  62 1091000 1429000   260 9.99
0.254 0.0409 38.64 34.00  91  62 1091000 1429000   260 9.99
0.257 0.0391 38.79 34.00  91  62 1091000 1429000   260 9.99
0.260 0.0398 38.93 34.00  91  62 1091000 1429000   260 9.99
0.263 0.0375 39.07 34.00  91  62 1091000 1429000   260 9.99
0.266 0.0391 39.21 34.00  91  62 1091000 1429000   260 9.99
0.269 0.0403 39.36 34.00  91  62 1091000 1429000   260 9.99
0.272 0.0401 39.52 34.00  91  62 1091000 1429000   260 9.99
0.275 0.0418 39.68 34.00  91  62 1091000 1429000   260 9.99
0.278 0.0388 39.85 34.00  91  62 1091000 1429000   260 9.99
0.281 0.0392 40.02 34.00  91  62 1091000 1429000   260 9.99
0.284 0.0436 40.17 34.00  91  62 1091000 1429000   260 9.99
0.287 0.0386 40.31 34.00  91  62 1091000 1429000   260 9.99
0.290 0.0389 40.43 34.00  91  62 1091000 1429000   260 9.99
0.293 0.0360 40.52 34.00  91  62 1091000 1429000   260 9.99
0.296 0.0419 40.59 34.00  91  62 1091000 1429000   260 9.99
0.299 0.0424 40.65 34.00  91  62 1091000 1429000   260 9.99
0.302 0.0388 40.69 34.00  91  62 1091000 1429000   260 9.99
0.305 0.0414 40.71 34.00  91  62 1091000 1429000   260 9.99
0.308 0.0403 40.74 34.00  91  62 1091000 1429000   260 9.99
0.311 0.0417 40.76 34.00  91  62 1091000 1429000   260 9.99
0.314 0.0412 40.78 34.00  91  62 1091000 1429000   260 9.99
0.317 0.0420 40.80 34.00  91  62 1091000 1429000   260 9.99
0.320 0.0435 40.81 34.00  91  62 1091000 1429000   260 9.99
0.322 0.0406 40.82 34.00  91  62 1091000 1429000   260 9.99
0.325 0.0446 40.82 34.00  91  62 1091000 1429000   260 9.99
0.328 0.0381 40.81 34.00  91  62 1091000 1429000   260 9.99
0.331 0.0371 40.79 34.00  91  62 1091000 1429000   260 9.99
0.334 0.0411 40.76 34.00  91  62 1091000 1429000   260 9.99
0.337 0.0408 40.71 34.00  91  62 1091000 1429000   260 9.99
0.340 0.0390 40.65 34.00  91  62 1091000 1429000   260 9.99
0.343 0.0407 40.59 34.00  91  62 1091000 1429000   260 9.99
0.346 0.0408 40.53 34.00  91  62 1091000 1429000   260 9.99
0.349 0.0410 40.47 34.00  91  62 1091000 1429000   260 9.99
0.352 0.0405 40.41 34.00  91  62 1091000 1429000   260 9.99
0.355 0.0399 40.37 34.00  91  62 1091000 1429000   260 9.99
0.358 0.0410 40.34 34.00  91  62 1091000 1429000   260 9.99
0.361 0.0424 40.34 34.00  91  62 1091000 1429000   260 9.99
0.364 0.0389 40.35 34.00  91  62 1091000 1429000   260 9.99
0.367 0.0406 40.38 34.00  91  62 1091000 1429000   260 9.99
0.370 0.0397 40.43 34.00  91  62 1091000 1429000   260 9.99
0.373 0.0426 40.50 34.00  91  62 1091000 1429000   260 9.99
0.376 0.0385 40.58 34.00  91  62 1091000 1429000   260 9.99
0.379 0.0409 40.67 34.00  91  62 1091000 1429000   260 9.99
0.382 0.0404 40.77 34.00  91  62 1091000 1429000   260 9.99
0.385 0.0395 40.88 34.00  91  62 1091000 1429000   260 9.99
0.388 0.0453 41.00 34.00  91  62 1091000 1429000   260 9.99
0.391 0.0375 41.14 34.00  91  62 1091000 1429000   260 9.99
0.393 0.0431 41.30 34.00  91  62 1091000 1429000   260 9.99
0.396 0.0414 41.48 34.00  91  62 1091000 1429000   260 9.99
0.399 0.0417 41.68 34.00  91  62 1091000 1429000   260 9.99
0.402 0.0374 41.90 34.00  91  62 1091000 1429000   260 9.99
0.405 0.0435 42.14 34.00  91  62 1091000 1429000   260 9.99
0.408 0.0421 42.38 34.00  91  62 1091000 1429000   260 9.99
0.411 0.0453 42.63 34.00  91  62 1091000 1429000   260 9.99
0.414 0.0418 42.88 34.00  91  62 1091000 1429000   260 9.99
0.417 0.0430 43.12 34.00  91  62 1091000 1429000   260 9.99
0.420 0.0442 43.36 34.00  91  62 1091000 1429000   260 9.99
0.423 0.0428 43.59 34.00  91  62 1091000 1429000   260 9.99
0.426 0.0452 43.81 34.00  91  62 1091000 1429000   260 9.99
0.429 0.0433 44.02 34.00  91  62 1091000 1429000   260 9.99
0.432 0.0444 44.23 34.00  91  62 1091000 1429000   260 9.99
0.435 0.0450 44.44 34.00  91  62 1091000 1429000   260 9.99
0.438 0.0451 44.64 34.00  91  62 1091000 1429000   260 9.99
0.441 0.0463 44.83 34.00  91  62 1091000 1429000   260 9.99
0.444 0.0443 45.02 34.00  91  62 1091000 1429000   260 9.99
0.447 0.0440 45.21 34.00  91  62 1091000 1429000   260 9.99
0.450 0.0474 45.39 34.00  91  62 1091000 1429000   260 9.99
0.453 0.0449 45.56 34.00  91  62 1091000 1429000   260 9.99
0.456 0.0435 45.73 34.00  91  62 1091000 1429000   260 9.99
0.459 0.0472 45.89 34.00  91  62 1091000 1429000   260 9.99
0.462 0.0446 46.06 34.00  91  62 1091000 1429000   260 9.99
0.464 0.0463 46.24 34.00  91  62 1091000 1429000   260 9.99
0.467 0.0467 46.44 34.00  91  62 1091000 1429000   260 9.99
0.470 0.0463 46.65 34.00  91  62 1091000 1429000   260 9.99
0.473 0.0468 46.88 34.00  91  62 1091000 1429000   260 9.99
0.476 0.0481 47.12 34.00  91  62 1091000 1429000   260 9.99
0.479 0.0486 47.38 34.00  91  62 1091000 1429000   260 9.99
0.482 0.0477 47.67 34.00  91  62 1091000 1429000   260 9.99
0.485 0.0476 47.98 34.00  91  62 1091000 1429000   260 9.99
0.488 0.0475 48.31 34.00  91  62 1091000 1429000   260 9.99
0.491 0.0486 48.66 34.00  91  62 1091000 1429000   260 9.99
0.494 0.0497 49.03 34.00  91  62 1091000 1429000   260 9.99
0.497 0.0491 49.41 34.00  91  62 1091000 1429000   260 9.99
0.500 0.0492 49.80 34.00  91  62 1091000 1429000   260 9.99
0.503 0.0494 50.21 34.00  91  62 1091000 1429000   260 9.99
0.506 0.0489 50.62 34.00  91  62 1091000 1429000   260 9.99
0.509 0.0521 51.04 34.00  91  62 1091000 1429000   260 9.99
0.512 0.0507 51.47 34.00  91  62 1091000 1429000   260 9.99
0.515 0.0534 51.91 34.00  91  62 1091000 1429000   260 9.99
0.518 0.0539 52.35 34.00  91  62 1091000 1429000   260 9.99
0.521 0.0523 52.79 34.00  91  62 1091000 1429000   260 9.99
0.524 0.0527 53.25 34.00  91  62 1091000 1429000   260 9.99
0.527 0.0532 53.72 34.00  91  62 1091000 1429000   260 9.99
0.530 0.0549 54.18 34.00  91  62 1091000 1429000   260 9.99
0.533 0.0548 54.66 34.00  91  62 1091000 1429000   260 9.99
0.536 0.0554 55.13 34.00  91  62 1091000 1429000   260 9.99
0.538 0.0551 55.61 34.00  91  62 1091000 1429000   260 9.99
0.541 0.0575 56.08 34.00  91  62 1091000 1429000   260 9.99
0.544 0.0569 56.54 34.00  91  62 1091000 1429000   260 9.99
0.547 0.0538 57.00 34.00  91  62 1091000 1429000   260 9.99
0.550 0.0574 57.45 34.00  91  62 1091000 1429000   260 9.99
0.553 0.0601 57.90 34.00  91  62 1091000 1429000   260 9.99
0.556 0.0571 58.34 34.00  91  62 1091000 1429000   260 9.99
0.559 0.0614 58.77 34.00  91  62 1091000 1429000   260 9.99
0.562 0.0556 59.20 34.00  91  62 1091000 1429000   260 9.99
0.565 0.0577 59.62 34.00  91  62 1091000 1429000   260 9.99
0.568 0.0632 60.03 34.00  91  62 1091000 1429000   260 9.99
0.571 0.0587 60.42 34.00  91  62 1091000 1429000   260 9.99
0.574 0.0616 60.80 34.00  91  62 1091000 1429000   260 9.99
0.577 0.0620 61.15 34.00  91  62 1091000 1429000   260 9.99
0.580 0.0633 61.48 34.00  91  62 1091000 1429000   260 9.99
0.583 0.0602 61.77 34.00  91  62 1091000 1429000   260 9.99
0.586 0.0601 62.04 34.00  91  62 1091000 1429000   260 9.99
0.589 0.0654 62.27 34.00  91  62 1091000 1429000   260 9.99
0.592 0.0625 62.47 34.00  91  62 1091000 1429000   260 9.99
0.595 0.0615 62.63 34.00  91  62 1091000 1429000   260 9.99
0.598 0.0631 62.75 34.00  91  62 1091000 1429000   260 9.99
0.601 0.0627 62.82 34.00  91  62 1091000 1429000   260 9.99
0.604 0.0641 62.86 34.00  91  62 1091000 1429000   260 9.99
0.607 0.0618 62.86 34.00  91  62 1091000 1429000   260 9.99
0.609 0.0660 62.83 34.00  91  62 1091000 1429000   260 9.99
0.612 0.0607 62.77 34.00  91  62 1091000 1429000   260 9.99
0.615 0.0638 62.69 34.00  91  62 1091000 1429000   260 9.99
0.618 0.0617 62.59 34.00  91  62 1091000 1429000   260 9.99
0.621 0.0598 62.48 34.00  91  62 1091000 1429000   260 9.99
0.624 0.0660 62.36 34.00  91  62 1091000 1429000   260 9.99
0.627 0.0622 62.23 34.00  91  62 1091000 1429000   260 9.99
0.630 0.0608 62.09 34.00  91  62 1091000 1429000   260 9.99
0.633 0.0623 61.95 34.00  91  62 1091000 1429000   260 9.99
0.636 0.0622 61.81 34.00  91  62 1091000 1429000   260 9.99
0.639 0.0595 61.67 34.00  91  62 1091000 1429000   260 9.99
0.642 0.0634 61.53 34.00  91  62 1091000 1429000   260 9.99
0.645 0.0591 61.40 34.00  91  62 1091000 1429000   260 9.99
0.648 0.0608 61.29 34.00  91  62 1091000 1429000   260 9.99
0.651 0.0621 61.18 34.00  91  62 1091000 1429000   260 9.99
0.654 0.0615 61.10 34.00  91  62 1091000 1429000   260 9.99
0.657 0.0625 61.02 34.00  91  62 1091000 1429000   260 9.99
0.660 0.0598 60.96 34.00  91  62 1091000 1429000   260 9.99
0.663 0.0606 60.92 34.00  91  62 1091000 1429000   260 9.99
0.666 0.0616 60.90 34.00  91  62 1091000 1429000   260 9.99
0.669 0.0599 60.89 34.00  91  62 1091000 1429000   260 9.99
0.672 0.0637 60.89 34.00  91  62 1091000 1429000   260 9.99
0.675 0.0594 60.91 34.00  91  62 1091000 1429000   260 9.99
0.678 0.0593 60.93 34.00  91  62 1091000 1429000   260 9.99
0.680 0.0610 60.96 34.00  91  62 1091000 1429000   260 9.99
0.683 0.0597 61.00 34.00  91  62 1091000 1429000   260 9.99
0.686 0.0620 61.03 34.00  91  62 1091000 1429000   260 9.99
0.689 0.0620 61.07 34.00  91  62 1091000 1429000   260 9.99
0.692 0.0622 61.12 34.00  91  62 1091000 1429000   260 9.99
0.695 0.0605 61.17 34.00  91  62 1091000 1429000   260 9.99
0.698 0.0604 61.24 34.00  91  62 1091000 1429000   260 9.99
0.701 0.0621 61.32 34.00  91  62 1091000 1429000   260 9.99
0.704 0.0602 61.42 34.00  91  62 1091000 1429000   260 9.99
0.707 0.0631 61.53 34.00  91  62 1091000 1429000   260 9.99
0.710 0.0612 61.65 34.00  91  62 1091000 1429000   260 9.99
0.713 0.0608 61.78 34.00  91  62 1091000 1429000   260 9.99
0.716 0.0631 61.92 34.00  91  62 1091000 1429000   260 9.99
0.719 0.0649 62.05 34.00  91  62 1091000 1429000   260 9.99
0.722 0.0596 62.19 34.00  91  62 1091000 1429000   260 9.99
0.725 0.0590 62.32 34.00  91  62 1091000 1429000   260 9.99
0.728 0.0655 62.45 34.00  91  62 1091000 1429000   260 9.99
0.731 0.0609 62.58 34.00  91  62 1091000 1429000   260 9.99
0.734 0.0620 62.72 34.00  91  62 1091000 1429000   260 9.99
0.737 0.0634 62.85 34.00  91  62 1091000 1429000   260 9.99
0.740 0.0636 63.00 34.00  91  62 1091000 1429000   260 9.99
0.743 0.0635 63.14 34.00  91  62 1091000 1429000   260 9.99
0.746 0.0642 63.29 34.00  91  62 1091000 1429000   260 9.99
0.749 0.0657 63.44 34.00  91  62 1091000 1429000   260 9.99
0.751 0.0615 63.59 34.00  91  62 1091000 1429000   260 9.99
0.754 0.0648 63.75 34.00  91  62 1091000 1429000   260 9.99
0.757 0.0614 63.91 34.00  91  62 1091000 1429000   260 9.99
0.760 0.0665 64.08 34.00  91  62 1091000 1429000   260 9.99
0.763 0.0638 64.27 34.00  91  62 1091000 1429000   260 9.99
0.766 0.0639 64.46 34.00  91  62 1091000 1429000   260 9.99
0.769 0.0627 64.66 34.00  91  62 1091000 1429000   260 9.99
0.772 0.0644 64.88 34.00  91  62 1091000 1429000   260 9.99
0.775 0.0668 65.10 34.00  91  62 1091000 1429000   260 9.99
0.778 0.0658 65.33 34.00  91  62 1091000 1429000   260 9.99
0.781 0.0649 65.56 34.00  91  62 1091000 1429000   260 9.99
0.784 0.0650 65.80 34.00  91  62 1091000 1429000   260 9.99
0.787 0.0676 66.05 34.00  91  62 1091000 1429000   260 9.99
0.790 0.0643 66.32 34.00  91  62 1091000 1429000   260 9.99
0.793 0.0661 66.58 34.00  91  62 1091000 1429000   260 9.99
0.796 0.0672 66.85 34.00  91  62 1091000 1429000   260 9.99
0.799 0.0677 67.12 34.00  91  62 1091000 1429000   260 9.99
0.802 0.0644 67.38 34.00  91  62 1091000 1429000   260 9.99
0.805 0.0707 67.64 34.00  91  62 1091000 1429000   260 9.99
0.808 0.0691 67.89 34.00  91  62 1091000 1429000   260 9.99
0.811 0.0706 68.13 34.00  91  62 1091000 1429000   260 9.99
0.814 0.0664 68.35 34.00  91  62 1091000 1429000   260 9.99
0.817 0.0674 68.56 34.00  91  62 1091000 1429000   260 9.99
0.820 0.0681 68.76 34.00  91  62 1091000 1429000   260 9.99
0.822 0.0712 68.94 34.00  91  62 1091000 1429000   260 9.99
0.825 0.0712 69.12 34.00  91  62 1091000 1429000   260 9.99
0.828 0.0648 69.28 34.00  91  62 1091000 1429000   260 9.99
0.831 0.0719 69.43 34.00  91  62 1091000 1429000   260 9.99
0.834 0.0647 69.57 34.00  91  62 1091000 1429000   260 9.99
0.837 0.0759 69.70 34.00  91  62 1091000 1429000   260 9.99
0.840 0.0665 69.82 34.00  91  62 1091000 1429000   260 9.99
0.843 0.0724 69.93 34.00  91  62 1091000 1429000   260 9.99
0.846 0.0679 70.04 34.00  91  62 1091000 1429000   260 9.99
0.849 0.0694 70.15 34.00  91  62 1091000 1429000   260 9.99
0.852 0.0712 70.26 34.00  91  62 1091000 1429000   260 9.99
0.855 0.0704 70.38 34.00  91  62 1091000 1429000   260 9.99
0.858 0.0722 70.50 34.00  91  62 1091000 1429000   260 9.99
0.861 0.0699 70.62 34.00  91  62 1091000 1429000   260 9.99
0.864 0.0692 70.75 34.00  91  62 1091000 1429000   260 9.99
0.867 0.0701 70.86 34.00  91  62 1091000 1429000   260 9.99
0.870 0.0720 70.97 34.00  91  62 1091000 1429000   260 9.99
0.873 0.0702 71.06 34.00  91  62 1091000 1429000   260 9.99
0.876 0.0736 71.14 34.00  91  62 1091000 1429000   260 9.99
0.879 0.0719 71.22 34.00  91  62 1091000 1429000   260 9.99
0.882 0.0686 71.28 34.00  91  62 1091000 1429000   260 9.99
0.885 0.0700 71.34 34.00  91  62 1091000 1429000   260 9.99
0.888 0.0742 71.40 34.00  91  62 1091000 1429000   260 9.99
0.891 0.0708 71.46 34.00  91  62 1091000 1429000   260 9.99
0.893 0.0719 71.52 34.00  91  62 1091000 1429000   260 9.99
0.896 0.0711 71.58 34.00  91  62 1091000 1429000   260 9.99
0.899 0.0754 71.64 34.00  91  62 1091000 1429000   260 9.99
0.902 0.0684 71.71 34.00  91  62 1091000 1429000   260 9.99
0.905 0.0728 71.77 34.00  91  62 1091000 1429000   260 9.99
0.908 0.0717 71.83 34.00  91  62 1091000 1429000   260 9.99
0.911 0.0686 71.89 34.00  91  62 1091000 1429000   260 9.99
0.914 0.0730 71.95 34.00  91  62 1091000 1429000   260 9.99
0.917 0.0768 72.01 34.00  91  62 1091000 1429000   260 9.99
0.920 0.0661 72.06 34.00  91  62 1091000 1429000   260 9.99
0.923 0.0721 72.12 34.00  91  62 1091000 1429000   260 9.99
0.926 0.0748 72.18 34.00  91  62 1091000 1429000   260 9.99
0.929 0.0696 72.25 34.00  91  62 1091000 1429000   260 9.99
0.932 0.0724 72.32 34.00  91  62 1091000 1429000   260 9.99
0.935 0.0764 72.39 34.00  91  62 1091000 1429000   260 9.99
0.938 0.0707 72.45 34.00  91  62 1091000 1429000   260 9.99
0.941 0.0718 72.50 34.00  91  62 1091000 1429000   260 9.99
0.944 0.0757 72.55 34.00  91  62 1091000 1429000   260 9.99
0.947 0.0703 72.58 34.00  91  62 1091000 1429000   260 9.99
0.950 0.0730 72.61 34.00  91  62 1091000 1429000   260 9.99
0.953 0.0713 72.63 34.00  91  62 1091000 1429000   260 9.99
0.956 0.0725 72.63 34.00  91  62 1091000 1429000   260 9.99
0.959 0.0749 72.62 34.00  91  62 1091000 1429000   260 9.99
0.962 0.0725 72.60 34.00  91  62 1091000 1429000   260 9.99
0.964 0.0680 72.57 34.00  91  62 1091000 1429000   260 9.99
0.967 0.0769 72.52 34.00  91  62 1091000 1429000   260 9.99
0.970 0.0722 72.46 34.00  91  62 1091000 1429000   260 9.99
0.973 0.0731 72.40 34.00  91  62 1091000 1429000   260 9.99
0.976 0.0740 72.35 34.00  91  62 1091000 1429000   260 9.99
0.979 0.0703 72.30 34.00  91  62 1091000 1429000   260 9.99
0.982 0.0727 72.27 34.00  91  62 1091000 1429000   260 9.99
0.985 0.0699 72.25 34.00  91  62 1091000 1429000   260 9.99
0.988 0.0723 72.25 34.00  91  62 1091000 1429000   260 9.99
0.991 0.0733 72.24 34.00  91  62 1091000 1429000   260 9.99
0.994 0.0723 72.23 34.00  91  62 1091000 1429000   260 9.99
0.997 0.0706 72.21 34.00  91  62 1091000 1429000   260 9.99
1.000 0.0717 72.18 34.00  91  62 1091000 1429000   260 9.99
1.003 0.0749 72.15 34.00  91  62 1091000 1429000   260 9.99
1.006 0.0713 72.12 34.00  91  62 1091000 1429000   260 9.99
1.009 0.0725 72.09 34.00  91  62 1091000 1429000   260 9.99
1.012 0.0705 72.07 34.00  91  62 1091000 1429000   260 9.99
1.015 0.0710 72.05 34.00  91  62 1091000 1429000   260 9.99
1.018 0.0754 72.05 34.00  91  62 1091000 1429000   260 9.99
1.021 0.0686 72.06 34.00  91  62 1091000 1429000   260 9.99
1.024 0.0724 72.07 34.00  91  62 1091000 1429000   260 9.99
1.027 0.0776 72.10 34.00  91  62 1091000 1429000   260 9.99
1.030 0.0735 72.14 34.00  91  62 1091000 1429000   260 9.99
1.033 0.0687 72.19 34.00  91  62 1091000 1429000   260 9.99
1.036 0.0745 72.25 34.00  91  62 1091000 1429000   260 9.99
1.038 0.0709 72.32 34.00  91  62 1091000 1429000   260 9.99
1.041 0.0683 72.40 34.00  91  62 1091000 1429000   260 9.99
1.044 0.0717 72.47 34.00  91  62 1091000 1429000   260 9.99
1.047 0.0729 72.56 34.00  91  62 1091000 1429000   260 9.99
1.050 0.0709 72.65 34.00  91  62 1091000 1429000   260 9.99
1.053 0.0736 72.74 34.00  91  62 1091000 1429000   260 9.99
1.056 0.0791 72.85 34.00  91  62 1091000 1429000   260 9.99
1.059 0.0707 72.96 34.00  91  62 1091000 1429000   260 9.99
1.062 0.0687 73.08 34.00  91  62 1091000 1429000   260 9.99
1.065 0.0774 73.22 34.00  91  62 1091000 1429000   260 9.99
1.068 0.0720 73.37 34.00  91  62 1091000 1429000   260 9.99
1.071 0.0772 73.53 34.00  91  62 1091000 1429000   260 9.99
1.074 0.0696 73.70 34.00  91  62 1091000 1429000   260 9.99
1.077 0.0753 73.87 34.00  91  62 1091000 1429000   260 9.99
1.080 0.0733 74.04 34.00  91  62 1091000 1429000   260 9.99
1.083 0.0768 74.20 34.00  91  62 1091000 1429000   260 9.99
1.086 0.0755 74.35 34.00  91  62 1091000 1429000   260 9.99
1.089 0.0730 74.49 34.00  91  62 1091000 1429000   260 9.99
1.092 0.0724 74.63 34.00  91  62 1091000 1429000   260 9.99
1.095 0.0734 74.77 34.00  91  62 1091000 1429000   260 9.99
1.098 0.0764 74.92 34.00  91  62 1091000 1429000   260 9.99
1.101 0.0725 75.09 34.00  91  62 1091000 1429000   260 9.99
1.104 0.0786 75.29 34.00  91  62 1091000 1429000   260 9.99
1.107 0.0777 75.51 34.00  91  62 1091000 1429000   260 9.99
1.109 0.0722 75.75 34.00  91  62 1091000 1429000   260 9.99
1.112 0.0767 76.01 34.00  91  62 1091000 1429000   260 9.99
1.115 0.0790 76.28 34.00  91  62 1091000 1429000   260 9.99
1.118 0.0733 76.56 34.00  91  62 1091000 1429000   260 9.99
1.121 0.0780 76.86 34.00  91  62 1091000 1429000   260 9.99
1.124 0.0784 77.17 34.00  91  62 1091000 1429000   260 9.99
1.127 0.0749 77.50 34.00  91  62 1091000 1429000   260 9.99
1.130 0.0741 77.84 34.00  91  62 1091000 1429000   260 9.99
1.133 0.0765 78.17 34.00  91  62 1091000 1429000   260 9.99
1.136 0.0818 78.50 34.00  91  62 1091000 1429000   260 9.99
1.139 0.0826 78.82 34.00  91  62 1091000 1429000   260 9.99
1.142 0.0762 79.11 34.00  91  62 1091000 1429000   260 9.99
1.145 0.0821 79.38 34.00  91  62 1091000 1429000   260 9.99
1.148 0.0809 79.61 34.00  91  62 1091000 1429000   260 9.99
1.151 0.0794 79.81 34.00  91  62 1091000 1429000   260 9.99
1.154 0.0763 79.98 34.00  91  62 1091000 1429000   260 9.99
1.157 0.0792 80.13 34.00  91  62 1091000 1429000   260 9.99
1.160 0.0818 80.25 34.00  91  62 1091000 1429000   260 9.99
1.163 0.0820 80.33 34.00  91  62 1091000 1429000   260 9.99
1.166 0.0808 80.34 34.00  91  62 1091000 1429000   260 9.99
1.169 0.0783 80.29 34.00  91  62 1091000 1429000   260 9.99
1.172 0.0826 80.18 34.00  91  62 1091000 1429000   260 9.99
1.175 0.0858 80.01 34.00  91  62 1091000 1429000   260 9.99
1.178 0.0745 79.80 34.00  91  62 1091000 1429000   260 9.99
1.180 0.0824 79.54 34.00  91  62 1091000 1429000   260 9.99
1.183 0.0762 79.26 34.00  91  62 1091000 1429000   260 9.99
1.186 0.0811 78.96 34.00  91  62 1091000 1429000   260 9.99
1.189 0.0752 78.65 34.00  91  62 1091000 1429000   260 9.99
1.192 0.0805 78.33 34.00  91  62 1091000 1429000   260 9.99
1.195 0.0758 78.03 34.00  91  62 1091000 1429000   260 9.99
1.198 0.0807 77.74 34.00  91  62 1091000 1429000   260 9.99
1.201 0.0763 77.46 34.00  91  62 1091000 1429000   260 9.99
1.204 0.0797 77.18 34.00  91  62 1091000 1429000   260 9.99
1.207 0.0775 76.91 34.00  91  62 1091000 1429000   260 9.99
1.210 0.0739 76.67 34.00  91  62 1091000 1429000   260 9.99
1.213 0.0774 76.46 34.00  91  62 1091000 1429000   260 9.99
1.216 0.0741 76.28 34.00  91  62 1091000 1429000   260 9.99
1.219 0.0689 76.14 34.00  91  62 1091000 1429000   260 9.99
1.222 0.0752 76.04 34.00  91  62 1091000 1429000   260 9.99
1.225 0.0813 75.95 34.00  91  62 1091000 1429000   260 9.99
1.228 0.0784 75.89 34.00  91  62 1091000 1429000   260 9.99
1.231 0.0764 75.84 34.00  91  62 1091000 1429000   260 9.99
1.234 0.0726 75.80 34.00  91  62 1091000 1429000   260 9.99
1.237 0.0786 75.76 34.00  91  62 1091000 1429000   260 9.99
1.240 0.0746 75.72 34.00  91  62 1091000 1429000   260 9.99
1.243 0.0748 75.69 34.00  91  62 1091000 1429000   260 9.99
1.246 0.0765 75.65 34.00  91  62 1091000 1429000   260 9.99
1.249 0.0756 75.61 34.00  91  62 1091000 1429000   260 9.99
1.251 0.0780 75.55 34.00  91  62 1091000 1429000   260 9.99
1.254 0.0739 75.48 34.00  91  62 1091000 1429000   260 9.99
1.257 0.0735 75.39 34.00  91  62 1091000 1429000   260 9.99
1.260 0.0749 75.27 34.00  91  62 1091000 1429000   260 9.99
1.263 0.0793 75.11 34.00  91  62 1091000 1429000   260 9.99
1.266 0.0739 74.93 34.00  91  62 1091000 1429000   260 9.99
1.269 0.0773 74.71 34.00  91  62 1091000 1429000   260 9.99
1.272 0.0706 74.48 34.00  91  62 1091000 1429000   260 9.99
1.275 0.0754 74.24 34.00  91  62 1091000 1429000   260 9.99
1.278 0.0744 74.00 34.00  91  62 1091000 1429000   260 9.99
1.281 0.0743 73.78 34.00  91  62 1091000 1429000   260 9.99
1.284 0.0702 73.59 34.00  91  62 1091000 1429000   260 9.99
1.287 0.0761 73.42 34.00  91  62 1091000 1429000   260 9.99
1.290 0.0741 73.27 34.00  91  62 1091000 1429000   260 9.99
1.293 0.0750 73.14 34.00  91  62 1091000 1429000   260 9.99
1.296 0.0718 73.04 34.00  91  62 1091000 1429000   260 9.99
1.299 0.0697 72.96 34.00  91  62 1091000 1429000   260 9.99
1.302 0.0733 72.91 34.00  91  62 1091000 1429000   260 9.99
1.305 0.0724 72.89 34.00  91  62 1091000 1429000   260 9.99
1.308 0.0725 72.89 34.00  91  62 1091000 1429000   260 9.99
1.311 0.0752 72.92 34.00  91  62 1091000 1429000   260 9.99
1.314 0.0687 72.97 34.00  91  62 1091000 1429000   260 9.99
1.317 0.0716 73.04 34.00  91  62 1091000 1429000   260 9.99
1.320 0.0762 73.13 34.00  91  62 1091000 1429000   260 9.99
1.322 0.0699 73.25 34.00  91  62 1091000 1429000   260 9.99
1.325 0.0767 73.38 34.00  91  62 1091000 1429000   260 9.99
1.328 0.0734 73.52 34.00  91  62 1091000 1429000   260 9.99
1.331 0.0755 73.66 34.00  91  62 1091000 1429000   260 9.99
1.334 0.0727 73.80 34.00  91  62 1091000 1429000   260 9.99
1.337 0.0761 73.93 34.00  91  62 1091000 1429000   260 9.99
1.340 0.0752 74.04 34.00  91  62 1091000 1429000   260 9.99
1.343 0.0733 74.13 34.00  91  62 1091000 1429000   260 9.99
1.346 0.0705 74.18 34.00  91  62 1091000 1429000   260 9.99
1.349 0.0753 74.20 34.00  91  62 1091000 1429000   260 9.99
1.352 0.0754 74.18 34.00  91  62 1091000 1429000   260 9.99
1.355 0.0713 74.11 34.00  91  62 1091000 1429000   260 9.99
1.358 0.0755 74.01 34.00  91  62 1091000 1429000   260 9.99
1.361 0.0750 73.86 34.00  91  62 1091000 1429000   260 9.99
1.364 0.0757 73.70 34.00  91  62 1091000 1429000   260 9.99
1.367 0.0743 73.52 34.00  91  62 1091000 1429000   260 9.99
1.370 0.0719 73.33 34.00  91  62 1091000 1429000   260 9.99
1.373 0.0759 73.15 34.00  91  62 1091000 1429000   260 9.99
1.376 0.0708 72.99 34.00  91  62 1091000 1429000   260 9.99
1.379 0.0752 72.86 34.00  91  62 1091000 1429000   260 9.99
1.382 0.0729 72.77 34.00  91  62 1091000 1429000   260 9.99
1.385 0.0704 72.70 34.00  91  62 1091000 1429000   260 9.99
1.388 0.0703 72.65 34.00  91  62 1091000 1429000   260 9.99
1.391 0.0728 72.62 34.00  91  62 1091000 1429000   260 9.99
1.393 0.0721 72.61 34.00  91  62 1091000 1429000   260 9.99
1.396 0.0722 72.62 34.00  91  62 1091000 1429000   260 9.99
1.399 0.0727 72.63 34.00  91  62 1091000 1429000   260 9.99
1.402 0.0698 72.66 34.00  91  62 1091000 1429000   260 9.99
1.405 0.0733 72.69 34.00  91  62 1091000 1429000   260 9.99
1.408 0.0715 72.73 34.00  91  62 1091000 1429000   260 9.99
1.411 0.0722 72.78 34.00  91  62 1091000 1429000   260 9.99
1.414 0.0749 72.84 34.00  91  62 1091000 1429000   260 9.99
1.417 0.0736 72.91 34.00  91  62 1091000 1429000   260 9.99
1.420 0.0732 72.99 34.00  91  62 1091000 1429000   260 9.99
1.423 0.0756 73.07 34.00  91  62 1091000 1429000   260 9.99
1.426 0.0775 73.14 34.00  91  62 1091000 1429000   260 9.99
1.429 0.0721 73.20 34.00  91  62 1091000 1429000   260 9.99
1.432 0.0732 73.25 34.00  91  62 1091000 1429000   260 9.99
1.435 0.0738 73.28 34.00  91  62 1091000 1429000   260 9.99
1.438 0.0699 73.30 34.00  91  62 1091000 1429000   260 9.99
1.441 0.0714 73.30 34.00  91  62 1091000 1429000   260 9.99
1.444 0.0746 73.29 34.00  91  62 1091000 1429000   260 9.99
1.447 0.0743 73.27 34.00  91  62 1091000 1429000   260 9.99
1.450 0.0743 73.25 34.00  91  62 1091000 1429000   260 9.99
1.453 0.0695 73.22 34.00  91  62 1091000 1429000   260 9.99
1.456 0.0722 73.21 34.00  91  62 1091000 1429000   260 9.99
1.459 0.0716 73.20 34.00  91  62 1091000 1429000   260 9.99
1.462 0.0752 73.20 34.00  91  62 1091000 1429000   260 9.99
1.464 0.0745 73.21 34.00  91  62 1091000 1429000   260 9.99
1.467 0.0736 73.24 34.00  91  62 1091000 1429000   260 9.99
1.470 0.0756 73.28 34.00  91  62 1091000 1429000   260 9.99
1.473 0.0731 73.32 34.00  91  62 1091000 1429000   260 9.99
1.476 0.0701 73.37 34.00  91  62 1091000 1429000   260 9.99
1.479 0.0720 73.41 34.00  91  62 1091000 1429000   260 9.99
1.482 0.0747 73.44 34.00  91  62 1091000 1429000   260 9.99
1.485 0.0757 73.46 34.00  91  62 1091000 1429000   260 9.99
1.488 0.0752 73.46 34.00  91  62 1091000 1429000   260 9.99
1.491 0.0719 73.44 34.00  91  62 1091000 1429000   260 9.99
1.494 0.0726 73.42 34.00  91  62 1091000 1429000   260 9.99
1.497 0.0752 73.39 34.00  91  62 1091000 1429000   260 9.99
1.500 0.0724 73.37 34.00  91  62 1091000 1429000   260 9.99
1.503 0.0723 73.36 34.00  91  62 1091000 1429000   260 9.99
1.506 0.0730 73.36 34.00  91  62 1091000 1429000   260 9.99
1.509 0.0772 73.36 34.00  91  62 1091000 1429000   260 9.99
1.512 0.0706 73.37 34.00  91  62 1091000 1429000   260 9.99
1.515 0.0750 73.38 34.00  91  62 1091000 1429000   260 9.99
1.519 0.0691 73.40 34.00  91  62 1091000 1429000   260 9.99
1.522 0.0742 73.43 34.00  91  62 1091000 1429000   260 9.99
1.526 0.0729 73.47 34.00  91  62 1091000 1429000   260 9.99
1.529 0.0749 73.50 34.00  91  62 1091000 1429000   260 9.99
1.533 0.0723 73.53 34.00  91  62 1091000 1429000   260 9.99
1.538 0.0743 73.56 34.00  91  62 1091000 1429000   260 9.99
1.542 0.0725 73.59 34.00  91  62 1091000 1429000   260 9.99
1.546 0.0751 73.63 34.00  91  62 1091000 1429000   260 9.99
1.551 0.0745 73.68 34.00  91  62 1091000 1429000   260 9.99
1.556 0.0750 73.74 34.00  91  62 1091000 1429000   260 9.99
1.561 0.0729 73.79 34.00  91  62 1091000 1429000   260 9.99
1.566 0.0747 73.83 34.00  91  62 1091000 1429000   260 9.99
1.572 0.0732 73.87 34.00  91  62 1091000 1429000   260 9.99
1.577 0.0740 73.89 34.00  91  62 1091000 1429000   260 9.99
1.583 0.0745 73.90 34.00  91  62 1091000 1429000   260 9.99
1.590 0.0728 73.90 34.00  91  62 1091000 1429000   260 9.99
1.596 0.0733 73.89 34.00  91  62 1091000 1429000   260 9.99
1.603 0.0739 73.87 34.00  91  62 1091000 1429000   260 9.99
1.610 0.0727 73.85 34.00  91  62 1091000 1429000   260 9.99
1.617 0.0751 73.81 34.00  91  62 1091000 1429000   260 9.99
1.625 0.0738 73.77 34.00  91  62 1091000 1429000   260 9.99
1.633 0.0733 73.73 34.00  91  62 1091000 1429000   260 9.99
1.641 0.0747 73.70 34.00  91  62 1091000 1429000   260 9.99
1.650 0.0744 73.67 34.00  91  62 1091000 1429000   260 9.99
1.659 0.0733 73.64 34.00  91  62 1091000 1429000   260 9.99
1.668 0.0735 73.62 34.00  91  62 1091000 1429000   260 9.99
1.678 0.0728 73.59 34.00  91  62 1091000 1429000   260 9.99
1.688 0.0741 73.56 34.00  91  62 1091000 1429000   260 9.99
1.699 0.0727 73.53 34.00  91  62 1091000 1429000   260 9.99
1.710 0.0731 73.49 34.00  91  62 1091000 1429000   260 9.99
1.721 0.0741 73.44 34.00  91  62 1091000 1429000   260 9.99
1.733 0.0729 73.38 34.00  91  62 1091000 1429000   260 9.99
1.746 0.0725 73.31 34.00  91  62 1091000 1429000   260 9.99
1.759 0.0747 73.22 34.00  91  62 1091000 1429000   260 9.99
1.773 0.0740 73.12 34.00  91  62 1091000 1429000   260 9.99
1.787 0.0724 73.02 34.00  91  62 1091000 1429000   260 9.99
1.802 0.0728 72.90 34.00  91  62 1091000 1429000   260 9.99
1.817 0.0727 72.78 34.00  91  62 1091000 1429000   260 9.99
1.831 0.0733 72.65 34.00  91  62 1091000 1429000   260 9.99
1.846 0.0733 72.51 34.00  91  62 1091000 1429000   260 9.99
1.861 0.0719 72.38 34.00  91  62 1091000 1429000   260 9.99
1.876 0.0724 72.24 34.00  91  62 1091000 1429000   260 9.99
1.891 0.0725 72.11 34.00  91  62 1091000 1429000   260 9.99
1.905 0.0717 71.97 34.00  91  62 1091000 1429000   260 9.99
1.920 0.0726 71.83 34.00  91  62 1091000 1429000   260 9.99
1.935 0.0712 71.70 34.00  91  62 1091000 1429000   260 9.99
1.950 0.0713 71.58 34.00  91  62 1091000 1429000   260 9.99
1.964 0.0722 71.48 34.00  91  62 1091000 1429000   260 9.99
1.979 0.0708 71.38 34.00  91  62 1091000 1429000   260 9.99
1.994 0.0705 71.31 34.00  91  62 1091000 1429000   260 9.99
2.009 0.0711 71.24 34.00  91  62 1091000 1429000   260 9.99
2.024 0.0721 71.20 34.00  91  62 1091000 1429000   260 9.99
2.038 0.0715 71.17 34.00  91  62 1091000 1429000   260 9.99
2.053 0.0710 71.17 34.00  91  62 1091000 1429000   260 9.99
2.068 0.0718 71.19 34.00  91  62 1091000 1429000   260 9.99
2.083 0.0723 71.25 34.00  91  62 1091000 1429000   260 9.99
2.098 0.0718 71.35 34.00  91  62 1091000 1429000   260 9.99
2.112 0.0724 71.51 34.00  91  62 1091000 1429000   260 9.99
2.127 0.0721 71.75 34.00  91  62 1091000 1429000   260 9.99
2.142 0.0740 72.08 34.00  91  62 1091000 1429000   260 9.99
2.157 0.0732 72.53 34.00  91  62 1091000 1429000   260 9.99
2.172 0.0726 73.12 34.00  91  62 1091000 1429000   260 9.99
2.186 0.0750 73.88 34.00  91  62 1091000 1429000   260 9.99
2.201 0.0756 74.83 34.00  91  62 1091000 1429000   260 9.99
2.216 0.0759 75.98 34.00  91  62 1091000 1429000   260 9.99
2.231 0.0773 77.35 34.00  91  62 1091000 1429000   260 9.99
2.246 0.0784 78.94 34.00  91  62 1091000 1429000   260 9.99
2.260 0.0781 80.78 34.00  91  62 1091000 1429000   260 9.99
2.275 0.0815 82.86 34.00  91  62 1091000 1429000   260 9.99
2.290 0.0837 85.18 34.00  91  62 1091000 1429000   260 9.99
2.305 0.0881 87.74 34.00  91  62 1091000 1429000   260 9.99
2.320 0.0903 90.51 34.00  91  62 1091000 1429000   260 9.99
2.334 0.0924 93.49 34.00  91  62 1091000 1429000   260 9.99
2.349 0.0981 96.77 34.00  91  62 1091000 1429000   260 9.99
2.364 0.1010 101.40 34.00  91  62 1091000 1429000   260 9.99
2.379 0.1074 108.16 34.00  91  62 1091000 1429000   260 9.99
2.393 0.1130 115.66 34.00  91  62 1091000 1429000   260 9.99
2.408 0.1180 123.09 34.00  91  62 1091000 1429000   260 9.99
2.423 0.1229 130.17 34.00  91  62 1091000 1429000   260 9.99
2.438 0.1293 136.83 34.00  91  62 1091000 1429000   260 9.99
2.453 0.1354 143.05 34.00  91  62 1091000 1429000   260 9.99
2.467 0.1403 148.87 34.00  91  62 1091000 1429000   260 9.99
2.482 0.1436 154.31 34.00  91  62 1091000 1429000   260 9.99
2.497 0.1538 159.41 34.00  91  62 1091000 1429000   260 9.99
2.512 0.1626 164.20 34.00  91  62 1091000 1429000   260 9.99
2.527 0.1723 168.71 34.00  91  62 1091000 1429000   260 9.99
2.541 0.1793 172.95 34.00  91  62 1091000 1429000   260 9.99
2.556 0.1934 176.94 34.00  91  62 1091000 1429000   260 9.99
2.571 0.2041 180.70 34.00  91  62 1091000 1429000   260 9.99
2.586 0.2137 184.21 34.00  91  62 1091000 1429000   260 9.99
2.601 0.2393 187.49 34.00  91  62 1091000 1429000   260 9.99
2.615 0.2647 190.52 34.00  91  62 1091000 1429000   260 9.99
2.630 0.2888 193.29 34.00  91  62 1091000 1429000   260 9.99
2.645 0.3136 195.77 34.00  91  62 1091000 1429000   260 9.99
2.660 0.3419 197.94 34.00  91  62 1091000 1429000   260 9.99
2.675 0.0000 199.76 34.00  91  62 1091000 1429000   260 9.99
2.689 0.0000 201.18 34.00  91  62 1091000 1429000   260 9.99
