     x     qy smooth tpara  cd  zL     xTr    xCpl frame tma
-1.643 0.2131 191.06 56.10  77  62  820000 1319000   250 10.01
-1.633 0.1948 178.71 56.10  77  62  820000 1319000   250 10.01
-1.623 0.2304 166.98 56.10  77  62  820000 1319000   250 10.01
-1.613 0.1613 155.87 56.10  77  62  820000 1319000   250 10.01
-1.603 0.1279 145.35 56.10  77  62  820000 1319000   250 10.01
-1.593 0.0967 135.41 56.10  77  62  820000 1319000   250 10.01
-1.583 0.1055 126.04 56.10  77  62  820000 1319000   250 10.01
-1.573 0.0941 117.21 56.10  77  62  820000 1319000   250 10.01
-1.563 0.0864 108.93 56.10  77  62  820000 1319000   250 10.01
-1.553 0.0813 101.19 56.10  77  62  820000 1319000   250 10.01
-1.543 0.0764 93.96 56.10  77  62  820000 1319000   250 10.01
-1.533 0.0724 87.26 56.10  77  62  820000 1319000   250 10.01
-1.523 0.0700 81.07 56.10  77  62  820000 1319000   250 10.01
-1.513 0.0677 75.41 56.10  77  62  820000 1319000   250 10.01
-1.503 0.0668 70.27 56.10  77  62  820000 1319000   250 10.01
-1.493 0.0646 65.68 56.10  77  62  820000 1319000   250 10.01
-1.483 0.0625 61.63 56.10  77  62  820000 1319000   250 10.01
-1.473 0.0597 58.17 56.10  77  62  820000 1319000   250 10.01
-1.463 0.0588 55.33 56.10  77  62  820000 1319000   250 10.01
-1.453 0.0577 53.16 56.10  77  62  820000 1319000   250 10.01
-1.443 0.0557 51.71 56.10  77  62  820000 1319000   250 10.01
-1.433 0.0549 51.02 56.10  77  62  820000 1319000   250 10.01
-1.423 0.0537 51.02 56.10  77  62  820000 1319000   250 10.01
-1.413 0.0524 51.13 56.10  77  62  820000 1319000   250 10.01
-1.403 0.0514 50.48 56.10  77  62  820000 1319000   250 10.01
-1.393 0.0500 49.71 56.10  77  62  820000 1319000   250 10.01
-1.383 0.0484 48.90 56.10  77  62  820000 1319000   250 10.01
-1.373 0.0489 48.10 56.10  77  62  820000 1319000   250 10.01
-1.363 0.0484 47.33 56.10  77  62  820000 1319000   250 10.01
-1.353 0.0470 46.59 56.10  77  62  820000 1319000   250 10.01
-1.343 0.0463 45.89 56.10  77  62  820000 1319000   250 10.01
-1.333 0.0454 45.25 56.10  77  62  820000 1319000   250 10.01
-1.323 0.0451 44.66 56.10  77  62  820000 1319000   250 10.01
-1.313 0.0439 44.13 56.10  77  62  820000 1319000   250 10.01
-1.303 0.0438 43.67 56.10  77  62  820000 1319000   250 10.01
-1.293 0.0434 43.27 56.10  77  62  820000 1319000   250 10.01
-1.283 0.0420 42.92 56.10  77  62  820000 1319000   250 10.01
-1.273 0.0418 42.63 56.10  77  62  820000 1319000   250 10.01
-1.263 0.0408 42.38 56.10  77  62  820000 1319000   250 10.01
-1.253 0.0419 42.19 56.10  77  62  820000 1319000   250 10.01
-1.242 0.0406 42.04 56.10  77  62  820000 1319000   250 10.01
-1.232 0.0427 41.93 56.10  77  62  820000 1319000   250 10.01
-1.222 0.0422 41.85 56.10  77  62  820000 1319000   250 10.01
-1.212 0.0427 41.81 56.10  77  62  820000 1319000   250 10.01
-1.202 0.0421 41.80 56.10  77  62  820000 1319000   250 10.01
-1.192 0.0421 41.81 56.10  77  62  820000 1319000   250 10.01
-1.182 0.0417 41.84 56.10  77  62  820000 1319000   250 10.01
-1.172 0.0419 41.89 56.10  77  62  820000 1319000   250 10.01
-1.162 0.0435 41.95 56.10  77  62  820000 1319000   250 10.01
-1.152 0.0415 42.00 56.10  77  62  820000 1319000   250 10.01
-1.142 0.0417 42.05 56.10  77  62  820000 1319000   250 10.01
-1.132 0.0433 42.09 56.10  77  62  820000 1319000   250 10.01
-1.122 0.0424 42.12 56.10  77  62  820000 1319000   250 10.01
-1.112 0.0419 42.13 56.10  77  62  820000 1319000   250 10.01
-1.102 0.0411 42.13 56.10  77  62  820000 1319000   250 10.01
-1.092 0.0424 42.11 56.10  77  62  820000 1319000   250 10.01
-1.082 0.0422 42.09 56.10  77  62  820000 1319000   250 10.01
-1.072 0.0424 42.06 56.10  77  62  820000 1319000   250 10.01
-1.062 0.0423 42.03 56.10  77  62  820000 1319000   250 10.01
-1.052 0.0409 42.00 56.10  77  62  820000 1319000   250 10.01
-1.042 0.0426 41.97 56.10  77  62  820000 1319000   250 10.01
-1.032 0.0417 41.94 56.10  77  62  820000 1319000   250 10.01
-1.022 0.0425 41.90 56.10  77  62  820000 1319000   250 10.01
-1.012 0.0418 41.86 56.10  77  62  820000 1319000   250 10.01
-1.002 0.0411 41.81 56.10  77  62  820000 1319000   250 10.01
-0.992 0.0416 41.76 56.10  77  62  820000 1319000   250 10.01
-0.982 0.0415 41.71 56.10  77  62  820000 1319000   250 10.01
-0.972 0.0420 41.66 56.10  77  62  820000 1319000   250 10.01
-0.962 0.0414 41.60 56.10  77  62  820000 1319000   250 10.01
-0.952 0.0418 41.55 56.10  77  62  820000 1319000   250 10.01
-0.942 0.0421 41.49 56.10  77  62  820000 1319000   250 10.01
-0.932 0.0415 41.43 56.10  77  62  820000 1319000   250 10.01
-0.922 0.0420 41.38 56.10  77  62  820000 1319000   250 10.01
-0.912 0.0415 41.33 56.10  77  62  820000 1319000   250 10.01
-0.902 0.0417 41.29 56.10  77  62  820000 1319000   250 10.01
-0.892 0.0403 41.25 56.10  77  62  820000 1319000   250 10.01
-0.882 0.0411 41.22 56.10  77  62  820000 1319000   250 10.01
-0.872 0.0407 41.20 56.10  77  62  820000 1319000   250 10.01
-0.862 0.0403 41.18 56.10  77  62  820000 1319000   250 10.01
-0.852 0.0412 41.15 56.10  77  62  820000 1319000   250 10.01
-0.842 0.0417 41.12 56.10  77  62  820000 1319000   250 10.01
-0.832 0.0406 41.09 56.10  77  62  820000 1319000   250 10.01
-0.822 0.0418 41.06 56.10  77  62  820000 1319000   250 10.01
-0.812 0.0404 41.02 56.10  77  62  820000 1319000   250 10.01
-0.802 0.0417 40.98 56.10  77  62  820000 1319000   250 10.01
-0.792 0.0408 40.95 56.10  77  62  820000 1319000   250 10.01
-0.782 0.0401 40.93 56.10  77  62  820000 1319000   250 10.01
-0.772 0.0414 40.92 56.10  77  62  820000 1319000   250 10.01
-0.762 0.0419 40.93 56.10  77  62  820000 1319000   250 10.01
-0.752 0.0420 40.95 56.10  77  62  820000 1319000   250 10.01
-0.741 0.0415 40.98 56.10  77  62  820000 1319000   250 10.01
-0.731 0.0405 41.02 56.10  77  62  820000 1319000   250 10.01
-0.721 0.0410 41.08 56.10  77  62  820000 1319000   250 10.01
-0.711 0.0409 41.14 56.10  77  62  820000 1319000   250 10.01
-0.701 0.0405 41.20 56.10  77  62  820000 1319000   250 10.01
-0.691 0.0406 41.27 56.10  77  62  820000 1319000   250 10.01
-0.681 0.0408 41.35 56.10  77  62  820000 1319000   250 10.01
-0.671 0.0405 41.42 56.10  77  62  820000 1319000   250 10.01
-0.661 0.0408 41.50 56.10  77  62  820000 1319000   250 10.01
-0.651 0.0412 41.59 56.10  77  62  820000 1319000   250 10.01
-0.641 0.0419 41.68 56.10  77  62  820000 1319000   250 10.01
-0.631 0.0429 41.76 56.10  77  62  820000 1319000   250 10.01
-0.621 0.0432 41.85 56.10  77  62  820000 1319000   250 10.01
-0.611 0.0419 41.95 56.10  77  62  820000 1319000   250 10.01
-0.601 0.0425 42.04 56.10  77  62  820000 1319000   250 10.01
-0.591 0.0431 42.13 56.10  77  62  820000 1319000   250 10.01
-0.581 0.0419 42.23 56.10  77  62  820000 1319000   250 10.01
-0.571 0.0424 42.33 56.10  77  62  820000 1319000   250 10.01
-0.561 0.0424 42.42 56.10  77  62  820000 1319000   250 10.01
-0.551 0.0428 42.52 56.10  77  62  820000 1319000   250 10.01
-0.541 0.0421 42.60 56.10  77  62  820000 1319000   250 10.01
-0.531 0.0422 42.68 56.10  77  62  820000 1319000   250 10.01
-0.521 0.0424 42.75 56.10  77  62  820000 1319000   250 10.01
-0.511 0.0425 42.82 56.10  77  62  820000 1319000   250 10.01
-0.501 0.0427 42.88 56.10  77  62  820000 1319000   250 10.01
-0.491 0.0429 42.94 56.10  77  62  820000 1319000   250 10.01
-0.481 0.0425 43.00 56.10  77  62  820000 1319000   250 10.01
-0.471 0.0434 43.06 56.10  77  62  820000 1319000   250 10.01
-0.461 0.0423 43.12 56.10  77  62  820000 1319000   250 10.01
-0.451 0.0439 43.17 56.10  77  62  820000 1319000   250 10.01
-0.441 0.0433 43.22 56.10  77  62  820000 1319000   250 10.01
-0.431 0.0437 43.26 56.10  77  62  820000 1319000   250 10.01
-0.421 0.0435 43.29 56.10  77  62  820000 1319000   250 10.01
-0.411 0.0437 43.31 56.10  77  62  820000 1319000   250 10.01
-0.401 0.0432 43.32 56.10  77  62  820000 1319000   250 10.01
-0.391 0.0441 43.32 56.10  77  62  820000 1319000   250 10.01
-0.381 0.0437 43.31 56.10  77  62  820000 1319000   250 10.01
-0.371 0.0429 43.29 56.10  77  62  820000 1319000   250 10.01
-0.361 0.0433 43.26 56.10  77  62  820000 1319000   250 10.01
-0.351 0.0438 43.21 56.10  77  62  820000 1319000   250 10.01
-0.341 0.0424 43.15 56.10  77  62  820000 1319000   250 10.01
-0.331 0.0432 43.08 56.10  77  62  820000 1319000   250 10.01
-0.321 0.0429 42.99 56.10  77  62  820000 1319000   250 10.01
-0.311 0.0429 42.90 56.10  77  62  820000 1319000   250 10.01
-0.301 0.0425 42.80 56.10  77  62  820000 1319000   250 10.01
-0.291 0.0420 42.71 56.10  77  62  820000 1319000   250 10.01
-0.281 0.0428 42.62 56.10  77  62  820000 1319000   250 10.01
-0.271 0.0418 42.54 56.10  77  62  820000 1319000   250 10.01
-0.261 0.0426 42.49 56.10  77  62  820000 1319000   250 10.01
-0.251 0.0432 42.46 56.10  77  62  820000 1319000   250 10.01
-0.240 0.0441 42.47 56.10  77  62  820000 1319000   250 10.01
-0.230 0.0431 42.51 56.10  77  62  820000 1319000   250 10.01
-0.220 0.0421 42.59 56.10  77  62  820000 1319000   250 10.01
-0.210 0.0426 42.72 56.10  77  62  820000 1319000   250 10.01
-0.200 0.0417 42.87 56.10  77  62  820000 1319000   250 10.01
-0.190 0.0415 43.06 56.10  77  62  820000 1319000   250 10.01
-0.180 0.0421 43.27 56.10  77  62  820000 1319000   250 10.01
-0.170 0.0425 43.49 56.10  77  62  820000 1319000   250 10.01
-0.160 0.0423 43.70 56.10  77  62  820000 1319000   250 10.01
-0.150 0.0432 43.88 56.10  77  62  820000 1319000   250 10.01
-0.140 0.0436 44.03 56.10  77  62  820000 1319000   250 10.01
-0.130 0.0443 44.11 56.10  77  62  820000 1319000   250 10.01
-0.120 0.0437 44.13 56.10  77  62  820000 1319000   250 10.01
-0.110 0.0451 44.07 56.10  77  62  820000 1319000   250 10.01
-0.100 0.0447 43.92 56.10  77  62  820000 1319000   250 10.01
-0.090 0.0445 43.67 56.10  77  62  820000 1319000   250 10.01
-0.080 0.0453 43.32 56.10  77  62  820000 1319000   250 10.01
-0.070 0.0451 42.87 56.10  77  62  820000 1319000   250 10.01
-0.060 0.0442 42.32 56.10  77  62  820000 1319000   250 10.01
-0.050 0.0435 41.66 56.10  77  62  820000 1319000   250 10.01
-0.040 0.0430 40.91 56.10  77  62  820000 1319000   250 10.01
-0.030 0.0415 40.08 56.10  77  62  820000 1319000   250 10.01
-0.020 0.0401 39.18 56.10  77  62  820000 1319000   250 10.01
-0.010 0.0384 38.22 56.10  77  62  820000 1319000   250 10.01
0.000 0.0375 37.23 56.10  77  62  820000 1319000   250 10.01
0.010 0.0348 36.23 56.10  77  62  820000 1319000   250 10.01
0.020 0.0331 35.24 56.10  77  62  820000 1319000   250 10.01
0.030 0.0331 34.27 56.10  77  62  820000 1319000   250 10.01
0.040 0.0317 33.36 56.10  77  62  820000 1319000   250 10.01
0.050 0.0313 32.51 56.10  77  62  820000 1319000   250 10.01
0.060 0.0304 31.76 56.10  77  62  820000 1319000   250 10.01
0.070 0.0307 31.09 56.10  77  62  820000 1319000   250 10.01
0.080 0.0291 30.54 56.10  77  62  820000 1319000   250 10.01
0.090 0.0291 30.09 56.10  77  62  820000 1319000   250 10.01
0.100 0.0286 29.75 56.10  77  62  820000 1319000   250 10.01
0.110 0.0292 29.52 56.10  77  62  820000 1319000   250 10.01
0.120 0.0303 29.40 56.10  77  62  820000 1319000   250 10.01
0.130 0.0291 29.37 56.10  77  62  820000 1319000   250 10.01
0.140 0.0290 29.42 56.10  77  62  820000 1319000   250 10.01
0.150 0.0310 29.54 56.10  77  62  820000 1319000   250 10.01
0.160 0.0302 29.70 56.10  77  62  820000 1319000   250 10.01
0.170 0.0301 29.90 56.10  77  62  820000 1319000   250 10.01
0.180 0.0298 30.13 56.10  77  62  820000 1319000   250 10.01
0.189 0.0302 30.36 56.10  77  62  820000 1319000   250 10.01
0.198 0.0310 30.58 56.10  77  62  820000 1319000   250 10.01
0.207 0.0310 30.80 56.10  77  62  820000 1319000   250 10.01
0.215 0.0318 31.00 56.10  77  62  820000 1319000   250 10.01
0.223 0.0323 31.19 56.10  77  62  820000 1319000   250 10.01
0.230 0.0313 31.36 56.10  77  62  820000 1319000   250 10.01
0.237 0.0313 31.51 56.10  77  62  820000 1319000   250 10.01
0.244 0.0310 31.64 56.10  77  62  820000 1319000   250 10.01
0.251 0.0321 31.75 56.10  77  62  820000 1319000   250 10.01
0.257 0.0319 31.84 56.10  77  62  820000 1319000   250 10.01
0.263 0.0326 31.92 56.10  77  62  820000 1319000   250 10.01
0.269 0.0335 32.00 56.10  77  62  820000 1319000   250 10.01
0.275 0.0324 32.08 56.10  77  62  820000 1319000   250 10.01
0.280 0.0308 32.17 56.10  77  62  820000 1319000   250 10.01
0.285 0.0329 32.26 56.10  77  62  820000 1319000   250 10.01
0.290 0.0308 32.35 56.10  77  62  820000 1319000   250 10.01
0.295 0.0327 32.46 56.10  77  62  820000 1319000   250 10.01
0.300 0.0320 32.56 56.10  77  62  820000 1319000   250 10.01
0.304 0.0329 32.67 56.10  77  62  820000 1319000   250 10.01
0.308 0.0319 32.78 56.10  77  62  820000 1319000   250 10.01
0.312 0.0323 32.88 56.10  77  62  820000 1319000   250 10.01
0.316 0.0330 32.98 56.10  77  62  820000 1319000   250 10.01
0.320 0.0337 33.09 56.10  77  62  820000 1319000   250 10.01
0.324 0.0329 33.18 56.10  77  62  820000 1319000   250 10.01
0.327 0.0333 33.27 56.10  77  62  820000 1319000   250 10.01
0.330 0.0336 33.35 56.10  77  62  820000 1319000   250 10.01
0.333 0.0335 33.42 56.10  77  62  820000 1319000   250 10.01
0.336 0.0329 33.49 56.10  77  62  820000 1319000   250 10.01
0.339 0.0357 33.56 56.10  77  62  820000 1319000   250 10.01
0.342 0.0364 33.64 56.10  77  62  820000 1319000   250 10.01
0.345 0.0328 33.71 56.10  77  62  820000 1319000   250 10.01
0.347 0.0328 33.80 56.10  77  62  820000 1319000   250 10.01
0.350 0.0343 33.88 56.10  77  62  820000 1319000   250 10.01
0.352 0.0351 33.97 56.10  77  62  820000 1319000   250 10.01
0.354 0.0338 34.06 56.10  77  62  820000 1319000   250 10.01
0.357 0.0307 34.17 56.10  77  62  820000 1319000   250 10.01
0.359 0.0337 34.30 56.10  77  62  820000 1319000   250 10.01
0.361 0.0358 34.43 56.10  77  62  820000 1319000   250 10.01
0.363 0.0332 34.59 56.10  77  62  820000 1319000   250 10.01
0.365 0.0337 34.76 56.10  77  62  820000 1319000   250 10.01
0.367 0.0355 34.94 56.10  77  62  820000 1319000   250 10.01
0.369 0.0374 35.13 56.10  77  62  820000 1319000   250 10.01
0.371 0.0306 35.34 56.10  77  62  820000 1319000   250 10.01
0.373 0.0354 35.56 56.10  77  62  820000 1319000   250 10.01
0.375 0.0384 35.79 56.10  77  62  820000 1319000   250 10.01
0.377 0.0378 36.01 56.10  77  62  820000 1319000   250 10.01
0.379 0.0362 36.24 56.10  77  62  820000 1319000   250 10.01
0.381 0.0359 36.47 56.10  77  62  820000 1319000   250 10.01
0.383 0.0363 36.68 56.10  77  62  820000 1319000   250 10.01
0.385 0.0389 36.89 56.10  77  62  820000 1319000   250 10.01
0.387 0.0358 37.06 56.10  77  62  820000 1319000   250 10.01
0.389 0.0382 37.22 56.10  77  62  820000 1319000   250 10.01
0.391 0.0368 37.35 56.10  77  62  820000 1319000   250 10.01
0.393 0.0379 37.46 56.10  77  62  820000 1319000   250 10.01
0.395 0.0395 37.56 56.10  77  62  820000 1319000   250 10.01
0.397 0.0370 37.64 56.10  77  62  820000 1319000   250 10.01
0.399 0.0344 37.72 56.10  77  62  820000 1319000   250 10.01
0.401 0.0404 37.78 56.10  77  62  820000 1319000   250 10.01
0.403 0.0380 37.84 56.10  77  62  820000 1319000   250 10.01
0.405 0.0338 37.89 56.10  77  62  820000 1319000   250 10.01
0.407 0.0419 37.93 56.10  77  62  820000 1319000   250 10.01
0.409 0.0369 37.97 56.10  77  62  820000 1319000   250 10.01
0.411 0.0390 38.01 56.10  77  62  820000 1319000   250 10.01
0.413 0.0345 38.06 56.10  77  62  820000 1319000   250 10.01
0.415 0.0402 38.12 56.10  77  62  820000 1319000   250 10.01
0.417 0.0390 38.20 56.10  77  62  820000 1319000   250 10.01
0.419 0.0385 38.27 56.10  77  62  820000 1319000   250 10.01
0.421 0.0374 38.35 56.10  77  62  820000 1319000   250 10.01
0.423 0.0382 38.44 56.10  77  62  820000 1319000   250 10.01
0.425 0.0372 38.53 56.10  77  62  820000 1319000   250 10.01
0.427 0.0410 38.62 56.10  77  62  820000 1319000   250 10.01
0.429 0.0398 38.72 56.10  77  62  820000 1319000   250 10.01
0.431 0.0376 38.83 56.10  77  62  820000 1319000   250 10.01
0.433 0.0395 38.93 56.10  77  62  820000 1319000   250 10.01
0.435 0.0390 39.04 56.10  77  62  820000 1319000   250 10.01
0.437 0.0385 39.16 56.10  77  62  820000 1319000   250 10.01
0.439 0.0350 39.27 56.10  77  62  820000 1319000   250 10.01
0.441 0.0417 39.39 56.10  77  62  820000 1319000   250 10.01
0.443 0.0403 39.51 56.10  77  62  820000 1319000   250 10.01
0.445 0.0409 39.63 56.10  77  62  820000 1319000   250 10.01
0.447 0.0405 39.75 56.10  77  62  820000 1319000   250 10.01
0.449 0.0388 39.85 56.10  77  62  820000 1319000   250 10.01
0.451 0.0407 39.95 56.10  77  62  820000 1319000   250 10.01
0.453 0.0383 40.04 56.10  77  62  820000 1319000   250 10.01
0.455 0.0413 40.13 56.10  77  62  820000 1319000   250 10.01
0.457 0.0382 40.22 56.10  77  62  820000 1319000   250 10.01
0.459 0.0402 40.31 56.10  77  62  820000 1319000   250 10.01
0.461 0.0442 40.42 56.10  77  62  820000 1319000   250 10.01
0.463 0.0384 40.53 56.10  77  62  820000 1319000   250 10.01
0.465 0.0418 40.65 56.10  77  62  820000 1319000   250 10.01
0.467 0.0406 40.77 56.10  77  62  820000 1319000   250 10.01
0.469 0.0401 40.90 56.10  77  62  820000 1319000   250 10.01
0.471 0.0409 41.01 56.10  77  62  820000 1319000   250 10.01
0.473 0.0415 41.11 56.10  77  62  820000 1319000   250 10.01
0.475 0.0417 41.19 56.10  77  62  820000 1319000   250 10.01
0.477 0.0406 41.27 56.10  77  62  820000 1319000   250 10.01
0.479 0.0376 41.33 56.10  77  62  820000 1319000   250 10.01
0.481 0.0443 41.38 56.10  77  62  820000 1319000   250 10.01
0.483 0.0391 41.42 56.10  77  62  820000 1319000   250 10.01
0.485 0.0390 41.46 56.10  77  62  820000 1319000   250 10.01
0.487 0.0459 41.49 56.10  77  62  820000 1319000   250 10.01
0.489 0.0435 41.51 56.10  77  62  820000 1319000   250 10.01
0.491 0.0426 41.53 56.10  77  62  820000 1319000   250 10.01
0.493 0.0402 41.53 56.10  77  62  820000 1319000   250 10.01
0.495 0.0433 41.52 56.10  77  62  820000 1319000   250 10.01
0.497 0.0416 41.49 56.10  77  62  820000 1319000   250 10.01
0.499 0.0422 41.43 56.10  77  62  820000 1319000   250 10.01
0.501 0.0398 41.35 56.10  77  62  820000 1319000   250 10.01
0.503 0.0396 41.25 56.10  77  62  820000 1319000   250 10.01
0.505 0.0401 41.14 56.10  77  62  820000 1319000   250 10.01
0.507 0.0409 41.02 56.10  77  62  820000 1319000   250 10.01
0.509 0.0406 40.91 56.10  77  62  820000 1319000   250 10.01
0.511 0.0432 40.83 56.10  77  62  820000 1319000   250 10.01
0.513 0.0400 40.77 56.10  77  62  820000 1319000   250 10.01
0.515 0.0406 40.75 56.10  77  62  820000 1319000   250 10.01
0.517 0.0410 40.76 56.10  77  62  820000 1319000   250 10.01
0.519 0.0442 40.80 56.10  77  62  820000 1319000   250 10.01
0.521 0.0392 40.87 56.10  77  62  820000 1319000   250 10.01
0.523 0.0412 40.96 56.10  77  62  820000 1319000   250 10.01
0.525 0.0406 41.06 56.10  77  62  820000 1319000   250 10.01
0.527 0.0378 41.18 56.10  77  62  820000 1319000   250 10.01
0.529 0.0370 41.30 56.10  77  62  820000 1319000   250 10.01
0.531 0.0411 41.41 56.10  77  62  820000 1319000   250 10.01
0.533 0.0416 41.51 56.10  77  62  820000 1319000   250 10.01
0.535 0.0432 41.59 56.10  77  62  820000 1319000   250 10.01
0.537 0.0420 41.66 56.10  77  62  820000 1319000   250 10.01
0.539 0.0453 41.72 56.10  77  62  820000 1319000   250 10.01
0.541 0.0422 41.79 56.10  77  62  820000 1319000   250 10.01
0.543 0.0425 41.87 56.10  77  62  820000 1319000   250 10.01
0.545 0.0453 41.94 56.10  77  62  820000 1319000   250 10.01
0.547 0.0459 42.01 56.10  77  62  820000 1319000   250 10.01
0.549 0.0393 42.08 56.10  77  62  820000 1319000   250 10.01
0.551 0.0376 42.13 56.10  77  62  820000 1319000   250 10.01
0.553 0.0423 42.16 56.10  77  62  820000 1319000   250 10.01
0.555 0.0409 42.17 56.10  77  62  820000 1319000   250 10.01
0.557 0.0424 42.16 56.10  77  62  820000 1319000   250 10.01
0.559 0.0415 42.12 56.10  77  62  820000 1319000   250 10.01
0.561 0.0430 42.08 56.10  77  62  820000 1319000   250 10.01
0.563 0.0427 42.04 56.10  77  62  820000 1319000   250 10.01
0.565 0.0401 42.01 56.10  77  62  820000 1319000   250 10.01
0.567 0.0430 42.01 56.10  77  62  820000 1319000   250 10.01
0.569 0.0406 42.04 56.10  77  62  820000 1319000   250 10.01
0.571 0.0457 42.12 56.10  77  62  820000 1319000   250 10.01
0.573 0.0378 42.24 56.10  77  62  820000 1319000   250 10.01
0.575 0.0467 42.39 56.10  77  62  820000 1319000   250 10.01
0.577 0.0454 42.58 56.10  77  62  820000 1319000   250 10.01
0.579 0.0426 42.80 56.10  77  62  820000 1319000   250 10.01
0.581 0.0373 43.03 56.10  77  62  820000 1319000   250 10.01
0.583 0.0398 43.26 56.10  77  62  820000 1319000   250 10.01
0.585 0.0452 43.51 56.10  77  62  820000 1319000   250 10.01
0.587 0.0470 43.75 56.10  77  62  820000 1319000   250 10.01
0.589 0.0423 43.99 56.10  77  62  820000 1319000   250 10.01
0.591 0.0433 44.23 56.10  77  62  820000 1319000   250 10.01
0.593 0.0451 44.47 56.10  77  62  820000 1319000   250 10.01
0.595 0.0460 44.73 56.10  77  62  820000 1319000   250 10.01
0.597 0.0459 45.01 56.10  77  62  820000 1319000   250 10.01
0.599 0.0449 45.30 56.10  77  62  820000 1319000   250 10.01
0.601 0.0491 45.59 56.10  77  62  820000 1319000   250 10.01
0.603 0.0430 45.90 56.10  77  62  820000 1319000   250 10.01
0.605 0.0452 46.21 56.10  77  62  820000 1319000   250 10.01
0.607 0.0462 46.52 56.10  77  62  820000 1319000   250 10.01
0.609 0.0473 46.84 56.10  77  62  820000 1319000   250 10.01
0.611 0.0507 47.16 56.10  77  62  820000 1319000   250 10.01
0.613 0.0441 47.48 56.10  77  62  820000 1319000   250 10.01
0.615 0.0490 47.80 56.10  77  62  820000 1319000   250 10.01
0.617 0.0458 48.11 56.10  77  62  820000 1319000   250 10.01
0.619 0.0520 48.42 56.10  77  62  820000 1319000   250 10.01
0.621 0.0458 48.73 56.10  77  62  820000 1319000   250 10.01
0.623 0.0481 49.06 56.10  77  62  820000 1319000   250 10.01
0.625 0.0485 49.42 56.10  77  62  820000 1319000   250 10.01
0.627 0.0520 49.80 56.10  77  62  820000 1319000   250 10.01
0.629 0.0482 50.19 56.10  77  62  820000 1319000   250 10.01
0.631 0.0520 50.59 56.10  77  62  820000 1319000   250 10.01
0.633 0.0531 50.98 56.10  77  62  820000 1319000   250 10.01
0.635 0.0509 51.35 56.10  77  62  820000 1319000   250 10.01
0.637 0.0492 51.71 56.10  77  62  820000 1319000   250 10.01
0.639 0.0520 52.03 56.10  77  62  820000 1319000   250 10.01
0.641 0.0527 52.34 56.10  77  62  820000 1319000   250 10.01
0.643 0.0530 52.61 56.10  77  62  820000 1319000   250 10.01
0.645 0.0534 52.87 56.10  77  62  820000 1319000   250 10.01
0.647 0.0531 53.11 56.10  77  62  820000 1319000   250 10.01
0.649 0.0538 53.34 56.10  77  62  820000 1319000   250 10.01
0.651 0.0528 53.56 56.10  77  62  820000 1319000   250 10.01
0.653 0.0548 53.76 56.10  77  62  820000 1319000   250 10.01
0.655 0.0564 53.95 56.10  77  62  820000 1319000   250 10.01
0.657 0.0534 54.14 56.10  77  62  820000 1319000   250 10.01
0.659 0.0560 54.31 56.10  77  62  820000 1319000   250 10.01
0.661 0.0549 54.47 56.10  77  62  820000 1319000   250 10.01
0.663 0.0549 54.61 56.10  77  62  820000 1319000   250 10.01
0.665 0.0501 54.75 56.10  77  62  820000 1319000   250 10.01
0.667 0.0547 54.87 56.10  77  62  820000 1319000   250 10.01
0.669 0.0536 54.99 56.10  77  62  820000 1319000   250 10.01
0.671 0.0523 55.10 56.10  77  62  820000 1319000   250 10.01
0.673 0.0559 55.21 56.10  77  62  820000 1319000   250 10.01
0.675 0.0580 55.32 56.10  77  62  820000 1319000   250 10.01
0.677 0.0571 55.43 56.10  77  62  820000 1319000   250 10.01
0.679 0.0556 55.54 56.10  77  62  820000 1319000   250 10.01
0.681 0.0552 55.65 56.10  77  62  820000 1319000   250 10.01
0.683 0.0564 55.75 56.10  77  62  820000 1319000   250 10.01
0.685 0.0587 55.84 56.10  77  62  820000 1319000   250 10.01
0.687 0.0550 55.91 56.10  77  62  820000 1319000   250 10.01
0.689 0.0523 55.97 56.10  77  62  820000 1319000   250 10.01
0.691 0.0570 56.02 56.10  77  62  820000 1319000   250 10.01
0.693 0.0588 56.07 56.10  77  62  820000 1319000   250 10.01
0.695 0.0530 56.11 56.10  77  62  820000 1319000   250 10.01
0.697 0.0569 56.16 56.10  77  62  820000 1319000   250 10.01
0.699 0.0542 56.20 56.10  77  62  820000 1319000   250 10.01
0.701 0.0596 56.24 56.10  77  62  820000 1319000   250 10.01
0.703 0.0563 56.28 56.10  77  62  820000 1319000   250 10.01
0.705 0.0584 56.33 56.10  77  62  820000 1319000   250 10.01
0.707 0.0538 56.40 56.10  77  62  820000 1319000   250 10.01
0.709 0.0590 56.48 56.10  77  62  820000 1319000   250 10.01
0.711 0.0542 56.57 56.10  77  62  820000 1319000   250 10.01
0.713 0.0527 56.68 56.10  77  62  820000 1319000   250 10.01
0.715 0.0587 56.79 56.10  77  62  820000 1319000   250 10.01
0.717 0.0562 56.91 56.10  77  62  820000 1319000   250 10.01
0.719 0.0541 57.03 56.10  77  62  820000 1319000   250 10.01
0.721 0.0579 57.15 56.10  77  62  820000 1319000   250 10.01
0.723 0.0572 57.27 56.10  77  62  820000 1319000   250 10.01
0.725 0.0629 57.40 56.10  77  62  820000 1319000   250 10.01
0.727 0.0582 57.53 56.10  77  62  820000 1319000   250 10.01
0.729 0.0562 57.68 56.10  77  62  820000 1319000   250 10.01
0.731 0.0612 57.83 56.10  77  62  820000 1319000   250 10.01
0.733 0.0548 57.99 56.10  77  62  820000 1319000   250 10.01
0.735 0.0598 58.16 56.10  77  62  820000 1319000   250 10.01
0.737 0.0543 58.32 56.10  77  62  820000 1319000   250 10.01
0.739 0.0609 58.48 56.10  77  62  820000 1319000   250 10.01
0.741 0.0585 58.64 56.10  77  62  820000 1319000   250 10.01
0.743 0.0570 58.79 56.10  77  62  820000 1319000   250 10.01
0.745 0.0565 58.93 56.10  77  62  820000 1319000   250 10.01
0.747 0.0642 59.06 56.10  77  62  820000 1319000   250 10.01
0.749 0.0540 59.18 56.10  77  62  820000 1319000   250 10.01
0.752 0.0617 59.29 56.10  77  62  820000 1319000   250 10.01
0.754 0.0619 59.41 56.10  77  62  820000 1319000   250 10.01
0.756 0.0579 59.53 56.10  77  62  820000 1319000   250 10.01
0.758 0.0597 59.66 56.10  77  62  820000 1319000   250 10.01
0.760 0.0585 59.80 56.10  77  62  820000 1319000   250 10.01
0.762 0.0606 59.94 56.10  77  62  820000 1319000   250 10.01
0.764 0.0629 60.09 56.10  77  62  820000 1319000   250 10.01
0.766 0.0623 60.25 56.10  77  62  820000 1319000   250 10.01
0.768 0.0550 60.40 56.10  77  62  820000 1319000   250 10.01
0.770 0.0619 60.56 56.10  77  62  820000 1319000   250 10.01
0.772 0.0612 60.71 56.10  77  62  820000 1319000   250 10.01
0.774 0.0616 60.87 56.10  77  62  820000 1319000   250 10.01
0.776 0.0595 61.04 56.10  77  62  820000 1319000   250 10.01
0.778 0.0644 61.22 56.10  77  62  820000 1319000   250 10.01
0.780 0.0597 61.40 56.10  77  62  820000 1319000   250 10.01
0.782 0.0612 61.59 56.10  77  62  820000 1319000   250 10.01
0.784 0.0601 61.80 56.10  77  62  820000 1319000   250 10.01
0.786 0.0587 62.01 56.10  77  62  820000 1319000   250 10.01
0.788 0.0666 62.23 56.10  77  62  820000 1319000   250 10.01
0.790 0.0627 62.47 56.10  77  62  820000 1319000   250 10.01
0.792 0.0628 62.71 56.10  77  62  820000 1319000   250 10.01
0.794 0.0603 62.96 56.10  77  62  820000 1319000   250 10.01
0.796 0.0632 63.21 56.10  77  62  820000 1319000   250 10.01
0.798 0.0635 63.47 56.10  77  62  820000 1319000   250 10.01
0.800 0.0674 63.72 56.10  77  62  820000 1319000   250 10.01
0.802 0.0640 63.99 56.10  77  62  820000 1319000   250 10.01
0.804 0.0624 64.26 56.10  77  62  820000 1319000   250 10.01
0.806 0.0689 64.54 56.10  77  62  820000 1319000   250 10.01
0.808 0.0635 64.83 56.10  77  62  820000 1319000   250 10.01
0.810 0.0600 65.12 56.10  77  62  820000 1319000   250 10.01
0.812 0.0665 65.43 56.10  77  62  820000 1319000   250 10.01
0.814 0.0699 65.75 56.10  77  62  820000 1319000   250 10.01
0.816 0.0627 66.08 56.10  77  62  820000 1319000   250 10.01
0.818 0.0657 66.42 56.10  77  62  820000 1319000   250 10.01
0.820 0.0677 66.76 56.10  77  62  820000 1319000   250 10.01
0.822 0.0697 67.10 56.10  77  62  820000 1319000   250 10.01
0.824 0.0638 67.45 56.10  77  62  820000 1319000   250 10.01
0.826 0.0668 67.81 56.10  77  62  820000 1319000   250 10.01
0.828 0.0693 68.16 56.10  77  62  820000 1319000   250 10.01
0.830 0.0681 68.51 56.10  77  62  820000 1319000   250 10.01
0.832 0.0675 68.84 56.10  77  62  820000 1319000   250 10.01
0.834 0.0681 69.16 56.10  77  62  820000 1319000   250 10.01
0.836 0.0760 69.46 56.10  77  62  820000 1319000   250 10.01
0.838 0.0640 69.74 56.10  77  62  820000 1319000   250 10.01
0.840 0.0738 70.01 56.10  77  62  820000 1319000   250 10.01
0.842 0.0709 70.26 56.10  77  62  820000 1319000   250 10.01
0.844 0.0703 70.49 56.10  77  62  820000 1319000   250 10.01
0.846 0.0706 70.70 56.10  77  62  820000 1319000   250 10.01
0.848 0.0729 70.90 56.10  77  62  820000 1319000   250 10.01
0.850 0.0724 71.09 56.10  77  62  820000 1319000   250 10.01
0.852 0.0668 71.27 56.10  77  62  820000 1319000   250 10.01
0.854 0.0755 71.44 56.10  77  62  820000 1319000   250 10.01
0.856 0.0686 71.60 56.10  77  62  820000 1319000   250 10.01
0.858 0.0709 71.75 56.10  77  62  820000 1319000   250 10.01
0.860 0.0725 71.89 56.10  77  62  820000 1319000   250 10.01
0.862 0.0761 72.04 56.10  77  62  820000 1319000   250 10.01
0.864 0.0659 72.18 56.10  77  62  820000 1319000   250 10.01
0.866 0.0683 72.33 56.10  77  62  820000 1319000   250 10.01
0.868 0.0766 72.49 56.10  77  62  820000 1319000   250 10.01
0.870 0.0776 72.67 56.10  77  62  820000 1319000   250 10.01
0.872 0.0651 72.86 56.10  77  62  820000 1319000   250 10.01
0.874 0.0773 73.07 56.10  77  62  820000 1319000   250 10.01
0.876 0.0707 73.28 56.10  77  62  820000 1319000   250 10.01
0.878 0.0797 73.49 56.10  77  62  820000 1319000   250 10.01
0.880 0.0713 73.69 56.10  77  62  820000 1319000   250 10.01
0.882 0.0722 73.88 56.10  77  62  820000 1319000   250 10.01
0.884 0.0735 74.04 56.10  77  62  820000 1319000   250 10.01
0.886 0.0768 74.19 56.10  77  62  820000 1319000   250 10.01
0.888 0.0715 74.32 56.10  77  62  820000 1319000   250 10.01
0.890 0.0743 74.43 56.10  77  62  820000 1319000   250 10.01
0.892 0.0761 74.52 56.10  77  62  820000 1319000   250 10.01
0.894 0.0738 74.59 56.10  77  62  820000 1319000   250 10.01
0.896 0.0764 74.64 56.10  77  62  820000 1319000   250 10.01
0.898 0.0755 74.68 56.10  77  62  820000 1319000   250 10.01
0.900 0.0732 74.70 56.10  77  62  820000 1319000   250 10.01
0.902 0.0765 74.71 56.10  77  62  820000 1319000   250 10.01
0.904 0.0711 74.70 56.10  77  62  820000 1319000   250 10.01
0.906 0.0792 74.66 56.10  77  62  820000 1319000   250 10.01
0.908 0.0757 74.62 56.10  77  62  820000 1319000   250 10.01
0.910 0.0684 74.56 56.10  77  62  820000 1319000   250 10.01
0.912 0.0773 74.48 56.10  77  62  820000 1319000   250 10.01
0.914 0.0728 74.38 56.10  77  62  820000 1319000   250 10.01
0.916 0.0734 74.27 56.10  77  62  820000 1319000   250 10.01
0.918 0.0753 74.16 56.10  77  62  820000 1319000   250 10.01
0.920 0.0755 74.04 56.10  77  62  820000 1319000   250 10.01
0.922 0.0724 73.94 56.10  77  62  820000 1319000   250 10.01
0.924 0.0788 73.85 56.10  77  62  820000 1319000   250 10.01
0.926 0.0731 73.78 56.10  77  62  820000 1319000   250 10.01
0.928 0.0727 73.74 56.10  77  62  820000 1319000   250 10.01
0.930 0.0743 73.73 56.10  77  62  820000 1319000   250 10.01
0.932 0.0704 73.74 56.10  77  62  820000 1319000   250 10.01
0.934 0.0767 73.77 56.10  77  62  820000 1319000   250 10.01
0.936 0.0714 73.83 56.10  77  62  820000 1319000   250 10.01
0.938 0.0754 73.91 56.10  77  62  820000 1319000   250 10.01
0.940 0.0707 74.00 56.10  77  62  820000 1319000   250 10.01
0.942 0.0739 74.12 56.10  77  62  820000 1319000   250 10.01
0.944 0.0743 74.27 56.10  77  62  820000 1319000   250 10.01
0.946 0.0758 74.45 56.10  77  62  820000 1319000   250 10.01
0.948 0.0725 74.67 56.10  77  62  820000 1319000   250 10.01
0.950 0.0765 74.94 56.10  77  62  820000 1319000   250 10.01
0.952 0.0787 75.25 56.10  77  62  820000 1319000   250 10.01
0.954 0.0724 75.62 56.10  77  62  820000 1319000   250 10.01
0.956 0.0794 76.04 56.10  77  62  820000 1319000   250 10.01
0.958 0.0743 76.51 56.10  77  62  820000 1319000   250 10.01
0.960 0.0787 77.02 56.10  77  62  820000 1319000   250 10.01
0.962 0.0782 77.57 56.10  77  62  820000 1319000   250 10.01
0.964 0.0764 78.17 56.10  77  62  820000 1319000   250 10.01
0.966 0.0787 78.82 56.10  77  62  820000 1319000   250 10.01
0.968 0.0798 79.51 56.10  77  62  820000 1319000   250 10.01
0.970 0.0766 80.24 56.10  77  62  820000 1319000   250 10.01
0.972 0.0834 81.01 56.10  77  62  820000 1319000   250 10.01
0.974 0.0805 81.84 56.10  77  62  820000 1319000   250 10.01
0.976 0.0824 82.71 56.10  77  62  820000 1319000   250 10.01
0.978 0.0834 83.64 56.10  77  62  820000 1319000   250 10.01
0.980 0.0884 84.62 56.10  77  62  820000 1319000   250 10.01
0.982 0.0846 85.67 56.10  77  62  820000 1319000   250 10.01
0.984 0.0864 86.78 56.10  77  62  820000 1319000   250 10.01
0.986 0.0875 87.95 56.10  77  62  820000 1319000   250 10.01
0.988 0.0901 89.18 56.10  77  62  820000 1319000   250 10.01
0.990 0.0886 90.47 56.10  77  62  820000 1319000   250 10.01
0.992 0.0925 91.82 56.10  77  62  820000 1319000   250 10.01
0.994 0.0907 93.24 56.10  77  62  820000 1319000   250 10.01
0.996 0.0966 94.72 56.10  77  62  820000 1319000   250 10.01
0.998 0.0965 96.25 56.10  77  62  820000 1319000   250 10.01
1.000 0.0965 97.82 56.10  77  62  820000 1319000   250 10.01
1.002 0.1064 99.42 56.10  77  62  820000 1319000   250 10.01
1.004 0.0945 101.06 56.10  77  62  820000 1319000   250 10.01
1.006 0.1002 102.73 56.10  77  62  820000 1319000   250 10.01
1.008 0.1014 104.43 56.10  77  62  820000 1319000   250 10.01
1.010 0.1092 106.13 56.10  77  62  820000 1319000   250 10.01
1.012 0.1046 107.83 56.10  77  62  820000 1319000   250 10.01
1.014 0.1168 109.54 56.10  77  62  820000 1319000   250 10.01
1.016 0.1069 111.23 56.10  77  62  820000 1319000   250 10.01
1.018 0.1143 112.91 56.10  77  62  820000 1319000   250 10.01
1.020 0.1111 114.55 56.10  77  62  820000 1319000   250 10.01
1.022 0.1175 116.14 56.10  77  62  820000 1319000   250 10.01
1.024 0.1235 117.68 56.10  77  62  820000 1319000   250 10.01
1.026 0.1124 119.16 56.10  77  62  820000 1319000   250 10.01
1.028 0.1268 120.57 56.10  77  62  820000 1319000   250 10.01
1.030 0.1221 121.91 56.10  77  62  820000 1319000   250 10.01
1.032 0.1237 123.16 56.10  77  62  820000 1319000   250 10.01
1.034 0.1221 124.31 56.10  77  62  820000 1319000   250 10.01
1.036 0.1208 125.35 56.10  77  62  820000 1319000   250 10.01
1.038 0.1268 126.26 56.10  77  62  820000 1319000   250 10.01
1.040 0.1287 127.02 56.10  77  62  820000 1319000   250 10.01
1.042 0.1307 127.62 56.10  77  62  820000 1319000   250 10.01
1.044 0.1319 128.05 56.10  77  62  820000 1319000   250 10.01
1.046 0.1178 128.31 56.10  77  62  820000 1319000   250 10.01
1.048 0.1275 128.41 56.10  77  62  820000 1319000   250 10.01
1.050 0.1391 128.36 56.10  77  62  820000 1319000   250 10.01
1.052 0.1262 128.16 56.10  77  62  820000 1319000   250 10.01
1.054 0.1291 127.81 56.10  77  62  820000 1319000   250 10.01
1.056 0.1251 127.31 56.10  77  62  820000 1319000   250 10.01
1.058 0.1302 126.66 56.10  77  62  820000 1319000   250 10.01
1.060 0.1252 125.88 56.10  77  62  820000 1319000   250 10.01
1.062 0.1256 124.98 56.10  77  62  820000 1319000   250 10.01
1.064 0.1311 123.96 56.10  77  62  820000 1319000   250 10.01
1.066 0.1203 122.82 56.10  77  62  820000 1319000   250 10.01
1.068 0.1167 121.57 56.10  77  62  820000 1319000   250 10.01
1.070 0.1246 120.21 56.10  77  62  820000 1319000   250 10.01
1.072 0.1140 118.76 56.10  77  62  820000 1319000   250 10.01
1.074 0.1176 117.23 56.10  77  62  820000 1319000   250 10.01
1.076 0.1095 115.64 56.10  77  62  820000 1319000   250 10.01
1.078 0.1183 114.01 56.10  77  62  820000 1319000   250 10.01
1.080 0.1128 112.35 56.10  77  62  820000 1319000   250 10.01
1.082 0.1097 110.69 56.10  77  62  820000 1319000   250 10.01
1.084 0.1076 109.02 56.10  77  62  820000 1319000   250 10.01
1.086 0.1117 107.35 56.10  77  62  820000 1319000   250 10.01
1.088 0.1065 105.71 56.10  77  62  820000 1319000   250 10.01
1.090 0.1024 104.11 56.10  77  62  820000 1319000   250 10.01
1.092 0.1038 102.55 56.10  77  62  820000 1319000   250 10.01
1.094 0.0989 101.02 56.10  77  62  820000 1319000   250 10.01
1.096 0.1005 99.54 56.10  77  62  820000 1319000   250 10.01
1.098 0.0977 98.11 56.10  77  62  820000 1319000   250 10.01
1.100 0.0966 96.73 56.10  77  62  820000 1319000   250 10.01
1.102 0.0933 95.40 56.10  77  62  820000 1319000   250 10.01
1.104 0.0939 94.11 56.10  77  62  820000 1319000   250 10.01
1.106 0.0923 92.87 56.10  77  62  820000 1319000   250 10.01
1.108 0.0907 91.67 56.10  77  62  820000 1319000   250 10.01
1.110 0.0903 90.52 56.10  77  62  820000 1319000   250 10.01
1.112 0.0894 89.43 56.10  77  62  820000 1319000   250 10.01
1.114 0.0912 88.42 56.10  77  62  820000 1319000   250 10.01
1.116 0.0871 87.46 56.10  77  62  820000 1319000   250 10.01
1.118 0.0837 86.58 56.10  77  62  820000 1319000   250 10.01
1.120 0.0863 85.76 56.10  77  62  820000 1319000   250 10.01
1.122 0.0863 85.00 56.10  77  62  820000 1319000   250 10.01
1.124 0.0838 84.29 56.10  77  62  820000 1319000   250 10.01
1.126 0.0838 83.64 56.10  77  62  820000 1319000   250 10.01
1.128 0.0835 83.03 56.10  77  62  820000 1319000   250 10.01
1.130 0.0829 82.47 56.10  77  62  820000 1319000   250 10.01
1.132 0.0846 81.94 56.10  77  62  820000 1319000   250 10.01
1.134 0.0787 81.46 56.10  77  62  820000 1319000   250 10.01
1.136 0.0815 81.01 56.10  77  62  820000 1319000   250 10.01
1.138 0.0788 80.59 56.10  77  62  820000 1319000   250 10.01
1.140 0.0793 80.21 56.10  77  62  820000 1319000   250 10.01
1.142 0.0804 79.85 56.10  77  62  820000 1319000   250 10.01
1.144 0.0792 79.52 56.10  77  62  820000 1319000   250 10.01
1.146 0.0799 79.21 56.10  77  62  820000 1319000   250 10.01
1.148 0.0789 78.92 56.10  77  62  820000 1319000   250 10.01
1.150 0.0779 78.65 56.10  77  62  820000 1319000   250 10.01
1.152 0.0811 78.40 56.10  77  62  820000 1319000   250 10.01
1.154 0.0759 78.16 56.10  77  62  820000 1319000   250 10.01
1.156 0.0780 77.95 56.10  77  62  820000 1319000   250 10.01
1.158 0.0782 77.75 56.10  77  62  820000 1319000   250 10.01
1.160 0.0804 77.56 56.10  77  62  820000 1319000   250 10.01
1.162 0.0762 77.39 56.10  77  62  820000 1319000   250 10.01
1.164 0.0776 77.23 56.10  77  62  820000 1319000   250 10.01
1.166 0.0762 77.07 56.10  77  62  820000 1319000   250 10.01
1.168 0.0764 76.92 56.10  77  62  820000 1319000   250 10.01
1.170 0.0780 76.76 56.10  77  62  820000 1319000   250 10.01
1.172 0.0766 76.61 56.10  77  62  820000 1319000   250 10.01
1.174 0.0750 76.46 56.10  77  62  820000 1319000   250 10.01
1.176 0.0766 76.31 56.10  77  62  820000 1319000   250 10.01
1.178 0.0756 76.17 56.10  77  62  820000 1319000   250 10.01
1.180 0.0746 76.03 56.10  77  62  820000 1319000   250 10.01
1.182 0.0754 75.90 56.10  77  62  820000 1319000   250 10.01
1.184 0.0794 75.78 56.10  77  62  820000 1319000   250 10.01
1.186 0.0739 75.65 56.10  77  62  820000 1319000   250 10.01
1.188 0.0766 75.53 56.10  77  62  820000 1319000   250 10.01
1.190 0.0763 75.40 56.10  77  62  820000 1319000   250 10.01
1.192 0.0744 75.27 56.10  77  62  820000 1319000   250 10.01
1.194 0.0746 75.14 56.10  77  62  820000 1319000   250 10.01
1.196 0.0752 74.99 56.10  77  62  820000 1319000   250 10.01
1.198 0.0746 74.85 56.10  77  62  820000 1319000   250 10.01
1.200 0.0747 74.69 56.10  77  62  820000 1319000   250 10.01
1.202 0.0756 74.53 56.10  77  62  820000 1319000   250 10.01
1.204 0.0740 74.35 56.10  77  62  820000 1319000   250 10.01
1.206 0.0734 74.18 56.10  77  62  820000 1319000   250 10.01
1.208 0.0757 74.00 56.10  77  62  820000 1319000   250 10.01
1.210 0.0763 73.83 56.10  77  62  820000 1319000   250 10.01
1.212 0.0722 73.66 56.10  77  62  820000 1319000   250 10.01
1.214 0.0705 73.50 56.10  77  62  820000 1319000   250 10.01
1.216 0.0755 73.34 56.10  77  62  820000 1319000   250 10.01
1.218 0.0707 73.19 56.10  77  62  820000 1319000   250 10.01
1.220 0.0749 73.06 56.10  77  62  820000 1319000   250 10.01
1.222 0.0733 72.94 56.10  77  62  820000 1319000   250 10.01
1.224 0.0719 72.83 56.10  77  62  820000 1319000   250 10.01
1.226 0.0718 72.74 56.10  77  62  820000 1319000   250 10.01
1.228 0.0724 72.65 56.10  77  62  820000 1319000   250 10.01
1.230 0.0722 72.58 56.10  77  62  820000 1319000   250 10.01
1.232 0.0752 72.52 56.10  77  62  820000 1319000   250 10.01
1.234 0.0713 72.47 56.10  77  62  820000 1319000   250 10.01
1.236 0.0709 72.43 56.10  77  62  820000 1319000   250 10.01
1.238 0.0722 72.40 56.10  77  62  820000 1319000   250 10.01
1.240 0.0751 72.38 56.10  77  62  820000 1319000   250 10.01
1.242 0.0698 72.36 56.10  77  62  820000 1319000   250 10.01
1.244 0.0773 72.35 56.10  77  62  820000 1319000   250 10.01
1.246 0.0677 72.34 56.10  77  62  820000 1319000   250 10.01
1.248 0.0752 72.32 56.10  77  62  820000 1319000   250 10.01
1.251 0.0692 72.31 56.10  77  62  820000 1319000   250 10.01
1.253 0.0733 72.30 56.10  77  62  820000 1319000   250 10.01
1.255 0.0729 72.28 56.10  77  62  820000 1319000   250 10.01
1.257 0.0719 72.27 56.10  77  62  820000 1319000   250 10.01
1.259 0.0749 72.26 56.10  77  62  820000 1319000   250 10.01
1.261 0.0704 72.27 56.10  77  62  820000 1319000   250 10.01
1.263 0.0714 72.27 56.10  77  62  820000 1319000   250 10.01
1.265 0.0748 72.29 56.10  77  62  820000 1319000   250 10.01
1.267 0.0693 72.30 56.10  77  62  820000 1319000   250 10.01
1.269 0.0734 72.33 56.10  77  62  820000 1319000   250 10.01
1.271 0.0727 72.36 56.10  77  62  820000 1319000   250 10.01
1.273 0.0703 72.38 56.10  77  62  820000 1319000   250 10.01
1.275 0.0733 72.41 56.10  77  62  820000 1319000   250 10.01
1.277 0.0727 72.43 56.10  77  62  820000 1319000   250 10.01
1.279 0.0711 72.44 56.10  77  62  820000 1319000   250 10.01
1.281 0.0742 72.44 56.10  77  62  820000 1319000   250 10.01
1.283 0.0728 72.43 56.10  77  62  820000 1319000   250 10.01
1.285 0.0718 72.41 56.10  77  62  820000 1319000   250 10.01
1.287 0.0723 72.37 56.10  77  62  820000 1319000   250 10.01
1.289 0.0720 72.32 56.10  77  62  820000 1319000   250 10.01
1.291 0.0742 72.27 56.10  77  62  820000 1319000   250 10.01
1.293 0.0708 72.21 56.10  77  62  820000 1319000   250 10.01
1.295 0.0734 72.15 56.10  77  62  820000 1319000   250 10.01
1.297 0.0747 72.09 56.10  77  62  820000 1319000   250 10.01
1.299 0.0700 72.03 56.10  77  62  820000 1319000   250 10.01
1.301 0.0719 71.98 56.10  77  62  820000 1319000   250 10.01
1.303 0.0708 71.92 56.10  77  62  820000 1319000   250 10.01
1.305 0.0737 71.87 56.10  77  62  820000 1319000   250 10.01
1.307 0.0712 71.81 56.10  77  62  820000 1319000   250 10.01
1.309 0.0684 71.76 56.10  77  62  820000 1319000   250 10.01
1.311 0.0741 71.71 56.10  77  62  820000 1319000   250 10.01
1.313 0.0693 71.67 56.10  77  62  820000 1319000   250 10.01
1.315 0.0730 71.63 56.10  77  62  820000 1319000   250 10.01
1.317 0.0694 71.60 56.10  77  62  820000 1319000   250 10.01
1.319 0.0717 71.57 56.10  77  62  820000 1319000   250 10.01
1.321 0.0741 71.56 56.10  77  62  820000 1319000   250 10.01
1.323 0.0698 71.55 56.10  77  62  820000 1319000   250 10.01
1.325 0.0727 71.55 56.10  77  62  820000 1319000   250 10.01
1.327 0.0723 71.57 56.10  77  62  820000 1319000   250 10.01
1.329 0.0725 71.59 56.10  77  62  820000 1319000   250 10.01
1.331 0.0713 71.63 56.10  77  62  820000 1319000   250 10.01
1.333 0.0723 71.67 56.10  77  62  820000 1319000   250 10.01
1.335 0.0718 71.71 56.10  77  62  820000 1319000   250 10.01
1.337 0.0714 71.74 56.10  77  62  820000 1319000   250 10.01
1.339 0.0710 71.75 56.10  77  62  820000 1319000   250 10.01
1.341 0.0704 71.74 56.10  77  62  820000 1319000   250 10.01
1.343 0.0713 71.71 56.10  77  62  820000 1319000   250 10.01
1.345 0.0705 71.68 56.10  77  62  820000 1319000   250 10.01
1.347 0.0746 71.65 56.10  77  62  820000 1319000   250 10.01
1.349 0.0723 71.62 56.10  77  62  820000 1319000   250 10.01
1.351 0.0697 71.60 56.10  77  62  820000 1319000   250 10.01
1.353 0.0706 71.59 56.10  77  62  820000 1319000   250 10.01
1.355 0.0734 71.60 56.10  77  62  820000 1319000   250 10.01
1.357 0.0737 71.61 56.10  77  62  820000 1319000   250 10.01
1.359 0.0705 71.62 56.10  77  62  820000 1319000   250 10.01
1.361 0.0704 71.63 56.10  77  62  820000 1319000   250 10.01
1.363 0.0747 71.63 56.10  77  62  820000 1319000   250 10.01
1.365 0.0676 71.61 56.10  77  62  820000 1319000   250 10.01
1.367 0.0753 71.58 56.10  77  62  820000 1319000   250 10.01
1.369 0.0712 71.54 56.10  77  62  820000 1319000   250 10.01
1.371 0.0675 71.48 56.10  77  62  820000 1319000   250 10.01
1.373 0.0686 71.41 56.10  77  62  820000 1319000   250 10.01
1.375 0.0726 71.34 56.10  77  62  820000 1319000   250 10.01
1.377 0.0731 71.28 56.10  77  62  820000 1319000   250 10.01
1.379 0.0729 71.24 56.10  77  62  820000 1319000   250 10.01
1.381 0.0747 71.22 56.10  77  62  820000 1319000   250 10.01
1.383 0.0725 71.22 56.10  77  62  820000 1319000   250 10.01
1.385 0.0704 71.24 56.10  77  62  820000 1319000   250 10.01
1.387 0.0687 71.27 56.10  77  62  820000 1319000   250 10.01
1.389 0.0734 71.30 56.10  77  62  820000 1319000   250 10.01
1.391 0.0663 71.34 56.10  77  62  820000 1319000   250 10.01
1.393 0.0719 71.38 56.10  77  62  820000 1319000   250 10.01
1.395 0.0709 71.43 56.10  77  62  820000 1319000   250 10.01
1.397 0.0695 71.48 56.10  77  62  820000 1319000   250 10.01
1.399 0.0736 71.53 56.10  77  62  820000 1319000   250 10.01
1.401 0.0671 71.57 56.10  77  62  820000 1319000   250 10.01
1.403 0.0776 71.60 56.10  77  62  820000 1319000   250 10.01
1.405 0.0699 71.63 56.10  77  62  820000 1319000   250 10.01
1.407 0.0716 71.65 56.10  77  62  820000 1319000   250 10.01
1.409 0.0748 71.66 56.10  77  62  820000 1319000   250 10.01
1.411 0.0696 71.68 56.10  77  62  820000 1319000   250 10.01
1.413 0.0761 71.70 56.10  77  62  820000 1319000   250 10.01
1.415 0.0729 71.73 56.10  77  62  820000 1319000   250 10.01
1.417 0.0670 71.78 56.10  77  62  820000 1319000   250 10.01
1.419 0.0748 71.83 56.10  77  62  820000 1319000   250 10.01
1.421 0.0671 71.87 56.10  77  62  820000 1319000   250 10.01
1.423 0.0714 71.91 56.10  77  62  820000 1319000   250 10.01
1.425 0.0780 71.95 56.10  77  62  820000 1319000   250 10.01
1.427 0.0698 71.97 56.10  77  62  820000 1319000   250 10.01
1.429 0.0692 72.00 56.10  77  62  820000 1319000   250 10.01
1.431 0.0756 72.03 56.10  77  62  820000 1319000   250 10.01
1.433 0.0689 72.07 56.10  77  62  820000 1319000   250 10.01
1.435 0.0723 72.12 56.10  77  62  820000 1319000   250 10.01
1.437 0.0730 72.18 56.10  77  62  820000 1319000   250 10.01
1.439 0.0664 72.25 56.10  77  62  820000 1319000   250 10.01
1.441 0.0755 72.34 56.10  77  62  820000 1319000   250 10.01
1.443 0.0743 72.42 56.10  77  62  820000 1319000   250 10.01
1.445 0.0710 72.52 56.10  77  62  820000 1319000   250 10.01
1.447 0.0697 72.63 56.10  77  62  820000 1319000   250 10.01
1.449 0.0801 72.74 56.10  77  62  820000 1319000   250 10.01
1.451 0.0759 72.86 56.10  77  62  820000 1319000   250 10.01
1.453 0.0688 72.97 56.10  77  62  820000 1319000   250 10.01
1.455 0.0711 73.08 56.10  77  62  820000 1319000   250 10.01
1.457 0.0782 73.18 56.10  77  62  820000 1319000   250 10.01
1.459 0.0705 73.27 56.10  77  62  820000 1319000   250 10.01
1.461 0.0713 73.36 56.10  77  62  820000 1319000   250 10.01
1.463 0.0720 73.45 56.10  77  62  820000 1319000   250 10.01
1.465 0.0735 73.56 56.10  77  62  820000 1319000   250 10.01
1.467 0.0753 73.67 56.10  77  62  820000 1319000   250 10.01
1.469 0.0771 73.77 56.10  77  62  820000 1319000   250 10.01
1.471 0.0680 73.85 56.10  77  62  820000 1319000   250 10.01
1.473 0.0733 73.92 56.10  77  62  820000 1319000   250 10.01
1.475 0.0748 73.97 56.10  77  62  820000 1319000   250 10.01
1.477 0.0771 74.01 56.10  77  62  820000 1319000   250 10.01
1.479 0.0748 74.04 56.10  77  62  820000 1319000   250 10.01
1.481 0.0709 74.06 56.10  77  62  820000 1319000   250 10.01
1.483 0.0755 74.09 56.10  77  62  820000 1319000   250 10.01
1.485 0.0769 74.10 56.10  77  62  820000 1319000   250 10.01
1.487 0.0722 74.11 56.10  77  62  820000 1319000   250 10.01
1.489 0.0731 74.10 56.10  77  62  820000 1319000   250 10.01
1.491 0.0739 74.09 56.10  77  62  820000 1319000   250 10.01
1.493 0.0732 74.07 56.10  77  62  820000 1319000   250 10.01
1.495 0.0773 74.04 56.10  77  62  820000 1319000   250 10.01
1.497 0.0761 74.00 56.10  77  62  820000 1319000   250 10.01
1.499 0.0747 73.96 56.10  77  62  820000 1319000   250 10.01
1.501 0.0735 73.91 56.10  77  62  820000 1319000   250 10.01
1.503 0.0742 73.85 56.10  77  62  820000 1319000   250 10.01
1.505 0.0670 73.80 56.10  77  62  820000 1319000   250 10.01
1.507 0.0716 73.74 56.10  77  62  820000 1319000   250 10.01
1.509 0.0730 73.67 56.10  77  62  820000 1319000   250 10.01
1.511 0.0763 73.59 56.10  77  62  820000 1319000   250 10.01
1.513 0.0729 73.52 56.10  77  62  820000 1319000   250 10.01
1.515 0.0800 73.45 56.10  77  62  820000 1319000   250 10.01
1.517 0.0713 73.39 56.10  77  62  820000 1319000   250 10.01
1.519 0.0698 73.34 56.10  77  62  820000 1319000   250 10.01
1.521 0.0761 73.29 56.10  77  62  820000 1319000   250 10.01
1.523 0.0751 73.26 56.10  77  62  820000 1319000   250 10.01
1.525 0.0705 73.25 56.10  77  62  820000 1319000   250 10.01
1.527 0.0772 73.28 56.10  77  62  820000 1319000   250 10.01
1.529 0.0746 73.34 56.10  77  62  820000 1319000   250 10.01
1.531 0.0706 73.43 56.10  77  62  820000 1319000   250 10.01
1.533 0.0705 73.54 56.10  77  62  820000 1319000   250 10.01
1.535 0.0710 73.66 56.10  77  62  820000 1319000   250 10.01
1.537 0.0775 73.77 56.10  77  62  820000 1319000   250 10.01
1.539 0.0734 73.85 56.10  77  62  820000 1319000   250 10.01
1.541 0.0717 73.89 56.10  77  62  820000 1319000   250 10.01
1.543 0.0749 73.92 56.10  77  62  820000 1319000   250 10.01
1.545 0.0703 73.93 56.10  77  62  820000 1319000   250 10.01
1.547 0.0746 73.94 56.10  77  62  820000 1319000   250 10.01
1.549 0.0769 73.96 56.10  77  62  820000 1319000   250 10.01
1.551 0.0778 73.98 56.10  77  62  820000 1319000   250 10.01
1.553 0.0691 74.00 56.10  77  62  820000 1319000   250 10.01
1.555 0.0726 74.03 56.10  77  62  820000 1319000   250 10.01
1.557 0.0791 74.05 56.10  77  62  820000 1319000   250 10.01
1.559 0.0778 74.08 56.10  77  62  820000 1319000   250 10.01
1.561 0.0787 74.10 56.10  77  62  820000 1319000   250 10.01
1.563 0.0705 74.13 56.10  77  62  820000 1319000   250 10.01
1.565 0.0757 74.16 56.10  77  62  820000 1319000   250 10.01
1.567 0.0690 74.19 56.10  77  62  820000 1319000   250 10.01
1.569 0.0742 74.20 56.10  77  62  820000 1319000   250 10.01
1.572 0.0718 74.20 56.10  77  62  820000 1319000   250 10.01
1.574 0.0690 74.19 56.10  77  62  820000 1319000   250 10.01
1.576 0.0750 74.18 56.10  77  62  820000 1319000   250 10.01
1.579 0.0742 74.18 56.10  77  62  820000 1319000   250 10.01
1.582 0.0746 74.18 56.10  77  62  820000 1319000   250 10.01
1.585 0.0777 74.20 56.10  77  62  820000 1319000   250 10.01
1.587 0.0773 74.23 56.10  77  62  820000 1319000   250 10.01
1.590 0.0727 74.29 56.10  77  62  820000 1319000   250 10.01
1.594 0.0719 74.38 56.10  77  62  820000 1319000   250 10.01
1.597 0.0759 74.49 56.10  77  62  820000 1319000   250 10.01
1.600 0.0785 74.63 56.10  77  62  820000 1319000   250 10.01
1.604 0.0743 74.79 56.10  77  62  820000 1319000   250 10.01
1.608 0.0745 74.96 56.10  77  62  820000 1319000   250 10.01
1.612 0.0740 75.13 56.10  77  62  820000 1319000   250 10.01
1.616 0.0756 75.30 56.10  77  62  820000 1319000   250 10.01
1.620 0.0741 75.46 56.10  77  62  820000 1319000   250 10.01
1.624 0.0751 75.59 56.10  77  62  820000 1319000   250 10.01
1.629 0.0755 75.70 56.10  77  62  820000 1319000   250 10.01
1.634 0.0748 75.80 56.10  77  62  820000 1319000   250 10.01
1.638 0.0742 75.90 56.10  77  62  820000 1319000   250 10.01
1.644 0.0771 76.01 56.10  77  62  820000 1319000   250 10.01
1.649 0.0754 76.12 56.10  77  62  820000 1319000   250 10.01
1.655 0.0765 76.23 56.10  77  62  820000 1319000   250 10.01
1.661 0.0780 76.34 56.10  77  62  820000 1319000   250 10.01
1.667 0.0777 76.44 56.10  77  62  820000 1319000   250 10.01
1.673 0.0757 76.52 56.10  77  62  820000 1319000   250 10.01
1.680 0.0777 76.58 56.10  77  62  820000 1319000   250 10.01
1.687 0.0754 76.61 56.10  77  62  820000 1319000   250 10.01
1.694 0.0794 76.60 56.10  77  62  820000 1319000   250 10.01
1.701 0.0756 76.56 56.10  77  62  820000 1319000   250 10.01
1.709 0.0770 76.48 56.10  77  62  820000 1319000   250 10.01
1.717 0.0763 76.37 56.10  77  62  820000 1319000   250 10.01
1.726 0.0770 76.22 56.10  77  62  820000 1319000   250 10.01
1.735 0.0754 76.03 56.10  77  62  820000 1319000   250 10.01
1.744 0.0763 75.82 56.10  77  62  820000 1319000   250 10.01
1.753 0.0769 75.60 56.10  77  62  820000 1319000   250 10.01
1.764 0.0759 75.38 56.10  77  62  820000 1319000   250 10.01
1.774 0.0761 75.18 56.10  77  62  820000 1319000   250 10.01
1.784 0.0750 75.00 56.10  77  62  820000 1319000   250 10.01
1.794 0.0737 74.87 56.10  77  62  820000 1319000   250 10.01
1.804 0.0750 74.81 56.10  77  62  820000 1319000   250 10.01
1.814 0.0763 74.84 56.10  77  62  820000 1319000   250 10.01
1.824 0.0761 74.97 56.10  77  62  820000 1319000   250 10.01
1.834 0.0736 75.23 56.10  77  62  820000 1319000   250 10.01
1.844 0.0757 75.63 56.10  77  62  820000 1319000   250 10.01
1.854 0.0753 76.21 56.10  77  62  820000 1319000   250 10.01
1.864 0.0768 76.99 56.10  77  62  820000 1319000   250 10.01
1.874 0.0758 77.99 56.10  77  62  820000 1319000   250 10.01
1.884 0.0780 79.23 56.10  77  62  820000 1319000   250 10.01
1.894 0.0803 80.72 56.10  77  62  820000 1319000   250 10.01
1.904 0.0801 82.44 56.10  77  62  820000 1319000   250 10.01
1.914 0.0807 84.37 56.10  77  62  820000 1319000   250 10.01
1.924 0.0836 86.46 56.10  77  62  820000 1319000   250 10.01
1.934 0.0864 88.68 56.10  77  62  820000 1319000   250 10.01
1.944 0.0887 90.94 56.10  77  62  820000 1319000   250 10.01
1.954 0.0912 93.21 56.10  77  62  820000 1319000   250 10.01
1.964 0.0938 95.40 56.10  77  62  820000 1319000   250 10.01
1.974 0.0974 97.46 56.10  77  62  820000 1319000   250 10.01
1.984 0.1003 99.34 56.10  77  62  820000 1319000   250 10.01
1.994 0.1036 101.01 56.10  77  62  820000 1319000   250 10.01
2.004 0.1059 102.44 56.10  77  62  820000 1319000   250 10.01
2.014 0.1094 103.66 56.10  77  62  820000 1319000   250 10.01
2.024 0.1122 104.66 56.10  77  62  820000 1319000   250 10.01
2.034 0.1154 105.48 56.10  77  62  820000 1319000   250 10.01
2.044 0.1160 106.18 56.10  77  62  820000 1319000   250 10.01
2.054 0.1175 106.82 56.10  77  62  820000 1319000   250 10.01
2.064 0.1155 107.46 56.10  77  62  820000 1319000   250 10.01
2.074 0.1132 108.19 56.10  77  62  820000 1319000   250 10.01
2.084 0.1096 109.07 56.10  77  62  820000 1319000   250 10.01
2.094 0.1078 110.19 56.10  77  62  820000 1319000   250 10.01
2.104 0.1081 111.62 56.10  77  62  820000 1319000   250 10.01
2.114 0.1078 113.44 56.10  77  62  820000 1319000   250 10.01
2.124 0.1091 115.73 56.10  77  62  820000 1319000   250 10.01
2.134 0.1121 118.71 56.10  77  62  820000 1319000   250 10.01
2.144 0.1154 124.73 56.10  77  62  820000 1319000   250 10.01
2.154 0.1217 133.97 56.10  77  62  820000 1319000   250 10.01
2.164 0.1265 144.29 56.10  77  62  820000 1319000   250 10.01
2.174 0.1369 154.54 56.10  77  62  820000 1319000   250 10.01
2.184 0.1452 164.34 56.10  77  62  820000 1319000   250 10.01
2.194 0.1583 173.60 56.10  77  62  820000 1319000   250 10.01
2.204 0.1662 182.34 56.10  77  62  820000 1319000   250 10.01
2.214 0.1774 190.60 56.10  77  62  820000 1319000   250 10.01
2.224 0.1916 198.44 56.10  77  62  820000 1319000   250 10.01
2.234 0.2018 205.92 56.10  77  62  820000 1319000   250 10.01
2.244 0.2192 213.08 56.10  77  62  820000 1319000   250 10.01
2.255 0.2299 219.97 56.10  77  62  820000 1319000   250 10.01
2.265 0.2491 226.61 56.10  77  62  820000 1319000   250 10.01
2.275 0.2653 233.03 56.10  77  62  820000 1319000   250 10.01
2.285 0.2827 239.23 56.10  77  62  820000 1319000   250 10.01
2.295 0.3074 245.22 56.10  77  62  820000 1319000   250 10.01
2.305 0.3290 250.99 56.10  77  62  820000 1319000   250 10.01
2.315 0.3572 256.52 56.10  77  62  820000 1319000   250 10.01
2.325 0.3958 261.78 56.10  77  62  820000 1319000   250 10.01
2.335 0.4181 266.75 56.10  77  62  820000 1319000   250 10.01
2.345 0.4453 271.37 56.10  77  62  820000 1319000   250 10.01
2.355 0.0000 275.58 56.10  77  62  820000 1319000   250 10.01
2.365 0.0000 279.33 56.10  77  62  820000 1319000   250 10.01
