     x     qy smooth tpara  cd  zL     xTr    xCpl frame tma
-1.095 0.2153 170.72 68.00  72  62  635000 1215000   260 10.19
-1.086 0.1404 160.35 68.00  72  62  635000 1215000   260 10.19
-1.078 0.2022 150.49 68.00  72  62  635000 1215000   260 10.19
-1.069 0.1319 141.13 68.00  72  62  635000 1215000   260 10.19
-1.060 0.1328 132.25 68.00  72  62  635000 1215000   260 10.19
-1.052 0.0939 123.84 68.00  72  62  635000 1215000   260 10.19
-1.043 0.0989 115.90 68.00  72  62  635000 1215000   260 10.19
-1.034 0.0909 108.42 68.00  72  62  635000 1215000   260 10.19
-1.026 0.0842 101.37 68.00  72  62  635000 1215000   260 10.19
-1.017 0.0806 94.77 68.00  72  62  635000 1215000   260 10.19
-1.009 0.0759 88.60 68.00  72  62  635000 1215000   260 10.19
-1.000 0.0730 82.86 68.00  72  62  635000 1215000   260 10.19
-0.991 0.0694 77.55 68.00  72  62  635000 1215000   260 10.19
-0.983 0.0673 72.66 68.00  72  62  635000 1215000   260 10.19
-0.974 0.0635 68.22 68.00  72  62  635000 1215000   260 10.19
-0.966 0.0624 64.22 68.00  72  62  635000 1215000   260 10.19
-0.957 0.0603 60.67 68.00  72  62  635000 1215000   260 10.19
-0.948 0.0581 57.60 68.00  72  62  635000 1215000   260 10.19
-0.940 0.0584 55.03 68.00  72  62  635000 1215000   260 10.19
-0.931 0.0557 52.99 68.00  72  62  635000 1215000   260 10.19
-0.922 0.0541 51.52 68.00  72  62  635000 1215000   260 10.19
-0.914 0.0534 50.65 68.00  72  62  635000 1215000   260 10.19
-0.905 0.0520 50.28 68.00  72  62  635000 1215000   260 10.19
-0.897 0.0512 50.03 68.00  72  62  635000 1215000   260 10.19
-0.888 0.0510 49.28 68.00  72  62  635000 1215000   260 10.19
-0.879 0.0488 48.46 68.00  72  62  635000 1215000   260 10.19
-0.871 0.0476 47.64 68.00  72  62  635000 1215000   260 10.19
-0.862 0.0475 46.83 68.00  72  62  635000 1215000   260 10.19
-0.853 0.0469 46.07 68.00  72  62  635000 1215000   260 10.19
-0.845 0.0454 45.35 68.00  72  62  635000 1215000   260 10.19
-0.836 0.0455 44.67 68.00  72  62  635000 1215000   260 10.19
-0.828 0.0451 44.04 68.00  72  62  635000 1215000   260 10.19
-0.819 0.0439 43.46 68.00  72  62  635000 1215000   260 10.19
-0.810 0.0434 42.94 68.00  72  62  635000 1215000   260 10.19
-0.802 0.0422 42.47 68.00  72  62  635000 1215000   260 10.19
-0.793 0.0416 42.07 68.00  72  62  635000 1215000   260 10.19
-0.784 0.0410 41.73 68.00  72  62  635000 1215000   260 10.19
-0.776 0.0399 41.44 68.00  72  62  635000 1215000   260 10.19
-0.767 0.0398 41.22 68.00  72  62  635000 1215000   260 10.19
-0.759 0.0402 41.04 68.00  72  62  635000 1215000   260 10.19
-0.750 0.0395 40.91 68.00  72  62  635000 1215000   260 10.19
-0.741 0.0408 40.82 68.00  72  62  635000 1215000   260 10.19
-0.733 0.0411 40.76 68.00  72  62  635000 1215000   260 10.19
-0.724 0.0425 40.75 68.00  72  62  635000 1215000   260 10.19
-0.716 0.0410 40.76 68.00  72  62  635000 1215000   260 10.19
-0.707 0.0415 40.80 68.00  72  62  635000 1215000   260 10.19
-0.698 0.0411 40.86 68.00  72  62  635000 1215000   260 10.19
-0.690 0.0416 40.93 68.00  72  62  635000 1215000   260 10.19
-0.681 0.0407 41.01 68.00  72  62  635000 1215000   260 10.19
-0.672 0.0414 41.10 68.00  72  62  635000 1215000   260 10.19
-0.664 0.0419 41.18 68.00  72  62  635000 1215000   260 10.19
-0.655 0.0413 41.24 68.00  72  62  635000 1215000   260 10.19
-0.647 0.0420 41.29 68.00  72  62  635000 1215000   260 10.19
-0.638 0.0421 41.31 68.00  72  62  635000 1215000   260 10.19
-0.629 0.0407 41.31 68.00  72  62  635000 1215000   260 10.19
-0.621 0.0407 41.28 68.00  72  62  635000 1215000   260 10.19
-0.612 0.0406 41.23 68.00  72  62  635000 1215000   260 10.19
-0.603 0.0405 41.16 68.00  72  62  635000 1215000   260 10.19
-0.595 0.0414 41.08 68.00  72  62  635000 1215000   260 10.19
-0.586 0.0413 40.99 68.00  72  62  635000 1215000   260 10.19
-0.578 0.0408 40.89 68.00  72  62  635000 1215000   260 10.19
-0.569 0.0411 40.80 68.00  72  62  635000 1215000   260 10.19
-0.560 0.0411 40.70 68.00  72  62  635000 1215000   260 10.19
-0.552 0.0407 40.60 68.00  72  62  635000 1215000   260 10.19
-0.543 0.0412 40.50 68.00  72  62  635000 1215000   260 10.19
-0.534 0.0400 40.40 68.00  72  62  635000 1215000   260 10.19
-0.526 0.0407 40.30 68.00  72  62  635000 1215000   260 10.19
-0.517 0.0399 40.19 68.00  72  62  635000 1215000   260 10.19
-0.509 0.0396 40.09 68.00  72  62  635000 1215000   260 10.19
-0.500 0.0394 39.99 68.00  72  62  635000 1215000   260 10.19
-0.491 0.0404 39.89 68.00  72  62  635000 1215000   260 10.19
-0.483 0.0397 39.79 68.00  72  62  635000 1215000   260 10.19
-0.474 0.0398 39.70 68.00  72  62  635000 1215000   260 10.19
-0.466 0.0395 39.61 68.00  72  62  635000 1215000   260 10.19
-0.457 0.0395 39.53 68.00  72  62  635000 1215000   260 10.19
-0.448 0.0389 39.46 68.00  72  62  635000 1215000   260 10.19
-0.440 0.0395 39.40 68.00  72  62  635000 1215000   260 10.19
-0.431 0.0394 39.36 68.00  72  62  635000 1215000   260 10.19
-0.422 0.0401 39.33 68.00  72  62  635000 1215000   260 10.19
-0.414 0.0393 39.32 68.00  72  62  635000 1215000   260 10.19
-0.405 0.0389 39.31 68.00  72  62  635000 1215000   260 10.19
-0.397 0.0390 39.31 68.00  72  62  635000 1215000   260 10.19
-0.388 0.0392 39.31 68.00  72  62  635000 1215000   260 10.19
-0.379 0.0391 39.31 68.00  72  62  635000 1215000   260 10.19
-0.371 0.0394 39.31 68.00  72  62  635000 1215000   260 10.19
-0.362 0.0397 39.30 68.00  72  62  635000 1215000   260 10.19
-0.353 0.0398 39.30 68.00  72  62  635000 1215000   260 10.19
-0.345 0.0385 39.31 68.00  72  62  635000 1215000   260 10.19
-0.336 0.0404 39.32 68.00  72  62  635000 1215000   260 10.19
-0.328 0.0391 39.34 68.00  72  62  635000 1215000   260 10.19
-0.319 0.0398 39.37 68.00  72  62  635000 1215000   260 10.19
-0.310 0.0390 39.42 68.00  72  62  635000 1215000   260 10.19
-0.302 0.0402 39.48 68.00  72  62  635000 1215000   260 10.19
-0.293 0.0401 39.56 68.00  72  62  635000 1215000   260 10.19
-0.284 0.0392 39.65 68.00  72  62  635000 1215000   260 10.19
-0.276 0.0397 39.74 68.00  72  62  635000 1215000   260 10.19
-0.267 0.0395 39.86 68.00  72  62  635000 1215000   260 10.19
-0.259 0.0390 39.98 68.00  72  62  635000 1215000   260 10.19
-0.250 0.0387 40.11 68.00  72  62  635000 1215000   260 10.19
-0.241 0.0404 40.25 68.00  72  62  635000 1215000   260 10.19
-0.233 0.0400 40.40 68.00  72  62  635000 1215000   260 10.19
-0.224 0.0410 40.56 68.00  72  62  635000 1215000   260 10.19
-0.216 0.0406 40.72 68.00  72  62  635000 1215000   260 10.19
-0.207 0.0413 40.90 68.00  72  62  635000 1215000   260 10.19
-0.198 0.0418 41.07 68.00  72  62  635000 1215000   260 10.19
-0.190 0.0416 41.26 68.00  72  62  635000 1215000   260 10.19
-0.181 0.0412 41.44 68.00  72  62  635000 1215000   260 10.19
-0.172 0.0422 41.64 68.00  72  62  635000 1215000   260 10.19
-0.164 0.0416 41.83 68.00  72  62  635000 1215000   260 10.19
-0.155 0.0423 42.03 68.00  72  62  635000 1215000   260 10.19
-0.147 0.0415 42.22 68.00  72  62  635000 1215000   260 10.19
-0.138 0.0424 42.40 68.00  72  62  635000 1215000   260 10.19
-0.129 0.0413 42.55 68.00  72  62  635000 1215000   260 10.19
-0.121 0.0428 42.66 68.00  72  62  635000 1215000   260 10.19
-0.112 0.0430 42.73 68.00  72  62  635000 1215000   260 10.19
-0.103 0.0422 42.75 68.00  72  62  635000 1215000   260 10.19
-0.095 0.0423 42.71 68.00  72  62  635000 1215000   260 10.19
-0.086 0.0428 42.62 68.00  72  62  635000 1215000   260 10.19
-0.078 0.0427 42.46 68.00  72  62  635000 1215000   260 10.19
-0.069 0.0419 42.23 68.00  72  62  635000 1215000   260 10.19
-0.060 0.0419 41.94 68.00  72  62  635000 1215000   260 10.19
-0.052 0.0420 41.57 68.00  72  62  635000 1215000   260 10.19
-0.043 0.0426 41.13 68.00  72  62  635000 1215000   260 10.19
-0.034 0.0424 40.62 68.00  72  62  635000 1215000   260 10.19
-0.026 0.0419 40.04 68.00  72  62  635000 1215000   260 10.19
-0.017 0.0403 39.40 68.00  72  62  635000 1215000   260 10.19
-0.009 0.0406 38.70 68.00  72  62  635000 1215000   260 10.19
0.000 0.0379 37.95 68.00  72  62  635000 1215000   260 10.19
0.009 0.0363 37.17 68.00  72  62  635000 1215000   260 10.19
0.017 0.0358 36.36 68.00  72  62  635000 1215000   260 10.19
0.026 0.0346 35.54 68.00  72  62  635000 1215000   260 10.19
0.034 0.0344 34.71 68.00  72  62  635000 1215000   260 10.19
0.043 0.0336 33.90 68.00  72  62  635000 1215000   260 10.19
0.052 0.0334 33.11 68.00  72  62  635000 1215000   260 10.19
0.060 0.0325 32.36 68.00  72  62  635000 1215000   260 10.19
0.069 0.0302 31.66 68.00  72  62  635000 1215000   260 10.19
0.078 0.0304 31.01 68.00  72  62  635000 1215000   260 10.19
0.086 0.0296 30.44 68.00  72  62  635000 1215000   260 10.19
0.095 0.0286 29.94 68.00  72  62  635000 1215000   260 10.19
0.103 0.0289 29.53 68.00  72  62  635000 1215000   260 10.19
0.112 0.0297 29.20 68.00  72  62  635000 1215000   260 10.19
0.121 0.0288 28.96 68.00  72  62  635000 1215000   260 10.19
0.129 0.0290 28.80 68.00  72  62  635000 1215000   260 10.19
0.138 0.0285 28.71 68.00  72  62  635000 1215000   260 10.19
0.147 0.0287 28.69 68.00  72  62  635000 1215000   260 10.19
0.155 0.0281 28.72 68.00  72  62  635000 1215000   260 10.19
0.164 0.0289 28.79 68.00  72  62  635000 1215000   260 10.19
0.172 0.0287 28.91 68.00  72  62  635000 1215000   260 10.19
0.181 0.0285 29.05 68.00  72  62  635000 1215000   260 10.19
0.190 0.0294 29.22 68.00  72  62  635000 1215000   260 10.19
0.198 0.0306 29.41 68.00  72  62  635000 1215000   260 10.19
0.207 0.0293 29.62 68.00  72  62  635000 1215000   260 10.19
0.216 0.0298 29.84 68.00  72  62  635000 1215000   260 10.19
0.224 0.0307 30.05 68.00  72  62  635000 1215000   260 10.19
0.233 0.0290 30.25 68.00  72  62  635000 1215000   260 10.19
0.241 0.0317 30.45 68.00  72  62  635000 1215000   260 10.19
0.250 0.0319 30.63 68.00  72  62  635000 1215000   260 10.19
0.259 0.0309 30.81 68.00  72  62  635000 1215000   260 10.19
0.267 0.0314 30.98 68.00  72  62  635000 1215000   260 10.19
0.276 0.0308 31.14 68.00  72  62  635000 1215000   260 10.19
0.284 0.0307 31.29 68.00  72  62  635000 1215000   260 10.19
0.293 0.0321 31.43 68.00  72  62  635000 1215000   260 10.19
0.302 0.0318 31.56 68.00  72  62  635000 1215000   260 10.19
0.310 0.0316 31.69 68.00  72  62  635000 1215000   260 10.19
0.319 0.0316 31.81 68.00  72  62  635000 1215000   260 10.19
0.328 0.0323 31.94 68.00  72  62  635000 1215000   260 10.19
0.336 0.0325 32.08 68.00  72  62  635000 1215000   260 10.19
0.345 0.0314 32.22 68.00  72  62  635000 1215000   260 10.19
0.353 0.0329 32.38 68.00  72  62  635000 1215000   260 10.19
0.362 0.0321 32.56 68.00  72  62  635000 1215000   260 10.19
0.371 0.0312 32.76 68.00  72  62  635000 1215000   260 10.19
0.379 0.0333 32.98 68.00  72  62  635000 1215000   260 10.19
0.388 0.0330 33.22 68.00  72  62  635000 1215000   260 10.19
0.397 0.0346 33.48 68.00  72  62  635000 1215000   260 10.19
0.405 0.0333 33.75 68.00  72  62  635000 1215000   260 10.19
0.414 0.0335 34.04 68.00  72  62  635000 1215000   260 10.19
0.422 0.0345 34.33 68.00  72  62  635000 1215000   260 10.19
0.431 0.0341 34.63 68.00  72  62  635000 1215000   260 10.19
0.440 0.0344 34.94 68.00  72  62  635000 1215000   260 10.19
0.448 0.0366 35.25 68.00  72  62  635000 1215000   260 10.19
0.457 0.0349 35.57 68.00  72  62  635000 1215000   260 10.19
0.466 0.0355 35.90 68.00  72  62  635000 1215000   260 10.19
0.474 0.0372 36.23 68.00  72  62  635000 1215000   260 10.19
0.482 0.0372 36.56 68.00  72  62  635000 1215000   260 10.19
0.489 0.0371 36.89 68.00  72  62  635000 1215000   260 10.19
0.497 0.0380 37.23 68.00  72  62  635000 1215000   260 10.19
0.504 0.0371 37.58 68.00  72  62  635000 1215000   260 10.19
0.510 0.0385 37.93 68.00  72  62  635000 1215000   260 10.19
0.517 0.0381 38.28 68.00  72  62  635000 1215000   260 10.19
0.523 0.0389 38.64 68.00  72  62  635000 1215000   260 10.19
0.529 0.0377 39.00 68.00  72  62  635000 1215000   260 10.19
0.535 0.0390 39.37 68.00  72  62  635000 1215000   260 10.19
0.540 0.0398 39.75 68.00  72  62  635000 1215000   260 10.19
0.546 0.0386 40.15 68.00  72  62  635000 1215000   260 10.19
0.551 0.0418 40.57 68.00  72  62  635000 1215000   260 10.19
0.555 0.0409 41.00 68.00  72  62  635000 1215000   260 10.19
0.560 0.0420 41.46 68.00  72  62  635000 1215000   260 10.19
0.564 0.0428 41.93 68.00  72  62  635000 1215000   260 10.19
0.569 0.0399 42.41 68.00  72  62  635000 1215000   260 10.19
0.573 0.0435 42.90 68.00  72  62  635000 1215000   260 10.19
0.577 0.0440 43.40 68.00  72  62  635000 1215000   260 10.19
0.581 0.0436 43.92 68.00  72  62  635000 1215000   260 10.19
0.584 0.0443 44.44 68.00  72  62  635000 1215000   260 10.19
0.588 0.0456 44.97 68.00  72  62  635000 1215000   260 10.19
0.591 0.0467 45.51 68.00  72  62  635000 1215000   260 10.19
0.594 0.0440 46.05 68.00  72  62  635000 1215000   260 10.19
0.597 0.0448 46.59 68.00  72  62  635000 1215000   260 10.19
0.600 0.0472 47.12 68.00  72  62  635000 1215000   260 10.19
0.603 0.0505 47.65 68.00  72  62  635000 1215000   260 10.19
0.606 0.0489 48.16 68.00  72  62  635000 1215000   260 10.19
0.608 0.0476 48.64 68.00  72  62  635000 1215000   260 10.19
0.611 0.0487 49.10 68.00  72  62  635000 1215000   260 10.19
0.613 0.0500 49.53 68.00  72  62  635000 1215000   260 10.19
0.616 0.0505 49.94 68.00  72  62  635000 1215000   260 10.19
0.618 0.0491 50.33 68.00  72  62  635000 1215000   260 10.19
0.620 0.0505 50.68 68.00  72  62  635000 1215000   260 10.19
0.622 0.0484 51.00 68.00  72  62  635000 1215000   260 10.19
0.624 0.0520 51.27 68.00  72  62  635000 1215000   260 10.19
0.626 0.0549 51.51 68.00  72  62  635000 1215000   260 10.19
0.628 0.0540 51.71 68.00  72  62  635000 1215000   260 10.19
0.629 0.0501 51.89 68.00  72  62  635000 1215000   260 10.19
0.631 0.0513 52.02 68.00  72  62  635000 1215000   260 10.19
0.633 0.0561 52.12 68.00  72  62  635000 1215000   260 10.19
0.634 0.0476 52.19 68.00  72  62  635000 1215000   260 10.19
0.636 0.0565 52.22 68.00  72  62  635000 1215000   260 10.19
0.638 0.0509 52.24 68.00  72  62  635000 1215000   260 10.19
0.640 0.0492 52.23 68.00  72  62  635000 1215000   260 10.19
0.641 0.0522 52.22 68.00  72  62  635000 1215000   260 10.19
0.643 0.0515 52.19 68.00  72  62  635000 1215000   260 10.19
0.645 0.0511 52.15 68.00  72  62  635000 1215000   260 10.19
0.647 0.0562 52.09 68.00  72  62  635000 1215000   260 10.19
0.648 0.0564 52.03 68.00  72  62  635000 1215000   260 10.19
0.650 0.0470 51.96 68.00  72  62  635000 1215000   260 10.19
0.652 0.0486 51.88 68.00  72  62  635000 1215000   260 10.19
0.653 0.0539 51.80 68.00  72  62  635000 1215000   260 10.19
0.655 0.0500 51.71 68.00  72  62  635000 1215000   260 10.19
0.657 0.0520 51.63 68.00  72  62  635000 1215000   260 10.19
0.659 0.0541 51.56 68.00  72  62  635000 1215000   260 10.19
0.660 0.0503 51.50 68.00  72  62  635000 1215000   260 10.19
0.662 0.0525 51.45 68.00  72  62  635000 1215000   260 10.19
0.664 0.0509 51.40 68.00  72  62  635000 1215000   260 10.19
0.666 0.0476 51.35 68.00  72  62  635000 1215000   260 10.19
0.667 0.0557 51.31 68.00  72  62  635000 1215000   260 10.19
0.669 0.0542 51.28 68.00  72  62  635000 1215000   260 10.19
0.671 0.0495 51.25 68.00  72  62  635000 1215000   260 10.19
0.672 0.0511 51.24 68.00  72  62  635000 1215000   260 10.19
0.674 0.0503 51.24 68.00  72  62  635000 1215000   260 10.19
0.676 0.0492 51.27 68.00  72  62  635000 1215000   260 10.19
0.678 0.0507 51.33 68.00  72  62  635000 1215000   260 10.19
0.679 0.0529 51.40 68.00  72  62  635000 1215000   260 10.19
0.681 0.0534 51.49 68.00  72  62  635000 1215000   260 10.19
0.683 0.0475 51.60 68.00  72  62  635000 1215000   260 10.19
0.684 0.0503 51.71 68.00  72  62  635000 1215000   260 10.19
0.686 0.0539 51.84 68.00  72  62  635000 1215000   260 10.19
0.688 0.0549 51.98 68.00  72  62  635000 1215000   260 10.19
0.690 0.0502 52.14 68.00  72  62  635000 1215000   260 10.19
0.691 0.0555 52.32 68.00  72  62  635000 1215000   260 10.19
0.693 0.0517 52.52 68.00  72  62  635000 1215000   260 10.19
0.695 0.0507 52.75 68.00  72  62  635000 1215000   260 10.19
0.697 0.0516 52.99 68.00  72  62  635000 1215000   260 10.19
0.698 0.0525 53.27 68.00  72  62  635000 1215000   260 10.19
0.700 0.0559 53.57 68.00  72  62  635000 1215000   260 10.19
0.702 0.0556 53.90 68.00  72  62  635000 1215000   260 10.19
0.703 0.0544 54.26 68.00  72  62  635000 1215000   260 10.19
0.705 0.0553 54.63 68.00  72  62  635000 1215000   260 10.19
0.707 0.0523 55.04 68.00  72  62  635000 1215000   260 10.19
0.709 0.0598 55.47 68.00  72  62  635000 1215000   260 10.19
0.710 0.0530 55.95 68.00  72  62  635000 1215000   260 10.19
0.712 0.0513 56.44 68.00  72  62  635000 1215000   260 10.19
0.714 0.0583 56.96 68.00  72  62  635000 1215000   260 10.19
0.716 0.0599 57.48 68.00  72  62  635000 1215000   260 10.19
0.717 0.0560 58.00 68.00  72  62  635000 1215000   260 10.19
0.719 0.0554 58.52 68.00  72  62  635000 1215000   260 10.19
0.721 0.0591 59.03 68.00  72  62  635000 1215000   260 10.19
0.722 0.0616 59.52 68.00  72  62  635000 1215000   260 10.19
0.724 0.0635 59.98 68.00  72  62  635000 1215000   260 10.19
0.726 0.0594 60.41 68.00  72  62  635000 1215000   260 10.19
0.728 0.0606 60.82 68.00  72  62  635000 1215000   260 10.19
0.729 0.0645 61.20 68.00  72  62  635000 1215000   260 10.19
0.731 0.0583 61.57 68.00  72  62  635000 1215000   260 10.19
0.733 0.0643 61.94 68.00  72  62  635000 1215000   260 10.19
0.734 0.0639 62.30 68.00  72  62  635000 1215000   260 10.19
0.736 0.0590 62.65 68.00  72  62  635000 1215000   260 10.19
0.738 0.0691 62.97 68.00  72  62  635000 1215000   260 10.19
0.740 0.0636 63.26 68.00  72  62  635000 1215000   260 10.19
0.741 0.0618 63.50 68.00  72  62  635000 1215000   260 10.19
0.743 0.0617 63.72 68.00  72  62  635000 1215000   260 10.19
0.745 0.0617 63.91 68.00  72  62  635000 1215000   260 10.19
0.747 0.0578 64.08 68.00  72  62  635000 1215000   260 10.19
0.748 0.0715 64.25 68.00  72  62  635000 1215000   260 10.19
0.750 0.0627 64.45 68.00  72  62  635000 1215000   260 10.19
0.752 0.0662 64.68 68.00  72  62  635000 1215000   260 10.19
0.753 0.0629 64.95 68.00  72  62  635000 1215000   260 10.19
0.755 0.0606 65.24 68.00  72  62  635000 1215000   260 10.19
0.757 0.0695 65.57 68.00  72  62  635000 1215000   260 10.19
0.759 0.0698 65.92 68.00  72  62  635000 1215000   260 10.19
0.760 0.0674 66.28 68.00  72  62  635000 1215000   260 10.19
0.762 0.0651 66.64 68.00  72  62  635000 1215000   260 10.19
0.764 0.0704 67.00 68.00  72  62  635000 1215000   260 10.19
0.766 0.0634 67.34 68.00  72  62  635000 1215000   260 10.19
0.767 0.0650 67.65 68.00  72  62  635000 1215000   260 10.19
0.769 0.0660 67.93 68.00  72  62  635000 1215000   260 10.19
0.771 0.0655 68.16 68.00  72  62  635000 1215000   260 10.19
0.772 0.0691 68.37 68.00  72  62  635000 1215000   260 10.19
0.774 0.0707 68.54 68.00  72  62  635000 1215000   260 10.19
0.776 0.0685 68.68 68.00  72  62  635000 1215000   260 10.19
0.778 0.0750 68.80 68.00  72  62  635000 1215000   260 10.19
0.779 0.0690 68.91 68.00  72  62  635000 1215000   260 10.19
0.781 0.0722 69.01 68.00  72  62  635000 1215000   260 10.19
0.783 0.0726 69.12 68.00  72  62  635000 1215000   260 10.19
0.784 0.0644 69.23 68.00  72  62  635000 1215000   260 10.19
0.786 0.0666 69.34 68.00  72  62  635000 1215000   260 10.19
0.788 0.0698 69.46 68.00  72  62  635000 1215000   260 10.19
0.790 0.0678 69.58 68.00  72  62  635000 1215000   260 10.19
0.791 0.0695 69.69 68.00  72  62  635000 1215000   260 10.19
0.793 0.0710 69.80 68.00  72  62  635000 1215000   260 10.19
0.795 0.0667 69.90 68.00  72  62  635000 1215000   260 10.19
0.797 0.0719 69.99 68.00  72  62  635000 1215000   260 10.19
0.798 0.0652 70.08 68.00  72  62  635000 1215000   260 10.19
0.800 0.0707 70.18 68.00  72  62  635000 1215000   260 10.19
0.802 0.0739 70.30 68.00  72  62  635000 1215000   260 10.19
0.803 0.0669 70.45 68.00  72  62  635000 1215000   260 10.19
0.805 0.0789 70.63 68.00  72  62  635000 1215000   260 10.19
0.807 0.0676 70.83 68.00  72  62  635000 1215000   260 10.19
0.809 0.0676 71.06 68.00  72  62  635000 1215000   260 10.19
0.810 0.0715 71.29 68.00  72  62  635000 1215000   260 10.19
0.812 0.0756 71.50 68.00  72  62  635000 1215000   260 10.19
0.814 0.0711 71.68 68.00  72  62  635000 1215000   260 10.19
0.816 0.0709 71.84 68.00  72  62  635000 1215000   260 10.19
0.817 0.0755 71.95 68.00  72  62  635000 1215000   260 10.19
0.819 0.0685 72.03 68.00  72  62  635000 1215000   260 10.19
0.821 0.0726 72.09 68.00  72  62  635000 1215000   260 10.19
0.822 0.0715 72.13 68.00  72  62  635000 1215000   260 10.19
0.824 0.0684 72.14 68.00  72  62  635000 1215000   260 10.19
0.826 0.0760 72.14 68.00  72  62  635000 1215000   260 10.19
0.828 0.0718 72.12 68.00  72  62  635000 1215000   260 10.19
0.829 0.0754 72.08 68.00  72  62  635000 1215000   260 10.19
0.831 0.0718 72.06 68.00  72  62  635000 1215000   260 10.19
0.833 0.0713 72.04 68.00  72  62  635000 1215000   260 10.19
0.834 0.0732 72.06 68.00  72  62  635000 1215000   260 10.19
0.836 0.0672 72.10 68.00  72  62  635000 1215000   260 10.19
0.838 0.0751 72.15 68.00  72  62  635000 1215000   260 10.19
0.840 0.0732 72.21 68.00  72  62  635000 1215000   260 10.19
0.841 0.0692 72.26 68.00  72  62  635000 1215000   260 10.19
0.843 0.0725 72.29 68.00  72  62  635000 1215000   260 10.19
0.845 0.0694 72.30 68.00  72  62  635000 1215000   260 10.19
0.847 0.0746 72.29 68.00  72  62  635000 1215000   260 10.19
0.848 0.0733 72.26 68.00  72  62  635000 1215000   260 10.19
0.850 0.0694 72.20 68.00  72  62  635000 1215000   260 10.19
0.852 0.0747 72.12 68.00  72  62  635000 1215000   260 10.19
0.853 0.0707 72.03 68.00  72  62  635000 1215000   260 10.19
0.855 0.0718 71.94 68.00  72  62  635000 1215000   260 10.19
0.857 0.0696 71.83 68.00  72  62  635000 1215000   260 10.19
0.859 0.0737 71.71 68.00  72  62  635000 1215000   260 10.19
0.860 0.0763 71.59 68.00  72  62  635000 1215000   260 10.19
0.862 0.0758 71.44 68.00  72  62  635000 1215000   260 10.19
0.864 0.0710 71.29 68.00  72  62  635000 1215000   260 10.19
0.866 0.0738 71.12 68.00  72  62  635000 1215000   260 10.19
0.867 0.0669 70.93 68.00  72  62  635000 1215000   260 10.19
0.869 0.0671 70.74 68.00  72  62  635000 1215000   260 10.19
0.871 0.0672 70.56 68.00  72  62  635000 1215000   260 10.19
0.872 0.0700 70.39 68.00  72  62  635000 1215000   260 10.19
0.874 0.0713 70.24 68.00  72  62  635000 1215000   260 10.19
0.876 0.0691 70.11 68.00  72  62  635000 1215000   260 10.19
0.878 0.0712 70.00 68.00  72  62  635000 1215000   260 10.19
0.879 0.0712 69.94 68.00  72  62  635000 1215000   260 10.19
0.881 0.0671 69.91 68.00  72  62  635000 1215000   260 10.19
0.883 0.0752 69.93 68.00  72  62  635000 1215000   260 10.19
0.884 0.0693 69.98 68.00  72  62  635000 1215000   260 10.19
0.886 0.0675 70.05 68.00  72  62  635000 1215000   260 10.19
0.888 0.0693 70.14 68.00  72  62  635000 1215000   260 10.19
0.890 0.0676 70.24 68.00  72  62  635000 1215000   260 10.19
0.891 0.0726 70.36 68.00  72  62  635000 1215000   260 10.19
0.893 0.0676 70.47 68.00  72  62  635000 1215000   260 10.19
0.895 0.0744 70.59 68.00  72  62  635000 1215000   260 10.19
0.897 0.0706 70.69 68.00  72  62  635000 1215000   260 10.19
0.898 0.0749 70.78 68.00  72  62  635000 1215000   260 10.19
0.900 0.0684 70.83 68.00  72  62  635000 1215000   260 10.19
0.902 0.0710 70.87 68.00  72  62  635000 1215000   260 10.19
0.903 0.0728 70.92 68.00  72  62  635000 1215000   260 10.19
0.905 0.0715 70.99 68.00  72  62  635000 1215000   260 10.19
0.907 0.0702 71.10 68.00  72  62  635000 1215000   260 10.19
0.909 0.0716 71.27 68.00  72  62  635000 1215000   260 10.19
0.910 0.0709 71.49 68.00  72  62  635000 1215000   260 10.19
0.912 0.0775 71.75 68.00  72  62  635000 1215000   260 10.19
0.914 0.0654 72.04 68.00  72  62  635000 1215000   260 10.19
0.916 0.0708 72.35 68.00  72  62  635000 1215000   260 10.19
0.917 0.0717 72.67 68.00  72  62  635000 1215000   260 10.19
0.919 0.0703 73.02 68.00  72  62  635000 1215000   260 10.19
0.921 0.0722 73.40 68.00  72  62  635000 1215000   260 10.19
0.922 0.0788 73.82 68.00  72  62  635000 1215000   260 10.19
0.924 0.0742 74.30 68.00  72  62  635000 1215000   260 10.19
0.926 0.0737 74.84 68.00  72  62  635000 1215000   260 10.19
0.928 0.0737 75.46 68.00  72  62  635000 1215000   260 10.19
0.929 0.0743 76.13 68.00  72  62  635000 1215000   260 10.19
0.931 0.0793 76.86 68.00  72  62  635000 1215000   260 10.19
0.933 0.0752 77.62 68.00  72  62  635000 1215000   260 10.19
0.934 0.0801 78.39 68.00  72  62  635000 1215000   260 10.19
0.936 0.0865 79.16 68.00  72  62  635000 1215000   260 10.19
0.938 0.0812 79.90 68.00  72  62  635000 1215000   260 10.19
0.940 0.0802 80.61 68.00  72  62  635000 1215000   260 10.19
0.941 0.0779 81.30 68.00  72  62  635000 1215000   260 10.19
0.943 0.0780 81.95 68.00  72  62  635000 1215000   260 10.19
0.945 0.0781 82.57 68.00  72  62  635000 1215000   260 10.19
0.947 0.0822 83.17 68.00  72  62  635000 1215000   260 10.19
0.948 0.0886 83.75 68.00  72  62  635000 1215000   260 10.19
0.950 0.0848 84.32 68.00  72  62  635000 1215000   260 10.19
0.952 0.0872 84.89 68.00  72  62  635000 1215000   260 10.19
0.953 0.0914 85.50 68.00  72  62  635000 1215000   260 10.19
0.955 0.0886 86.15 68.00  72  62  635000 1215000   260 10.19
0.957 0.0865 86.82 68.00  72  62  635000 1215000   260 10.19
0.959 0.0829 87.51 68.00  72  62  635000 1215000   260 10.19
0.960 0.0906 88.20 68.00  72  62  635000 1215000   260 10.19
0.962 0.0883 88.89 68.00  72  62  635000 1215000   260 10.19
0.964 0.0826 89.56 68.00  72  62  635000 1215000   260 10.19
0.966 0.0884 90.23 68.00  72  62  635000 1215000   260 10.19
0.967 0.0885 90.89 68.00  72  62  635000 1215000   260 10.19
0.969 0.0900 91.57 68.00  72  62  635000 1215000   260 10.19
0.971 0.0920 92.26 68.00  72  62  635000 1215000   260 10.19
0.972 0.0978 92.99 68.00  72  62  635000 1215000   260 10.19
0.974 0.1009 93.75 68.00  72  62  635000 1215000   260 10.19
0.976 0.0952 94.55 68.00  72  62  635000 1215000   260 10.19
0.978 0.0879 95.40 68.00  72  62  635000 1215000   260 10.19
0.979 0.0994 96.29 68.00  72  62  635000 1215000   260 10.19
0.981 0.0947 97.20 68.00  72  62  635000 1215000   260 10.19
0.983 0.1048 98.12 68.00  72  62  635000 1215000   260 10.19
0.984 0.0979 99.01 68.00  72  62  635000 1215000   260 10.19
0.986 0.1031 99.87 68.00  72  62  635000 1215000   260 10.19
0.988 0.0956 100.66 68.00  72  62  635000 1215000   260 10.19
0.990 0.0908 101.38 68.00  72  62  635000 1215000   260 10.19
0.991 0.1016 102.04 68.00  72  62  635000 1215000   260 10.19
0.993 0.1062 102.64 68.00  72  62  635000 1215000   260 10.19
0.995 0.0998 103.20 68.00  72  62  635000 1215000   260 10.19
0.997 0.1090 103.74 68.00  72  62  635000 1215000   260 10.19
0.998 0.1049 104.29 68.00  72  62  635000 1215000   260 10.19
1.000 0.1204 104.83 68.00  72  62  635000 1215000   260 10.19
1.002 0.1012 105.38 68.00  72  62  635000 1215000   260 10.19
1.003 0.1046 105.94 68.00  72  62  635000 1215000   260 10.19
1.005 0.1042 106.48 68.00  72  62  635000 1215000   260 10.19
1.007 0.1088 107.00 68.00  72  62  635000 1215000   260 10.19
1.009 0.0990 107.47 68.00  72  62  635000 1215000   260 10.19
1.010 0.1106 107.87 68.00  72  62  635000 1215000   260 10.19
1.012 0.1004 108.18 68.00  72  62  635000 1215000   260 10.19
1.014 0.1071 108.41 68.00  72  62  635000 1215000   260 10.19
1.016 0.1110 108.54 68.00  72  62  635000 1215000   260 10.19
1.017 0.1078 108.59 68.00  72  62  635000 1215000   260 10.19
1.019 0.1184 108.56 68.00  72  62  635000 1215000   260 10.19
1.021 0.0978 108.44 68.00  72  62  635000 1215000   260 10.19
1.022 0.1155 108.26 68.00  72  62  635000 1215000   260 10.19
1.024 0.1103 108.02 68.00  72  62  635000 1215000   260 10.19
1.026 0.1075 107.76 68.00  72  62  635000 1215000   260 10.19
1.028 0.1145 107.48 68.00  72  62  635000 1215000   260 10.19
1.029 0.1061 107.18 68.00  72  62  635000 1215000   260 10.19
1.031 0.1048 106.86 68.00  72  62  635000 1215000   260 10.19
1.033 0.1070 106.49 68.00  72  62  635000 1215000   260 10.19
1.034 0.1069 106.08 68.00  72  62  635000 1215000   260 10.19
1.036 0.1018 105.62 68.00  72  62  635000 1215000   260 10.19
1.038 0.1057 105.10 68.00  72  62  635000 1215000   260 10.19
1.040 0.1094 104.52 68.00  72  62  635000 1215000   260 10.19
1.041 0.0922 103.91 68.00  72  62  635000 1215000   260 10.19
1.043 0.1008 103.27 68.00  72  62  635000 1215000   260 10.19
1.045 0.1038 102.62 68.00  72  62  635000 1215000   260 10.19
1.047 0.1015 101.95 68.00  72  62  635000 1215000   260 10.19
1.048 0.1038 101.27 68.00  72  62  635000 1215000   260 10.19
1.050 0.1001 100.61 68.00  72  62  635000 1215000   260 10.19
1.052 0.0998 99.94 68.00  72  62  635000 1215000   260 10.19
1.053 0.1004 99.29 68.00  72  62  635000 1215000   260 10.19
1.055 0.1016 98.62 68.00  72  62  635000 1215000   260 10.19
1.057 0.0968 97.95 68.00  72  62  635000 1215000   260 10.19
1.059 0.0996 97.27 68.00  72  62  635000 1215000   260 10.19
1.060 0.1023 96.56 68.00  72  62  635000 1215000   260 10.19
1.062 0.0952 95.83 68.00  72  62  635000 1215000   260 10.19
1.064 0.0898 95.07 68.00  72  62  635000 1215000   260 10.19
1.066 0.0992 94.28 68.00  72  62  635000 1215000   260 10.19
1.067 0.0917 93.46 68.00  72  62  635000 1215000   260 10.19
1.069 0.0887 92.63 68.00  72  62  635000 1215000   260 10.19
1.071 0.0892 91.78 68.00  72  62  635000 1215000   260 10.19
1.072 0.0897 90.94 68.00  72  62  635000 1215000   260 10.19
1.074 0.0941 90.11 68.00  72  62  635000 1215000   260 10.19
1.076 0.0881 89.32 68.00  72  62  635000 1215000   260 10.19
1.078 0.0865 88.57 68.00  72  62  635000 1215000   260 10.19
1.079 0.0879 87.86 68.00  72  62  635000 1215000   260 10.19
1.081 0.0918 87.20 68.00  72  62  635000 1215000   260 10.19
1.083 0.0862 86.58 68.00  72  62  635000 1215000   260 10.19
1.084 0.0833 86.01 68.00  72  62  635000 1215000   260 10.19
1.086 0.0881 85.46 68.00  72  62  635000 1215000   260 10.19
1.088 0.0831 84.95 68.00  72  62  635000 1215000   260 10.19
1.090 0.0787 84.47 68.00  72  62  635000 1215000   260 10.19
1.091 0.0879 84.02 68.00  72  62  635000 1215000   260 10.19
1.093 0.0849 83.59 68.00  72  62  635000 1215000   260 10.19
1.095 0.0826 83.17 68.00  72  62  635000 1215000   260 10.19
1.097 0.0834 82.77 68.00  72  62  635000 1215000   260 10.19
1.098 0.0811 82.38 68.00  72  62  635000 1215000   260 10.19
1.100 0.0840 81.99 68.00  72  62  635000 1215000   260 10.19
1.102 0.0807 81.62 68.00  72  62  635000 1215000   260 10.19
1.103 0.0832 81.25 68.00  72  62  635000 1215000   260 10.19
1.105 0.0804 80.88 68.00  72  62  635000 1215000   260 10.19
1.107 0.0831 80.53 68.00  72  62  635000 1215000   260 10.19
1.109 0.0771 80.17 68.00  72  62  635000 1215000   260 10.19
1.110 0.0757 79.79 68.00  72  62  635000 1215000   260 10.19
1.112 0.0795 79.40 68.00  72  62  635000 1215000   260 10.19
1.114 0.0810 79.00 68.00  72  62  635000 1215000   260 10.19
1.116 0.0816 78.60 68.00  72  62  635000 1215000   260 10.19
1.117 0.0752 78.19 68.00  72  62  635000 1215000   260 10.19
1.119 0.0793 77.79 68.00  72  62  635000 1215000   260 10.19
1.121 0.0823 77.39 68.00  72  62  635000 1215000   260 10.19
1.122 0.0722 77.04 68.00  72  62  635000 1215000   260 10.19
1.124 0.0820 76.72 68.00  72  62  635000 1215000   260 10.19
1.126 0.0746 76.44 68.00  72  62  635000 1215000   260 10.19
1.128 0.0762 76.20 68.00  72  62  635000 1215000   260 10.19
1.129 0.0736 75.99 68.00  72  62  635000 1215000   260 10.19
1.131 0.0745 75.79 68.00  72  62  635000 1215000   260 10.19
1.133 0.0759 75.62 68.00  72  62  635000 1215000   260 10.19
1.134 0.0749 75.47 68.00  72  62  635000 1215000   260 10.19
1.136 0.0745 75.35 68.00  72  62  635000 1215000   260 10.19
1.138 0.0775 75.25 68.00  72  62  635000 1215000   260 10.19
1.140 0.0673 75.18 68.00  72  62  635000 1215000   260 10.19
1.141 0.0777 75.14 68.00  72  62  635000 1215000   260 10.19
1.143 0.0753 75.13 68.00  72  62  635000 1215000   260 10.19
1.145 0.0769 75.15 68.00  72  62  635000 1215000   260 10.19
1.147 0.0772 75.19 68.00  72  62  635000 1215000   260 10.19
1.148 0.0772 75.26 68.00  72  62  635000 1215000   260 10.19
1.150 0.0735 75.34 68.00  72  62  635000 1215000   260 10.19
1.152 0.0724 75.41 68.00  72  62  635000 1215000   260 10.19
1.153 0.0831 75.47 68.00  72  62  635000 1215000   260 10.19
1.155 0.0742 75.50 68.00  72  62  635000 1215000   260 10.19
1.157 0.0764 75.51 68.00  72  62  635000 1215000   260 10.19
1.159 0.0691 75.50 68.00  72  62  635000 1215000   260 10.19
1.160 0.0730 75.47 68.00  72  62  635000 1215000   260 10.19
1.162 0.0770 75.42 68.00  72  62  635000 1215000   260 10.19
1.164 0.0820 75.36 68.00  72  62  635000 1215000   260 10.19
1.166 0.0747 75.30 68.00  72  62  635000 1215000   260 10.19
1.167 0.0762 75.25 68.00  72  62  635000 1215000   260 10.19
1.169 0.0750 75.21 68.00  72  62  635000 1215000   260 10.19
1.171 0.0754 75.20 68.00  72  62  635000 1215000   260 10.19
1.172 0.0706 75.21 68.00  72  62  635000 1215000   260 10.19
1.174 0.0780 75.25 68.00  72  62  635000 1215000   260 10.19
1.176 0.0787 75.32 68.00  72  62  635000 1215000   260 10.19
1.178 0.0708 75.40 68.00  72  62  635000 1215000   260 10.19
1.179 0.0720 75.51 68.00  72  62  635000 1215000   260 10.19
1.181 0.0731 75.61 68.00  72  62  635000 1215000   260 10.19
1.183 0.0810 75.71 68.00  72  62  635000 1215000   260 10.19
1.184 0.0726 75.82 68.00  72  62  635000 1215000   260 10.19
1.186 0.0783 75.92 68.00  72  62  635000 1215000   260 10.19
1.188 0.0724 76.03 68.00  72  62  635000 1215000   260 10.19
1.190 0.0779 76.14 68.00  72  62  635000 1215000   260 10.19
1.191 0.0829 76.25 68.00  72  62  635000 1215000   260 10.19
1.193 0.0740 76.36 68.00  72  62  635000 1215000   260 10.19
1.195 0.0726 76.46 68.00  72  62  635000 1215000   260 10.19
1.197 0.0763 76.56 68.00  72  62  635000 1215000   260 10.19
1.198 0.0816 76.65 68.00  72  62  635000 1215000   260 10.19
1.200 0.0795 76.72 68.00  72  62  635000 1215000   260 10.19
1.202 0.0738 76.75 68.00  72  62  635000 1215000   260 10.19
1.203 0.0780 76.74 68.00  72  62  635000 1215000   260 10.19
1.205 0.0732 76.70 68.00  72  62  635000 1215000   260 10.19
1.207 0.0770 76.62 68.00  72  62  635000 1215000   260 10.19
1.209 0.0750 76.52 68.00  72  62  635000 1215000   260 10.19
1.210 0.0762 76.40 68.00  72  62  635000 1215000   260 10.19
1.212 0.0784 76.25 68.00  72  62  635000 1215000   260 10.19
1.214 0.0757 76.09 68.00  72  62  635000 1215000   260 10.19
1.216 0.0756 75.90 68.00  72  62  635000 1215000   260 10.19
1.217 0.0783 75.71 68.00  72  62  635000 1215000   260 10.19
1.219 0.0756 75.50 68.00  72  62  635000 1215000   260 10.19
1.221 0.0755 75.30 68.00  72  62  635000 1215000   260 10.19
1.222 0.0707 75.10 68.00  72  62  635000 1215000   260 10.19
1.224 0.0805 74.92 68.00  72  62  635000 1215000   260 10.19
1.226 0.0694 74.75 68.00  72  62  635000 1215000   260 10.19
1.228 0.0790 74.61 68.00  72  62  635000 1215000   260 10.19
1.229 0.0756 74.48 68.00  72  62  635000 1215000   260 10.19
1.231 0.0689 74.36 68.00  72  62  635000 1215000   260 10.19
1.233 0.0783 74.28 68.00  72  62  635000 1215000   260 10.19
1.234 0.0743 74.22 68.00  72  62  635000 1215000   260 10.19
1.236 0.0712 74.18 68.00  72  62  635000 1215000   260 10.19
1.238 0.0722 74.17 68.00  72  62  635000 1215000   260 10.19
1.240 0.0786 74.17 68.00  72  62  635000 1215000   260 10.19
1.241 0.0732 74.19 68.00  72  62  635000 1215000   260 10.19
1.243 0.0692 74.22 68.00  72  62  635000 1215000   260 10.19
1.245 0.0731 74.26 68.00  72  62  635000 1215000   260 10.19
1.247 0.0766 74.30 68.00  72  62  635000 1215000   260 10.19
1.248 0.0711 74.34 68.00  72  62  635000 1215000   260 10.19
1.250 0.0761 74.37 68.00  72  62  635000 1215000   260 10.19
1.252 0.0787 74.40 68.00  72  62  635000 1215000   260 10.19
1.253 0.0771 74.42 68.00  72  62  635000 1215000   260 10.19
1.255 0.0755 74.44 68.00  72  62  635000 1215000   260 10.19
1.257 0.0711 74.45 68.00  72  62  635000 1215000   260 10.19
1.259 0.0746 74.44 68.00  72  62  635000 1215000   260 10.19
1.260 0.0737 74.42 68.00  72  62  635000 1215000   260 10.19
1.262 0.0768 74.37 68.00  72  62  635000 1215000   260 10.19
1.264 0.0740 74.31 68.00  72  62  635000 1215000   260 10.19
1.266 0.0732 74.24 68.00  72  62  635000 1215000   260 10.19
1.267 0.0811 74.15 68.00  72  62  635000 1215000   260 10.19
1.269 0.0694 74.05 68.00  72  62  635000 1215000   260 10.19
1.271 0.0674 73.95 68.00  72  62  635000 1215000   260 10.19
1.272 0.0759 73.86 68.00  72  62  635000 1215000   260 10.19
1.274 0.0714 73.77 68.00  72  62  635000 1215000   260 10.19
1.276 0.0781 73.71 68.00  72  62  635000 1215000   260 10.19
1.278 0.0729 73.66 68.00  72  62  635000 1215000   260 10.19
1.279 0.0724 73.63 68.00  72  62  635000 1215000   260 10.19
1.281 0.0756 73.63 68.00  72  62  635000 1215000   260 10.19
1.283 0.0741 73.65 68.00  72  62  635000 1215000   260 10.19
1.284 0.0715 73.69 68.00  72  62  635000 1215000   260 10.19
1.286 0.0741 73.73 68.00  72  62  635000 1215000   260 10.19
1.288 0.0740 73.76 68.00  72  62  635000 1215000   260 10.19
1.290 0.0718 73.79 68.00  72  62  635000 1215000   260 10.19
1.291 0.0726 73.80 68.00  72  62  635000 1215000   260 10.19
1.293 0.0752 73.80 68.00  72  62  635000 1215000   260 10.19
1.295 0.0760 73.81 68.00  72  62  635000 1215000   260 10.19
1.297 0.0759 73.81 68.00  72  62  635000 1215000   260 10.19
1.298 0.0727 73.81 68.00  72  62  635000 1215000   260 10.19
1.300 0.0734 73.80 68.00  72  62  635000 1215000   260 10.19
1.302 0.0719 73.78 68.00  72  62  635000 1215000   260 10.19
1.303 0.0789 73.75 68.00  72  62  635000 1215000   260 10.19
1.305 0.0711 73.72 68.00  72  62  635000 1215000   260 10.19
1.307 0.0764 73.68 68.00  72  62  635000 1215000   260 10.19
1.309 0.0693 73.65 68.00  72  62  635000 1215000   260 10.19
1.310 0.0732 73.62 68.00  72  62  635000 1215000   260 10.19
1.312 0.0737 73.58 68.00  72  62  635000 1215000   260 10.19
1.314 0.0739 73.53 68.00  72  62  635000 1215000   260 10.19
1.316 0.0741 73.48 68.00  72  62  635000 1215000   260 10.19
1.317 0.0732 73.44 68.00  72  62  635000 1215000   260 10.19
1.319 0.0728 73.40 68.00  72  62  635000 1215000   260 10.19
1.321 0.0711 73.38 68.00  72  62  635000 1215000   260 10.19
1.322 0.0755 73.36 68.00  72  62  635000 1215000   260 10.19
1.324 0.0751 73.37 68.00  72  62  635000 1215000   260 10.19
1.326 0.0742 73.39 68.00  72  62  635000 1215000   260 10.19
1.328 0.0729 73.42 68.00  72  62  635000 1215000   260 10.19
1.329 0.0724 73.46 68.00  72  62  635000 1215000   260 10.19
1.331 0.0730 73.51 68.00  72  62  635000 1215000   260 10.19
1.333 0.0758 73.56 68.00  72  62  635000 1215000   260 10.19
1.334 0.0702 73.61 68.00  72  62  635000 1215000   260 10.19
1.336 0.0752 73.65 68.00  72  62  635000 1215000   260 10.19
1.338 0.0725 73.69 68.00  72  62  635000 1215000   260 10.19
1.340 0.0732 73.73 68.00  72  62  635000 1215000   260 10.19
1.341 0.0749 73.77 68.00  72  62  635000 1215000   260 10.19
1.343 0.0743 73.81 68.00  72  62  635000 1215000   260 10.19
1.345 0.0737 73.85 68.00  72  62  635000 1215000   260 10.19
1.347 0.0751 73.90 68.00  72  62  635000 1215000   260 10.19
1.348 0.0747 73.96 68.00  72  62  635000 1215000   260 10.19
1.350 0.0730 74.02 68.00  72  62  635000 1215000   260 10.19
1.352 0.0724 74.09 68.00  72  62  635000 1215000   260 10.19
1.353 0.0756 74.16 68.00  72  62  635000 1215000   260 10.19
1.355 0.0747 74.23 68.00  72  62  635000 1215000   260 10.19
1.357 0.0728 74.30 68.00  72  62  635000 1215000   260 10.19
1.359 0.0757 74.37 68.00  72  62  635000 1215000   260 10.19
1.360 0.0736 74.44 68.00  72  62  635000 1215000   260 10.19
1.362 0.0744 74.51 68.00  72  62  635000 1215000   260 10.19
1.364 0.0751 74.59 68.00  72  62  635000 1215000   260 10.19
1.366 0.0757 74.66 68.00  72  62  635000 1215000   260 10.19
1.367 0.0716 74.76 68.00  72  62  635000 1215000   260 10.19
1.369 0.0764 74.86 68.00  72  62  635000 1215000   260 10.19
1.371 0.0749 74.97 68.00  72  62  635000 1215000   260 10.19
1.372 0.0778 75.08 68.00  72  62  635000 1215000   260 10.19
1.374 0.0728 75.20 68.00  72  62  635000 1215000   260 10.19
1.376 0.0728 75.32 68.00  72  62  635000 1215000   260 10.19
1.378 0.0783 75.44 68.00  72  62  635000 1215000   260 10.19
1.379 0.0763 75.56 68.00  72  62  635000 1215000   260 10.19
1.381 0.0744 75.69 68.00  72  62  635000 1215000   260 10.19
1.383 0.0739 75.81 68.00  72  62  635000 1215000   260 10.19
1.384 0.0788 75.93 68.00  72  62  635000 1215000   260 10.19
1.386 0.0750 76.04 68.00  72  62  635000 1215000   260 10.19
1.388 0.0762 76.15 68.00  72  62  635000 1215000   260 10.19
1.390 0.0746 76.26 68.00  72  62  635000 1215000   260 10.19
1.391 0.0785 76.36 68.00  72  62  635000 1215000   260 10.19
1.393 0.0780 76.46 68.00  72  62  635000 1215000   260 10.19
1.395 0.0797 76.57 68.00  72  62  635000 1215000   260 10.19
1.397 0.0708 76.68 68.00  72  62  635000 1215000   260 10.19
1.398 0.0781 76.79 68.00  72  62  635000 1215000   260 10.19
1.400 0.0779 76.91 68.00  72  62  635000 1215000   260 10.19
1.402 0.0789 77.04 68.00  72  62  635000 1215000   260 10.19
1.403 0.0725 77.17 68.00  72  62  635000 1215000   260 10.19
1.405 0.0781 77.31 68.00  72  62  635000 1215000   260 10.19
1.407 0.0766 77.46 68.00  72  62  635000 1215000   260 10.19
1.409 0.0831 77.63 68.00  72  62  635000 1215000   260 10.19
1.410 0.0763 77.83 68.00  72  62  635000 1215000   260 10.19
1.412 0.0784 78.04 68.00  72  62  635000 1215000   260 10.19
1.414 0.0763 78.29 68.00  72  62  635000 1215000   260 10.19
1.416 0.0789 78.57 68.00  72  62  635000 1215000   260 10.19
1.417 0.0737 78.88 68.00  72  62  635000 1215000   260 10.19
1.419 0.0813 79.22 68.00  72  62  635000 1215000   260 10.19
1.421 0.0856 79.59 68.00  72  62  635000 1215000   260 10.19
1.422 0.0762 80.01 68.00  72  62  635000 1215000   260 10.19
1.424 0.0817 80.46 68.00  72  62  635000 1215000   260 10.19
1.426 0.0812 80.95 68.00  72  62  635000 1215000   260 10.19
1.428 0.0812 81.47 68.00  72  62  635000 1215000   260 10.19
1.429 0.0818 82.03 68.00  72  62  635000 1215000   260 10.19
1.431 0.0801 82.62 68.00  72  62  635000 1215000   260 10.19
1.433 0.0833 83.24 68.00  72  62  635000 1215000   260 10.19
1.434 0.0877 83.90 68.00  72  62  635000 1215000   260 10.19
1.436 0.0824 84.62 68.00  72  62  635000 1215000   260 10.19
1.438 0.0853 85.39 68.00  72  62  635000 1215000   260 10.19
1.440 0.0878 86.22 68.00  72  62  635000 1215000   260 10.19
1.441 0.0907 87.11 68.00  72  62  635000 1215000   260 10.19
1.443 0.0834 88.05 68.00  72  62  635000 1215000   260 10.19
1.445 0.0888 89.05 68.00  72  62  635000 1215000   260 10.19
1.447 0.0916 90.11 68.00  72  62  635000 1215000   260 10.19
1.448 0.0915 91.25 68.00  72  62  635000 1215000   260 10.19
1.450 0.0926 92.46 68.00  72  62  635000 1215000   260 10.19
1.452 0.0920 93.76 68.00  72  62  635000 1215000   260 10.19
1.453 0.0971 95.15 68.00  72  62  635000 1215000   260 10.19
1.455 0.0941 96.64 68.00  72  62  635000 1215000   260 10.19
1.457 0.1012 98.23 68.00  72  62  635000 1215000   260 10.19
1.459 0.0967 99.91 68.00  72  62  635000 1215000   260 10.19
1.460 0.1010 101.69 68.00  72  62  635000 1215000   260 10.19
1.462 0.1019 103.57 68.00  72  62  635000 1215000   260 10.19
1.464 0.1086 105.54 68.00  72  62  635000 1215000   260 10.19
1.466 0.1033 107.62 68.00  72  62  635000 1215000   260 10.19
1.467 0.1172 109.80 68.00  72  62  635000 1215000   260 10.19
1.469 0.1097 112.09 68.00  72  62  635000 1215000   260 10.19
1.471 0.1151 114.48 68.00  72  62  635000 1215000   260 10.19
1.472 0.1115 116.97 68.00  72  62  635000 1215000   260 10.19
1.474 0.1191 119.56 68.00  72  62  635000 1215000   260 10.19
1.476 0.1229 122.23 68.00  72  62  635000 1215000   260 10.19
1.478 0.1250 124.99 68.00  72  62  635000 1215000   260 10.19
1.479 0.1314 127.80 68.00  72  62  635000 1215000   260 10.19
1.481 0.1298 130.68 68.00  72  62  635000 1215000   260 10.19
1.483 0.1318 133.60 68.00  72  62  635000 1215000   260 10.19
1.484 0.1355 136.57 68.00  72  62  635000 1215000   260 10.19
1.486 0.1433 139.57 68.00  72  62  635000 1215000   260 10.19
1.488 0.1403 142.60 68.00  72  62  635000 1215000   260 10.19
1.490 0.1428 145.65 68.00  72  62  635000 1215000   260 10.19
1.491 0.1521 148.70 68.00  72  62  635000 1215000   260 10.19
1.493 0.1510 151.77 68.00  72  62  635000 1215000   260 10.19
1.495 0.1504 154.84 68.00  72  62  635000 1215000   260 10.19
1.497 0.1594 157.90 68.00  72  62  635000 1215000   260 10.19
1.498 0.1640 160.97 68.00  72  62  635000 1215000   260 10.19
1.500 0.1721 164.02 68.00  72  62  635000 1215000   260 10.19
1.502 0.1594 167.04 68.00  72  62  635000 1215000   260 10.19
1.503 0.1677 170.01 68.00  72  62  635000 1215000   260 10.19
1.505 0.1772 172.89 68.00  72  62  635000 1215000   260 10.19
1.507 0.1751 175.68 68.00  72  62  635000 1215000   260 10.19
1.509 0.1684 178.34 68.00  72  62  635000 1215000   260 10.19
1.510 0.1900 180.88 68.00  72  62  635000 1215000   260 10.19
1.512 0.1785 183.28 68.00  72  62  635000 1215000   260 10.19
1.514 0.1869 185.55 68.00  72  62  635000 1215000   260 10.19
1.516 0.1887 187.68 68.00  72  62  635000 1215000   260 10.19
1.517 0.1941 189.69 68.00  72  62  635000 1215000   260 10.19
1.519 0.1917 191.58 68.00  72  62  635000 1215000   260 10.19
1.521 0.1902 193.35 68.00  72  62  635000 1215000   260 10.19
1.522 0.1974 195.00 68.00  72  62  635000 1215000   260 10.19
1.524 0.2011 196.52 68.00  72  62  635000 1215000   260 10.19
1.526 0.2024 197.91 68.00  72  62  635000 1215000   260 10.19
1.528 0.1971 199.18 68.00  72  62  635000 1215000   260 10.19
1.529 0.1980 200.32 68.00  72  62  635000 1215000   260 10.19
1.531 0.2066 201.37 68.00  72  62  635000 1215000   260 10.19
1.533 0.2007 202.30 68.00  72  62  635000 1215000   260 10.19
1.534 0.1886 203.13 68.00  72  62  635000 1215000   260 10.19
1.536 0.2125 203.85 68.00  72  62  635000 1215000   260 10.19
1.538 0.1945 204.47 68.00  72  62  635000 1215000   260 10.19
1.540 0.2028 204.98 68.00  72  62  635000 1215000   260 10.19
1.541 0.2131 205.40 68.00  72  62  635000 1215000   260 10.19
1.543 0.2045 205.74 68.00  72  62  635000 1215000   260 10.19
1.545 0.2130 206.00 68.00  72  62  635000 1215000   260 10.19
1.547 0.2034 206.20 68.00  72  62  635000 1215000   260 10.19
1.548 0.2088 206.33 68.00  72  62  635000 1215000   260 10.19
1.550 0.2079 206.37 68.00  72  62  635000 1215000   260 10.19
1.552 0.2067 206.33 68.00  72  62  635000 1215000   260 10.19
1.553 0.1940 206.21 68.00  72  62  635000 1215000   260 10.19
1.555 0.2102 206.00 68.00  72  62  635000 1215000   260 10.19
1.557 0.2062 205.71 68.00  72  62  635000 1215000   260 10.19
1.559 0.2072 205.32 68.00  72  62  635000 1215000   260 10.19
1.560 0.2077 204.85 68.00  72  62  635000 1215000   260 10.19
1.562 0.2139 204.28 68.00  72  62  635000 1215000   260 10.19
1.564 0.1967 203.63 68.00  72  62  635000 1215000   260 10.19
1.566 0.2001 202.92 68.00  72  62  635000 1215000   260 10.19
1.567 0.1980 202.14 68.00  72  62  635000 1215000   260 10.19
1.569 0.2062 201.30 68.00  72  62  635000 1215000   260 10.19
1.571 0.1953 200.41 68.00  72  62  635000 1215000   260 10.19
1.572 0.1958 199.48 68.00  72  62  635000 1215000   260 10.19
1.574 0.1969 198.49 68.00  72  62  635000 1215000   260 10.19
1.576 0.2114 197.45 68.00  72  62  635000 1215000   260 10.19
1.578 0.1874 196.35 68.00  72  62  635000 1215000   260 10.19
1.579 0.1974 195.16 68.00  72  62  635000 1215000   260 10.19
1.581 0.1885 193.88 68.00  72  62  635000 1215000   260 10.19
1.583 0.1908 192.49 68.00  72  62  635000 1215000   260 10.19
1.584 0.1975 191.01 68.00  72  62  635000 1215000   260 10.19
1.586 0.1929 189.43 68.00  72  62  635000 1215000   260 10.19
1.588 0.1830 187.77 68.00  72  62  635000 1215000   260 10.19
1.590 0.1893 186.04 68.00  72  62  635000 1215000   260 10.19
1.591 0.1845 184.23 68.00  72  62  635000 1215000   260 10.19
1.593 0.1801 182.37 68.00  72  62  635000 1215000   260 10.19
1.595 0.1903 180.42 68.00  72  62  635000 1215000   260 10.19
1.597 0.1751 178.39 68.00  72  62  635000 1215000   260 10.19
1.598 0.1739 176.29 68.00  72  62  635000 1215000   260 10.19
1.600 0.1737 174.11 68.00  72  62  635000 1215000   260 10.19
1.602 0.1671 171.87 68.00  72  62  635000 1215000   260 10.19
1.603 0.1743 169.60 68.00  72  62  635000 1215000   260 10.19
1.605 0.1685 167.28 68.00  72  62  635000 1215000   260 10.19
1.607 0.1606 164.92 68.00  72  62  635000 1215000   260 10.19
1.609 0.1650 162.50 68.00  72  62  635000 1215000   260 10.19
1.610 0.1540 160.04 68.00  72  62  635000 1215000   260 10.19
1.612 0.1622 157.54 68.00  72  62  635000 1215000   260 10.19
1.614 0.1471 154.99 68.00  72  62  635000 1215000   260 10.19
1.616 0.1536 152.40 68.00  72  62  635000 1215000   260 10.19
1.617 0.1559 149.80 68.00  72  62  635000 1215000   260 10.19
1.619 0.1478 147.19 68.00  72  62  635000 1215000   260 10.19
1.621 0.1464 144.57 68.00  72  62  635000 1215000   260 10.19
1.622 0.1406 141.95 68.00  72  62  635000 1215000   260 10.19
1.624 0.1445 139.33 68.00  72  62  635000 1215000   260 10.19
1.626 0.1380 136.71 68.00  72  62  635000 1215000   260 10.19
1.628 0.1300 134.12 68.00  72  62  635000 1215000   260 10.19
1.629 0.1318 131.54 68.00  72  62  635000 1215000   260 10.19
1.631 0.1319 128.97 68.00  72  62  635000 1215000   260 10.19
1.633 0.1247 126.43 68.00  72  62  635000 1215000   260 10.19
1.634 0.1211 123.93 68.00  72  62  635000 1215000   260 10.19
1.636 0.1223 121.48 68.00  72  62  635000 1215000   260 10.19
1.638 0.1184 119.09 68.00  72  62  635000 1215000   260 10.19
1.640 0.1124 116.78 68.00  72  62  635000 1215000   260 10.19
1.641 0.1143 114.57 68.00  72  62  635000 1215000   260 10.19
1.643 0.1129 112.45 68.00  72  62  635000 1215000   260 10.19
1.645 0.1136 110.45 68.00  72  62  635000 1215000   260 10.19
1.647 0.1060 108.58 68.00  72  62  635000 1215000   260 10.19
1.648 0.1078 106.85 68.00  72  62  635000 1215000   260 10.19
1.650 0.1017 105.26 68.00  72  62  635000 1215000   260 10.19
1.652 0.1075 103.78 68.00  72  62  635000 1215000   260 10.19
1.653 0.1024 102.40 68.00  72  62  635000 1215000   260 10.19
1.655 0.1013 101.10 68.00  72  62  635000 1215000   260 10.19
1.657 0.0999 99.88 68.00  72  62  635000 1215000   260 10.19
1.659 0.0954 98.73 68.00  72  62  635000 1215000   260 10.19
1.660 0.0971 97.64 68.00  72  62  635000 1215000   260 10.19
1.662 0.0959 96.60 68.00  72  62  635000 1215000   260 10.19
1.664 0.0960 95.63 68.00  72  62  635000 1215000   260 10.19
1.666 0.0956 94.72 68.00  72  62  635000 1215000   260 10.19
1.667 0.0957 93.86 68.00  72  62  635000 1215000   260 10.19
1.669 0.0928 93.06 68.00  72  62  635000 1215000   260 10.19
1.671 0.0944 92.31 68.00  72  62  635000 1215000   260 10.19
1.673 0.0924 91.61 68.00  72  62  635000 1215000   260 10.19
1.675 0.0912 90.95 68.00  72  62  635000 1215000   260 10.19
1.678 0.0915 90.34 68.00  72  62  635000 1215000   260 10.19
1.680 0.0876 89.76 68.00  72  62  635000 1215000   260 10.19
1.682 0.0914 89.22 68.00  72  62  635000 1215000   260 10.19
1.685 0.0862 88.71 68.00  72  62  635000 1215000   260 10.19
1.687 0.0851 88.23 68.00  72  62  635000 1215000   260 10.19
1.690 0.0862 87.78 68.00  72  62  635000 1215000   260 10.19
1.693 0.0868 87.36 68.00  72  62  635000 1215000   260 10.19
1.696 0.0911 86.97 68.00  72  62  635000 1215000   260 10.19
1.699 0.0860 86.62 68.00  72  62  635000 1215000   260 10.19
1.702 0.0866 86.29 68.00  72  62  635000 1215000   260 10.19
1.705 0.0862 85.98 68.00  72  62  635000 1215000   260 10.19
1.709 0.0878 85.71 68.00  72  62  635000 1215000   260 10.19
1.713 0.0846 85.45 68.00  72  62  635000 1215000   260 10.19
1.716 0.0861 85.20 68.00  72  62  635000 1215000   260 10.19
1.720 0.0809 84.95 68.00  72  62  635000 1215000   260 10.19
1.724 0.0856 84.69 68.00  72  62  635000 1215000   260 10.19
1.729 0.0834 84.42 68.00  72  62  635000 1215000   260 10.19
1.733 0.0860 84.11 68.00  72  62  635000 1215000   260 10.19
1.738 0.0844 83.79 68.00  72  62  635000 1215000   260 10.19
1.743 0.0826 83.43 68.00  72  62  635000 1215000   260 10.19
1.748 0.0847 83.05 68.00  72  62  635000 1215000   260 10.19
1.753 0.0857 82.66 68.00  72  62  635000 1215000   260 10.19
1.758 0.0817 82.25 68.00  72  62  635000 1215000   260 10.19
1.764 0.0837 81.83 68.00  72  62  635000 1215000   260 10.19
1.770 0.0808 81.42 68.00  72  62  635000 1215000   260 10.19
1.776 0.0825 81.04 68.00  72  62  635000 1215000   260 10.19
1.783 0.0813 80.68 68.00  72  62  635000 1215000   260 10.19
1.789 0.0805 80.38 68.00  72  62  635000 1215000   260 10.19
1.796 0.0787 80.13 68.00  72  62  635000 1215000   260 10.19
1.804 0.0802 79.95 68.00  72  62  635000 1215000   260 10.19
1.811 0.0792 79.85 68.00  72  62  635000 1215000   260 10.19
1.819 0.0796 79.87 68.00  72  62  635000 1215000   260 10.19
1.828 0.0803 80.03 68.00  72  62  635000 1215000   260 10.19
1.836 0.0781 80.35 68.00  72  62  635000 1215000   260 10.19
1.845 0.0837 80.86 68.00  72  62  635000 1215000   260 10.19
1.853 0.0808 81.59 68.00  72  62  635000 1215000   260 10.19
1.862 0.0810 82.54 68.00  72  62  635000 1215000   260 10.19
1.871 0.0814 83.72 68.00  72  62  635000 1215000   260 10.19
1.879 0.0842 85.15 68.00  72  62  635000 1215000   260 10.19
1.888 0.0843 86.80 68.00  72  62  635000 1215000   260 10.19
1.897 0.0865 88.66 68.00  72  62  635000 1215000   260 10.19
1.905 0.0888 90.74 68.00  72  62  635000 1215000   260 10.19
1.914 0.0903 92.99 68.00  72  62  635000 1215000   260 10.19
1.922 0.0940 95.40 68.00  72  62  635000 1215000   260 10.19
1.931 0.0962 97.93 68.00  72  62  635000 1215000   260 10.19
1.940 0.0997 100.53 68.00  72  62  635000 1215000   260 10.19
1.948 0.1015 103.15 68.00  72  62  635000 1215000   260 10.19
1.957 0.1057 105.76 68.00  72  62  635000 1215000   260 10.19
1.966 0.1075 108.28 68.00  72  62  635000 1215000   260 10.19
1.974 0.1120 110.67 68.00  72  62  635000 1215000   260 10.19
1.983 0.1154 112.88 68.00  72  62  635000 1215000   260 10.19
1.991 0.1168 114.86 68.00  72  62  635000 1215000   260 10.19
2.000 0.1203 116.57 68.00  72  62  635000 1215000   260 10.19
2.009 0.1214 117.97 68.00  72  62  635000 1215000   260 10.19
2.017 0.1217 119.04 68.00  72  62  635000 1215000   260 10.19
2.026 0.1225 119.76 68.00  72  62  635000 1215000   260 10.19
2.034 0.1233 120.12 68.00  72  62  635000 1215000   260 10.19
2.043 0.1265 120.12 68.00  72  62  635000 1215000   260 10.19
2.052 0.1246 119.79 68.00  72  62  635000 1215000   260 10.19
2.060 0.1233 119.16 68.00  72  62  635000 1215000   260 10.19
2.069 0.1230 118.31 68.00  72  62  635000 1215000   260 10.19
2.078 0.1207 117.30 68.00  72  62  635000 1215000   260 10.19
2.086 0.1184 116.23 68.00  72  62  635000 1215000   260 10.19
2.095 0.1152 115.20 68.00  72  62  635000 1215000   260 10.19
2.103 0.1130 114.32 68.00  72  62  635000 1215000   260 10.19
2.112 0.1158 113.68 68.00  72  62  635000 1215000   260 10.19
2.121 0.1115 113.36 68.00  72  62  635000 1215000   260 10.19
2.129 0.1110 113.43 68.00  72  62  635000 1215000   260 10.19
2.138 0.1130 113.95 68.00  72  62  635000 1215000   260 10.19
2.147 0.1119 114.95 68.00  72  62  635000 1215000   260 10.19
2.155 0.1133 116.60 68.00  72  62  635000 1215000   260 10.19
2.164 0.1154 120.76 68.00  72  62  635000 1215000   260 10.19
2.172 0.1174 127.70 68.00  72  62  635000 1215000   260 10.19
2.181 0.1240 135.64 68.00  72  62  635000 1215000   260 10.19
2.190 0.1242 143.60 68.00  72  62  635000 1215000   260 10.19
2.198 0.1328 151.24 68.00  72  62  635000 1215000   260 10.19
2.207 0.1429 158.49 68.00  72  62  635000 1215000   260 10.19
2.216 0.1530 165.34 68.00  72  62  635000 1215000   260 10.19
2.224 0.1644 171.84 68.00  72  62  635000 1215000   260 10.19
2.233 0.1739 178.04 68.00  72  62  635000 1215000   260 10.19
2.241 0.1856 183.98 68.00  72  62  635000 1215000   260 10.19
2.250 0.1953 189.69 68.00  72  62  635000 1215000   260 10.19
2.259 0.2055 195.22 68.00  72  62  635000 1215000   260 10.19
2.267 0.2158 200.59 68.00  72  62  635000 1215000   260 10.19
2.276 0.2283 205.82 68.00  72  62  635000 1215000   260 10.19
2.284 0.2416 210.90 68.00  72  62  635000 1215000   260 10.19
2.293 0.2627 215.85 68.00  72  62  635000 1215000   260 10.19
2.302 0.2844 220.66 68.00  72  62  635000 1215000   260 10.19
2.310 0.3118 225.32 68.00  72  62  635000 1215000   260 10.19
2.319 0.3355 229.80 68.00  72  62  635000 1215000   260 10.19
2.328 0.3782 234.08 68.00  72  62  635000 1215000   260 10.19
2.336 0.4054 238.11 68.00  72  62  635000 1215000   260 10.19
2.345 0.0000 241.86 68.00  72  62  635000 1215000   260 10.19
2.353 0.0000 245.25 68.00  72  62  635000 1215000   260 10.19
