     x     qy smooth tpara  cd  zL     xTr    xCpl frame tma
-1.007 0.2093 180.87 85.00  67  62  610000 1216000   210 7.61
-0.998 0.2116 169.26 85.00  67  62  610000 1216000   210 7.61
-0.990 0.1940 158.23 85.00  67  62  610000 1216000   210 7.61
-0.982 0.1247 147.78 85.00  67  62  610000 1216000   210 7.61
-0.974 0.1244 137.88 85.00  67  62  610000 1216000   210 7.61
-0.965 0.0994 128.53 85.00  67  62  610000 1216000   210 7.61
-0.957 0.0979 119.71 85.00  67  62  610000 1216000   210 7.61
-0.949 0.0901 111.40 85.00  67  62  610000 1216000   210 7.61
-0.941 0.0833 103.60 85.00  67  62  610000 1216000   210 7.61
-0.932 0.0796 96.31 85.00  67  62  610000 1216000   210 7.61
-0.924 0.0761 89.51 85.00  67  62  610000 1216000   210 7.61
-0.916 0.0714 83.20 85.00  67  62  610000 1216000   210 7.61
-0.908 0.0689 77.39 85.00  67  62  610000 1216000   210 7.61
-0.899 0.0669 72.07 85.00  67  62  610000 1216000   210 7.61
-0.891 0.0633 67.25 85.00  67  62  610000 1216000   210 7.61
-0.883 0.0610 62.94 85.00  67  62  610000 1216000   210 7.61
-0.875 0.0598 59.17 85.00  67  62  610000 1216000   210 7.61
-0.866 0.0579 55.94 85.00  67  62  610000 1216000   210 7.61
-0.858 0.0564 53.30 85.00  67  62  610000 1216000   210 7.61
-0.850 0.0544 51.28 85.00  67  62  610000 1216000   210 7.61
-0.842 0.0523 49.92 85.00  67  62  610000 1216000   210 7.61
-0.833 0.0529 49.23 85.00  67  62  610000 1216000   210 7.61
-0.825 0.0507 49.09 85.00  67  62  610000 1216000   210 7.61
-0.817 0.0506 48.95 85.00  67  62  610000 1216000   210 7.61
-0.809 0.0489 48.19 85.00  67  62  610000 1216000   210 7.61
-0.800 0.0478 47.37 85.00  67  62  610000 1216000   210 7.61
-0.792 0.0471 46.55 85.00  67  62  610000 1216000   210 7.61
-0.784 0.0469 45.76 85.00  67  62  610000 1216000   210 7.61
-0.776 0.0453 45.01 85.00  67  62  610000 1216000   210 7.61
-0.767 0.0444 44.30 85.00  67  62  610000 1216000   210 7.61
-0.759 0.0444 43.64 85.00  67  62  610000 1216000   210 7.61
-0.751 0.0433 43.02 85.00  67  62  610000 1216000   210 7.61
-0.743 0.0428 42.47 85.00  67  62  610000 1216000   210 7.61
-0.734 0.0430 41.97 85.00  67  62  610000 1216000   210 7.61
-0.726 0.0411 41.52 85.00  67  62  610000 1216000   210 7.61
-0.718 0.0413 41.13 85.00  67  62  610000 1216000   210 7.61
-0.710 0.0400 40.79 85.00  67  62  610000 1216000   210 7.61
-0.701 0.0392 40.50 85.00  67  62  610000 1216000   210 7.61
-0.693 0.0391 40.27 85.00  67  62  610000 1216000   210 7.61
-0.685 0.0393 40.08 85.00  67  62  610000 1216000   210 7.61
-0.677 0.0398 39.93 85.00  67  62  610000 1216000   210 7.61
-0.668 0.0395 39.84 85.00  67  62  610000 1216000   210 7.61
-0.660 0.0390 39.77 85.00  67  62  610000 1216000   210 7.61
-0.652 0.0394 39.74 85.00  67  62  610000 1216000   210 7.61
-0.644 0.0412 39.74 85.00  67  62  610000 1216000   210 7.61
-0.635 0.0401 39.76 85.00  67  62  610000 1216000   210 7.61
-0.627 0.0401 39.79 85.00  67  62  610000 1216000   210 7.61
-0.619 0.0413 39.83 85.00  67  62  610000 1216000   210 7.61
-0.611 0.0405 39.88 85.00  67  62  610000 1216000   210 7.61
-0.602 0.0405 39.93 85.00  67  62  610000 1216000   210 7.61
-0.594 0.0399 39.96 85.00  67  62  610000 1216000   210 7.61
-0.586 0.0392 39.98 85.00  67  62  610000 1216000   210 7.61
-0.578 0.0400 39.99 85.00  67  62  610000 1216000   210 7.61
-0.569 0.0408 39.98 85.00  67  62  610000 1216000   210 7.61
-0.561 0.0399 39.94 85.00  67  62  610000 1216000   210 7.61
-0.553 0.0401 39.90 85.00  67  62  610000 1216000   210 7.61
-0.545 0.0398 39.84 85.00  67  62  610000 1216000   210 7.61
-0.536 0.0399 39.78 85.00  67  62  610000 1216000   210 7.61
-0.528 0.0401 39.73 85.00  67  62  610000 1216000   210 7.61
-0.520 0.0396 39.68 85.00  67  62  610000 1216000   210 7.61
-0.512 0.0387 39.65 85.00  67  62  610000 1216000   210 7.61
-0.503 0.0395 39.64 85.00  67  62  610000 1216000   210 7.61
-0.495 0.0394 39.64 85.00  67  62  610000 1216000   210 7.61
-0.487 0.0398 39.67 85.00  67  62  610000 1216000   210 7.61
-0.479 0.0397 39.71 85.00  67  62  610000 1216000   210 7.61
-0.470 0.0392 39.77 85.00  67  62  610000 1216000   210 7.61
-0.462 0.0399 39.85 85.00  67  62  610000 1216000   210 7.61
-0.454 0.0395 39.95 85.00  67  62  610000 1216000   210 7.61
-0.446 0.0392 40.06 85.00  67  62  610000 1216000   210 7.61
-0.437 0.0399 40.18 85.00  67  62  610000 1216000   210 7.61
-0.429 0.0408 40.31 85.00  67  62  610000 1216000   210 7.61
-0.421 0.0406 40.45 85.00  67  62  610000 1216000   210 7.61
-0.413 0.0413 40.59 85.00  67  62  610000 1216000   210 7.61
-0.404 0.0405 40.73 85.00  67  62  610000 1216000   210 7.61
-0.396 0.0409 40.87 85.00  67  62  610000 1216000   210 7.61
-0.388 0.0416 41.01 85.00  67  62  610000 1216000   210 7.61
-0.380 0.0418 41.13 85.00  67  62  610000 1216000   210 7.61
-0.371 0.0410 41.25 85.00  67  62  610000 1216000   210 7.61
-0.363 0.0402 41.35 85.00  67  62  610000 1216000   210 7.61
-0.355 0.0414 41.42 85.00  67  62  610000 1216000   210 7.61
-0.347 0.0418 41.47 85.00  67  62  610000 1216000   210 7.61
-0.338 0.0419 41.48 85.00  67  62  610000 1216000   210 7.61
-0.330 0.0418 41.46 85.00  67  62  610000 1216000   210 7.61
-0.322 0.0415 41.40 85.00  67  62  610000 1216000   210 7.61
-0.314 0.0423 41.32 85.00  67  62  610000 1216000   210 7.61
-0.305 0.0423 41.23 85.00  67  62  610000 1216000   210 7.61
-0.297 0.0404 41.12 85.00  67  62  610000 1216000   210 7.61
-0.289 0.0410 41.02 85.00  67  62  610000 1216000   210 7.61
-0.281 0.0403 40.93 85.00  67  62  610000 1216000   210 7.61
-0.272 0.0416 40.87 85.00  67  62  610000 1216000   210 7.61
-0.264 0.0413 40.83 85.00  67  62  610000 1216000   210 7.61
-0.256 0.0413 40.81 85.00  67  62  610000 1216000   210 7.61
-0.248 0.0405 40.82 85.00  67  62  610000 1216000   210 7.61
-0.239 0.0408 40.85 85.00  67  62  610000 1216000   210 7.61
-0.231 0.0412 40.90 85.00  67  62  610000 1216000   210 7.61
-0.223 0.0393 40.97 85.00  67  62  610000 1216000   210 7.61
-0.215 0.0397 41.05 85.00  67  62  610000 1216000   210 7.61
-0.206 0.0385 41.14 85.00  67  62  610000 1216000   210 7.61
-0.198 0.0388 41.23 85.00  67  62  610000 1216000   210 7.61
-0.190 0.0407 41.32 85.00  67  62  610000 1216000   210 7.61
-0.182 0.0420 41.40 85.00  67  62  610000 1216000   210 7.61
-0.173 0.0429 41.48 85.00  67  62  610000 1216000   210 7.61
-0.165 0.0431 41.54 85.00  67  62  610000 1216000   210 7.61
-0.157 0.0441 41.59 85.00  67  62  610000 1216000   210 7.61
-0.149 0.0432 41.64 85.00  67  62  610000 1216000   210 7.61
-0.140 0.0426 41.67 85.00  67  62  610000 1216000   210 7.61
-0.132 0.0419 41.70 85.00  67  62  610000 1216000   210 7.61
-0.124 0.0418 41.72 85.00  67  62  610000 1216000   210 7.61
-0.116 0.0420 41.73 85.00  67  62  610000 1216000   210 7.61
-0.107 0.0407 41.72 85.00  67  62  610000 1216000   210 7.61
-0.099 0.0419 41.70 85.00  67  62  610000 1216000   210 7.61
-0.091 0.0412 41.65 85.00  67  62  610000 1216000   210 7.61
-0.083 0.0405 41.56 85.00  67  62  610000 1216000   210 7.61
-0.074 0.0403 41.43 85.00  67  62  610000 1216000   210 7.61
-0.066 0.0403 41.26 85.00  67  62  610000 1216000   210 7.61
-0.058 0.0397 41.05 85.00  67  62  610000 1216000   210 7.61
-0.050 0.0398 40.80 85.00  67  62  610000 1216000   210 7.61
-0.041 0.0407 40.51 85.00  67  62  610000 1216000   210 7.61
-0.033 0.0396 40.19 85.00  67  62  610000 1216000   210 7.61
-0.025 0.0405 39.83 85.00  67  62  610000 1216000   210 7.61
-0.017 0.0404 39.43 85.00  67  62  610000 1216000   210 7.61
-0.008 0.0403 38.98 85.00  67  62  610000 1216000   210 7.61
0.000 0.0409 38.48 85.00  67  62  610000 1216000   210 7.61
0.008 0.0395 37.93 85.00  67  62  610000 1216000   210 7.61
0.017 0.0391 37.32 85.00  67  62  610000 1216000   210 7.61
0.025 0.0377 36.66 85.00  67  62  610000 1216000   210 7.61
0.033 0.0366 35.95 85.00  67  62  610000 1216000   210 7.61
0.041 0.0353 35.22 85.00  67  62  610000 1216000   210 7.61
0.050 0.0327 34.47 85.00  67  62  610000 1216000   210 7.61
0.058 0.0335 33.71 85.00  67  62  610000 1216000   210 7.61
0.066 0.0334 32.96 85.00  67  62  610000 1216000   210 7.61
0.074 0.0319 32.23 85.00  67  62  610000 1216000   210 7.61
0.083 0.0322 31.53 85.00  67  62  610000 1216000   210 7.61
0.091 0.0289 30.88 85.00  67  62  610000 1216000   210 7.61
0.099 0.0294 30.28 85.00  67  62  610000 1216000   210 7.61
0.107 0.0278 29.75 85.00  67  62  610000 1216000   210 7.61
0.116 0.0292 29.29 85.00  67  62  610000 1216000   210 7.61
0.124 0.0278 28.91 85.00  67  62  610000 1216000   210 7.61
0.132 0.0270 28.62 85.00  67  62  610000 1216000   210 7.61
0.140 0.0278 28.41 85.00  67  62  610000 1216000   210 7.61
0.149 0.0282 28.28 85.00  67  62  610000 1216000   210 7.61
0.157 0.0280 28.22 85.00  67  62  610000 1216000   210 7.61
0.165 0.0290 28.23 85.00  67  62  610000 1216000   210 7.61
0.173 0.0290 28.30 85.00  67  62  610000 1216000   210 7.61
0.182 0.0288 28.42 85.00  67  62  610000 1216000   210 7.61
0.190 0.0297 28.58 85.00  67  62  610000 1216000   210 7.61
0.198 0.0291 28.78 85.00  67  62  610000 1216000   210 7.61
0.206 0.0298 29.02 85.00  67  62  610000 1216000   210 7.61
0.215 0.0279 29.28 85.00  67  62  610000 1216000   210 7.61
0.223 0.0304 29.56 85.00  67  62  610000 1216000   210 7.61
0.231 0.0303 29.84 85.00  67  62  610000 1216000   210 7.61
0.239 0.0295 30.12 85.00  67  62  610000 1216000   210 7.61
0.248 0.0293 30.38 85.00  67  62  610000 1216000   210 7.61
0.256 0.0305 30.61 85.00  67  62  610000 1216000   210 7.61
0.264 0.0318 30.83 85.00  67  62  610000 1216000   210 7.61
0.272 0.0311 31.03 85.00  67  62  610000 1216000   210 7.61
0.281 0.0310 31.23 85.00  67  62  610000 1216000   210 7.61
0.289 0.0313 31.43 85.00  67  62  610000 1216000   210 7.61
0.297 0.0327 31.64 85.00  67  62  610000 1216000   210 7.61
0.305 0.0332 31.86 85.00  67  62  610000 1216000   210 7.61
0.314 0.0312 32.10 85.00  67  62  610000 1216000   210 7.61
0.322 0.0334 32.38 85.00  67  62  610000 1216000   210 7.61
0.330 0.0338 32.69 85.00  67  62  610000 1216000   210 7.61
0.338 0.0338 33.03 85.00  67  62  610000 1216000   210 7.61
0.347 0.0338 33.41 85.00  67  62  610000 1216000   210 7.61
0.355 0.0332 33.81 85.00  67  62  610000 1216000   210 7.61
0.363 0.0323 34.25 85.00  67  62  610000 1216000   210 7.61
0.371 0.0331 34.72 85.00  67  62  610000 1216000   210 7.61
0.380 0.0322 35.20 85.00  67  62  610000 1216000   210 7.61
0.388 0.0356 35.70 85.00  67  62  610000 1216000   210 7.61
0.396 0.0348 36.21 85.00  67  62  610000 1216000   210 7.61
0.404 0.0372 36.72 85.00  67  62  610000 1216000   210 7.61
0.413 0.0369 37.22 85.00  67  62  610000 1216000   210 7.61
0.421 0.0390 37.72 85.00  67  62  610000 1216000   210 7.61
0.429 0.0393 38.20 85.00  67  62  610000 1216000   210 7.61
0.437 0.0393 38.68 85.00  67  62  610000 1216000   210 7.61
0.446 0.0412 39.15 85.00  67  62  610000 1216000   210 7.61
0.454 0.0398 39.63 85.00  67  62  610000 1216000   210 7.61
0.462 0.0405 40.12 85.00  67  62  610000 1216000   210 7.61
0.470 0.0438 40.62 85.00  67  62  610000 1216000   210 7.61
0.479 0.0414 41.15 85.00  67  62  610000 1216000   210 7.61
0.487 0.0417 41.69 85.00  67  62  610000 1216000   210 7.61
0.495 0.0436 42.25 85.00  67  62  610000 1216000   210 7.61
0.502 0.0416 42.83 85.00  67  62  610000 1216000   210 7.61
0.510 0.0424 43.42 85.00  67  62  610000 1216000   210 7.61
0.517 0.0430 44.02 85.00  67  62  610000 1216000   210 7.61
0.523 0.0425 44.64 85.00  67  62  610000 1216000   210 7.61
0.530 0.0437 45.29 85.00  67  62  610000 1216000   210 7.61
0.536 0.0432 45.95 85.00  67  62  610000 1216000   210 7.61
0.542 0.0455 46.66 85.00  67  62  610000 1216000   210 7.61
0.548 0.0458 47.39 85.00  67  62  610000 1216000   210 7.61
0.553 0.0478 48.16 85.00  67  62  610000 1216000   210 7.61
0.558 0.0488 48.96 85.00  67  62  610000 1216000   210 7.61
0.563 0.0518 49.79 85.00  67  62  610000 1216000   210 7.61
0.568 0.0542 50.64 85.00  67  62  610000 1216000   210 7.61
0.573 0.0546 51.51 85.00  67  62  610000 1216000   210 7.61
0.577 0.0516 52.38 85.00  67  62  610000 1216000   210 7.61
0.582 0.0543 53.24 85.00  67  62  610000 1216000   210 7.61
0.586 0.0545 54.09 85.00  67  62  610000 1216000   210 7.61
0.590 0.0541 54.91 85.00  67  62  610000 1216000   210 7.61
0.593 0.0548 55.69 85.00  67  62  610000 1216000   210 7.61
0.597 0.0571 56.42 85.00  67  62  610000 1216000   210 7.61
0.600 0.0539 57.10 85.00  67  62  610000 1216000   210 7.61
0.604 0.0583 57.73 85.00  67  62  610000 1216000   210 7.61
0.607 0.0598 58.31 85.00  67  62  610000 1216000   210 7.61
0.610 0.0594 58.87 85.00  67  62  610000 1216000   210 7.61
0.613 0.0572 59.40 85.00  67  62  610000 1216000   210 7.61
0.616 0.0620 59.92 85.00  67  62  610000 1216000   210 7.61
0.618 0.0592 60.43 85.00  67  62  610000 1216000   210 7.61
0.621 0.0638 60.94 85.00  67  62  610000 1216000   210 7.61
0.624 0.0593 61.46 85.00  67  62  610000 1216000   210 7.61
0.626 0.0626 61.97 85.00  67  62  610000 1216000   210 7.61
0.628 0.0634 62.48 85.00  67  62  610000 1216000   210 7.61
0.630 0.0592 62.96 85.00  67  62  610000 1216000   210 7.61
0.633 0.0660 63.41 85.00  67  62  610000 1216000   210 7.61
0.635 0.0639 63.84 85.00  67  62  610000 1216000   210 7.61
0.637 0.0627 64.23 85.00  67  62  610000 1216000   210 7.61
0.638 0.0648 64.58 85.00  67  62  610000 1216000   210 7.61
0.640 0.0654 64.92 85.00  67  62  610000 1216000   210 7.61
0.642 0.0601 65.23 85.00  67  62  610000 1216000   210 7.61
0.644 0.0718 65.52 85.00  67  62  610000 1216000   210 7.61
0.645 0.0682 65.80 85.00  67  62  610000 1216000   210 7.61
0.647 0.0654 66.06 85.00  67  62  610000 1216000   210 7.61
0.649 0.0653 66.34 85.00  67  62  610000 1216000   210 7.61
0.650 0.0671 66.63 85.00  67  62  610000 1216000   210 7.61
0.652 0.0727 66.93 85.00  67  62  610000 1216000   210 7.61
0.653 0.0621 67.26 85.00  67  62  610000 1216000   210 7.61
0.655 0.0641 67.59 85.00  67  62  610000 1216000   210 7.61
0.657 0.0697 67.94 85.00  67  62  610000 1216000   210 7.61
0.658 0.0718 68.30 85.00  67  62  610000 1216000   210 7.61
0.660 0.0619 68.67 85.00  67  62  610000 1216000   210 7.61
0.662 0.0675 69.06 85.00  67  62  610000 1216000   210 7.61
0.663 0.0717 69.48 85.00  67  62  610000 1216000   210 7.61
0.665 0.0688 69.93 85.00  67  62  610000 1216000   210 7.61
0.667 0.0757 70.41 85.00  67  62  610000 1216000   210 7.61
0.668 0.0665 70.92 85.00  67  62  610000 1216000   210 7.61
0.670 0.0695 71.45 85.00  67  62  610000 1216000   210 7.61
0.672 0.0725 71.98 85.00  67  62  610000 1216000   210 7.61
0.673 0.0724 72.50 85.00  67  62  610000 1216000   210 7.61
0.675 0.0720 73.02 85.00  67  62  610000 1216000   210 7.61
0.677 0.0744 73.50 85.00  67  62  610000 1216000   210 7.61
0.678 0.0754 73.94 85.00  67  62  610000 1216000   210 7.61
0.680 0.0810 74.33 85.00  67  62  610000 1216000   210 7.61
0.682 0.0749 74.68 85.00  67  62  610000 1216000   210 7.61
0.683 0.0660 74.98 85.00  67  62  610000 1216000   210 7.61
0.685 0.0799 75.23 85.00  67  62  610000 1216000   210 7.61
0.686 0.0724 75.44 85.00  67  62  610000 1216000   210 7.61
0.688 0.0774 75.63 85.00  67  62  610000 1216000   210 7.61
0.690 0.0788 75.80 85.00  67  62  610000 1216000   210 7.61
0.691 0.0772 75.95 85.00  67  62  610000 1216000   210 7.61
0.693 0.0791 76.09 85.00  67  62  610000 1216000   210 7.61
0.695 0.0771 76.19 85.00  67  62  610000 1216000   210 7.61
0.696 0.0727 76.27 85.00  67  62  610000 1216000   210 7.61
0.698 0.0770 76.33 85.00  67  62  610000 1216000   210 7.61
0.700 0.0678 76.35 85.00  67  62  610000 1216000   210 7.61
0.701 0.0772 76.34 85.00  67  62  610000 1216000   210 7.61
0.703 0.0780 76.32 85.00  67  62  610000 1216000   210 7.61
0.705 0.0748 76.28 85.00  67  62  610000 1216000   210 7.61
0.706 0.0768 76.24 85.00  67  62  610000 1216000   210 7.61
0.708 0.0735 76.21 85.00  67  62  610000 1216000   210 7.61
0.710 0.0808 76.20 85.00  67  62  610000 1216000   210 7.61
0.711 0.0787 76.22 85.00  67  62  610000 1216000   210 7.61
0.713 0.0772 76.25 85.00  67  62  610000 1216000   210 7.61
0.715 0.0766 76.31 85.00  67  62  610000 1216000   210 7.61
0.716 0.0752 76.38 85.00  67  62  610000 1216000   210 7.61
0.718 0.0771 76.47 85.00  67  62  610000 1216000   210 7.61
0.719 0.0796 76.57 85.00  67  62  610000 1216000   210 7.61
0.721 0.0770 76.68 85.00  67  62  610000 1216000   210 7.61
0.723 0.0675 76.78 85.00  67  62  610000 1216000   210 7.61
0.724 0.0746 76.86 85.00  67  62  610000 1216000   210 7.61
0.726 0.0809 76.92 85.00  67  62  610000 1216000   210 7.61
0.728 0.0730 76.93 85.00  67  62  610000 1216000   210 7.61
0.729 0.0785 76.92 85.00  67  62  610000 1216000   210 7.61
0.731 0.0789 76.88 85.00  67  62  610000 1216000   210 7.61
0.733 0.0762 76.82 85.00  67  62  610000 1216000   210 7.61
0.734 0.0764 76.74 85.00  67  62  610000 1216000   210 7.61
0.736 0.0785 76.66 85.00  67  62  610000 1216000   210 7.61
0.738 0.0772 76.57 85.00  67  62  610000 1216000   210 7.61
0.739 0.0830 76.47 85.00  67  62  610000 1216000   210 7.61
0.741 0.0743 76.36 85.00  67  62  610000 1216000   210 7.61
0.743 0.0763 76.24 85.00  67  62  610000 1216000   210 7.61
0.744 0.0728 76.10 85.00  67  62  610000 1216000   210 7.61
0.746 0.0795 75.95 85.00  67  62  610000 1216000   210 7.61
0.748 0.0729 75.77 85.00  67  62  610000 1216000   210 7.61
0.749 0.0721 75.59 85.00  67  62  610000 1216000   210 7.61
0.751 0.0825 75.39 85.00  67  62  610000 1216000   210 7.61
0.752 0.0742 75.19 85.00  67  62  610000 1216000   210 7.61
0.754 0.0740 75.01 85.00  67  62  610000 1216000   210 7.61
0.756 0.0717 74.86 85.00  67  62  610000 1216000   210 7.61
0.757 0.0701 74.73 85.00  67  62  610000 1216000   210 7.61
0.759 0.0789 74.64 85.00  67  62  610000 1216000   210 7.61
0.761 0.0743 74.59 85.00  67  62  610000 1216000   210 7.61
0.762 0.0725 74.57 85.00  67  62  610000 1216000   210 7.61
0.764 0.0752 74.57 85.00  67  62  610000 1216000   210 7.61
0.766 0.0731 74.60 85.00  67  62  610000 1216000   210 7.61
0.767 0.0768 74.64 85.00  67  62  610000 1216000   210 7.61
0.769 0.0752 74.70 85.00  67  62  610000 1216000   210 7.61
0.771 0.0754 74.75 85.00  67  62  610000 1216000   210 7.61
0.772 0.0742 74.79 85.00  67  62  610000 1216000   210 7.61
0.774 0.0752 74.82 85.00  67  62  610000 1216000   210 7.61
0.776 0.0753 74.83 85.00  67  62  610000 1216000   210 7.61
0.777 0.0738 74.82 85.00  67  62  610000 1216000   210 7.61
0.779 0.0764 74.80 85.00  67  62  610000 1216000   210 7.61
0.781 0.0748 74.77 85.00  67  62  610000 1216000   210 7.61
0.782 0.0743 74.73 85.00  67  62  610000 1216000   210 7.61
0.784 0.0777 74.68 85.00  67  62  610000 1216000   210 7.61
0.785 0.0737 74.62 85.00  67  62  610000 1216000   210 7.61
0.787 0.0797 74.56 85.00  67  62  610000 1216000   210 7.61
0.789 0.0652 74.49 85.00  67  62  610000 1216000   210 7.61
0.790 0.0727 74.42 85.00  67  62  610000 1216000   210 7.61
0.792 0.0788 74.36 85.00  67  62  610000 1216000   210 7.61
0.794 0.0742 74.32 85.00  67  62  610000 1216000   210 7.61
0.795 0.0756 74.29 85.00  67  62  610000 1216000   210 7.61
0.797 0.0742 74.26 85.00  67  62  610000 1216000   210 7.61
0.799 0.0694 74.23 85.00  67  62  610000 1216000   210 7.61
0.800 0.0748 74.19 85.00  67  62  610000 1216000   210 7.61
0.802 0.0695 74.15 85.00  67  62  610000 1216000   210 7.61
0.804 0.0799 74.10 85.00  67  62  610000 1216000   210 7.61
0.805 0.0782 74.05 85.00  67  62  610000 1216000   210 7.61
0.807 0.0661 74.00 85.00  67  62  610000 1216000   210 7.61
0.809 0.0789 73.96 85.00  67  62  610000 1216000   210 7.61
0.810 0.0747 73.93 85.00  67  62  610000 1216000   210 7.61
0.812 0.0726 73.89 85.00  67  62  610000 1216000   210 7.61
0.814 0.0790 73.85 85.00  67  62  610000 1216000   210 7.61
0.815 0.0699 73.81 85.00  67  62  610000 1216000   210 7.61
0.817 0.0742 73.76 85.00  67  62  610000 1216000   210 7.61
0.818 0.0731 73.70 85.00  67  62  610000 1216000   210 7.61
0.820 0.0732 73.64 85.00  67  62  610000 1216000   210 7.61
0.822 0.0745 73.57 85.00  67  62  610000 1216000   210 7.61
0.823 0.0755 73.50 85.00  67  62  610000 1216000   210 7.61
0.825 0.0712 73.43 85.00  67  62  610000 1216000   210 7.61
0.827 0.0721 73.36 85.00  67  62  610000 1216000   210 7.61
0.828 0.0698 73.28 85.00  67  62  610000 1216000   210 7.61
0.830 0.0722 73.18 85.00  67  62  610000 1216000   210 7.61
0.832 0.0754 73.09 85.00  67  62  610000 1216000   210 7.61
0.833 0.0754 73.00 85.00  67  62  610000 1216000   210 7.61
0.835 0.0727 72.91 85.00  67  62  610000 1216000   210 7.61
0.837 0.0753 72.84 85.00  67  62  610000 1216000   210 7.61
0.838 0.0723 72.78 85.00  67  62  610000 1216000   210 7.61
0.840 0.0730 72.74 85.00  67  62  610000 1216000   210 7.61
0.842 0.0710 72.72 85.00  67  62  610000 1216000   210 7.61
0.843 0.0708 72.72 85.00  67  62  610000 1216000   210 7.61
0.845 0.0750 72.74 85.00  67  62  610000 1216000   210 7.61
0.847 0.0773 72.76 85.00  67  62  610000 1216000   210 7.61
0.848 0.0680 72.78 85.00  67  62  610000 1216000   210 7.61
0.850 0.0744 72.79 85.00  67  62  610000 1216000   210 7.61
0.851 0.0706 72.80 85.00  67  62  610000 1216000   210 7.61
0.853 0.0714 72.80 85.00  67  62  610000 1216000   210 7.61
0.855 0.0738 72.82 85.00  67  62  610000 1216000   210 7.61
0.856 0.0745 72.84 85.00  67  62  610000 1216000   210 7.61
0.858 0.0688 72.88 85.00  67  62  610000 1216000   210 7.61
0.860 0.0708 72.92 85.00  67  62  610000 1216000   210 7.61
0.861 0.0754 72.97 85.00  67  62  610000 1216000   210 7.61
0.863 0.0763 73.04 85.00  67  62  610000 1216000   210 7.61
0.865 0.0736 73.13 85.00  67  62  610000 1216000   210 7.61
0.866 0.0711 73.24 85.00  67  62  610000 1216000   210 7.61
0.868 0.0729 73.36 85.00  67  62  610000 1216000   210 7.61
0.870 0.0799 73.49 85.00  67  62  610000 1216000   210 7.61
0.871 0.0758 73.63 85.00  67  62  610000 1216000   210 7.61
0.873 0.0688 73.76 85.00  67  62  610000 1216000   210 7.61
0.875 0.0699 73.90 85.00  67  62  610000 1216000   210 7.61
0.876 0.0736 74.04 85.00  67  62  610000 1216000   210 7.61
0.878 0.0744 74.17 85.00  67  62  610000 1216000   210 7.61
0.880 0.0735 74.29 85.00  67  62  610000 1216000   210 7.61
0.881 0.0751 74.41 85.00  67  62  610000 1216000   210 7.61
0.883 0.0775 74.53 85.00  67  62  610000 1216000   210 7.61
0.884 0.0755 74.66 85.00  67  62  610000 1216000   210 7.61
0.886 0.0776 74.81 85.00  67  62  610000 1216000   210 7.61
0.888 0.0718 74.98 85.00  67  62  610000 1216000   210 7.61
0.889 0.0725 75.18 85.00  67  62  610000 1216000   210 7.61
0.891 0.0742 75.40 85.00  67  62  610000 1216000   210 7.61
0.893 0.0774 75.65 85.00  67  62  610000 1216000   210 7.61
0.894 0.0837 75.94 85.00  67  62  610000 1216000   210 7.61
0.896 0.0723 76.28 85.00  67  62  610000 1216000   210 7.61
0.898 0.0754 76.68 85.00  67  62  610000 1216000   210 7.61
0.899 0.0797 77.14 85.00  67  62  610000 1216000   210 7.61
0.901 0.0773 77.66 85.00  67  62  610000 1216000   210 7.61
0.903 0.0726 78.23 85.00  67  62  610000 1216000   210 7.61
0.904 0.0804 78.85 85.00  67  62  610000 1216000   210 7.61
0.906 0.0812 79.52 85.00  67  62  610000 1216000   210 7.61
0.908 0.0764 80.25 85.00  67  62  610000 1216000   210 7.61
0.909 0.0829 81.06 85.00  67  62  610000 1216000   210 7.61
0.911 0.0817 81.97 85.00  67  62  610000 1216000   210 7.61
0.913 0.0847 82.98 85.00  67  62  610000 1216000   210 7.61
0.914 0.0867 84.11 85.00  67  62  610000 1216000   210 7.61
0.916 0.0783 85.36 85.00  67  62  610000 1216000   210 7.61
0.917 0.0872 86.69 85.00  67  62  610000 1216000   210 7.61
0.919 0.0855 88.12 85.00  67  62  610000 1216000   210 7.61
0.921 0.0936 89.63 85.00  67  62  610000 1216000   210 7.61
0.922 0.0923 91.25 85.00  67  62  610000 1216000   210 7.61
0.924 0.0896 92.95 85.00  67  62  610000 1216000   210 7.61
0.926 0.0976 94.74 85.00  67  62  610000 1216000   210 7.61
0.927 0.0970 96.56 85.00  67  62  610000 1216000   210 7.61
0.929 0.0984 98.40 85.00  67  62  610000 1216000   210 7.61
0.931 0.0944 100.22 85.00  67  62  610000 1216000   210 7.61
0.932 0.0985 102.00 85.00  67  62  610000 1216000   210 7.61
0.934 0.1015 103.73 85.00  67  62  610000 1216000   210 7.61
0.936 0.1039 105.36 85.00  67  62  610000 1216000   210 7.61
0.937 0.1092 106.90 85.00  67  62  610000 1216000   210 7.61
0.939 0.1174 108.34 85.00  67  62  610000 1216000   210 7.61
0.941 0.1098 109.70 85.00  67  62  610000 1216000   210 7.61
0.942 0.1169 110.97 85.00  67  62  610000 1216000   210 7.61
0.944 0.1137 112.17 85.00  67  62  610000 1216000   210 7.61
0.946 0.1105 113.30 85.00  67  62  610000 1216000   210 7.61
0.947 0.1140 114.39 85.00  67  62  610000 1216000   210 7.61
0.949 0.1178 115.44 85.00  67  62  610000 1216000   210 7.61
0.950 0.1137 116.45 85.00  67  62  610000 1216000   210 7.61
0.952 0.1303 117.43 85.00  67  62  610000 1216000   210 7.61
0.954 0.1148 118.37 85.00  67  62  610000 1216000   210 7.61
0.955 0.1162 119.25 85.00  67  62  610000 1216000   210 7.61
0.957 0.1160 120.05 85.00  67  62  610000 1216000   210 7.61
0.959 0.1062 120.76 85.00  67  62  610000 1216000   210 7.61
0.960 0.1291 121.37 85.00  67  62  610000 1216000   210 7.61
0.962 0.1147 121.87 85.00  67  62  610000 1216000   210 7.61
0.964 0.1247 122.29 85.00  67  62  610000 1216000   210 7.61
0.965 0.1163 122.65 85.00  67  62  610000 1216000   210 7.61
0.967 0.1176 122.98 85.00  67  62  610000 1216000   210 7.61
0.969 0.1374 123.29 85.00  67  62  610000 1216000   210 7.61
0.970 0.1310 123.59 85.00  67  62  610000 1216000   210 7.61
0.972 0.1230 123.89 85.00  67  62  610000 1216000   210 7.61
0.974 0.1296 124.17 85.00  67  62  610000 1216000   210 7.61
0.975 0.1194 124.40 85.00  67  62  610000 1216000   210 7.61
0.977 0.1345 124.55 85.00  67  62  610000 1216000   210 7.61
0.979 0.1284 124.60 85.00  67  62  610000 1216000   210 7.61
0.980 0.1159 124.51 85.00  67  62  610000 1216000   210 7.61
0.982 0.1222 124.28 85.00  67  62  610000 1216000   210 7.61
0.983 0.1196 123.88 85.00  67  62  610000 1216000   210 7.61
0.985 0.1197 123.35 85.00  67  62  610000 1216000   210 7.61
0.987 0.1264 122.70 85.00  67  62  610000 1216000   210 7.61
0.988 0.1150 121.97 85.00  67  62  610000 1216000   210 7.61
0.990 0.1169 121.19 85.00  67  62  610000 1216000   210 7.61
0.992 0.1195 120.40 85.00  67  62  610000 1216000   210 7.61
0.993 0.1325 119.63 85.00  67  62  610000 1216000   210 7.61
0.995 0.1213 118.90 85.00  67  62  610000 1216000   210 7.61
0.997 0.1264 118.22 85.00  67  62  610000 1216000   210 7.61
0.998 0.1156 117.58 85.00  67  62  610000 1216000   210 7.61
1.000 0.1194 116.97 85.00  67  62  610000 1216000   210 7.61
1.002 0.1122 116.36 85.00  67  62  610000 1216000   210 7.61
1.003 0.1189 115.73 85.00  67  62  610000 1216000   210 7.61
1.005 0.1047 115.06 85.00  67  62  610000 1216000   210 7.61
1.007 0.1079 114.32 85.00  67  62  610000 1216000   210 7.61
1.008 0.1028 113.52 85.00  67  62  610000 1216000   210 7.61
1.010 0.1182 112.70 85.00  67  62  610000 1216000   210 7.61
1.012 0.1102 111.85 85.00  67  62  610000 1216000   210 7.61
1.013 0.1164 111.02 85.00  67  62  610000 1216000   210 7.61
1.015 0.1149 110.20 85.00  67  62  610000 1216000   210 7.61
1.017 0.1164 109.41 85.00  67  62  610000 1216000   210 7.61
1.018 0.1226 108.65 85.00  67  62  610000 1216000   210 7.61
1.020 0.0944 107.93 85.00  67  62  610000 1216000   210 7.61
1.021 0.1015 107.25 85.00  67  62  610000 1216000   210 7.61
1.023 0.1146 106.60 85.00  67  62  610000 1216000   210 7.61
1.025 0.1007 105.98 85.00  67  62  610000 1216000   210 7.61
1.026 0.1047 105.38 85.00  67  62  610000 1216000   210 7.61
1.028 0.1068 104.78 85.00  67  62  610000 1216000   210 7.61
1.030 0.0987 104.17 85.00  67  62  610000 1216000   210 7.61
1.031 0.0944 103.53 85.00  67  62  610000 1216000   210 7.61
1.033 0.1094 102.86 85.00  67  62  610000 1216000   210 7.61
1.035 0.1019 102.18 85.00  67  62  610000 1216000   210 7.61
1.036 0.0989 101.47 85.00  67  62  610000 1216000   210 7.61
1.038 0.1103 100.77 85.00  67  62  610000 1216000   210 7.61
1.040 0.0963 100.07 85.00  67  62  610000 1216000   210 7.61
1.041 0.1064 99.38 85.00  67  62  610000 1216000   210 7.61
1.043 0.0925 98.72 85.00  67  62  610000 1216000   210 7.61
1.045 0.1045 98.08 85.00  67  62  610000 1216000   210 7.61
1.046 0.0858 97.42 85.00  67  62  610000 1216000   210 7.61
1.048 0.0908 96.73 85.00  67  62  610000 1216000   210 7.61
1.050 0.1029 95.99 85.00  67  62  610000 1216000   210 7.61
1.051 0.1085 95.21 85.00  67  62  610000 1216000   210 7.61
1.053 0.0867 94.38 85.00  67  62  610000 1216000   210 7.61
1.054 0.0975 93.51 85.00  67  62  610000 1216000   210 7.61
1.056 0.0964 92.62 85.00  67  62  610000 1216000   210 7.61
1.058 0.0876 91.74 85.00  67  62  610000 1216000   210 7.61
1.059 0.0927 90.88 85.00  67  62  610000 1216000   210 7.61
1.061 0.0929 90.03 85.00  67  62  610000 1216000   210 7.61
1.063 0.0798 89.21 85.00  67  62  610000 1216000   210 7.61
1.064 0.0895 88.42 85.00  67  62  610000 1216000   210 7.61
1.066 0.0807 87.66 85.00  67  62  610000 1216000   210 7.61
1.068 0.0898 86.94 85.00  67  62  610000 1216000   210 7.61
1.069 0.0868 86.26 85.00  67  62  610000 1216000   210 7.61
1.071 0.0893 85.61 85.00  67  62  610000 1216000   210 7.61
1.073 0.0835 85.00 85.00  67  62  610000 1216000   210 7.61
1.074 0.0843 84.43 85.00  67  62  610000 1216000   210 7.61
1.076 0.0848 83.90 85.00  67  62  610000 1216000   210 7.61
1.078 0.0844 83.43 85.00  67  62  610000 1216000   210 7.61
1.079 0.0779 83.02 85.00  67  62  610000 1216000   210 7.61
1.081 0.0845 82.68 85.00  67  62  610000 1216000   210 7.61
1.083 0.0884 82.40 85.00  67  62  610000 1216000   210 7.61
1.084 0.0764 82.18 85.00  67  62  610000 1216000   210 7.61
1.086 0.0793 81.97 85.00  67  62  610000 1216000   210 7.61
1.087 0.0848 81.77 85.00  67  62  610000 1216000   210 7.61
1.089 0.0914 81.56 85.00  67  62  610000 1216000   210 7.61
1.091 0.0726 81.35 85.00  67  62  610000 1216000   210 7.61
1.092 0.0813 81.13 85.00  67  62  610000 1216000   210 7.61
1.094 0.0750 80.90 85.00  67  62  610000 1216000   210 7.61
1.096 0.0808 80.69 85.00  67  62  610000 1216000   210 7.61
1.097 0.0888 80.51 85.00  67  62  610000 1216000   210 7.61
1.099 0.0756 80.34 85.00  67  62  610000 1216000   210 7.61
1.101 0.0831 80.18 85.00  67  62  610000 1216000   210 7.61
1.102 0.0817 80.01 85.00  67  62  610000 1216000   210 7.61
1.104 0.0740 79.82 85.00  67  62  610000 1216000   210 7.61
1.106 0.0807 79.60 85.00  67  62  610000 1216000   210 7.61
1.107 0.0855 79.36 85.00  67  62  610000 1216000   210 7.61
1.109 0.0781 79.10 85.00  67  62  610000 1216000   210 7.61
1.111 0.0786 78.84 85.00  67  62  610000 1216000   210 7.61
1.112 0.0772 78.58 85.00  67  62  610000 1216000   210 7.61
1.114 0.0792 78.33 85.00  67  62  610000 1216000   210 7.61
1.116 0.0760 78.11 85.00  67  62  610000 1216000   210 7.61
1.117 0.0806 77.90 85.00  67  62  610000 1216000   210 7.61
1.119 0.0788 77.72 85.00  67  62  610000 1216000   210 7.61
1.120 0.0699 77.54 85.00  67  62  610000 1216000   210 7.61
1.122 0.0808 77.40 85.00  67  62  610000 1216000   210 7.61
1.124 0.0848 77.27 85.00  67  62  610000 1216000   210 7.61
1.125 0.0764 77.17 85.00  67  62  610000 1216000   210 7.61
1.127 0.0759 77.11 85.00  67  62  610000 1216000   210 7.61
1.129 0.0735 77.09 85.00  67  62  610000 1216000   210 7.61
1.130 0.0705 77.12 85.00  67  62  610000 1216000   210 7.61
1.132 0.0730 77.17 85.00  67  62  610000 1216000   210 7.61
1.134 0.0792 77.24 85.00  67  62  610000 1216000   210 7.61
1.135 0.0827 77.31 85.00  67  62  610000 1216000   210 7.61
1.137 0.0795 77.40 85.00  67  62  610000 1216000   210 7.61
1.139 0.0769 77.49 85.00  67  62  610000 1216000   210 7.61
1.140 0.0781 77.61 85.00  67  62  610000 1216000   210 7.61
1.142 0.0797 77.76 85.00  67  62  610000 1216000   210 7.61
1.144 0.0744 77.92 85.00  67  62  610000 1216000   210 7.61
1.145 0.0872 78.11 85.00  67  62  610000 1216000   210 7.61
1.147 0.0713 78.30 85.00  67  62  610000 1216000   210 7.61
1.149 0.0788 78.51 85.00  67  62  610000 1216000   210 7.61
1.150 0.0728 78.71 85.00  67  62  610000 1216000   210 7.61
1.152 0.0849 78.89 85.00  67  62  610000 1216000   210 7.61
1.153 0.0787 79.04 85.00  67  62  610000 1216000   210 7.61
1.155 0.0815 79.16 85.00  67  62  610000 1216000   210 7.61
1.157 0.0771 79.25 85.00  67  62  610000 1216000   210 7.61
1.158 0.0776 79.29 85.00  67  62  610000 1216000   210 7.61
1.160 0.0794 79.28 85.00  67  62  610000 1216000   210 7.61
1.162 0.0798 79.25 85.00  67  62  610000 1216000   210 7.61
1.163 0.0755 79.20 85.00  67  62  610000 1216000   210 7.61
1.165 0.0788 79.15 85.00  67  62  610000 1216000   210 7.61
1.167 0.0792 79.10 85.00  67  62  610000 1216000   210 7.61
1.168 0.0832 79.05 85.00  67  62  610000 1216000   210 7.61
1.170 0.0863 78.99 85.00  67  62  610000 1216000   210 7.61
1.172 0.0805 78.92 85.00  67  62  610000 1216000   210 7.61
1.173 0.0766 78.85 85.00  67  62  610000 1216000   210 7.61
1.175 0.0783 78.77 85.00  67  62  610000 1216000   210 7.61
1.177 0.0741 78.70 85.00  67  62  610000 1216000   210 7.61
1.178 0.0773 78.61 85.00  67  62  610000 1216000   210 7.61
1.180 0.0789 78.53 85.00  67  62  610000 1216000   210 7.61
1.182 0.0776 78.44 85.00  67  62  610000 1216000   210 7.61
1.183 0.0777 78.36 85.00  67  62  610000 1216000   210 7.61
1.185 0.0783 78.29 85.00  67  62  610000 1216000   210 7.61
1.186 0.0779 78.23 85.00  67  62  610000 1216000   210 7.61
1.188 0.0799 78.18 85.00  67  62  610000 1216000   210 7.61
1.190 0.0760 78.13 85.00  67  62  610000 1216000   210 7.61
1.191 0.0769 78.10 85.00  67  62  610000 1216000   210 7.61
1.193 0.0800 78.09 85.00  67  62  610000 1216000   210 7.61
1.195 0.0812 78.10 85.00  67  62  610000 1216000   210 7.61
1.196 0.0749 78.14 85.00  67  62  610000 1216000   210 7.61
1.198 0.0770 78.20 85.00  67  62  610000 1216000   210 7.61
1.200 0.0801 78.26 85.00  67  62  610000 1216000   210 7.61
1.201 0.0841 78.32 85.00  67  62  610000 1216000   210 7.61
1.203 0.0777 78.36 85.00  67  62  610000 1216000   210 7.61
1.205 0.0753 78.39 85.00  67  62  610000 1216000   210 7.61
1.206 0.0784 78.41 85.00  67  62  610000 1216000   210 7.61
1.208 0.0752 78.44 85.00  67  62  610000 1216000   210 7.61
1.210 0.0804 78.47 85.00  67  62  610000 1216000   210 7.61
1.211 0.0768 78.53 85.00  67  62  610000 1216000   210 7.61
1.213 0.0835 78.61 85.00  67  62  610000 1216000   210 7.61
1.215 0.0779 78.70 85.00  67  62  610000 1216000   210 7.61
1.216 0.0711 78.80 85.00  67  62  610000 1216000   210 7.61
1.218 0.0868 78.90 85.00  67  62  610000 1216000   210 7.61
1.219 0.0769 78.99 85.00  67  62  610000 1216000   210 7.61
1.221 0.0757 79.07 85.00  67  62  610000 1216000   210 7.61
1.223 0.0828 79.13 85.00  67  62  610000 1216000   210 7.61
1.224 0.0766 79.17 85.00  67  62  610000 1216000   210 7.61
1.226 0.0791 79.19 85.00  67  62  610000 1216000   210 7.61
1.228 0.0769 79.19 85.00  67  62  610000 1216000   210 7.61
1.229 0.0799 79.19 85.00  67  62  610000 1216000   210 7.61
1.231 0.0815 79.19 85.00  67  62  610000 1216000   210 7.61
1.233 0.0802 79.20 85.00  67  62  610000 1216000   210 7.61
1.234 0.0814 79.21 85.00  67  62  610000 1216000   210 7.61
1.236 0.0856 79.22 85.00  67  62  610000 1216000   210 7.61
1.238 0.0783 79.22 85.00  67  62  610000 1216000   210 7.61
1.239 0.0741 79.21 85.00  67  62  610000 1216000   210 7.61
1.241 0.0795 79.20 85.00  67  62  610000 1216000   210 7.61
1.243 0.0789 79.17 85.00  67  62  610000 1216000   210 7.61
1.244 0.0794 79.14 85.00  67  62  610000 1216000   210 7.61
1.246 0.0762 79.09 85.00  67  62  610000 1216000   210 7.61
1.248 0.0724 79.02 85.00  67  62  610000 1216000   210 7.61
1.249 0.0839 78.95 85.00  67  62  610000 1216000   210 7.61
1.251 0.0806 78.88 85.00  67  62  610000 1216000   210 7.61
1.252 0.0745 78.81 85.00  67  62  610000 1216000   210 7.61
1.254 0.0787 78.74 85.00  67  62  610000 1216000   210 7.61
1.256 0.0801 78.68 85.00  67  62  610000 1216000   210 7.61
1.257 0.0842 78.63 85.00  67  62  610000 1216000   210 7.61
1.259 0.0807 78.59 85.00  67  62  610000 1216000   210 7.61
1.261 0.0788 78.56 85.00  67  62  610000 1216000   210 7.61
1.262 0.0803 78.56 85.00  67  62  610000 1216000   210 7.61
1.264 0.0743 78.57 85.00  67  62  610000 1216000   210 7.61
1.266 0.0741 78.58 85.00  67  62  610000 1216000   210 7.61
1.267 0.0838 78.60 85.00  67  62  610000 1216000   210 7.61
1.269 0.0766 78.61 85.00  67  62  610000 1216000   210 7.61
1.271 0.0769 78.62 85.00  67  62  610000 1216000   210 7.61
1.272 0.0769 78.64 85.00  67  62  610000 1216000   210 7.61
1.274 0.0817 78.66 85.00  67  62  610000 1216000   210 7.61
1.276 0.0807 78.70 85.00  67  62  610000 1216000   210 7.61
1.277 0.0743 78.76 85.00  67  62  610000 1216000   210 7.61
1.279 0.0841 78.83 85.00  67  62  610000 1216000   210 7.61
1.281 0.0739 78.93 85.00  67  62  610000 1216000   210 7.61
1.282 0.0796 79.05 85.00  67  62  610000 1216000   210 7.61
1.284 0.0774 79.18 85.00  67  62  610000 1216000   210 7.61
1.285 0.0786 79.32 85.00  67  62  610000 1216000   210 7.61
1.287 0.0828 79.46 85.00  67  62  610000 1216000   210 7.61
1.289 0.0767 79.58 85.00  67  62  610000 1216000   210 7.61
1.290 0.0792 79.69 85.00  67  62  610000 1216000   210 7.61
1.292 0.0867 79.78 85.00  67  62  610000 1216000   210 7.61
1.294 0.0789 79.85 85.00  67  62  610000 1216000   210 7.61
1.295 0.0798 79.90 85.00  67  62  610000 1216000   210 7.61
1.297 0.0752 79.93 85.00  67  62  610000 1216000   210 7.61
1.299 0.0861 79.97 85.00  67  62  610000 1216000   210 7.61
1.300 0.0804 80.01 85.00  67  62  610000 1216000   210 7.61
1.302 0.0771 80.04 85.00  67  62  610000 1216000   210 7.61
1.304 0.0839 80.06 85.00  67  62  610000 1216000   210 7.61
1.305 0.0743 80.08 85.00  67  62  610000 1216000   210 7.61
1.307 0.0815 80.08 85.00  67  62  610000 1216000   210 7.61
1.309 0.0791 80.06 85.00  67  62  610000 1216000   210 7.61
1.310 0.0830 80.04 85.00  67  62  610000 1216000   210 7.61
1.312 0.0779 80.01 85.00  67  62  610000 1216000   210 7.61
1.314 0.0790 79.98 85.00  67  62  610000 1216000   210 7.61
1.315 0.0770 79.96 85.00  67  62  610000 1216000   210 7.61
1.317 0.0834 79.96 85.00  67  62  610000 1216000   210 7.61
1.318 0.0789 79.98 85.00  67  62  610000 1216000   210 7.61
1.320 0.0794 80.03 85.00  67  62  610000 1216000   210 7.61
1.322 0.0806 80.10 85.00  67  62  610000 1216000   210 7.61
1.323 0.0849 80.19 85.00  67  62  610000 1216000   210 7.61
1.325 0.0806 80.29 85.00  67  62  610000 1216000   210 7.61
1.327 0.0771 80.40 85.00  67  62  610000 1216000   210 7.61
1.328 0.0824 80.51 85.00  67  62  610000 1216000   210 7.61
1.330 0.0799 80.61 85.00  67  62  610000 1216000   210 7.61
1.332 0.0755 80.70 85.00  67  62  610000 1216000   210 7.61
1.333 0.0827 80.77 85.00  67  62  610000 1216000   210 7.61
1.335 0.0812 80.83 85.00  67  62  610000 1216000   210 7.61
1.337 0.0797 80.88 85.00  67  62  610000 1216000   210 7.61
1.338 0.0812 80.92 85.00  67  62  610000 1216000   210 7.61
1.340 0.0844 80.95 85.00  67  62  610000 1216000   210 7.61
1.342 0.0778 80.97 85.00  67  62  610000 1216000   210 7.61
1.343 0.0845 80.99 85.00  67  62  610000 1216000   210 7.61
1.345 0.0796 81.02 85.00  67  62  610000 1216000   210 7.61
1.347 0.0819 81.05 85.00  67  62  610000 1216000   210 7.61
1.348 0.0867 81.09 85.00  67  62  610000 1216000   210 7.61
1.350 0.0738 81.14 85.00  67  62  610000 1216000   210 7.61
1.351 0.0852 81.20 85.00  67  62  610000 1216000   210 7.61
1.353 0.0810 81.27 85.00  67  62  610000 1216000   210 7.61
1.355 0.0797 81.34 85.00  67  62  610000 1216000   210 7.61
1.356 0.0800 81.40 85.00  67  62  610000 1216000   210 7.61
1.358 0.0810 81.47 85.00  67  62  610000 1216000   210 7.61
1.360 0.0828 81.53 85.00  67  62  610000 1216000   210 7.61
1.361 0.0797 81.61 85.00  67  62  610000 1216000   210 7.61
1.363 0.0815 81.70 85.00  67  62  610000 1216000   210 7.61
1.365 0.0831 81.81 85.00  67  62  610000 1216000   210 7.61
1.366 0.0828 81.96 85.00  67  62  610000 1216000   210 7.61
1.368 0.0836 82.15 85.00  67  62  610000 1216000   210 7.61
1.370 0.0805 82.37 85.00  67  62  610000 1216000   210 7.61
1.371 0.0830 82.63 85.00  67  62  610000 1216000   210 7.61
1.373 0.0822 82.93 85.00  67  62  610000 1216000   210 7.61
1.375 0.0856 83.25 85.00  67  62  610000 1216000   210 7.61
1.376 0.0837 83.61 85.00  67  62  610000 1216000   210 7.61
1.378 0.0841 83.99 85.00  67  62  610000 1216000   210 7.61
1.380 0.0861 84.42 85.00  67  62  610000 1216000   210 7.61
1.381 0.0796 84.88 85.00  67  62  610000 1216000   210 7.61
1.383 0.0866 85.38 85.00  67  62  610000 1216000   210 7.61
1.384 0.0872 85.93 85.00  67  62  610000 1216000   210 7.61
1.386 0.0838 86.53 85.00  67  62  610000 1216000   210 7.61
1.388 0.0900 87.20 85.00  67  62  610000 1216000   210 7.61
1.389 0.0864 87.92 85.00  67  62  610000 1216000   210 7.61
1.391 0.0909 88.71 85.00  67  62  610000 1216000   210 7.61
1.393 0.0862 89.56 85.00  67  62  610000 1216000   210 7.61
1.394 0.0930 90.47 85.00  67  62  610000 1216000   210 7.61
1.396 0.0931 91.46 85.00  67  62  610000 1216000   210 7.61
1.398 0.0885 92.51 85.00  67  62  610000 1216000   210 7.61
1.399 0.0932 93.62 85.00  67  62  610000 1216000   210 7.61
1.401 0.0983 94.78 85.00  67  62  610000 1216000   210 7.61
1.403 0.0919 96.00 85.00  67  62  610000 1216000   210 7.61
1.404 0.0964 97.27 85.00  67  62  610000 1216000   210 7.61
1.406 0.1028 98.60 85.00  67  62  610000 1216000   210 7.61
1.408 0.0969 99.99 85.00  67  62  610000 1216000   210 7.61
1.409 0.1044 101.45 85.00  67  62  610000 1216000   210 7.61
1.411 0.1049 102.97 85.00  67  62  610000 1216000   210 7.61
1.413 0.1018 104.55 85.00  67  62  610000 1216000   210 7.61
1.414 0.1081 106.21 85.00  67  62  610000 1216000   210 7.61
1.416 0.1087 107.96 85.00  67  62  610000 1216000   210 7.61
1.417 0.1087 109.80 85.00  67  62  610000 1216000   210 7.61
1.419 0.1127 111.74 85.00  67  62  610000 1216000   210 7.61
1.421 0.1112 113.77 85.00  67  62  610000 1216000   210 7.61
1.422 0.1114 115.90 85.00  67  62  610000 1216000   210 7.61
1.424 0.1217 118.12 85.00  67  62  610000 1216000   210 7.61
1.426 0.1226 120.42 85.00  67  62  610000 1216000   210 7.61
1.427 0.1244 122.78 85.00  67  62  610000 1216000   210 7.61
1.429 0.1162 125.20 85.00  67  62  610000 1216000   210 7.61
1.431 0.1259 127.67 85.00  67  62  610000 1216000   210 7.61
1.432 0.1328 130.17 85.00  67  62  610000 1216000   210 7.61
1.434 0.1339 132.70 85.00  67  62  610000 1216000   210 7.61
1.436 0.1306 135.24 85.00  67  62  610000 1216000   210 7.61
1.437 0.1432 137.79 85.00  67  62  610000 1216000   210 7.61
1.439 0.1379 140.34 85.00  67  62  610000 1216000   210 7.61
1.441 0.1490 142.88 85.00  67  62  610000 1216000   210 7.61
1.442 0.1391 145.43 85.00  67  62  610000 1216000   210 7.61
1.444 0.1518 147.97 85.00  67  62  610000 1216000   210 7.61
1.446 0.1543 150.49 85.00  67  62  610000 1216000   210 7.61
1.447 0.1597 152.98 85.00  67  62  610000 1216000   210 7.61
1.449 0.1474 155.45 85.00  67  62  610000 1216000   210 7.61
1.450 0.1632 157.89 85.00  67  62  610000 1216000   210 7.61
1.452 0.1595 160.31 85.00  67  62  610000 1216000   210 7.61
1.454 0.1623 162.71 85.00  67  62  610000 1216000   210 7.61
1.455 0.1631 165.08 85.00  67  62  610000 1216000   210 7.61
1.457 0.1636 167.44 85.00  67  62  610000 1216000   210 7.61
1.459 0.1690 169.79 85.00  67  62  610000 1216000   210 7.61
1.460 0.1720 172.13 85.00  67  62  610000 1216000   210 7.61
1.462 0.1766 174.45 85.00  67  62  610000 1216000   210 7.61
1.464 0.1723 176.77 85.00  67  62  610000 1216000   210 7.61
1.465 0.1811 179.10 85.00  67  62  610000 1216000   210 7.61
1.467 0.1805 181.43 85.00  67  62  610000 1216000   210 7.61
1.469 0.1817 183.76 85.00  67  62  610000 1216000   210 7.61
1.470 0.1913 186.07 85.00  67  62  610000 1216000   210 7.61
1.472 0.1924 188.36 85.00  67  62  610000 1216000   210 7.61
1.474 0.1905 190.63 85.00  67  62  610000 1216000   210 7.61
1.475 0.1851 192.87 85.00  67  62  610000 1216000   210 7.61
1.477 0.1958 195.08 85.00  67  62  610000 1216000   210 7.61
1.479 0.1980 197.26 85.00  67  62  610000 1216000   210 7.61
1.480 0.2097 199.40 85.00  67  62  610000 1216000   210 7.61
1.482 0.1947 201.51 85.00  67  62  610000 1216000   210 7.61
1.483 0.2071 203.60 85.00  67  62  610000 1216000   210 7.61
1.485 0.2059 205.68 85.00  67  62  610000 1216000   210 7.61
1.487 0.2018 207.76 85.00  67  62  610000 1216000   210 7.61
1.488 0.2204 209.84 85.00  67  62  610000 1216000   210 7.61
1.490 0.2061 211.95 85.00  67  62  610000 1216000   210 7.61
1.492 0.2143 214.09 85.00  67  62  610000 1216000   210 7.61
1.493 0.2100 216.28 85.00  67  62  610000 1216000   210 7.61
1.495 0.2279 218.50 85.00  67  62  610000 1216000   210 7.61
1.497 0.2070 220.76 85.00  67  62  610000 1216000   210 7.61
1.498 0.2290 223.04 85.00  67  62  610000 1216000   210 7.61
1.500 0.2233 225.33 85.00  67  62  610000 1216000   210 7.61
1.502 0.2256 227.63 85.00  67  62  610000 1216000   210 7.61
1.503 0.2271 229.91 85.00  67  62  610000 1216000   210 7.61
1.505 0.2335 232.17 85.00  67  62  610000 1216000   210 7.61
1.507 0.2335 234.40 85.00  67  62  610000 1216000   210 7.61
1.508 0.2480 236.60 85.00  67  62  610000 1216000   210 7.61
1.510 0.2271 238.77 85.00  67  62  610000 1216000   210 7.61
1.512 0.2434 240.91 85.00  67  62  610000 1216000   210 7.61
1.513 0.2469 243.02 85.00  67  62  610000 1216000   210 7.61
1.515 0.2512 245.08 85.00  67  62  610000 1216000   210 7.61
1.517 0.2427 247.07 85.00  67  62  610000 1216000   210 7.61
1.518 0.2472 248.98 85.00  67  62  610000 1216000   210 7.61
1.520 0.2552 250.78 85.00  67  62  610000 1216000   210 7.61
1.521 0.2576 252.46 85.00  67  62  610000 1216000   210 7.61
1.523 0.2508 254.02 85.00  67  62  610000 1216000   210 7.61
1.525 0.2529 255.46 85.00  67  62  610000 1216000   210 7.61
1.526 0.2547 256.79 85.00  67  62  610000 1216000   210 7.61
1.528 0.2567 258.03 85.00  67  62  610000 1216000   210 7.61
1.530 0.2578 259.20 85.00  67  62  610000 1216000   210 7.61
1.531 0.2678 260.33 85.00  67  62  610000 1216000   210 7.61
1.533 0.2480 261.43 85.00  67  62  610000 1216000   210 7.61
1.535 0.2765 262.51 85.00  67  62  610000 1216000   210 7.61
1.536 0.2532 263.57 85.00  67  62  610000 1216000   210 7.61
1.538 0.2729 264.63 85.00  67  62  610000 1216000   210 7.61
1.540 0.2731 265.70 85.00  67  62  610000 1216000   210 7.61
1.541 0.2614 266.77 85.00  67  62  610000 1216000   210 7.61
1.543 0.2660 267.82 85.00  67  62  610000 1216000   210 7.61
1.545 0.2650 268.84 85.00  67  62  610000 1216000   210 7.61
1.546 0.2729 269.83 85.00  67  62  610000 1216000   210 7.61
1.548 0.2626 270.78 85.00  67  62  610000 1216000   210 7.61
1.550 0.2649 271.67 85.00  67  62  610000 1216000   210 7.61
1.551 0.2743 272.49 85.00  67  62  610000 1216000   210 7.61
1.553 0.2688 273.23 85.00  67  62  610000 1216000   210 7.61
1.554 0.2858 273.86 85.00  67  62  610000 1216000   210 7.61
1.556 0.2701 274.39 85.00  67  62  610000 1216000   210 7.61
1.558 0.2810 274.78 85.00  67  62  610000 1216000   210 7.61
1.559 0.2731 275.03 85.00  67  62  610000 1216000   210 7.61
1.561 0.2788 275.15 85.00  67  62  610000 1216000   210 7.61
1.563 0.2806 275.11 85.00  67  62  610000 1216000   210 7.61
1.564 0.2662 274.92 85.00  67  62  610000 1216000   210 7.61
1.566 0.2724 274.57 85.00  67  62  610000 1216000   210 7.61
1.568 0.2815 274.03 85.00  67  62  610000 1216000   210 7.61
1.569 0.2771 273.30 85.00  67  62  610000 1216000   210 7.61
1.571 0.2738 272.37 85.00  67  62  610000 1216000   210 7.61
1.573 0.2697 271.25 85.00  67  62  610000 1216000   210 7.61
1.574 0.2672 269.96 85.00  67  62  610000 1216000   210 7.61
1.576 0.2653 268.52 85.00  67  62  610000 1216000   210 7.61
1.578 0.2746 266.96 85.00  67  62  610000 1216000   210 7.61
1.579 0.2705 265.31 85.00  67  62  610000 1216000   210 7.61
1.581 0.2576 263.61 85.00  67  62  610000 1216000   210 7.61
1.583 0.2639 261.90 85.00  67  62  610000 1216000   210 7.61
1.584 0.2567 260.20 85.00  67  62  610000 1216000   210 7.61
1.586 0.2483 258.55 85.00  67  62  610000 1216000   210 7.61
1.587 0.2697 256.94 85.00  67  62  610000 1216000   210 7.61
1.589 0.2497 255.36 85.00  67  62  610000 1216000   210 7.61
1.591 0.2497 253.82 85.00  67  62  610000 1216000   210 7.61
1.592 0.2583 252.31 85.00  67  62  610000 1216000   210 7.61
1.594 0.2422 250.86 85.00  67  62  610000 1216000   210 7.61
1.596 0.2529 249.46 85.00  67  62  610000 1216000   210 7.61
1.597 0.2504 248.10 85.00  67  62  610000 1216000   210 7.61
1.599 0.2327 246.77 85.00  67  62  610000 1216000   210 7.61
1.601 0.2449 245.46 85.00  67  62  610000 1216000   210 7.61
1.602 0.2497 244.16 85.00  67  62  610000 1216000   210 7.61
1.604 0.2477 242.85 85.00  67  62  610000 1216000   210 7.61
1.606 0.2403 241.50 85.00  67  62  610000 1216000   210 7.61
1.607 0.2444 240.12 85.00  67  62  610000 1216000   210 7.61
1.609 0.2240 238.70 85.00  67  62  610000 1216000   210 7.61
1.611 0.2454 237.21 85.00  67  62  610000 1216000   210 7.61
1.612 0.2452 235.64 85.00  67  62  610000 1216000   210 7.61
1.614 0.2325 233.96 85.00  67  62  610000 1216000   210 7.61
1.616 0.2363 232.15 85.00  67  62  610000 1216000   210 7.61
1.617 0.2220 230.21 85.00  67  62  610000 1216000   210 7.61
1.619 0.2272 228.11 85.00  67  62  610000 1216000   210 7.61
1.620 0.2201 225.85 85.00  67  62  610000 1216000   210 7.61
1.622 0.2333 223.42 85.00  67  62  610000 1216000   210 7.61
1.624 0.2186 220.81 85.00  67  62  610000 1216000   210 7.61
1.625 0.2228 218.00 85.00  67  62  610000 1216000   210 7.61
1.627 0.2117 215.01 85.00  67  62  610000 1216000   210 7.61
1.629 0.2026 211.82 85.00  67  62  610000 1216000   210 7.61
1.630 0.2155 208.45 85.00  67  62  610000 1216000   210 7.61
1.632 0.2049 204.89 85.00  67  62  610000 1216000   210 7.61
1.634 0.2035 201.14 85.00  67  62  610000 1216000   210 7.61
1.635 0.2000 197.20 85.00  67  62  610000 1216000   210 7.61
1.637 0.1928 193.08 85.00  67  62  610000 1216000   210 7.61
1.639 0.1930 188.78 85.00  67  62  610000 1216000   210 7.61
1.641 0.1858 184.29 85.00  67  62  610000 1216000   210 7.61
1.643 0.1761 179.62 85.00  67  62  610000 1216000   210 7.61
1.645 0.1756 174.81 85.00  67  62  610000 1216000   210 7.61
1.647 0.1715 169.86 85.00  67  62  610000 1216000   210 7.61
1.649 0.1661 164.79 85.00  67  62  610000 1216000   210 7.61
1.651 0.1611 159.61 85.00  67  62  610000 1216000   210 7.61
1.654 0.1510 154.38 85.00  67  62  610000 1216000   210 7.61
1.656 0.1547 149.14 85.00  67  62  610000 1216000   210 7.61
1.659 0.1460 143.95 85.00  67  62  610000 1216000   210 7.61
1.661 0.1373 138.86 85.00  67  62  610000 1216000   210 7.61
1.664 0.1342 133.89 85.00  67  62  610000 1216000   210 7.61
1.667 0.1284 129.10 85.00  67  62  610000 1216000   210 7.61
1.670 0.1220 124.51 85.00  67  62  610000 1216000   210 7.61
1.674 0.1182 120.15 85.00  67  62  610000 1216000   210 7.61
1.677 0.1137 116.07 85.00  67  62  610000 1216000   210 7.61
1.680 0.1095 112.26 85.00  67  62  610000 1216000   210 7.61
1.684 0.1077 108.74 85.00  67  62  610000 1216000   210 7.61
1.688 0.1045 105.51 85.00  67  62  610000 1216000   210 7.61
1.692 0.1001 102.56 85.00  67  62  610000 1216000   210 7.61
1.696 0.0954 99.89 85.00  67  62  610000 1216000   210 7.61
1.700 0.0939 97.50 85.00  67  62  610000 1216000   210 7.61
1.704 0.0954 95.37 85.00  67  62  610000 1216000   210 7.61
1.709 0.0910 93.48 85.00  67  62  610000 1216000   210 7.61
1.714 0.0926 91.83 85.00  67  62  610000 1216000   210 7.61
1.719 0.0919 90.39 85.00  67  62  610000 1216000   210 7.61
1.724 0.0921 89.13 85.00  67  62  610000 1216000   210 7.61
1.730 0.0904 88.03 85.00  67  62  610000 1216000   210 7.61
1.735 0.0894 87.05 85.00  67  62  610000 1216000   210 7.61
1.741 0.0891 86.19 85.00  67  62  610000 1216000   210 7.61
1.747 0.0859 85.41 85.00  67  62  610000 1216000   210 7.61
1.754 0.0866 84.71 85.00  67  62  610000 1216000   210 7.61
1.761 0.0836 84.06 85.00  67  62  610000 1216000   210 7.61
1.768 0.0841 83.48 85.00  67  62  610000 1216000   210 7.61
1.775 0.0818 82.96 85.00  67  62  610000 1216000   210 7.61
1.782 0.0849 82.53 85.00  67  62  610000 1216000   210 7.61
1.790 0.0817 82.19 85.00  67  62  610000 1216000   210 7.61
1.799 0.0859 81.99 85.00  67  62  610000 1216000   210 7.61
1.807 0.0814 81.94 85.00  67  62  610000 1216000   210 7.61
1.815 0.0808 82.07 85.00  67  62  610000 1216000   210 7.61
1.823 0.0802 82.43 85.00  67  62  610000 1216000   210 7.61
1.832 0.0827 83.03 85.00  67  62  610000 1216000   210 7.61
1.840 0.0820 83.92 85.00  67  62  610000 1216000   210 7.61
1.848 0.0837 85.09 85.00  67  62  610000 1216000   210 7.61
1.856 0.0847 86.55 85.00  67  62  610000 1216000   210 7.61
1.865 0.0863 88.27 85.00  67  62  610000 1216000   210 7.61
1.873 0.0875 90.24 85.00  67  62  610000 1216000   210 7.61
1.881 0.0886 92.40 85.00  67  62  610000 1216000   210 7.61
1.889 0.0923 94.71 85.00  67  62  610000 1216000   210 7.61
1.898 0.0938 97.10 85.00  67  62  610000 1216000   210 7.61
1.906 0.0964 99.51 85.00  67  62  610000 1216000   210 7.61
1.914 0.1026 101.89 85.00  67  62  610000 1216000   210 7.61
1.922 0.1047 104.20 85.00  67  62  610000 1216000   210 7.61
1.931 0.1081 106.39 85.00  67  62  610000 1216000   210 7.61
1.939 0.1121 108.43 85.00  67  62  610000 1216000   210 7.61
1.947 0.1153 110.33 85.00  67  62  610000 1216000   210 7.61
1.955 0.1181 112.06 85.00  67  62  610000 1216000   210 7.61
1.964 0.1222 113.64 85.00  67  62  610000 1216000   210 7.61
1.972 0.1209 115.09 85.00  67  62  610000 1216000   210 7.61
1.980 0.1248 116.45 85.00  67  62  610000 1216000   210 7.61
1.988 0.1235 117.76 85.00  67  62  610000 1216000   210 7.61
1.997 0.1242 119.08 85.00  67  62  610000 1216000   210 7.61
2.005 0.1221 120.47 85.00  67  62  610000 1216000   210 7.61
2.013 0.1240 122.00 85.00  67  62  610000 1216000   210 7.61
2.021 0.1202 123.74 85.00  67  62  610000 1216000   210 7.61
2.030 0.1218 125.76 85.00  67  62  610000 1216000   210 7.61
2.038 0.1215 128.11 85.00  67  62  610000 1216000   210 7.61
2.046 0.1234 130.85 85.00  67  62  610000 1216000   210 7.61
2.054 0.1253 134.00 85.00  67  62  610000 1216000   210 7.61
2.063 0.1323 137.57 85.00  67  62  610000 1216000   210 7.61
2.071 0.1386 141.57 85.00  67  62  610000 1216000   210 7.61
2.079 0.1415 145.97 85.00  67  62  610000 1216000   210 7.61
2.087 0.1499 150.77 85.00  67  62  610000 1216000   210 7.61
2.096 0.1581 155.98 85.00  67  62  610000 1216000   210 7.61
2.104 0.1656 161.79 85.00  67  62  610000 1216000   210 7.61
2.112 0.1744 170.02 85.00  67  62  610000 1216000   210 7.61
2.120 0.1793 181.94 85.00  67  62  610000 1216000   210 7.61
2.129 0.1931 195.11 85.00  67  62  610000 1216000   210 7.61
2.137 0.2022 208.14 85.00  67  62  610000 1216000   210 7.61
2.145 0.2098 220.54 85.00  67  62  610000 1216000   210 7.61
2.153 0.2208 232.18 85.00  67  62  610000 1216000   210 7.61
2.162 0.2329 243.06 85.00  67  62  610000 1216000   210 7.61
2.170 0.2391 253.21 85.00  67  62  610000 1216000   210 7.61
2.178 0.2534 262.69 85.00  67  62  610000 1216000   210 7.61
2.186 0.2618 271.57 85.00  67  62  610000 1216000   210 7.61
2.195 0.2693 279.89 85.00  67  62  610000 1216000   210 7.61
2.203 0.2824 287.69 85.00  67  62  610000 1216000   210 7.61
2.211 0.3016 295.02 85.00  67  62  610000 1216000   210 7.61
2.219 0.3258 301.90 85.00  67  62  610000 1216000   210 7.61
2.228 0.3460 308.34 85.00  67  62  610000 1216000   210 7.61
2.236 0.3849 314.35 85.00  67  62  610000 1216000   210 7.61
2.244 0.4065 319.93 85.00  67  62  610000 1216000   210 7.61
2.252 0.4645 325.06 85.00  67  62  610000 1216000   210 7.61
2.261 0.5011 329.71 85.00  67  62  610000 1216000   210 7.61
2.269 0.5311 333.85 85.00  67  62  610000 1216000   210 7.61
2.277 0.5658 337.44 85.00  67  62  610000 1216000   210 7.61
2.285 0.0000 340.39 85.00  67  62  610000 1216000   210 7.61
2.294 0.0000 342.63 85.00  67  62  610000 1216000   210 7.61
