     x     qy smooth tpara  cd  zL     xTr    xCpl frame tma
-2.905 0.1931 171.88 44.00  88  62 1075000 1445000   280 9.99
-2.892 0.1915 160.88 44.00  88  62 1075000 1445000   280 9.99
-2.878 0.1841 150.43 44.00  88  62 1075000 1445000   280 9.99
-2.865 0.1380 140.52 44.00  88  62 1075000 1445000   280 9.99
-2.851 0.1150 131.14 44.00  88  62 1075000 1445000   280 9.99
-2.838 0.1041 122.27 44.00  88  62 1075000 1445000   280 9.99
-2.824 0.0901 113.90 44.00  88  62 1075000 1445000   280 9.99
-2.811 0.0846 106.02 44.00  88  62 1075000 1445000   280 9.99
-2.797 0.0801 98.62 44.00  88  62 1075000 1445000   280 9.99
-2.784 0.0749 91.69 44.00  88  62 1075000 1445000   280 9.99
-2.770 0.0717 85.23 44.00  88  62 1075000 1445000   280 9.99
-2.757 0.0672 79.23 44.00  88  62 1075000 1445000   280 9.99
-2.743 0.0641 73.69 44.00  88  62 1075000 1445000   280 9.99
-2.730 0.0622 68.62 44.00  88  62 1075000 1445000   280 9.99
-2.716 0.0595 64.01 44.00  88  62 1075000 1445000   280 9.99
-2.703 0.0587 59.88 44.00  88  62 1075000 1445000   280 9.99
-2.689 0.0570 56.25 44.00  88  62 1075000 1445000   280 9.99
-2.676 0.0545 53.13 44.00  88  62 1075000 1445000   280 9.99
-2.662 0.0525 50.55 44.00  88  62 1075000 1445000   280 9.99
-2.649 0.0517 48.56 44.00  88  62 1075000 1445000   280 9.99
-2.635 0.0509 47.20 44.00  88  62 1075000 1445000   280 9.99
-2.622 0.0496 46.51 44.00  88  62 1075000 1445000   280 9.99
-2.608 0.0484 46.38 44.00  88  62 1075000 1445000   280 9.99
-2.595 0.0472 46.35 44.00  88  62 1075000 1445000   280 9.99
-2.581 0.0477 45.70 44.00  88  62 1075000 1445000   280 9.99
-2.568 0.0462 44.98 44.00  88  62 1075000 1445000   280 9.99
-2.554 0.0450 44.24 44.00  88  62 1075000 1445000   280 9.99
-2.541 0.0434 43.50 44.00  88  62 1075000 1445000   280 9.99
-2.527 0.0429 42.79 44.00  88  62 1075000 1445000   280 9.99
-2.514 0.0428 42.11 44.00  88  62 1075000 1445000   280 9.99
-2.500 0.0419 41.47 44.00  88  62 1075000 1445000   280 9.99
-2.486 0.0410 40.86 44.00  88  62 1075000 1445000   280 9.99
-2.473 0.0404 40.31 44.00  88  62 1075000 1445000   280 9.99
-2.459 0.0405 39.82 44.00  88  62 1075000 1445000   280 9.99
-2.446 0.0392 39.37 44.00  88  62 1075000 1445000   280 9.99
-2.432 0.0389 38.99 44.00  88  62 1075000 1445000   280 9.99
-2.419 0.0375 38.67 44.00  88  62 1075000 1445000   280 9.99
-2.405 0.0381 38.40 44.00  88  62 1075000 1445000   280 9.99
-2.392 0.0371 38.18 44.00  88  62 1075000 1445000   280 9.99
-2.378 0.0370 38.02 44.00  88  62 1075000 1445000   280 9.99
-2.365 0.0374 37.90 44.00  88  62 1075000 1445000   280 9.99
-2.351 0.0376 37.83 44.00  88  62 1075000 1445000   280 9.99
-2.338 0.0380 37.81 44.00  88  62 1075000 1445000   280 9.99
-2.324 0.0381 37.81 44.00  88  62 1075000 1445000   280 9.99
-2.311 0.0383 37.84 44.00  88  62 1075000 1445000   280 9.99
-2.297 0.0373 37.90 44.00  88  62 1075000 1445000   280 9.99
-2.284 0.0385 37.96 44.00  88  62 1075000 1445000   280 9.99
-2.270 0.0387 38.03 44.00  88  62 1075000 1445000   280 9.99
-2.257 0.0389 38.11 44.00  88  62 1075000 1445000   280 9.99
-2.243 0.0387 38.19 44.00  88  62 1075000 1445000   280 9.99
-2.230 0.0388 38.26 44.00  88  62 1075000 1445000   280 9.99
-2.216 0.0391 38.33 44.00  88  62 1075000 1445000   280 9.99
-2.203 0.0385 38.40 44.00  88  62 1075000 1445000   280 9.99
-2.189 0.0379 38.45 44.00  88  62 1075000 1445000   280 9.99
-2.176 0.0385 38.48 44.00  88  62 1075000 1445000   280 9.99
-2.162 0.0393 38.51 44.00  88  62 1075000 1445000   280 9.99
-2.149 0.0373 38.53 44.00  88  62 1075000 1445000   280 9.99
-2.135 0.0388 38.54 44.00  88  62 1075000 1445000   280 9.99
-2.122 0.0388 38.55 44.00  88  62 1075000 1445000   280 9.99
-2.108 0.0386 38.55 44.00  88  62 1075000 1445000   280 9.99
-2.095 0.0380 38.56 44.00  88  62 1075000 1445000   280 9.99
-2.081 0.0377 38.57 44.00  88  62 1075000 1445000   280 9.99
-2.068 0.0379 38.59 44.00  88  62 1075000 1445000   280 9.99
-2.054 0.0388 38.61 44.00  88  62 1075000 1445000   280 9.99
-2.041 0.0388 38.64 44.00  88  62 1075000 1445000   280 9.99
-2.027 0.0388 38.68 44.00  88  62 1075000 1445000   280 9.99
-2.014 0.0401 38.72 44.00  88  62 1075000 1445000   280 9.99
-2.000 0.0387 38.77 44.00  88  62 1075000 1445000   280 9.99
-1.986 0.0383 38.82 44.00  88  62 1075000 1445000   280 9.99
-1.973 0.0389 38.88 44.00  88  62 1075000 1445000   280 9.99
-1.959 0.0395 38.94 44.00  88  62 1075000 1445000   280 9.99
-1.946 0.0388 39.00 44.00  88  62 1075000 1445000   280 9.99
-1.932 0.0391 39.07 44.00  88  62 1075000 1445000   280 9.99
-1.919 0.0398 39.14 44.00  88  62 1075000 1445000   280 9.99
-1.905 0.0387 39.22 44.00  88  62 1075000 1445000   280 9.99
-1.892 0.0389 39.31 44.00  88  62 1075000 1445000   280 9.99
-1.878 0.0391 39.40 44.00  88  62 1075000 1445000   280 9.99
-1.865 0.0395 39.50 44.00  88  62 1075000 1445000   280 9.99
-1.851 0.0397 39.60 44.00  88  62 1075000 1445000   280 9.99
-1.838 0.0401 39.70 44.00  88  62 1075000 1445000   280 9.99
-1.824 0.0393 39.80 44.00  88  62 1075000 1445000   280 9.99
-1.811 0.0395 39.90 44.00  88  62 1075000 1445000   280 9.99
-1.797 0.0394 40.00 44.00  88  62 1075000 1445000   280 9.99
-1.784 0.0398 40.09 44.00  88  62 1075000 1445000   280 9.99
-1.770 0.0407 40.18 44.00  88  62 1075000 1445000   280 9.99
-1.757 0.0406 40.27 44.00  88  62 1075000 1445000   280 9.99
-1.743 0.0408 40.35 44.00  88  62 1075000 1445000   280 9.99
-1.730 0.0408 40.43 44.00  88  62 1075000 1445000   280 9.99
-1.716 0.0405 40.51 44.00  88  62 1075000 1445000   280 9.99
-1.703 0.0409 40.58 44.00  88  62 1075000 1445000   280 9.99
-1.689 0.0413 40.66 44.00  88  62 1075000 1445000   280 9.99
-1.676 0.0408 40.73 44.00  88  62 1075000 1445000   280 9.99
-1.662 0.0413 40.79 44.00  88  62 1075000 1445000   280 9.99
-1.649 0.0406 40.86 44.00  88  62 1075000 1445000   280 9.99
-1.635 0.0402 40.91 44.00  88  62 1075000 1445000   280 9.99
-1.622 0.0410 40.96 44.00  88  62 1075000 1445000   280 9.99
-1.608 0.0403 41.00 44.00  88  62 1075000 1445000   280 9.99
-1.595 0.0405 41.04 44.00  88  62 1075000 1445000   280 9.99
-1.581 0.0408 41.07 44.00  88  62 1075000 1445000   280 9.99
-1.568 0.0404 41.10 44.00  88  62 1075000 1445000   280 9.99
-1.554 0.0403 41.12 44.00  88  62 1075000 1445000   280 9.99
-1.541 0.0420 41.13 44.00  88  62 1075000 1445000   280 9.99
-1.527 0.0425 41.15 44.00  88  62 1075000 1445000   280 9.99
-1.514 0.0415 41.16 44.00  88  62 1075000 1445000   280 9.99
-1.500 0.0418 41.18 44.00  88  62 1075000 1445000   280 9.99
-1.486 0.0412 41.19 44.00  88  62 1075000 1445000   280 9.99
-1.473 0.0416 41.21 44.00  88  62 1075000 1445000   280 9.99
-1.459 0.0409 41.22 44.00  88  62 1075000 1445000   280 9.99
-1.446 0.0404 41.23 44.00  88  62 1075000 1445000   280 9.99
-1.432 0.0412 41.24 44.00  88  62 1075000 1445000   280 9.99
-1.419 0.0413 41.24 44.00  88  62 1075000 1445000   280 9.99
-1.405 0.0416 41.24 44.00  88  62 1075000 1445000   280 9.99
-1.392 0.0414 41.23 44.00  88  62 1075000 1445000   280 9.99
-1.378 0.0408 41.22 44.00  88  62 1075000 1445000   280 9.99
-1.365 0.0408 41.20 44.00  88  62 1075000 1445000   280 9.99
-1.351 0.0408 41.19 44.00  88  62 1075000 1445000   280 9.99
-1.338 0.0413 41.17 44.00  88  62 1075000 1445000   280 9.99
-1.324 0.0408 41.16 44.00  88  62 1075000 1445000   280 9.99
-1.311 0.0412 41.15 44.00  88  62 1075000 1445000   280 9.99
-1.297 0.0414 41.15 44.00  88  62 1075000 1445000   280 9.99
-1.284 0.0414 41.15 44.00  88  62 1075000 1445000   280 9.99
-1.270 0.0407 41.15 44.00  88  62 1075000 1445000   280 9.99
-1.257 0.0415 41.15 44.00  88  62 1075000 1445000   280 9.99
-1.243 0.0409 41.14 44.00  88  62 1075000 1445000   280 9.99
-1.230 0.0413 41.12 44.00  88  62 1075000 1445000   280 9.99
-1.216 0.0417 41.10 44.00  88  62 1075000 1445000   280 9.99
-1.203 0.0411 41.08 44.00  88  62 1075000 1445000   280 9.99
-1.189 0.0412 41.05 44.00  88  62 1075000 1445000   280 9.99
-1.176 0.0410 41.02 44.00  88  62 1075000 1445000   280 9.99
-1.162 0.0405 40.98 44.00  88  62 1075000 1445000   280 9.99
-1.149 0.0410 40.95 44.00  88  62 1075000 1445000   280 9.99
-1.135 0.0417 40.92 44.00  88  62 1075000 1445000   280 9.99
-1.122 0.0402 40.89 44.00  88  62 1075000 1445000   280 9.99
-1.108 0.0410 40.86 44.00  88  62 1075000 1445000   280 9.99
-1.095 0.0404 40.84 44.00  88  62 1075000 1445000   280 9.99
-1.081 0.0411 40.81 44.00  88  62 1075000 1445000   280 9.99
-1.068 0.0406 40.80 44.00  88  62 1075000 1445000   280 9.99
-1.054 0.0410 40.78 44.00  88  62 1075000 1445000   280 9.99
-1.041 0.0399 40.77 44.00  88  62 1075000 1445000   280 9.99
-1.027 0.0405 40.76 44.00  88  62 1075000 1445000   280 9.99
-1.014 0.0409 40.75 44.00  88  62 1075000 1445000   280 9.99
-1.000 0.0402 40.75 44.00  88  62 1075000 1445000   280 9.99
-0.986 0.0410 40.74 44.00  88  62 1075000 1445000   280 9.99
-0.973 0.0417 40.74 44.00  88  62 1075000 1445000   280 9.99
-0.959 0.0410 40.73 44.00  88  62 1075000 1445000   280 9.99
-0.946 0.0402 40.73 44.00  88  62 1075000 1445000   280 9.99
-0.932 0.0412 40.72 44.00  88  62 1075000 1445000   280 9.99
-0.919 0.0403 40.71 44.00  88  62 1075000 1445000   280 9.99
-0.905 0.0412 40.70 44.00  88  62 1075000 1445000   280 9.99
-0.892 0.0406 40.68 44.00  88  62 1075000 1445000   280 9.99
-0.878 0.0409 40.67 44.00  88  62 1075000 1445000   280 9.99
-0.865 0.0412 40.64 44.00  88  62 1075000 1445000   280 9.99
-0.851 0.0400 40.62 44.00  88  62 1075000 1445000   280 9.99
-0.838 0.0406 40.59 44.00  88  62 1075000 1445000   280 9.99
-0.824 0.0403 40.56 44.00  88  62 1075000 1445000   280 9.99
-0.811 0.0401 40.52 44.00  88  62 1075000 1445000   280 9.99
-0.797 0.0405 40.47 44.00  88  62 1075000 1445000   280 9.99
-0.784 0.0408 40.43 44.00  88  62 1075000 1445000   280 9.99
-0.770 0.0403 40.38 44.00  88  62 1075000 1445000   280 9.99
-0.757 0.0404 40.33 44.00  88  62 1075000 1445000   280 9.99
-0.743 0.0398 40.28 44.00  88  62 1075000 1445000   280 9.99
-0.730 0.0408 40.23 44.00  88  62 1075000 1445000   280 9.99
-0.716 0.0398 40.19 44.00  88  62 1075000 1445000   280 9.99
-0.703 0.0402 40.15 44.00  88  62 1075000 1445000   280 9.99
-0.689 0.0410 40.11 44.00  88  62 1075000 1445000   280 9.99
-0.676 0.0394 40.07 44.00  88  62 1075000 1445000   280 9.99
-0.662 0.0405 40.03 44.00  88  62 1075000 1445000   280 9.99
-0.649 0.0397 39.99 44.00  88  62 1075000 1445000   280 9.99
-0.635 0.0401 39.95 44.00  88  62 1075000 1445000   280 9.99
-0.622 0.0400 39.91 44.00  88  62 1075000 1445000   280 9.99
-0.608 0.0397 39.87 44.00  88  62 1075000 1445000   280 9.99
-0.595 0.0395 39.83 44.00  88  62 1075000 1445000   280 9.99
-0.581 0.0397 39.79 44.00  88  62 1075000 1445000   280 9.99
-0.568 0.0394 39.75 44.00  88  62 1075000 1445000   280 9.99
-0.554 0.0400 39.72 44.00  88  62 1075000 1445000   280 9.99
-0.541 0.0397 39.69 44.00  88  62 1075000 1445000   280 9.99
-0.527 0.0398 39.66 44.00  88  62 1075000 1445000   280 9.99
-0.514 0.0396 39.63 44.00  88  62 1075000 1445000   280 9.99
-0.500 0.0403 39.60 44.00  88  62 1075000 1445000   280 9.99
-0.486 0.0398 39.58 44.00  88  62 1075000 1445000   280 9.99
-0.473 0.0391 39.56 44.00  88  62 1075000 1445000   280 9.99
-0.459 0.0391 39.54 44.00  88  62 1075000 1445000   280 9.99
-0.446 0.0398 39.52 44.00  88  62 1075000 1445000   280 9.99
-0.434 0.0393 39.51 44.00  88  62 1075000 1445000   280 9.99
-0.422 0.0394 39.50 44.00  88  62 1075000 1445000   280 9.99
-0.411 0.0399 39.49 44.00  88  62 1075000 1445000   280 9.99
-0.400 0.0393 39.47 44.00  88  62 1075000 1445000   280 9.99
-0.389 0.0390 39.46 44.00  88  62 1075000 1445000   280 9.99
-0.379 0.0397 39.45 44.00  88  62 1075000 1445000   280 9.99
-0.369 0.0399 39.44 44.00  88  62 1075000 1445000   280 9.99
-0.360 0.0395 39.43 44.00  88  62 1075000 1445000   280 9.99
-0.351 0.0392 39.43 44.00  88  62 1075000 1445000   280 9.99
-0.342 0.0395 39.42 44.00  88  62 1075000 1445000   280 9.99
-0.334 0.0389 39.43 44.00  88  62 1075000 1445000   280 9.99
-0.326 0.0399 39.43 44.00  88  62 1075000 1445000   280 9.99
-0.319 0.0387 39.44 44.00  88  62 1075000 1445000   280 9.99
-0.311 0.0394 39.44 44.00  88  62 1075000 1445000   280 9.99
-0.304 0.0402 39.44 44.00  88  62 1075000 1445000   280 9.99
-0.298 0.0393 39.43 44.00  88  62 1075000 1445000   280 9.99
-0.291 0.0397 39.42 44.00  88  62 1075000 1445000   280 9.99
-0.285 0.0395 39.40 44.00  88  62 1075000 1445000   280 9.99
-0.279 0.0390 39.38 44.00  88  62 1075000 1445000   280 9.99
-0.273 0.0394 39.34 44.00  88  62 1075000 1445000   280 9.99
-0.268 0.0395 39.31 44.00  88  62 1075000 1445000   280 9.99
-0.263 0.0386 39.27 44.00  88  62 1075000 1445000   280 9.99
-0.258 0.0387 39.23 44.00  88  62 1075000 1445000   280 9.99
-0.253 0.0413 39.19 44.00  88  62 1075000 1445000   280 9.99
-0.248 0.0395 39.15 44.00  88  62 1075000 1445000   280 9.99
-0.244 0.0386 39.11 44.00  88  62 1075000 1445000   280 9.99
-0.240 0.0398 39.07 44.00  88  62 1075000 1445000   280 9.99
-0.235 0.0380 39.03 44.00  88  62 1075000 1445000   280 9.99
-0.232 0.0389 38.99 44.00  88  62 1075000 1445000   280 9.99
-0.228 0.0394 38.95 44.00  88  62 1075000 1445000   280 9.99
-0.224 0.0386 38.93 44.00  88  62 1075000 1445000   280 9.99
-0.221 0.0378 38.91 44.00  88  62 1075000 1445000   280 9.99
-0.217 0.0387 38.91 44.00  88  62 1075000 1445000   280 9.99
-0.214 0.0393 38.90 44.00  88  62 1075000 1445000   280 9.99
-0.211 0.0395 38.89 44.00  88  62 1075000 1445000   280 9.99
-0.208 0.0376 38.89 44.00  88  62 1075000 1445000   280 9.99
-0.205 0.0396 38.89 44.00  88  62 1075000 1445000   280 9.99
-0.203 0.0395 38.89 44.00  88  62 1075000 1445000   280 9.99
-0.200 0.0373 38.90 44.00  88  62 1075000 1445000   280 9.99
-0.197 0.0401 38.91 44.00  88  62 1075000 1445000   280 9.99
-0.195 0.0392 38.93 44.00  88  62 1075000 1445000   280 9.99
-0.192 0.0401 38.95 44.00  88  62 1075000 1445000   280 9.99
-0.189 0.0373 38.99 44.00  88  62 1075000 1445000   280 9.99
-0.186 0.0406 39.02 44.00  88  62 1075000 1445000   280 9.99
-0.184 0.0368 39.06 44.00  88  62 1075000 1445000   280 9.99
-0.181 0.0388 39.09 44.00  88  62 1075000 1445000   280 9.99
-0.178 0.0401 39.13 44.00  88  62 1075000 1445000   280 9.99
-0.176 0.0412 39.16 44.00  88  62 1075000 1445000   280 9.99
-0.173 0.0407 39.19 44.00  88  62 1075000 1445000   280 9.99
-0.170 0.0391 39.22 44.00  88  62 1075000 1445000   280 9.99
-0.168 0.0344 39.26 44.00  88  62 1075000 1445000   280 9.99
-0.165 0.0375 39.30 44.00  88  62 1075000 1445000   280 9.99
-0.162 0.0404 39.34 44.00  88  62 1075000 1445000   280 9.99
-0.159 0.0404 39.38 44.00  88  62 1075000 1445000   280 9.99
-0.157 0.0418 39.44 44.00  88  62 1075000 1445000   280 9.99
-0.154 0.0411 39.50 44.00  88  62 1075000 1445000   280 9.99
-0.151 0.0380 39.57 44.00  88  62 1075000 1445000   280 9.99
-0.149 0.0363 39.64 44.00  88  62 1075000 1445000   280 9.99
-0.146 0.0406 39.71 44.00  88  62 1075000 1445000   280 9.99
-0.143 0.0421 39.77 44.00  88  62 1075000 1445000   280 9.99
-0.141 0.0406 39.82 44.00  88  62 1075000 1445000   280 9.99
-0.138 0.0376 39.88 44.00  88  62 1075000 1445000   280 9.99
-0.135 0.0405 39.92 44.00  88  62 1075000 1445000   280 9.99
-0.132 0.0393 39.96 44.00  88  62 1075000 1445000   280 9.99
-0.130 0.0396 39.99 44.00  88  62 1075000 1445000   280 9.99
-0.127 0.0403 40.01 44.00  88  62 1075000 1445000   280 9.99
-0.124 0.0414 40.04 44.00  88  62 1075000 1445000   280 9.99
-0.122 0.0413 40.06 44.00  88  62 1075000 1445000   280 9.99
-0.119 0.0369 40.08 44.00  88  62 1075000 1445000   280 9.99
-0.116 0.0414 40.09 44.00  88  62 1075000 1445000   280 9.99
-0.114 0.0406 40.09 44.00  88  62 1075000 1445000   280 9.99
-0.111 0.0414 40.09 44.00  88  62 1075000 1445000   280 9.99
-0.108 0.0389 40.09 44.00  88  62 1075000 1445000   280 9.99
-0.105 0.0416 40.09 44.00  88  62 1075000 1445000   280 9.99
-0.103 0.0380 40.07 44.00  88  62 1075000 1445000   280 9.99
-0.100 0.0375 40.04 44.00  88  62 1075000 1445000   280 9.99
-0.097 0.0413 40.00 44.00  88  62 1075000 1445000   280 9.99
-0.095 0.0398 39.93 44.00  88  62 1075000 1445000   280 9.99
-0.092 0.0399 39.86 44.00  88  62 1075000 1445000   280 9.99
-0.089 0.0410 39.78 44.00  88  62 1075000 1445000   280 9.99
-0.086 0.0406 39.70 44.00  88  62 1075000 1445000   280 9.99
-0.084 0.0394 39.62 44.00  88  62 1075000 1445000   280 9.99
-0.081 0.0390 39.53 44.00  88  62 1075000 1445000   280 9.99
-0.078 0.0394 39.44 44.00  88  62 1075000 1445000   280 9.99
-0.076 0.0405 39.36 44.00  88  62 1075000 1445000   280 9.99
-0.073 0.0423 39.28 44.00  88  62 1075000 1445000   280 9.99
-0.070 0.0362 39.20 44.00  88  62 1075000 1445000   280 9.99
-0.068 0.0366 39.11 44.00  88  62 1075000 1445000   280 9.99
-0.065 0.0397 39.02 44.00  88  62 1075000 1445000   280 9.99
-0.062 0.0397 38.92 44.00  88  62 1075000 1445000   280 9.99
-0.059 0.0380 38.82 44.00  88  62 1075000 1445000   280 9.99
-0.057 0.0384 38.72 44.00  88  62 1075000 1445000   280 9.99
-0.054 0.0395 38.61 44.00  88  62 1075000 1445000   280 9.99
-0.051 0.0380 38.49 44.00  88  62 1075000 1445000   280 9.99
-0.049 0.0374 38.37 44.00  88  62 1075000 1445000   280 9.99
-0.046 0.0380 38.25 44.00  88  62 1075000 1445000   280 9.99
-0.043 0.0369 38.12 44.00  88  62 1075000 1445000   280 9.99
-0.041 0.0405 37.99 44.00  88  62 1075000 1445000   280 9.99
-0.038 0.0404 37.85 44.00  88  62 1075000 1445000   280 9.99
-0.035 0.0367 37.69 44.00  88  62 1075000 1445000   280 9.99
-0.032 0.0343 37.51 44.00  88  62 1075000 1445000   280 9.99
-0.030 0.0405 37.30 44.00  88  62 1075000 1445000   280 9.99
-0.027 0.0356 37.07 44.00  88  62 1075000 1445000   280 9.99
-0.024 0.0379 36.81 44.00  88  62 1075000 1445000   280 9.99
-0.022 0.0352 36.54 44.00  88  62 1075000 1445000   280 9.99
-0.019 0.0369 36.24 44.00  88  62 1075000 1445000   280 9.99
-0.016 0.0374 35.93 44.00  88  62 1075000 1445000   280 9.99
-0.014 0.0367 35.62 44.00  88  62 1075000 1445000   280 9.99
-0.011 0.0345 35.30 44.00  88  62 1075000 1445000   280 9.99
-0.008 0.0337 34.99 44.00  88  62 1075000 1445000   280 9.99
-0.005 0.0353 34.69 44.00  88  62 1075000 1445000   280 9.99
-0.003 0.0359 34.39 44.00  88  62 1075000 1445000   280 9.99
0.000 0.0340 34.11 44.00  88  62 1075000 1445000   280 9.99
0.003 0.0312 33.83 44.00  88  62 1075000 1445000   280 9.99
0.005 0.0334 33.57 44.00  88  62 1075000 1445000   280 9.99
0.008 0.0326 33.33 44.00  88  62 1075000 1445000   280 9.99
0.011 0.0345 33.10 44.00  88  62 1075000 1445000   280 9.99
0.014 0.0299 32.88 44.00  88  62 1075000 1445000   280 9.99
0.016 0.0340 32.68 44.00  88  62 1075000 1445000   280 9.99
0.019 0.0306 32.50 44.00  88  62 1075000 1445000   280 9.99
0.022 0.0344 32.34 44.00  88  62 1075000 1445000   280 9.99
0.024 0.0345 32.21 44.00  88  62 1075000 1445000   280 9.99
0.027 0.0289 32.09 44.00  88  62 1075000 1445000   280 9.99
0.030 0.0325 32.00 44.00  88  62 1075000 1445000   280 9.99
0.032 0.0336 31.92 44.00  88  62 1075000 1445000   280 9.99
0.035 0.0344 31.86 44.00  88  62 1075000 1445000   280 9.99
0.038 0.0285 31.82 44.00  88  62 1075000 1445000   280 9.99
0.041 0.0326 31.79 44.00  88  62 1075000 1445000   280 9.99
0.043 0.0316 31.76 44.00  88  62 1075000 1445000   280 9.99
0.046 0.0316 31.73 44.00  88  62 1075000 1445000   280 9.99
0.049 0.0297 31.71 44.00  88  62 1075000 1445000   280 9.99
0.051 0.0324 31.69 44.00  88  62 1075000 1445000   280 9.99
0.054 0.0323 31.67 44.00  88  62 1075000 1445000   280 9.99
0.057 0.0314 31.65 44.00  88  62 1075000 1445000   280 9.99
0.059 0.0299 31.62 44.00  88  62 1075000 1445000   280 9.99
0.062 0.0325 31.59 44.00  88  62 1075000 1445000   280 9.99
0.065 0.0317 31.55 44.00  88  62 1075000 1445000   280 9.99
0.068 0.0342 31.51 44.00  88  62 1075000 1445000   280 9.99
0.070 0.0301 31.47 44.00  88  62 1075000 1445000   280 9.99
0.073 0.0312 31.43 44.00  88  62 1075000 1445000   280 9.99
0.076 0.0312 31.39 44.00  88  62 1075000 1445000   280 9.99
0.078 0.0294 31.33 44.00  88  62 1075000 1445000   280 9.99
0.081 0.0336 31.25 44.00  88  62 1075000 1445000   280 9.99
0.084 0.0329 31.15 44.00  88  62 1075000 1445000   280 9.99
0.086 0.0309 31.03 44.00  88  62 1075000 1445000   280 9.99
0.089 0.0296 30.88 44.00  88  62 1075000 1445000   280 9.99
0.092 0.0310 30.71 44.00  88  62 1075000 1445000   280 9.99
0.095 0.0291 30.51 44.00  88  62 1075000 1445000   280 9.99
0.097 0.0315 30.30 44.00  88  62 1075000 1445000   280 9.99
0.100 0.0320 30.07 44.00  88  62 1075000 1445000   280 9.99
0.103 0.0304 29.82 44.00  88  62 1075000 1445000   280 9.99
0.105 0.0278 29.58 44.00  88  62 1075000 1445000   280 9.99
0.108 0.0274 29.33 44.00  88  62 1075000 1445000   280 9.99
0.111 0.0303 29.08 44.00  88  62 1075000 1445000   280 9.99
0.114 0.0300 28.86 44.00  88  62 1075000 1445000   280 9.99
0.116 0.0312 28.67 44.00  88  62 1075000 1445000   280 9.99
0.119 0.0291 28.51 44.00  88  62 1075000 1445000   280 9.99
0.122 0.0275 28.40 44.00  88  62 1075000 1445000   280 9.99
0.124 0.0264 28.32 44.00  88  62 1075000 1445000   280 9.99
0.127 0.0271 28.29 44.00  88  62 1075000 1445000   280 9.99
0.130 0.0280 28.30 44.00  88  62 1075000 1445000   280 9.99
0.132 0.0257 28.35 44.00  88  62 1075000 1445000   280 9.99
0.135 0.0296 28.43 44.00  88  62 1075000 1445000   280 9.99
0.138 0.0296 28.54 44.00  88  62 1075000 1445000   280 9.99
0.141 0.0262 28.67 44.00  88  62 1075000 1445000   280 9.99
0.143 0.0287 28.81 44.00  88  62 1075000 1445000   280 9.99
0.146 0.0285 28.98 44.00  88  62 1075000 1445000   280 9.99
0.149 0.0294 29.16 44.00  88  62 1075000 1445000   280 9.99
0.151 0.0299 29.37 44.00  88  62 1075000 1445000   280 9.99
0.154 0.0285 29.58 44.00  88  62 1075000 1445000   280 9.99
0.157 0.0294 29.82 44.00  88  62 1075000 1445000   280 9.99
0.159 0.0342 30.06 44.00  88  62 1075000 1445000   280 9.99
0.162 0.0322 30.30 44.00  88  62 1075000 1445000   280 9.99
0.165 0.0322 30.54 44.00  88  62 1075000 1445000   280 9.99
0.168 0.0303 30.77 44.00  88  62 1075000 1445000   280 9.99
0.170 0.0285 30.98 44.00  88  62 1075000 1445000   280 9.99
0.173 0.0339 31.16 44.00  88  62 1075000 1445000   280 9.99
0.176 0.0291 31.32 44.00  88  62 1075000 1445000   280 9.99
0.178 0.0293 31.45 44.00  88  62 1075000 1445000   280 9.99
0.181 0.0305 31.56 44.00  88  62 1075000 1445000   280 9.99
0.184 0.0331 31.66 44.00  88  62 1075000 1445000   280 9.99
0.186 0.0303 31.75 44.00  88  62 1075000 1445000   280 9.99
0.189 0.0318 31.84 44.00  88  62 1075000 1445000   280 9.99
0.192 0.0343 31.91 44.00  88  62 1075000 1445000   280 9.99
0.195 0.0331 31.99 44.00  88  62 1075000 1445000   280 9.99
0.197 0.0311 32.06 44.00  88  62 1075000 1445000   280 9.99
0.200 0.0319 32.14 44.00  88  62 1075000 1445000   280 9.99
0.203 0.0332 32.22 44.00  88  62 1075000 1445000   280 9.99
0.205 0.0329 32.31 44.00  88  62 1075000 1445000   280 9.99
0.208 0.0319 32.40 44.00  88  62 1075000 1445000   280 9.99
0.211 0.0322 32.48 44.00  88  62 1075000 1445000   280 9.99
0.214 0.0305 32.57 44.00  88  62 1075000 1445000   280 9.99
0.216 0.0332 32.64 44.00  88  62 1075000 1445000   280 9.99
0.219 0.0330 32.71 44.00  88  62 1075000 1445000   280 9.99
0.222 0.0323 32.76 44.00  88  62 1075000 1445000   280 9.99
0.224 0.0349 32.82 44.00  88  62 1075000 1445000   280 9.99
0.227 0.0323 32.88 44.00  88  62 1075000 1445000   280 9.99
0.230 0.0350 32.95 44.00  88  62 1075000 1445000   280 9.99
0.232 0.0320 33.04 44.00  88  62 1075000 1445000   280 9.99
0.235 0.0302 33.16 44.00  88  62 1075000 1445000   280 9.99
0.238 0.0341 33.30 44.00  88  62 1075000 1445000   280 9.99
0.241 0.0336 33.46 44.00  88  62 1075000 1445000   280 9.99
0.243 0.0347 33.65 44.00  88  62 1075000 1445000   280 9.99
0.246 0.0328 33.85 44.00  88  62 1075000 1445000   280 9.99
0.249 0.0338 34.06 44.00  88  62 1075000 1445000   280 9.99
0.251 0.0333 34.27 44.00  88  62 1075000 1445000   280 9.99
0.254 0.0346 34.48 44.00  88  62 1075000 1445000   280 9.99
0.257 0.0347 34.69 44.00  88  62 1075000 1445000   280 9.99
0.259 0.0328 34.90 44.00  88  62 1075000 1445000   280 9.99
0.262 0.0369 35.10 44.00  88  62 1075000 1445000   280 9.99
0.265 0.0353 35.29 44.00  88  62 1075000 1445000   280 9.99
0.268 0.0355 35.47 44.00  88  62 1075000 1445000   280 9.99
0.270 0.0364 35.64 44.00  88  62 1075000 1445000   280 9.99
0.273 0.0358 35.80 44.00  88  62 1075000 1445000   280 9.99
0.276 0.0375 35.96 44.00  88  62 1075000 1445000   280 9.99
0.278 0.0355 36.10 44.00  88  62 1075000 1445000   280 9.99
0.281 0.0373 36.22 44.00  88  62 1075000 1445000   280 9.99
0.284 0.0364 36.34 44.00  88  62 1075000 1445000   280 9.99
0.286 0.0375 36.43 44.00  88  62 1075000 1445000   280 9.99
0.289 0.0372 36.52 44.00  88  62 1075000 1445000   280 9.99
0.292 0.0340 36.60 44.00  88  62 1075000 1445000   280 9.99
0.295 0.0364 36.66 44.00  88  62 1075000 1445000   280 9.99
0.297 0.0365 36.72 44.00  88  62 1075000 1445000   280 9.99
0.300 0.0371 36.77 44.00  88  62 1075000 1445000   280 9.99
0.303 0.0367 36.81 44.00  88  62 1075000 1445000   280 9.99
0.305 0.0357 36.85 44.00  88  62 1075000 1445000   280 9.99
0.308 0.0367 36.89 44.00  88  62 1075000 1445000   280 9.99
0.311 0.0363 36.93 44.00  88  62 1075000 1445000   280 9.99
0.314 0.0390 36.98 44.00  88  62 1075000 1445000   280 9.99
0.316 0.0365 37.04 44.00  88  62 1075000 1445000   280 9.99
0.319 0.0358 37.11 44.00  88  62 1075000 1445000   280 9.99
0.322 0.0384 37.19 44.00  88  62 1075000 1445000   280 9.99
0.324 0.0384 37.26 44.00  88  62 1075000 1445000   280 9.99
0.327 0.0375 37.35 44.00  88  62 1075000 1445000   280 9.99
0.330 0.0379 37.43 44.00  88  62 1075000 1445000   280 9.99
0.332 0.0372 37.51 44.00  88  62 1075000 1445000   280 9.99
0.335 0.0369 37.58 44.00  88  62 1075000 1445000   280 9.99
0.338 0.0374 37.65 44.00  88  62 1075000 1445000   280 9.99
0.341 0.0376 37.72 44.00  88  62 1075000 1445000   280 9.99
0.343 0.0377 37.78 44.00  88  62 1075000 1445000   280 9.99
0.346 0.0402 37.86 44.00  88  62 1075000 1445000   280 9.99
0.349 0.0331 37.94 44.00  88  62 1075000 1445000   280 9.99
0.351 0.0398 38.04 44.00  88  62 1075000 1445000   280 9.99
0.354 0.0402 38.14 44.00  88  62 1075000 1445000   280 9.99
0.357 0.0381 38.25 44.00  88  62 1075000 1445000   280 9.99
0.359 0.0389 38.35 44.00  88  62 1075000 1445000   280 9.99
0.362 0.0363 38.45 44.00  88  62 1075000 1445000   280 9.99
0.365 0.0388 38.56 44.00  88  62 1075000 1445000   280 9.99
0.368 0.0379 38.67 44.00  88  62 1075000 1445000   280 9.99
0.370 0.0394 38.78 44.00  88  62 1075000 1445000   280 9.99
0.373 0.0383 38.90 44.00  88  62 1075000 1445000   280 9.99
0.376 0.0406 39.02 44.00  88  62 1075000 1445000   280 9.99
0.378 0.0369 39.15 44.00  88  62 1075000 1445000   280 9.99
0.381 0.0412 39.29 44.00  88  62 1075000 1445000   280 9.99
0.384 0.0391 39.44 44.00  88  62 1075000 1445000   280 9.99
0.386 0.0385 39.60 44.00  88  62 1075000 1445000   280 9.99
0.389 0.0434 39.75 44.00  88  62 1075000 1445000   280 9.99
0.392 0.0389 39.91 44.00  88  62 1075000 1445000   280 9.99
0.395 0.0413 40.06 44.00  88  62 1075000 1445000   280 9.99
0.397 0.0407 40.23 44.00  88  62 1075000 1445000   280 9.99
0.400 0.0380 40.40 44.00  88  62 1075000 1445000   280 9.99
0.403 0.0371 40.58 44.00  88  62 1075000 1445000   280 9.99
0.405 0.0417 40.77 44.00  88  62 1075000 1445000   280 9.99
0.408 0.0400 40.97 44.00  88  62 1075000 1445000   280 9.99
0.411 0.0408 41.19 44.00  88  62 1075000 1445000   280 9.99
0.414 0.0443 41.41 44.00  88  62 1075000 1445000   280 9.99
0.416 0.0423 41.63 44.00  88  62 1075000 1445000   280 9.99
0.419 0.0424 41.84 44.00  88  62 1075000 1445000   280 9.99
0.422 0.0399 42.05 44.00  88  62 1075000 1445000   280 9.99
0.424 0.0425 42.24 44.00  88  62 1075000 1445000   280 9.99
0.427 0.0444 42.42 44.00  88  62 1075000 1445000   280 9.99
0.430 0.0431 42.60 44.00  88  62 1075000 1445000   280 9.99
0.432 0.0423 42.79 44.00  88  62 1075000 1445000   280 9.99
0.435 0.0398 42.99 44.00  88  62 1075000 1445000   280 9.99
0.438 0.0423 43.21 44.00  88  62 1075000 1445000   280 9.99
0.441 0.0443 43.44 44.00  88  62 1075000 1445000   280 9.99
0.443 0.0455 43.66 44.00  88  62 1075000 1445000   280 9.99
0.446 0.0466 43.87 44.00  88  62 1075000 1445000   280 9.99
0.449 0.0455 44.07 44.00  88  62 1075000 1445000   280 9.99
0.451 0.0436 44.25 44.00  88  62 1075000 1445000   280 9.99
0.454 0.0428 44.41 44.00  88  62 1075000 1445000   280 9.99
0.457 0.0432 44.57 44.00  88  62 1075000 1445000   280 9.99
0.459 0.0444 44.73 44.00  88  62 1075000 1445000   280 9.99
0.462 0.0475 44.91 44.00  88  62 1075000 1445000   280 9.99
0.465 0.0394 45.10 44.00  88  62 1075000 1445000   280 9.99
0.468 0.0426 45.31 44.00  88  62 1075000 1445000   280 9.99
0.470 0.0469 45.53 44.00  88  62 1075000 1445000   280 9.99
0.473 0.0500 45.76 44.00  88  62 1075000 1445000   280 9.99
0.476 0.0456 46.01 44.00  88  62 1075000 1445000   280 9.99
0.478 0.0501 46.28 44.00  88  62 1075000 1445000   280 9.99
0.481 0.0515 46.57 44.00  88  62 1075000 1445000   280 9.99
0.484 0.0456 46.88 44.00  88  62 1075000 1445000   280 9.99
0.486 0.0434 47.22 44.00  88  62 1075000 1445000   280 9.99
0.489 0.0449 47.57 44.00  88  62 1075000 1445000   280 9.99
0.492 0.0437 47.95 44.00  88  62 1075000 1445000   280 9.99
0.495 0.0462 48.34 44.00  88  62 1075000 1445000   280 9.99
0.497 0.0525 48.76 44.00  88  62 1075000 1445000   280 9.99
0.500 0.0475 49.19 44.00  88  62 1075000 1445000   280 9.99
0.503 0.0522 49.63 44.00  88  62 1075000 1445000   280 9.99
0.505 0.0489 50.07 44.00  88  62 1075000 1445000   280 9.99
0.508 0.0533 50.52 44.00  88  62 1075000 1445000   280 9.99
0.511 0.0509 50.98 44.00  88  62 1075000 1445000   280 9.99
0.514 0.0533 51.45 44.00  88  62 1075000 1445000   280 9.99
0.516 0.0515 51.92 44.00  88  62 1075000 1445000   280 9.99
0.519 0.0471 52.40 44.00  88  62 1075000 1445000   280 9.99
0.522 0.0556 52.88 44.00  88  62 1075000 1445000   280 9.99
0.524 0.0542 53.34 44.00  88  62 1075000 1445000   280 9.99
0.527 0.0510 53.79 44.00  88  62 1075000 1445000   280 9.99
0.530 0.0559 54.21 44.00  88  62 1075000 1445000   280 9.99
0.532 0.0556 54.59 44.00  88  62 1075000 1445000   280 9.99
0.535 0.0560 54.93 44.00  88  62 1075000 1445000   280 9.99
0.538 0.0541 55.23 44.00  88  62 1075000 1445000   280 9.99
0.541 0.0551 55.50 44.00  88  62 1075000 1445000   280 9.99
0.543 0.0570 55.76 44.00  88  62 1075000 1445000   280 9.99
0.546 0.0576 56.02 44.00  88  62 1075000 1445000   280 9.99
0.549 0.0571 56.28 44.00  88  62 1075000 1445000   280 9.99
0.551 0.0568 56.55 44.00  88  62 1075000 1445000   280 9.99
0.554 0.0554 56.82 44.00  88  62 1075000 1445000   280 9.99
0.557 0.0534 57.08 44.00  88  62 1075000 1445000   280 9.99
0.559 0.0596 57.34 44.00  88  62 1075000 1445000   280 9.99
0.562 0.0585 57.59 44.00  88  62 1075000 1445000   280 9.99
0.565 0.0569 57.83 44.00  88  62 1075000 1445000   280 9.99
0.568 0.0553 58.07 44.00  88  62 1075000 1445000   280 9.99
0.570 0.0605 58.30 44.00  88  62 1075000 1445000   280 9.99
0.573 0.0573 58.54 44.00  88  62 1075000 1445000   280 9.99
0.576 0.0572 58.79 44.00  88  62 1075000 1445000   280 9.99
0.578 0.0612 59.05 44.00  88  62 1075000 1445000   280 9.99
0.581 0.0594 59.32 44.00  88  62 1075000 1445000   280 9.99
0.584 0.0602 59.59 44.00  88  62 1075000 1445000   280 9.99
0.586 0.0595 59.86 44.00  88  62 1075000 1445000   280 9.99
0.589 0.0599 60.12 44.00  88  62 1075000 1445000   280 9.99
0.592 0.0605 60.37 44.00  88  62 1075000 1445000   280 9.99
0.595 0.0609 60.60 44.00  88  62 1075000 1445000   280 9.99
0.597 0.0605 60.82 44.00  88  62 1075000 1445000   280 9.99
0.600 0.0606 61.01 44.00  88  62 1075000 1445000   280 9.99
0.603 0.0626 61.17 44.00  88  62 1075000 1445000   280 9.99
0.605 0.0598 61.29 44.00  88  62 1075000 1445000   280 9.99
0.608 0.0626 61.37 44.00  88  62 1075000 1445000   280 9.99
0.611 0.0601 61.43 44.00  88  62 1075000 1445000   280 9.99
0.614 0.0646 61.46 44.00  88  62 1075000 1445000   280 9.99
0.616 0.0590 61.47 44.00  88  62 1075000 1445000   280 9.99
0.619 0.0580 61.46 44.00  88  62 1075000 1445000   280 9.99
0.622 0.0675 61.44 44.00  88  62 1075000 1445000   280 9.99
0.624 0.0654 61.40 44.00  88  62 1075000 1445000   280 9.99
0.627 0.0547 61.36 44.00  88  62 1075000 1445000   280 9.99
0.630 0.0628 61.31 44.00  88  62 1075000 1445000   280 9.99
0.632 0.0626 61.25 44.00  88  62 1075000 1445000   280 9.99
0.635 0.0577 61.18 44.00  88  62 1075000 1445000   280 9.99
0.638 0.0607 61.09 44.00  88  62 1075000 1445000   280 9.99
0.641 0.0650 60.99 44.00  88  62 1075000 1445000   280 9.99
0.643 0.0617 60.86 44.00  88  62 1075000 1445000   280 9.99
0.646 0.0551 60.73 44.00  88  62 1075000 1445000   280 9.99
0.649 0.0617 60.59 44.00  88  62 1075000 1445000   280 9.99
0.651 0.0618 60.45 44.00  88  62 1075000 1445000   280 9.99
0.654 0.0578 60.32 44.00  88  62 1075000 1445000   280 9.99
0.657 0.0618 60.20 44.00  88  62 1075000 1445000   280 9.99
0.659 0.0616 60.09 44.00  88  62 1075000 1445000   280 9.99
0.662 0.0616 60.00 44.00  88  62 1075000 1445000   280 9.99
0.665 0.0577 59.93 44.00  88  62 1075000 1445000   280 9.99
0.668 0.0633 59.89 44.00  88  62 1075000 1445000   280 9.99
0.670 0.0609 59.89 44.00  88  62 1075000 1445000   280 9.99
0.673 0.0547 59.91 44.00  88  62 1075000 1445000   280 9.99
0.676 0.0618 59.96 44.00  88  62 1075000 1445000   280 9.99
0.678 0.0608 60.04 44.00  88  62 1075000 1445000   280 9.99
0.681 0.0617 60.14 44.00  88  62 1075000 1445000   280 9.99
0.684 0.0514 60.26 44.00  88  62 1075000 1445000   280 9.99
0.686 0.0621 60.40 44.00  88  62 1075000 1445000   280 9.99
0.689 0.0620 60.57 44.00  88  62 1075000 1445000   280 9.99
0.692 0.0603 60.76 44.00  88  62 1075000 1445000   280 9.99
0.695 0.0596 60.97 44.00  88  62 1075000 1445000   280 9.99
0.697 0.0639 61.20 44.00  88  62 1075000 1445000   280 9.99
0.700 0.0625 61.44 44.00  88  62 1075000 1445000   280 9.99
0.703 0.0619 61.69 44.00  88  62 1075000 1445000   280 9.99
0.705 0.0607 61.95 44.00  88  62 1075000 1445000   280 9.99
0.708 0.0599 62.21 44.00  88  62 1075000 1445000   280 9.99
0.711 0.0625 62.46 44.00  88  62 1075000 1445000   280 9.99
0.714 0.0684 62.71 44.00  88  62 1075000 1445000   280 9.99
0.716 0.0630 62.96 44.00  88  62 1075000 1445000   280 9.99
0.719 0.0625 63.19 44.00  88  62 1075000 1445000   280 9.99
0.722 0.0646 63.40 44.00  88  62 1075000 1445000   280 9.99
0.724 0.0600 63.61 44.00  88  62 1075000 1445000   280 9.99
0.727 0.0651 63.81 44.00  88  62 1075000 1445000   280 9.99
0.730 0.0636 64.00 44.00  88  62 1075000 1445000   280 9.99
0.732 0.0665 64.19 44.00  88  62 1075000 1445000   280 9.99
0.735 0.0628 64.38 44.00  88  62 1075000 1445000   280 9.99
0.738 0.0644 64.58 44.00  88  62 1075000 1445000   280 9.99
0.741 0.0656 64.78 44.00  88  62 1075000 1445000   280 9.99
0.743 0.0630 65.00 44.00  88  62 1075000 1445000   280 9.99
0.746 0.0640 65.23 44.00  88  62 1075000 1445000   280 9.99
0.749 0.0665 65.46 44.00  88  62 1075000 1445000   280 9.99
0.751 0.0657 65.70 44.00  88  62 1075000 1445000   280 9.99
0.754 0.0630 65.94 44.00  88  62 1075000 1445000   280 9.99
0.757 0.0687 66.19 44.00  88  62 1075000 1445000   280 9.99
0.759 0.0647 66.44 44.00  88  62 1075000 1445000   280 9.99
0.762 0.0680 66.69 44.00  88  62 1075000 1445000   280 9.99
0.765 0.0701 66.94 44.00  88  62 1075000 1445000   280 9.99
0.768 0.0660 67.18 44.00  88  62 1075000 1445000   280 9.99
0.770 0.0662 67.40 44.00  88  62 1075000 1445000   280 9.99
0.773 0.0678 67.60 44.00  88  62 1075000 1445000   280 9.99
0.776 0.0685 67.77 44.00  88  62 1075000 1445000   280 9.99
0.778 0.0702 67.93 44.00  88  62 1075000 1445000   280 9.99
0.781 0.0651 68.07 44.00  88  62 1075000 1445000   280 9.99
0.784 0.0697 68.19 44.00  88  62 1075000 1445000   280 9.99
0.786 0.0665 68.31 44.00  88  62 1075000 1445000   280 9.99
0.789 0.0704 68.42 44.00  88  62 1075000 1445000   280 9.99
0.792 0.0695 68.51 44.00  88  62 1075000 1445000   280 9.99
0.795 0.0686 68.61 44.00  88  62 1075000 1445000   280 9.99
0.797 0.0667 68.70 44.00  88  62 1075000 1445000   280 9.99
0.800 0.0705 68.80 44.00  88  62 1075000 1445000   280 9.99
0.803 0.0666 68.90 44.00  88  62 1075000 1445000   280 9.99
0.805 0.0707 69.02 44.00  88  62 1075000 1445000   280 9.99
0.808 0.0729 69.16 44.00  88  62 1075000 1445000   280 9.99
0.811 0.0617 69.30 44.00  88  62 1075000 1445000   280 9.99
0.814 0.0688 69.45 44.00  88  62 1075000 1445000   280 9.99
0.816 0.0711 69.61 44.00  88  62 1075000 1445000   280 9.99
0.819 0.0718 69.78 44.00  88  62 1075000 1445000   280 9.99
0.822 0.0672 69.96 44.00  88  62 1075000 1445000   280 9.99
0.824 0.0693 70.13 44.00  88  62 1075000 1445000   280 9.99
0.827 0.0737 70.31 44.00  88  62 1075000 1445000   280 9.99
0.830 0.0719 70.48 44.00  88  62 1075000 1445000   280 9.99
0.832 0.0682 70.65 44.00  88  62 1075000 1445000   280 9.99
0.835 0.0709 70.81 44.00  88  62 1075000 1445000   280 9.99
0.838 0.0731 70.97 44.00  88  62 1075000 1445000   280 9.99
0.841 0.0699 71.14 44.00  88  62 1075000 1445000   280 9.99
0.843 0.0708 71.31 44.00  88  62 1075000 1445000   280 9.99
0.846 0.0724 71.48 44.00  88  62 1075000 1445000   280 9.99
0.849 0.0726 71.64 44.00  88  62 1075000 1445000   280 9.99
0.851 0.0703 71.79 44.00  88  62 1075000 1445000   280 9.99
0.854 0.0754 71.93 44.00  88  62 1075000 1445000   280 9.99
0.857 0.0679 72.06 44.00  88  62 1075000 1445000   280 9.99
0.859 0.0736 72.18 44.00  88  62 1075000 1445000   280 9.99
0.862 0.0695 72.29 44.00  88  62 1075000 1445000   280 9.99
0.865 0.0760 72.40 44.00  88  62 1075000 1445000   280 9.99
0.868 0.0712 72.49 44.00  88  62 1075000 1445000   280 9.99
0.870 0.0726 72.59 44.00  88  62 1075000 1445000   280 9.99
0.873 0.0686 72.69 44.00  88  62 1075000 1445000   280 9.99
0.876 0.0755 72.78 44.00  88  62 1075000 1445000   280 9.99
0.878 0.0731 72.86 44.00  88  62 1075000 1445000   280 9.99
0.881 0.0706 72.94 44.00  88  62 1075000 1445000   280 9.99
0.884 0.0773 73.01 44.00  88  62 1075000 1445000   280 9.99
0.886 0.0739 73.08 44.00  88  62 1075000 1445000   280 9.99
0.889 0.0738 73.13 44.00  88  62 1075000 1445000   280 9.99
0.892 0.0724 73.18 44.00  88  62 1075000 1445000   280 9.99
0.895 0.0733 73.23 44.00  88  62 1075000 1445000   280 9.99
0.897 0.0701 73.26 44.00  88  62 1075000 1445000   280 9.99
0.900 0.0755 73.28 44.00  88  62 1075000 1445000   280 9.99
0.903 0.0710 73.30 44.00  88  62 1075000 1445000   280 9.99
0.905 0.0766 73.31 44.00  88  62 1075000 1445000   280 9.99
0.908 0.0728 73.32 44.00  88  62 1075000 1445000   280 9.99
0.911 0.0715 73.33 44.00  88  62 1075000 1445000   280 9.99
0.914 0.0751 73.37 44.00  88  62 1075000 1445000   280 9.99
0.916 0.0717 73.42 44.00  88  62 1075000 1445000   280 9.99
0.919 0.0749 73.49 44.00  88  62 1075000 1445000   280 9.99
0.922 0.0725 73.57 44.00  88  62 1075000 1445000   280 9.99
0.924 0.0743 73.65 44.00  88  62 1075000 1445000   280 9.99
0.927 0.0705 73.74 44.00  88  62 1075000 1445000   280 9.99
0.930 0.0760 73.81 44.00  88  62 1075000 1445000   280 9.99
0.932 0.0760 73.88 44.00  88  62 1075000 1445000   280 9.99
0.935 0.0712 73.95 44.00  88  62 1075000 1445000   280 9.99
0.938 0.0739 74.01 44.00  88  62 1075000 1445000   280 9.99
0.941 0.0730 74.06 44.00  88  62 1075000 1445000   280 9.99
0.943 0.0741 74.12 44.00  88  62 1075000 1445000   280 9.99
0.946 0.0769 74.17 44.00  88  62 1075000 1445000   280 9.99
0.949 0.0720 74.22 44.00  88  62 1075000 1445000   280 9.99
0.951 0.0744 74.28 44.00  88  62 1075000 1445000   280 9.99
0.954 0.0792 74.34 44.00  88  62 1075000 1445000   280 9.99
0.957 0.0771 74.40 44.00  88  62 1075000 1445000   280 9.99
0.959 0.0687 74.46 44.00  88  62 1075000 1445000   280 9.99
0.962 0.0795 74.50 44.00  88  62 1075000 1445000   280 9.99
0.965 0.0723 74.54 44.00  88  62 1075000 1445000   280 9.99
0.968 0.0727 74.56 44.00  88  62 1075000 1445000   280 9.99
0.970 0.0703 74.57 44.00  88  62 1075000 1445000   280 9.99
0.973 0.0753 74.57 44.00  88  62 1075000 1445000   280 9.99
0.976 0.0708 74.55 44.00  88  62 1075000 1445000   280 9.99
0.978 0.0791 74.50 44.00  88  62 1075000 1445000   280 9.99
0.981 0.0733 74.44 44.00  88  62 1075000 1445000   280 9.99
0.984 0.0764 74.37 44.00  88  62 1075000 1445000   280 9.99
0.986 0.0765 74.31 44.00  88  62 1075000 1445000   280 9.99
0.989 0.0769 74.24 44.00  88  62 1075000 1445000   280 9.99
0.992 0.0724 74.18 44.00  88  62 1075000 1445000   280 9.99
0.995 0.0734 74.12 44.00  88  62 1075000 1445000   280 9.99
0.997 0.0736 74.07 44.00  88  62 1075000 1445000   280 9.99
1.000 0.0746 74.02 44.00  88  62 1075000 1445000   280 9.99
1.003 0.0736 73.97 44.00  88  62 1075000 1445000   280 9.99
1.005 0.0730 73.91 44.00  88  62 1075000 1445000   280 9.99
1.008 0.0748 73.85 44.00  88  62 1075000 1445000   280 9.99
1.011 0.0746 73.79 44.00  88  62 1075000 1445000   280 9.99
1.014 0.0720 73.72 44.00  88  62 1075000 1445000   280 9.99
1.016 0.0753 73.66 44.00  88  62 1075000 1445000   280 9.99
1.019 0.0709 73.60 44.00  88  62 1075000 1445000   280 9.99
1.022 0.0739 73.56 44.00  88  62 1075000 1445000   280 9.99
1.024 0.0724 73.55 44.00  88  62 1075000 1445000   280 9.99
1.027 0.0716 73.56 44.00  88  62 1075000 1445000   280 9.99
1.030 0.0745 73.59 44.00  88  62 1075000 1445000   280 9.99
1.032 0.0763 73.65 44.00  88  62 1075000 1445000   280 9.99
1.035 0.0786 73.72 44.00  88  62 1075000 1445000   280 9.99
1.038 0.0706 73.81 44.00  88  62 1075000 1445000   280 9.99
1.041 0.0730 73.90 44.00  88  62 1075000 1445000   280 9.99
1.043 0.0703 73.99 44.00  88  62 1075000 1445000   280 9.99
1.046 0.0769 74.10 44.00  88  62 1075000 1445000   280 9.99
1.049 0.0740 74.22 44.00  88  62 1075000 1445000   280 9.99
1.051 0.0746 74.36 44.00  88  62 1075000 1445000   280 9.99
1.054 0.0749 74.53 44.00  88  62 1075000 1445000   280 9.99
1.057 0.0790 74.73 44.00  88  62 1075000 1445000   280 9.99
1.059 0.0711 74.96 44.00  88  62 1075000 1445000   280 9.99
1.062 0.0789 75.21 44.00  88  62 1075000 1445000   280 9.99
1.065 0.0702 75.50 44.00  88  62 1075000 1445000   280 9.99
1.068 0.0748 75.80 44.00  88  62 1075000 1445000   280 9.99
1.070 0.0828 76.12 44.00  88  62 1075000 1445000   280 9.99
1.073 0.0708 76.46 44.00  88  62 1075000 1445000   280 9.99
1.076 0.0768 76.82 44.00  88  62 1075000 1445000   280 9.99
1.078 0.0778 77.22 44.00  88  62 1075000 1445000   280 9.99
1.081 0.0755 77.64 44.00  88  62 1075000 1445000   280 9.99
1.084 0.0787 78.12 44.00  88  62 1075000 1445000   280 9.99
1.086 0.0785 78.65 44.00  88  62 1075000 1445000   280 9.99
1.089 0.0858 79.24 44.00  88  62 1075000 1445000   280 9.99
1.092 0.0746 79.89 44.00  88  62 1075000 1445000   280 9.99
1.095 0.0814 80.59 44.00  88  62 1075000 1445000   280 9.99
1.097 0.0838 81.35 44.00  88  62 1075000 1445000   280 9.99
1.100 0.0827 82.17 44.00  88  62 1075000 1445000   280 9.99
1.103 0.0809 83.04 44.00  88  62 1075000 1445000   280 9.99
1.105 0.0829 83.95 44.00  88  62 1075000 1445000   280 9.99
1.108 0.0873 84.90 44.00  88  62 1075000 1445000   280 9.99
1.111 0.0840 85.88 44.00  88  62 1075000 1445000   280 9.99
1.114 0.0825 86.88 44.00  88  62 1075000 1445000   280 9.99
1.116 0.0880 87.90 44.00  88  62 1075000 1445000   280 9.99
1.119 0.0875 88.95 44.00  88  62 1075000 1445000   280 9.99
1.122 0.0868 90.02 44.00  88  62 1075000 1445000   280 9.99
1.124 0.0973 91.13 44.00  88  62 1075000 1445000   280 9.99
1.127 0.0920 92.26 44.00  88  62 1075000 1445000   280 9.99
1.130 0.0953 93.41 44.00  88  62 1075000 1445000   280 9.99
1.132 0.0930 94.60 44.00  88  62 1075000 1445000   280 9.99
1.135 0.1027 95.81 44.00  88  62 1075000 1445000   280 9.99
1.138 0.0953 97.04 44.00  88  62 1075000 1445000   280 9.99
1.141 0.0948 98.28 44.00  88  62 1075000 1445000   280 9.99
1.143 0.0954 99.49 44.00  88  62 1075000 1445000   280 9.99
1.146 0.1026 100.65 44.00  88  62 1075000 1445000   280 9.99
1.149 0.1017 101.74 44.00  88  62 1075000 1445000   280 9.99
1.151 0.0986 102.73 44.00  88  62 1075000 1445000   280 9.99
1.154 0.1048 103.62 44.00  88  62 1075000 1445000   280 9.99
1.157 0.1067 104.39 44.00  88  62 1075000 1445000   280 9.99
1.159 0.1032 105.04 44.00  88  62 1075000 1445000   280 9.99
1.162 0.1046 105.56 44.00  88  62 1075000 1445000   280 9.99
1.165 0.1047 105.93 44.00  88  62 1075000 1445000   280 9.99
1.168 0.1142 106.16 44.00  88  62 1075000 1445000   280 9.99
1.170 0.1050 106.24 44.00  88  62 1075000 1445000   280 9.99
1.173 0.1045 106.17 44.00  88  62 1075000 1445000   280 9.99
1.176 0.1094 105.95 44.00  88  62 1075000 1445000   280 9.99
1.178 0.1095 105.59 44.00  88  62 1075000 1445000   280 9.99
1.181 0.1115 105.09 44.00  88  62 1075000 1445000   280 9.99
1.184 0.0989 104.44 44.00  88  62 1075000 1445000   280 9.99
1.186 0.1081 103.66 44.00  88  62 1075000 1445000   280 9.99
1.189 0.1021 102.76 44.00  88  62 1075000 1445000   280 9.99
1.192 0.0992 101.76 44.00  88  62 1075000 1445000   280 9.99
1.195 0.0992 100.67 44.00  88  62 1075000 1445000   280 9.99
1.197 0.0932 99.51 44.00  88  62 1075000 1445000   280 9.99
1.200 0.1045 98.31 44.00  88  62 1075000 1445000   280 9.99
1.203 0.0968 97.08 44.00  88  62 1075000 1445000   280 9.99
1.205 0.0931 95.85 44.00  88  62 1075000 1445000   280 9.99
1.208 0.0991 94.61 44.00  88  62 1075000 1445000   280 9.99
1.211 0.0892 93.39 44.00  88  62 1075000 1445000   280 9.99
1.214 0.0863 92.20 44.00  88  62 1075000 1445000   280 9.99
1.216 0.0936 91.04 44.00  88  62 1075000 1445000   280 9.99
1.219 0.0873 89.93 44.00  88  62 1075000 1445000   280 9.99
1.222 0.0917 88.86 44.00  88  62 1075000 1445000   280 9.99
1.224 0.0854 87.84 44.00  88  62 1075000 1445000   280 9.99
1.227 0.0910 86.88 44.00  88  62 1075000 1445000   280 9.99
1.230 0.0895 85.98 44.00  88  62 1075000 1445000   280 9.99
1.232 0.0807 85.13 44.00  88  62 1075000 1445000   280 9.99
1.235 0.0844 84.33 44.00  88  62 1075000 1445000   280 9.99
1.238 0.0867 83.58 44.00  88  62 1075000 1445000   280 9.99
1.241 0.0820 82.89 44.00  88  62 1075000 1445000   280 9.99
1.243 0.0821 82.23 44.00  88  62 1075000 1445000   280 9.99
1.246 0.0796 81.63 44.00  88  62 1075000 1445000   280 9.99
1.249 0.0790 81.06 44.00  88  62 1075000 1445000   280 9.99
1.251 0.0821 80.54 44.00  88  62 1075000 1445000   280 9.99
1.254 0.0802 80.06 44.00  88  62 1075000 1445000   280 9.99
1.257 0.0770 79.60 44.00  88  62 1075000 1445000   280 9.99
1.259 0.0800 79.17 44.00  88  62 1075000 1445000   280 9.99
1.262 0.0761 78.77 44.00  88  62 1075000 1445000   280 9.99
1.265 0.0795 78.39 44.00  88  62 1075000 1445000   280 9.99
1.268 0.0780 78.03 44.00  88  62 1075000 1445000   280 9.99
1.270 0.0784 77.71 44.00  88  62 1075000 1445000   280 9.99
1.273 0.0785 77.41 44.00  88  62 1075000 1445000   280 9.99
1.276 0.0794 77.15 44.00  88  62 1075000 1445000   280 9.99
1.278 0.0769 76.91 44.00  88  62 1075000 1445000   280 9.99
1.281 0.0778 76.69 44.00  88  62 1075000 1445000   280 9.99
1.284 0.0768 76.50 44.00  88  62 1075000 1445000   280 9.99
1.286 0.0762 76.31 44.00  88  62 1075000 1445000   280 9.99
1.289 0.0779 76.14 44.00  88  62 1075000 1445000   280 9.99
1.292 0.0722 75.97 44.00  88  62 1075000 1445000   280 9.99
1.295 0.0758 75.81 44.00  88  62 1075000 1445000   280 9.99
1.297 0.0748 75.66 44.00  88  62 1075000 1445000   280 9.99
1.300 0.0755 75.51 44.00  88  62 1075000 1445000   280 9.99
1.303 0.0751 75.38 44.00  88  62 1075000 1445000   280 9.99
1.305 0.0774 75.27 44.00  88  62 1075000 1445000   280 9.99
1.308 0.0717 75.18 44.00  88  62 1075000 1445000   280 9.99
1.311 0.0763 75.10 44.00  88  62 1075000 1445000   280 9.99
1.314 0.0751 75.04 44.00  88  62 1075000 1445000   280 9.99
1.316 0.0747 74.99 44.00  88  62 1075000 1445000   280 9.99
1.319 0.0732 74.97 44.00  88  62 1075000 1445000   280 9.99
1.322 0.0756 74.97 44.00  88  62 1075000 1445000   280 9.99
1.324 0.0783 74.98 44.00  88  62 1075000 1445000   280 9.99
1.327 0.0754 75.00 44.00  88  62 1075000 1445000   280 9.99
1.330 0.0763 75.03 44.00  88  62 1075000 1445000   280 9.99
1.332 0.0739 75.06 44.00  88  62 1075000 1445000   280 9.99
1.335 0.0750 75.09 44.00  88  62 1075000 1445000   280 9.99
1.338 0.0716 75.11 44.00  88  62 1075000 1445000   280 9.99
1.341 0.0763 75.12 44.00  88  62 1075000 1445000   280 9.99
1.343 0.0759 75.12 44.00  88  62 1075000 1445000   280 9.99
1.346 0.0770 75.11 44.00  88  62 1075000 1445000   280 9.99
1.349 0.0732 75.09 44.00  88  62 1075000 1445000   280 9.99
1.351 0.0772 75.06 44.00  88  62 1075000 1445000   280 9.99
1.354 0.0733 75.02 44.00  88  62 1075000 1445000   280 9.99
1.357 0.0741 74.98 44.00  88  62 1075000 1445000   280 9.99
1.359 0.0746 74.93 44.00  88  62 1075000 1445000   280 9.99
1.362 0.0732 74.87 44.00  88  62 1075000 1445000   280 9.99
1.365 0.0785 74.82 44.00  88  62 1075000 1445000   280 9.99
1.368 0.0753 74.77 44.00  88  62 1075000 1445000   280 9.99
1.370 0.0744 74.73 44.00  88  62 1075000 1445000   280 9.99
1.373 0.0748 74.69 44.00  88  62 1075000 1445000   280 9.99
1.376 0.0736 74.67 44.00  88  62 1075000 1445000   280 9.99
1.378 0.0773 74.65 44.00  88  62 1075000 1445000   280 9.99
1.381 0.0739 74.62 44.00  88  62 1075000 1445000   280 9.99
1.384 0.0712 74.60 44.00  88  62 1075000 1445000   280 9.99
1.386 0.0756 74.58 44.00  88  62 1075000 1445000   280 9.99
1.389 0.0764 74.55 44.00  88  62 1075000 1445000   280 9.99
1.392 0.0730 74.53 44.00  88  62 1075000 1445000   280 9.99
1.395 0.0729 74.52 44.00  88  62 1075000 1445000   280 9.99
1.397 0.0739 74.50 44.00  88  62 1075000 1445000   280 9.99
1.400 0.0749 74.48 44.00  88  62 1075000 1445000   280 9.99
1.403 0.0738 74.45 44.00  88  62 1075000 1445000   280 9.99
1.405 0.0772 74.41 44.00  88  62 1075000 1445000   280 9.99
1.408 0.0757 74.37 44.00  88  62 1075000 1445000   280 9.99
1.411 0.0708 74.33 44.00  88  62 1075000 1445000   280 9.99
1.414 0.0765 74.29 44.00  88  62 1075000 1445000   280 9.99
1.416 0.0755 74.25 44.00  88  62 1075000 1445000   280 9.99
1.419 0.0727 74.21 44.00  88  62 1075000 1445000   280 9.99
1.422 0.0761 74.17 44.00  88  62 1075000 1445000   280 9.99
1.424 0.0729 74.12 44.00  88  62 1075000 1445000   280 9.99
1.427 0.0732 74.07 44.00  88  62 1075000 1445000   280 9.99
1.430 0.0768 74.01 44.00  88  62 1075000 1445000   280 9.99
1.434 0.0708 73.96 44.00  88  62 1075000 1445000   280 9.99
1.437 0.0757 73.90 44.00  88  62 1075000 1445000   280 9.99
1.440 0.0743 73.84 44.00  88  62 1075000 1445000   280 9.99
1.444 0.0722 73.79 44.00  88  62 1075000 1445000   280 9.99
1.448 0.0718 73.73 44.00  88  62 1075000 1445000   280 9.99
1.452 0.0761 73.69 44.00  88  62 1075000 1445000   280 9.99
1.456 0.0709 73.64 44.00  88  62 1075000 1445000   280 9.99
1.460 0.0750 73.60 44.00  88  62 1075000 1445000   280 9.99
1.464 0.0734 73.56 44.00  88  62 1075000 1445000   280 9.99
1.469 0.0738 73.53 44.00  88  62 1075000 1445000   280 9.99
1.474 0.0729 73.51 44.00  88  62 1075000 1445000   280 9.99
1.479 0.0756 73.48 44.00  88  62 1075000 1445000   280 9.99
1.484 0.0726 73.45 44.00  88  62 1075000 1445000   280 9.99
1.490 0.0735 73.43 44.00  88  62 1075000 1445000   280 9.99
1.495 0.0736 73.40 44.00  88  62 1075000 1445000   280 9.99
1.501 0.0741 73.38 44.00  88  62 1075000 1445000   280 9.99
1.507 0.0733 73.35 44.00  88  62 1075000 1445000   280 9.99
1.514 0.0732 73.33 44.00  88  62 1075000 1445000   280 9.99
1.521 0.0739 73.29 44.00  88  62 1075000 1445000   280 9.99
1.528 0.0726 73.26 44.00  88  62 1075000 1445000   280 9.99
1.535 0.0724 73.23 44.00  88  62 1075000 1445000   280 9.99
1.542 0.0731 73.19 44.00  88  62 1075000 1445000   280 9.99
1.550 0.0742 73.15 44.00  88  62 1075000 1445000   280 9.99
1.559 0.0722 73.11 44.00  88  62 1075000 1445000   280 9.99
1.567 0.0721 73.08 44.00  88  62 1075000 1445000   280 9.99
1.576 0.0737 73.04 44.00  88  62 1075000 1445000   280 9.99
1.585 0.0734 73.02 44.00  88  62 1075000 1445000   280 9.99
1.595 0.0728 73.00 44.00  88  62 1075000 1445000   280 9.99
1.605 0.0729 72.99 44.00  88  62 1075000 1445000   280 9.99
1.616 0.0734 72.99 44.00  88  62 1075000 1445000   280 9.99
1.627 0.0736 73.00 44.00  88  62 1075000 1445000   280 9.99
1.638 0.0729 73.02 44.00  88  62 1075000 1445000   280 9.99
1.650 0.0730 73.06 44.00  88  62 1075000 1445000   280 9.99
1.663 0.0727 73.09 44.00  88  62 1075000 1445000   280 9.99
1.676 0.0726 73.14 44.00  88  62 1075000 1445000   280 9.99
1.689 0.0734 73.18 44.00  88  62 1075000 1445000   280 9.99
1.703 0.0736 73.22 44.00  88  62 1075000 1445000   280 9.99
1.716 0.0724 73.25 44.00  88  62 1075000 1445000   280 9.99
1.730 0.0736 73.27 44.00  88  62 1075000 1445000   280 9.99
1.743 0.0730 73.27 44.00  88  62 1075000 1445000   280 9.99
1.757 0.0733 73.26 44.00  88  62 1075000 1445000   280 9.99
1.770 0.0730 73.22 44.00  88  62 1075000 1445000   280 9.99
1.784 0.0733 73.17 44.00  88  62 1075000 1445000   280 9.99
1.797 0.0729 73.11 44.00  88  62 1075000 1445000   280 9.99
1.811 0.0744 73.03 44.00  88  62 1075000 1445000   280 9.99
1.824 0.0738 72.95 44.00  88  62 1075000 1445000   280 9.99
1.838 0.0728 72.87 44.00  88  62 1075000 1445000   280 9.99
1.851 0.0736 72.79 44.00  88  62 1075000 1445000   280 9.99
1.865 0.0745 72.71 44.00  88  62 1075000 1445000   280 9.99
1.878 0.0735 72.64 44.00  88  62 1075000 1445000   280 9.99
1.892 0.0720 72.57 44.00  88  62 1075000 1445000   280 9.99
1.905 0.0726 72.52 44.00  88  62 1075000 1445000   280 9.99
1.919 0.0721 72.48 44.00  88  62 1075000 1445000   280 9.99
1.932 0.0722 72.46 44.00  88  62 1075000 1445000   280 9.99
1.946 0.0719 72.46 44.00  88  62 1075000 1445000   280 9.99
1.959 0.0719 72.50 44.00  88  62 1075000 1445000   280 9.99
1.973 0.0737 72.58 44.00  88  62 1075000 1445000   280 9.99
1.986 0.0731 72.72 44.00  88  62 1075000 1445000   280 9.99
2.000 0.0725 72.94 44.00  88  62 1075000 1445000   280 9.99
2.014 0.0750 73.27 44.00  88  62 1075000 1445000   280 9.99
2.027 0.0750 73.73 44.00  88  62 1075000 1445000   280 9.99
2.041 0.0756 74.35 44.00  88  62 1075000 1445000   280 9.99
2.054 0.0769 75.17 44.00  88  62 1075000 1445000   280 9.99
2.068 0.0776 76.20 44.00  88  62 1075000 1445000   280 9.99
2.081 0.0781 77.48 44.00  88  62 1075000 1445000   280 9.99
2.095 0.0784 79.02 44.00  88  62 1075000 1445000   280 9.99
2.108 0.0805 80.84 44.00  88  62 1075000 1445000   280 9.99
2.122 0.0827 82.95 44.00  88  62 1075000 1445000   280 9.99
2.135 0.0849 85.35 44.00  88  62 1075000 1445000   280 9.99
2.149 0.0876 88.04 44.00  88  62 1075000 1445000   280 9.99
2.162 0.0887 91.01 44.00  88  62 1075000 1445000   280 9.99
2.176 0.0940 94.27 44.00  88  62 1075000 1445000   280 9.99
2.189 0.0965 97.95 44.00  88  62 1075000 1445000   280 9.99
2.203 0.1022 103.39 44.00  88  62 1075000 1445000   280 9.99
2.216 0.1080 111.23 44.00  88  62 1075000 1445000   280 9.99
2.230 0.1146 119.86 44.00  88  62 1075000 1445000   280 9.99
2.243 0.1202 128.39 44.00  88  62 1075000 1445000   280 9.99
2.257 0.1281 136.52 44.00  88  62 1075000 1445000   280 9.99
2.270 0.1339 144.17 44.00  88  62 1075000 1445000   280 9.99
2.284 0.1404 151.34 44.00  88  62 1075000 1445000   280 9.99
2.297 0.1495 158.06 44.00  88  62 1075000 1445000   280 9.99
2.311 0.1567 164.37 44.00  88  62 1075000 1445000   280 9.99
2.324 0.1685 170.32 44.00  88  62 1075000 1445000   280 9.99
2.338 0.1727 175.93 44.00  88  62 1075000 1445000   280 9.99
2.351 0.1857 181.24 44.00  88  62 1075000 1445000   280 9.99
2.365 0.1981 186.28 44.00  88  62 1075000 1445000   280 9.99
2.378 0.2114 191.05 44.00  88  62 1075000 1445000   280 9.99
2.392 0.2211 195.57 44.00  88  62 1075000 1445000   280 9.99
2.405 0.2389 199.84 44.00  88  62 1075000 1445000   280 9.99
2.419 0.2681 203.85 44.00  88  62 1075000 1445000   280 9.99
2.432 0.2924 207.59 44.00  88  62 1075000 1445000   280 9.99
2.446 0.3188 211.05 44.00  88  62 1075000 1445000   280 9.99
2.459 0.3376 214.20 44.00  88  62 1075000 1445000   280 9.99
2.473 0.3634 217.01 44.00  88  62 1075000 1445000   280 9.99
2.486 0.0000 219.43 44.00  88  62 1075000 1445000   280 9.99
2.500 0.0000 221.40 44.00  88  62 1075000 1445000   280 9.99
