     x     qy smooth tpara  cd  zL     xTr    xCpl frame tma
-1.250 0.1786 157.36 72.60  77  62  730000 1314000   270 10.21
-1.241 0.1632 147.65 72.60  77  62  730000 1314000   270 10.21
-1.233 0.1450 138.41 72.60  77  62  730000 1314000   270 10.21
-1.224 0.1400 129.63 72.60  77  62  730000 1314000   270 10.21
-1.216 0.1477 121.30 72.60  77  62  730000 1314000   270 10.21
-1.207 0.0792 113.42 72.60  77  62  730000 1314000   270 10.21
-1.199 0.0858 105.97 72.60  77  62  730000 1314000   270 10.21
-1.190 0.0802 98.94 72.60  77  62  730000 1314000   270 10.21
-1.182 0.0758 92.33 72.60  77  62  730000 1314000   270 10.21
-1.173 0.0725 86.12 72.60  77  62  730000 1314000   270 10.21
-1.164 0.0684 80.32 72.60  77  62  730000 1314000   270 10.21
-1.156 0.0644 74.92 72.60  77  62  730000 1314000   270 10.21
-1.147 0.0622 69.92 72.60  77  62  730000 1314000   270 10.21
-1.139 0.0599 65.31 72.60  77  62  730000 1314000   270 10.21
-1.130 0.0567 61.11 72.60  77  62  730000 1314000   270 10.21
-1.122 0.0547 57.31 72.60  77  62  730000 1314000   270 10.21
-1.113 0.0540 53.94 72.60  77  62  730000 1314000   270 10.21
-1.104 0.0521 51.00 72.60  77  62  730000 1314000   270 10.21
-1.096 0.0512 48.53 72.60  77  62  730000 1314000   270 10.21
-1.087 0.0495 46.56 72.60  77  62  730000 1314000   270 10.21
-1.079 0.0481 45.13 72.60  77  62  730000 1314000   270 10.21
-1.070 0.0470 44.28 72.60  77  62  730000 1314000   270 10.21
-1.062 0.0461 43.96 72.60  77  62  730000 1314000   270 10.21
-1.053 0.0449 43.82 72.60  77  62  730000 1314000   270 10.21
-1.045 0.0443 43.20 72.60  77  62  730000 1314000   270 10.21
-1.036 0.0419 42.52 72.60  77  62  730000 1314000   270 10.21
-1.027 0.0430 41.80 72.60  77  62  730000 1314000   270 10.21
-1.019 0.0417 41.07 72.60  77  62  730000 1314000   270 10.21
-1.010 0.0408 40.39 72.60  77  62  730000 1314000   270 10.21
-1.002 0.0401 39.75 72.60  77  62  730000 1314000   270 10.21
-0.993 0.0389 39.16 72.60  77  62  730000 1314000   270 10.21
-0.985 0.0392 38.61 72.60  77  62  730000 1314000   270 10.21
-0.976 0.0381 38.10 72.60  77  62  730000 1314000   270 10.21
-0.967 0.0380 37.65 72.60  77  62  730000 1314000   270 10.21
-0.959 0.0373 37.24 72.60  77  62  730000 1314000   270 10.21
-0.950 0.0364 36.89 72.60  77  62  730000 1314000   270 10.21
-0.942 0.0365 36.59 72.60  77  62  730000 1314000   270 10.21
-0.933 0.0359 36.35 72.60  77  62  730000 1314000   270 10.21
-0.925 0.0353 36.16 72.60  77  62  730000 1314000   270 10.21
-0.916 0.0355 36.02 72.60  77  62  730000 1314000   270 10.21
-0.908 0.0349 35.92 72.60  77  62  730000 1314000   270 10.21
-0.899 0.0365 35.86 72.60  77  62  730000 1314000   270 10.21
-0.890 0.0359 35.84 72.60  77  62  730000 1314000   270 10.21
-0.882 0.0359 35.85 72.60  77  62  730000 1314000   270 10.21
-0.873 0.0360 35.89 72.60  77  62  730000 1314000   270 10.21
-0.865 0.0359 35.95 72.60  77  62  730000 1314000   270 10.21
-0.856 0.0373 36.03 72.60  77  62  730000 1314000   270 10.21
-0.848 0.0357 36.12 72.60  77  62  730000 1314000   270 10.21
-0.839 0.0363 36.21 72.60  77  62  730000 1314000   270 10.21
-0.830 0.0354 36.29 72.60  77  62  730000 1314000   270 10.21
-0.822 0.0371 36.37 72.60  77  62  730000 1314000   270 10.21
-0.813 0.0374 36.43 72.60  77  62  730000 1314000   270 10.21
-0.805 0.0368 36.48 72.60  77  62  730000 1314000   270 10.21
-0.796 0.0370 36.51 72.60  77  62  730000 1314000   270 10.21
-0.788 0.0365 36.53 72.60  77  62  730000 1314000   270 10.21
-0.779 0.0368 36.52 72.60  77  62  730000 1314000   270 10.21
-0.771 0.0369 36.49 72.60  77  62  730000 1314000   270 10.21
-0.762 0.0359 36.45 72.60  77  62  730000 1314000   270 10.21
-0.753 0.0363 36.39 72.60  77  62  730000 1314000   270 10.21
-0.745 0.0370 36.33 72.60  77  62  730000 1314000   270 10.21
-0.736 0.0363 36.26 72.60  77  62  730000 1314000   270 10.21
-0.728 0.0359 36.19 72.60  77  62  730000 1314000   270 10.21
-0.719 0.0360 36.11 72.60  77  62  730000 1314000   270 10.21
-0.711 0.0358 36.04 72.60  77  62  730000 1314000   270 10.21
-0.702 0.0356 35.98 72.60  77  62  730000 1314000   270 10.21
-0.693 0.0357 35.91 72.60  77  62  730000 1314000   270 10.21
-0.685 0.0360 35.86 72.60  77  62  730000 1314000   270 10.21
-0.676 0.0359 35.80 72.60  77  62  730000 1314000   270 10.21
-0.668 0.0359 35.76 72.60  77  62  730000 1314000   270 10.21
-0.659 0.0354 35.73 72.60  77  62  730000 1314000   270 10.21
-0.651 0.0356 35.72 72.60  77  62  730000 1314000   270 10.21
-0.642 0.0353 35.71 72.60  77  62  730000 1314000   270 10.21
-0.634 0.0353 35.70 72.60  77  62  730000 1314000   270 10.21
-0.625 0.0355 35.68 72.60  77  62  730000 1314000   270 10.21
-0.616 0.0358 35.66 72.60  77  62  730000 1314000   270 10.21
-0.608 0.0361 35.62 72.60  77  62  730000 1314000   270 10.21
-0.599 0.0355 35.58 72.60  77  62  730000 1314000   270 10.21
-0.591 0.0359 35.52 72.60  77  62  730000 1314000   270 10.21
-0.582 0.0350 35.45 72.60  77  62  730000 1314000   270 10.21
-0.574 0.0365 35.37 72.60  77  62  730000 1314000   270 10.21
-0.565 0.0354 35.27 72.60  77  62  730000 1314000   270 10.21
-0.557 0.0356 35.17 72.60  77  62  730000 1314000   270 10.21
-0.548 0.0350 35.07 72.60  77  62  730000 1314000   270 10.21
-0.539 0.0345 34.96 72.60  77  62  730000 1314000   270 10.21
-0.531 0.0355 34.85 72.60  77  62  730000 1314000   270 10.21
-0.522 0.0354 34.75 72.60  77  62  730000 1314000   270 10.21
-0.514 0.0354 34.66 72.60  77  62  730000 1314000   270 10.21
-0.505 0.0347 34.58 72.60  77  62  730000 1314000   270 10.21
-0.497 0.0339 34.52 72.60  77  62  730000 1314000   270 10.21
-0.488 0.0336 34.48 72.60  77  62  730000 1314000   270 10.21
-0.479 0.0333 34.45 72.60  77  62  730000 1314000   270 10.21
-0.471 0.0331 34.45 72.60  77  62  730000 1314000   270 10.21
-0.462 0.0341 34.47 72.60  77  62  730000 1314000   270 10.21
-0.454 0.0348 34.52 72.60  77  62  730000 1314000   270 10.21
-0.445 0.0352 34.59 72.60  77  62  730000 1314000   270 10.21
-0.437 0.0344 34.68 72.60  77  62  730000 1314000   270 10.21
-0.428 0.0350 34.79 72.60  77  62  730000 1314000   270 10.21
-0.420 0.0345 34.92 72.60  77  62  730000 1314000   270 10.21
-0.411 0.0349 35.06 72.60  77  62  730000 1314000   270 10.21
-0.402 0.0348 35.22 72.60  77  62  730000 1314000   270 10.21
-0.394 0.0362 35.38 72.60  77  62  730000 1314000   270 10.21
-0.385 0.0357 35.55 72.60  77  62  730000 1314000   270 10.21
-0.377 0.0364 35.71 72.60  77  62  730000 1314000   270 10.21
-0.368 0.0363 35.88 72.60  77  62  730000 1314000   270 10.21
-0.360 0.0369 36.05 72.60  77  62  730000 1314000   270 10.21
-0.351 0.0361 36.22 72.60  77  62  730000 1314000   270 10.21
-0.342 0.0361 36.39 72.60  77  62  730000 1314000   270 10.21
-0.334 0.0367 36.56 72.60  77  62  730000 1314000   270 10.21
-0.325 0.0365 36.74 72.60  77  62  730000 1314000   270 10.21
-0.317 0.0374 36.91 72.60  77  62  730000 1314000   270 10.21
-0.308 0.0366 37.10 72.60  77  62  730000 1314000   270 10.21
-0.300 0.0374 37.29 72.60  77  62  730000 1314000   270 10.21
-0.291 0.0363 37.50 72.60  77  62  730000 1314000   270 10.21
-0.283 0.0379 37.71 72.60  77  62  730000 1314000   270 10.21
-0.274 0.0379 37.94 72.60  77  62  730000 1314000   270 10.21
-0.265 0.0376 38.18 72.60  77  62  730000 1314000   270 10.21
-0.257 0.0381 38.42 72.60  77  62  730000 1314000   270 10.21
-0.248 0.0387 38.67 72.60  77  62  730000 1314000   270 10.21
-0.240 0.0384 38.93 72.60  77  62  730000 1314000   270 10.21
-0.231 0.0383 39.19 72.60  77  62  730000 1314000   270 10.21
-0.223 0.0400 39.46 72.60  77  62  730000 1314000   270 10.21
-0.214 0.0402 39.71 72.60  77  62  730000 1314000   270 10.21
-0.205 0.0411 39.96 72.60  77  62  730000 1314000   270 10.21
-0.197 0.0401 40.19 72.60  77  62  730000 1314000   270 10.21
-0.188 0.0402 40.40 72.60  77  62  730000 1314000   270 10.21
-0.180 0.0403 40.58 72.60  77  62  730000 1314000   270 10.21
-0.171 0.0414 40.73 72.60  77  62  730000 1314000   270 10.21
-0.163 0.0407 40.85 72.60  77  62  730000 1314000   270 10.21
-0.154 0.0400 40.93 72.60  77  62  730000 1314000   270 10.21
-0.146 0.0411 40.97 72.60  77  62  730000 1314000   270 10.21
-0.137 0.0417 40.97 72.60  77  62  730000 1314000   270 10.21
-0.128 0.0417 40.94 72.60  77  62  730000 1314000   270 10.21
-0.120 0.0410 40.87 72.60  77  62  730000 1314000   270 10.21
-0.111 0.0405 40.76 72.60  77  62  730000 1314000   270 10.21
-0.103 0.0404 40.60 72.60  77  62  730000 1314000   270 10.21
-0.094 0.0404 40.40 72.60  77  62  730000 1314000   270 10.21
-0.086 0.0399 40.14 72.60  77  62  730000 1314000   270 10.21
-0.077 0.0396 39.82 72.60  77  62  730000 1314000   270 10.21
-0.068 0.0399 39.43 72.60  77  62  730000 1314000   270 10.21
-0.060 0.0387 38.97 72.60  77  62  730000 1314000   270 10.21
-0.051 0.0382 38.44 72.60  77  62  730000 1314000   270 10.21
-0.043 0.0385 37.84 72.60  77  62  730000 1314000   270 10.21
-0.034 0.0373 37.19 72.60  77  62  730000 1314000   270 10.21
-0.026 0.0371 36.48 72.60  77  62  730000 1314000   270 10.21
-0.017 0.0359 35.74 72.60  77  62  730000 1314000   270 10.21
-0.009 0.0359 34.96 72.60  77  62  730000 1314000   270 10.21
0.000 0.0363 34.18 72.60  77  62  730000 1314000   270 10.21
0.009 0.0339 33.39 72.60  77  62  730000 1314000   270 10.21
0.017 0.0350 32.62 72.60  77  62  730000 1314000   270 10.21
0.026 0.0322 31.86 72.60  77  62  730000 1314000   270 10.21
0.034 0.0308 31.14 72.60  77  62  730000 1314000   270 10.21
0.043 0.0288 30.45 72.60  77  62  730000 1314000   270 10.21
0.051 0.0284 29.81 72.60  77  62  730000 1314000   270 10.21
0.060 0.0273 29.22 72.60  77  62  730000 1314000   270 10.21
0.068 0.0269 28.68 72.60  77  62  730000 1314000   270 10.21
0.077 0.0264 28.21 72.60  77  62  730000 1314000   270 10.21
0.086 0.0263 27.80 72.60  77  62  730000 1314000   270 10.21
0.094 0.0271 27.47 72.60  77  62  730000 1314000   270 10.21
0.103 0.0270 27.21 72.60  77  62  730000 1314000   270 10.21
0.111 0.0275 27.03 72.60  77  62  730000 1314000   270 10.21
0.120 0.0277 26.93 72.60  77  62  730000 1314000   270 10.21
0.128 0.0270 26.91 72.60  77  62  730000 1314000   270 10.21
0.137 0.0281 26.96 72.60  77  62  730000 1314000   270 10.21
0.146 0.0270 27.08 72.60  77  62  730000 1314000   270 10.21
0.154 0.0277 27.26 72.60  77  62  730000 1314000   270 10.21
0.163 0.0276 27.49 72.60  77  62  730000 1314000   270 10.21
0.171 0.0278 27.75 72.60  77  62  730000 1314000   270 10.21
0.180 0.0276 28.03 72.60  77  62  730000 1314000   270 10.21
0.188 0.0293 28.32 72.60  77  62  730000 1314000   270 10.21
0.197 0.0281 28.61 72.60  77  62  730000 1314000   270 10.21
0.205 0.0285 28.89 72.60  77  62  730000 1314000   270 10.21
0.214 0.0292 29.16 72.60  77  62  730000 1314000   270 10.21
0.223 0.0296 29.43 72.60  77  62  730000 1314000   270 10.21
0.231 0.0289 29.69 72.60  77  62  730000 1314000   270 10.21
0.240 0.0291 29.94 72.60  77  62  730000 1314000   270 10.21
0.248 0.0310 30.19 72.60  77  62  730000 1314000   270 10.21
0.257 0.0308 30.44 72.60  77  62  730000 1314000   270 10.21
0.265 0.0318 30.67 72.60  77  62  730000 1314000   270 10.21
0.274 0.0306 30.90 72.60  77  62  730000 1314000   270 10.21
0.283 0.0318 31.11 72.60  77  62  730000 1314000   270 10.21
0.291 0.0317 31.32 72.60  77  62  730000 1314000   270 10.21
0.300 0.0314 31.51 72.60  77  62  730000 1314000   270 10.21
0.308 0.0321 31.68 72.60  77  62  730000 1314000   270 10.21
0.316 0.0308 31.83 72.60  77  62  730000 1314000   270 10.21
0.323 0.0323 31.96 72.60  77  62  730000 1314000   270 10.21
0.331 0.0325 32.06 72.60  77  62  730000 1314000   270 10.21
0.338 0.0320 32.15 72.60  77  62  730000 1314000   270 10.21
0.344 0.0322 32.21 72.60  77  62  730000 1314000   270 10.21
0.351 0.0332 32.26 72.60  77  62  730000 1314000   270 10.21
0.357 0.0309 32.29 72.60  77  62  730000 1314000   270 10.21
0.363 0.0323 32.30 72.60  77  62  730000 1314000   270 10.21
0.368 0.0327 32.31 72.60  77  62  730000 1314000   270 10.21
0.374 0.0333 32.33 72.60  77  62  730000 1314000   270 10.21
0.379 0.0324 32.35 72.60  77  62  730000 1314000   270 10.21
0.384 0.0313 32.39 72.60  77  62  730000 1314000   270 10.21
0.389 0.0329 32.44 72.60  77  62  730000 1314000   270 10.21
0.394 0.0328 32.53 72.60  77  62  730000 1314000   270 10.21
0.398 0.0329 32.64 72.60  77  62  730000 1314000   270 10.21
0.402 0.0325 32.77 72.60  77  62  730000 1314000   270 10.21
0.406 0.0350 32.92 72.60  77  62  730000 1314000   270 10.21
0.410 0.0298 33.08 72.60  77  62  730000 1314000   270 10.21
0.414 0.0312 33.25 72.60  77  62  730000 1314000   270 10.21
0.418 0.0350 33.43 72.60  77  62  730000 1314000   270 10.21
0.421 0.0325 33.62 72.60  77  62  730000 1314000   270 10.21
0.424 0.0329 33.81 72.60  77  62  730000 1314000   270 10.21
0.427 0.0340 34.01 72.60  77  62  730000 1314000   270 10.21
0.431 0.0343 34.21 72.60  77  62  730000 1314000   270 10.21
0.433 0.0340 34.41 72.60  77  62  730000 1314000   270 10.21
0.436 0.0366 34.61 72.60  77  62  730000 1314000   270 10.21
0.439 0.0340 34.81 72.60  77  62  730000 1314000   270 10.21
0.442 0.0359 35.01 72.60  77  62  730000 1314000   270 10.21
0.444 0.0389 35.19 72.60  77  62  730000 1314000   270 10.21
0.446 0.0350 35.37 72.60  77  62  730000 1314000   270 10.21
0.449 0.0347 35.53 72.60  77  62  730000 1314000   270 10.21
0.451 0.0365 35.68 72.60  77  62  730000 1314000   270 10.21
0.453 0.0354 35.82 72.60  77  62  730000 1314000   270 10.21
0.455 0.0354 35.95 72.60  77  62  730000 1314000   270 10.21
0.457 0.0342 36.06 72.60  77  62  730000 1314000   270 10.21
0.459 0.0361 36.17 72.60  77  62  730000 1314000   270 10.21
0.461 0.0372 36.27 72.60  77  62  730000 1314000   270 10.21
0.462 0.0354 36.37 72.60  77  62  730000 1314000   270 10.21
0.464 0.0371 36.47 72.60  77  62  730000 1314000   270 10.21
0.466 0.0365 36.56 72.60  77  62  730000 1314000   270 10.21
0.467 0.0364 36.66 72.60  77  62  730000 1314000   270 10.21
0.469 0.0377 36.75 72.60  77  62  730000 1314000   270 10.21
0.471 0.0371 36.84 72.60  77  62  730000 1314000   270 10.21
0.473 0.0346 36.92 72.60  77  62  730000 1314000   270 10.21
0.474 0.0375 37.01 72.60  77  62  730000 1314000   270 10.21
0.476 0.0364 37.09 72.60  77  62  730000 1314000   270 10.21
0.478 0.0402 37.18 72.60  77  62  730000 1314000   270 10.21
0.479 0.0338 37.26 72.60  77  62  730000 1314000   270 10.21
0.481 0.0395 37.35 72.60  77  62  730000 1314000   270 10.21
0.483 0.0404 37.45 72.60  77  62  730000 1314000   270 10.21
0.485 0.0358 37.56 72.60  77  62  730000 1314000   270 10.21
0.486 0.0393 37.69 72.60  77  62  730000 1314000   270 10.21
0.488 0.0365 37.84 72.60  77  62  730000 1314000   270 10.21
0.490 0.0395 38.01 72.60  77  62  730000 1314000   270 10.21
0.491 0.0380 38.19 72.60  77  62  730000 1314000   270 10.21
0.493 0.0357 38.37 72.60  77  62  730000 1314000   270 10.21
0.495 0.0383 38.55 72.60  77  62  730000 1314000   270 10.21
0.497 0.0366 38.72 72.60  77  62  730000 1314000   270 10.21
0.498 0.0370 38.89 72.60  77  62  730000 1314000   270 10.21
0.500 0.0391 39.06 72.60  77  62  730000 1314000   270 10.21
0.502 0.0418 39.22 72.60  77  62  730000 1314000   270 10.21
0.503 0.0382 39.38 72.60  77  62  730000 1314000   270 10.21
0.505 0.0384 39.54 72.60  77  62  730000 1314000   270 10.21
0.507 0.0438 39.70 72.60  77  62  730000 1314000   270 10.21
0.509 0.0411 39.87 72.60  77  62  730000 1314000   270 10.21
0.510 0.0375 40.03 72.60  77  62  730000 1314000   270 10.21
0.512 0.0430 40.19 72.60  77  62  730000 1314000   270 10.21
0.514 0.0430 40.33 72.60  77  62  730000 1314000   270 10.21
0.515 0.0408 40.46 72.60  77  62  730000 1314000   270 10.21
0.517 0.0397 40.56 72.60  77  62  730000 1314000   270 10.21
0.519 0.0403 40.65 72.60  77  62  730000 1314000   270 10.21
0.521 0.0370 40.73 72.60  77  62  730000 1314000   270 10.21
0.522 0.0396 40.78 72.60  77  62  730000 1314000   270 10.21
0.524 0.0423 40.83 72.60  77  62  730000 1314000   270 10.21
0.526 0.0389 40.86 72.60  77  62  730000 1314000   270 10.21
0.527 0.0417 40.90 72.60  77  62  730000 1314000   270 10.21
0.529 0.0428 40.94 72.60  77  62  730000 1314000   270 10.21
0.531 0.0432 40.99 72.60  77  62  730000 1314000   270 10.21
0.533 0.0404 41.07 72.60  77  62  730000 1314000   270 10.21
0.534 0.0398 41.17 72.60  77  62  730000 1314000   270 10.21
0.536 0.0408 41.30 72.60  77  62  730000 1314000   270 10.21
0.538 0.0426 41.46 72.60  77  62  730000 1314000   270 10.21
0.539 0.0421 41.64 72.60  77  62  730000 1314000   270 10.21
0.541 0.0380 41.86 72.60  77  62  730000 1314000   270 10.21
0.543 0.0427 42.09 72.60  77  62  730000 1314000   270 10.21
0.545 0.0427 42.35 72.60  77  62  730000 1314000   270 10.21
0.546 0.0422 42.62 72.60  77  62  730000 1314000   270 10.21
0.548 0.0440 42.89 72.60  77  62  730000 1314000   270 10.21
0.550 0.0455 43.17 72.60  77  62  730000 1314000   270 10.21
0.551 0.0438 43.45 72.60  77  62  730000 1314000   270 10.21
0.553 0.0402 43.72 72.60  77  62  730000 1314000   270 10.21
0.555 0.0436 43.99 72.60  77  62  730000 1314000   270 10.21
0.557 0.0446 44.27 72.60  77  62  730000 1314000   270 10.21
0.558 0.0443 44.57 72.60  77  62  730000 1314000   270 10.21
0.560 0.0450 44.88 72.60  77  62  730000 1314000   270 10.21
0.562 0.0459 45.20 72.60  77  62  730000 1314000   270 10.21
0.563 0.0487 45.54 72.60  77  62  730000 1314000   270 10.21
0.565 0.0439 45.87 72.60  77  62  730000 1314000   270 10.21
0.567 0.0461 46.20 72.60  77  62  730000 1314000   270 10.21
0.568 0.0468 46.53 72.60  77  62  730000 1314000   270 10.21
0.570 0.0487 46.85 72.60  77  62  730000 1314000   270 10.21
0.572 0.0502 47.19 72.60  77  62  730000 1314000   270 10.21
0.574 0.0436 47.54 72.60  77  62  730000 1314000   270 10.21
0.575 0.0458 47.91 72.60  77  62  730000 1314000   270 10.21
0.577 0.0481 48.31 72.60  77  62  730000 1314000   270 10.21
0.579 0.0506 48.72 72.60  77  62  730000 1314000   270 10.21
0.580 0.0472 49.15 72.60  77  62  730000 1314000   270 10.21
0.582 0.0460 49.59 72.60  77  62  730000 1314000   270 10.21
0.584 0.0513 50.04 72.60  77  62  730000 1314000   270 10.21
0.586 0.0523 50.50 72.60  77  62  730000 1314000   270 10.21
0.587 0.0547 50.97 72.60  77  62  730000 1314000   270 10.21
0.589 0.0489 51.43 72.60  77  62  730000 1314000   270 10.21
0.591 0.0523 51.89 72.60  77  62  730000 1314000   270 10.21
0.592 0.0518 52.34 72.60  77  62  730000 1314000   270 10.21
0.594 0.0522 52.76 72.60  77  62  730000 1314000   270 10.21
0.596 0.0527 53.18 72.60  77  62  730000 1314000   270 10.21
0.598 0.0517 53.59 72.60  77  62  730000 1314000   270 10.21
0.599 0.0541 53.99 72.60  77  62  730000 1314000   270 10.21
0.601 0.0571 54.40 72.60  77  62  730000 1314000   270 10.21
0.603 0.0589 54.82 72.60  77  62  730000 1314000   270 10.21
0.604 0.0558 55.25 72.60  77  62  730000 1314000   270 10.21
0.606 0.0576 55.70 72.60  77  62  730000 1314000   270 10.21
0.608 0.0527 56.16 72.60  77  62  730000 1314000   270 10.21
0.610 0.0539 56.61 72.60  77  62  730000 1314000   270 10.21
0.611 0.0593 57.06 72.60  77  62  730000 1314000   270 10.21
0.613 0.0556 57.50 72.60  77  62  730000 1314000   270 10.21
0.615 0.0576 57.93 72.60  77  62  730000 1314000   270 10.21
0.616 0.0576 58.36 72.60  77  62  730000 1314000   270 10.21
0.618 0.0593 58.79 72.60  77  62  730000 1314000   270 10.21
0.620 0.0540 59.21 72.60  77  62  730000 1314000   270 10.21
0.622 0.0567 59.63 72.60  77  62  730000 1314000   270 10.21
0.623 0.0642 60.04 72.60  77  62  730000 1314000   270 10.21
0.625 0.0599 60.44 72.60  77  62  730000 1314000   270 10.21
0.627 0.0631 60.83 72.60  77  62  730000 1314000   270 10.21
0.628 0.0674 61.23 72.60  77  62  730000 1314000   270 10.21
0.630 0.0648 61.63 72.60  77  62  730000 1314000   270 10.21
0.632 0.0569 62.04 72.60  77  62  730000 1314000   270 10.21
0.634 0.0665 62.44 72.60  77  62  730000 1314000   270 10.21
0.635 0.0624 62.84 72.60  77  62  730000 1314000   270 10.21
0.637 0.0588 63.22 72.60  77  62  730000 1314000   270 10.21
0.639 0.0645 63.57 72.60  77  62  730000 1314000   270 10.21
0.640 0.0612 63.87 72.60  77  62  730000 1314000   270 10.21
0.642 0.0581 64.13 72.60  77  62  730000 1314000   270 10.21
0.644 0.0677 64.34 72.60  77  62  730000 1314000   270 10.21
0.646 0.0676 64.51 72.60  77  62  730000 1314000   270 10.21
0.647 0.0655 64.66 72.60  77  62  730000 1314000   270 10.21
0.649 0.0695 64.79 72.60  77  62  730000 1314000   270 10.21
0.651 0.0593 64.92 72.60  77  62  730000 1314000   270 10.21
0.652 0.0648 65.07 72.60  77  62  730000 1314000   270 10.21
0.654 0.0672 65.23 72.60  77  62  730000 1314000   270 10.21
0.656 0.0625 65.43 72.60  77  62  730000 1314000   270 10.21
0.658 0.0672 65.64 72.60  77  62  730000 1314000   270 10.21
0.659 0.0677 65.87 72.60  77  62  730000 1314000   270 10.21
0.661 0.0686 66.10 72.60  77  62  730000 1314000   270 10.21
0.663 0.0686 66.30 72.60  77  62  730000 1314000   270 10.21
0.664 0.0608 66.47 72.60  77  62  730000 1314000   270 10.21
0.666 0.0658 66.61 72.60  77  62  730000 1314000   270 10.21
0.668 0.0676 66.72 72.60  77  62  730000 1314000   270 10.21
0.670 0.0658 66.81 72.60  77  62  730000 1314000   270 10.21
0.671 0.0642 66.89 72.60  77  62  730000 1314000   270 10.21
0.673 0.0632 66.96 72.60  77  62  730000 1314000   270 10.21
0.675 0.0706 67.03 72.60  77  62  730000 1314000   270 10.21
0.676 0.0652 67.10 72.60  77  62  730000 1314000   270 10.21
0.678 0.0707 67.18 72.60  77  62  730000 1314000   270 10.21
0.680 0.0731 67.26 72.60  77  62  730000 1314000   270 10.21
0.682 0.0682 67.34 72.60  77  62  730000 1314000   270 10.21
0.683 0.0687 67.41 72.60  77  62  730000 1314000   270 10.21
0.685 0.0626 67.46 72.60  77  62  730000 1314000   270 10.21
0.687 0.0684 67.51 72.60  77  62  730000 1314000   270 10.21
0.688 0.0683 67.55 72.60  77  62  730000 1314000   270 10.21
0.690 0.0649 67.60 72.60  77  62  730000 1314000   270 10.21
0.692 0.0621 67.63 72.60  77  62  730000 1314000   270 10.21
0.693 0.0717 67.67 72.60  77  62  730000 1314000   270 10.21
0.695 0.0699 67.70 72.60  77  62  730000 1314000   270 10.21
0.697 0.0654 67.73 72.60  77  62  730000 1314000   270 10.21
0.699 0.0697 67.75 72.60  77  62  730000 1314000   270 10.21
0.700 0.0687 67.78 72.60  77  62  730000 1314000   270 10.21
0.702 0.0648 67.81 72.60  77  62  730000 1314000   270 10.21
0.704 0.0694 67.87 72.60  77  62  730000 1314000   270 10.21
0.705 0.0680 67.95 72.60  77  62  730000 1314000   270 10.21
0.707 0.0670 68.06 72.60  77  62  730000 1314000   270 10.21
0.709 0.0673 68.21 72.60  77  62  730000 1314000   270 10.21
0.711 0.0687 68.37 72.60  77  62  730000 1314000   270 10.21
0.712 0.0731 68.56 72.60  77  62  730000 1314000   270 10.21
0.714 0.0655 68.74 72.60  77  62  730000 1314000   270 10.21
0.716 0.0639 68.90 72.60  77  62  730000 1314000   270 10.21
0.717 0.0743 69.05 72.60  77  62  730000 1314000   270 10.21
0.719 0.0702 69.18 72.60  77  62  730000 1314000   270 10.21
0.721 0.0666 69.29 72.60  77  62  730000 1314000   270 10.21
0.723 0.0712 69.39 72.60  77  62  730000 1314000   270 10.21
0.724 0.0667 69.48 72.60  77  62  730000 1314000   270 10.21
0.726 0.0718 69.53 72.60  77  62  730000 1314000   270 10.21
0.728 0.0715 69.57 72.60  77  62  730000 1314000   270 10.21
0.729 0.0667 69.59 72.60  77  62  730000 1314000   270 10.21
0.731 0.0677 69.58 72.60  77  62  730000 1314000   270 10.21
0.733 0.0668 69.55 72.60  77  62  730000 1314000   270 10.21
0.735 0.0777 69.49 72.60  77  62  730000 1314000   270 10.21
0.736 0.0701 69.42 72.60  77  62  730000 1314000   270 10.21
0.738 0.0706 69.34 72.60  77  62  730000 1314000   270 10.21
0.740 0.0680 69.25 72.60  77  62  730000 1314000   270 10.21
0.741 0.0683 69.16 72.60  77  62  730000 1314000   270 10.21
0.743 0.0692 69.05 72.60  77  62  730000 1314000   270 10.21
0.745 0.0669 68.91 72.60  77  62  730000 1314000   270 10.21
0.747 0.0681 68.75 72.60  77  62  730000 1314000   270 10.21
0.748 0.0680 68.56 72.60  77  62  730000 1314000   270 10.21
0.750 0.0706 68.35 72.60  77  62  730000 1314000   270 10.21
0.752 0.0658 68.14 72.60  77  62  730000 1314000   270 10.21
0.753 0.0693 67.93 72.60  77  62  730000 1314000   270 10.21
0.755 0.0641 67.71 72.60  77  62  730000 1314000   270 10.21
0.757 0.0686 67.49 72.60  77  62  730000 1314000   270 10.21
0.759 0.0691 67.29 72.60  77  62  730000 1314000   270 10.21
0.760 0.0694 67.11 72.60  77  62  730000 1314000   270 10.21
0.762 0.0672 66.94 72.60  77  62  730000 1314000   270 10.21
0.764 0.0658 66.81 72.60  77  62  730000 1314000   270 10.21
0.765 0.0679 66.71 72.60  77  62  730000 1314000   270 10.21
0.767 0.0700 66.64 72.60  77  62  730000 1314000   270 10.21
0.769 0.0639 66.62 72.60  77  62  730000 1314000   270 10.21
0.771 0.0685 66.62 72.60  77  62  730000 1314000   270 10.21
0.772 0.0597 66.64 72.60  77  62  730000 1314000   270 10.21
0.774 0.0669 66.67 72.60  77  62  730000 1314000   270 10.21
0.776 0.0632 66.71 72.60  77  62  730000 1314000   270 10.21
0.777 0.0669 66.76 72.60  77  62  730000 1314000   270 10.21
0.779 0.0701 66.84 72.60  77  62  730000 1314000   270 10.21
0.781 0.0682 66.95 72.60  77  62  730000 1314000   270 10.21
0.783 0.0662 67.08 72.60  77  62  730000 1314000   270 10.21
0.784 0.0704 67.22 72.60  77  62  730000 1314000   270 10.21
0.786 0.0598 67.37 72.60  77  62  730000 1314000   270 10.21
0.788 0.0706 67.52 72.60  77  62  730000 1314000   270 10.21
0.789 0.0704 67.66 72.60  77  62  730000 1314000   270 10.21
0.791 0.0690 67.79 72.60  77  62  730000 1314000   270 10.21
0.793 0.0637 67.91 72.60  77  62  730000 1314000   270 10.21
0.795 0.0708 68.03 72.60  77  62  730000 1314000   270 10.21
0.796 0.0694 68.13 72.60  77  62  730000 1314000   270 10.21
0.798 0.0713 68.21 72.60  77  62  730000 1314000   270 10.21
0.800 0.0689 68.29 72.60  77  62  730000 1314000   270 10.21
0.801 0.0633 68.35 72.60  77  62  730000 1314000   270 10.21
0.803 0.0712 68.40 72.60  77  62  730000 1314000   270 10.21
0.805 0.0640 68.43 72.60  77  62  730000 1314000   270 10.21
0.807 0.0683 68.45 72.60  77  62  730000 1314000   270 10.21
0.808 0.0714 68.46 72.60  77  62  730000 1314000   270 10.21
0.810 0.0729 68.45 72.60  77  62  730000 1314000   270 10.21
0.812 0.0620 68.44 72.60  77  62  730000 1314000   270 10.21
0.813 0.0728 68.43 72.60  77  62  730000 1314000   270 10.21
0.815 0.0632 68.43 72.60  77  62  730000 1314000   270 10.21
0.817 0.0659 68.43 72.60  77  62  730000 1314000   270 10.21
0.818 0.0681 68.44 72.60  77  62  730000 1314000   270 10.21
0.820 0.0679 68.44 72.60  77  62  730000 1314000   270 10.21
0.822 0.0756 68.46 72.60  77  62  730000 1314000   270 10.21
0.824 0.0689 68.48 72.60  77  62  730000 1314000   270 10.21
0.825 0.0682 68.52 72.60  77  62  730000 1314000   270 10.21
0.827 0.0685 68.55 72.60  77  62  730000 1314000   270 10.21
0.829 0.0704 68.58 72.60  77  62  730000 1314000   270 10.21
0.830 0.0682 68.60 72.60  77  62  730000 1314000   270 10.21
0.832 0.0671 68.61 72.60  77  62  730000 1314000   270 10.21
0.834 0.0658 68.62 72.60  77  62  730000 1314000   270 10.21
0.836 0.0693 68.62 72.60  77  62  730000 1314000   270 10.21
0.837 0.0674 68.61 72.60  77  62  730000 1314000   270 10.21
0.839 0.0652 68.60 72.60  77  62  730000 1314000   270 10.21
0.841 0.0691 68.60 72.60  77  62  730000 1314000   270 10.21
0.842 0.0731 68.59 72.60  77  62  730000 1314000   270 10.21
0.844 0.0720 68.59 72.60  77  62  730000 1314000   270 10.21
0.846 0.0689 68.59 72.60  77  62  730000 1314000   270 10.21
0.848 0.0693 68.59 72.60  77  62  730000 1314000   270 10.21
0.849 0.0636 68.60 72.60  77  62  730000 1314000   270 10.21
0.851 0.0639 68.62 72.60  77  62  730000 1314000   270 10.21
0.853 0.0736 68.65 72.60  77  62  730000 1314000   270 10.21
0.854 0.0673 68.68 72.60  77  62  730000 1314000   270 10.21
0.856 0.0725 68.71 72.60  77  62  730000 1314000   270 10.21
0.858 0.0664 68.71 72.60  77  62  730000 1314000   270 10.21
0.860 0.0636 68.68 72.60  77  62  730000 1314000   270 10.21
0.861 0.0735 68.62 72.60  77  62  730000 1314000   270 10.21
0.863 0.0679 68.53 72.60  77  62  730000 1314000   270 10.21
0.865 0.0713 68.43 72.60  77  62  730000 1314000   270 10.21
0.866 0.0705 68.32 72.60  77  62  730000 1314000   270 10.21
0.868 0.0630 68.19 72.60  77  62  730000 1314000   270 10.21
0.870 0.0666 68.05 72.60  77  62  730000 1314000   270 10.21
0.872 0.0710 67.91 72.60  77  62  730000 1314000   270 10.21
0.873 0.0690 67.76 72.60  77  62  730000 1314000   270 10.21
0.875 0.0688 67.61 72.60  77  62  730000 1314000   270 10.21
0.877 0.0677 67.45 72.60  77  62  730000 1314000   270 10.21
0.878 0.0666 67.27 72.60  77  62  730000 1314000   270 10.21
0.880 0.0671 67.10 72.60  77  62  730000 1314000   270 10.21
0.882 0.0640 66.93 72.60  77  62  730000 1314000   270 10.21
0.884 0.0677 66.78 72.60  77  62  730000 1314000   270 10.21
0.885 0.0685 66.65 72.60  77  62  730000 1314000   270 10.21
0.887 0.0662 66.56 72.60  77  62  730000 1314000   270 10.21
0.889 0.0612 66.50 72.60  77  62  730000 1314000   270 10.21
0.890 0.0677 66.46 72.60  77  62  730000 1314000   270 10.21
0.892 0.0700 66.45 72.60  77  62  730000 1314000   270 10.21
0.894 0.0677 66.46 72.60  77  62  730000 1314000   270 10.21
0.896 0.0634 66.51 72.60  77  62  730000 1314000   270 10.21
0.897 0.0657 66.57 72.60  77  62  730000 1314000   270 10.21
0.899 0.0664 66.66 72.60  77  62  730000 1314000   270 10.21
0.901 0.0667 66.76 72.60  77  62  730000 1314000   270 10.21
0.902 0.0632 66.88 72.60  77  62  730000 1314000   270 10.21
0.904 0.0712 67.02 72.60  77  62  730000 1314000   270 10.21
0.906 0.0669 67.19 72.60  77  62  730000 1314000   270 10.21
0.908 0.0674 67.37 72.60  77  62  730000 1314000   270 10.21
0.909 0.0687 67.56 72.60  77  62  730000 1314000   270 10.21
0.911 0.0688 67.75 72.60  77  62  730000 1314000   270 10.21
0.913 0.0708 67.94 72.60  77  62  730000 1314000   270 10.21
0.914 0.0688 68.13 72.60  77  62  730000 1314000   270 10.21
0.916 0.0637 68.31 72.60  77  62  730000 1314000   270 10.21
0.918 0.0673 68.50 72.60  77  62  730000 1314000   270 10.21
0.920 0.0676 68.69 72.60  77  62  730000 1314000   270 10.21
0.921 0.0690 68.87 72.60  77  62  730000 1314000   270 10.21
0.923 0.0713 69.05 72.60  77  62  730000 1314000   270 10.21
0.925 0.0726 69.23 72.60  77  62  730000 1314000   270 10.21
0.926 0.0663 69.39 72.60  77  62  730000 1314000   270 10.21
0.928 0.0670 69.55 72.60  77  62  730000 1314000   270 10.21
0.930 0.0705 69.69 72.60  77  62  730000 1314000   270 10.21
0.932 0.0718 69.82 72.60  77  62  730000 1314000   270 10.21
0.933 0.0687 69.97 72.60  77  62  730000 1314000   270 10.21
0.935 0.0752 70.13 72.60  77  62  730000 1314000   270 10.21
0.937 0.0685 70.30 72.60  77  62  730000 1314000   270 10.21
0.938 0.0664 70.47 72.60  77  62  730000 1314000   270 10.21
0.940 0.0751 70.65 72.60  77  62  730000 1314000   270 10.21
0.942 0.0661 70.83 72.60  77  62  730000 1314000   270 10.21
0.943 0.0730 71.03 72.60  77  62  730000 1314000   270 10.21
0.945 0.0752 71.24 72.60  77  62  730000 1314000   270 10.21
0.947 0.0704 71.46 72.60  77  62  730000 1314000   270 10.21
0.949 0.0677 71.70 72.60  77  62  730000 1314000   270 10.21
0.950 0.0752 71.96 72.60  77  62  730000 1314000   270 10.21
0.952 0.0723 72.24 72.60  77  62  730000 1314000   270 10.21
0.954 0.0724 72.56 72.60  77  62  730000 1314000   270 10.21
0.955 0.0711 72.91 72.60  77  62  730000 1314000   270 10.21
0.957 0.0703 73.29 72.60  77  62  730000 1314000   270 10.21
0.959 0.0757 73.70 72.60  77  62  730000 1314000   270 10.21
0.961 0.0731 74.14 72.60  77  62  730000 1314000   270 10.21
0.962 0.0776 74.62 72.60  77  62  730000 1314000   270 10.21
0.964 0.0795 75.16 72.60  77  62  730000 1314000   270 10.21
0.966 0.0699 75.75 72.60  77  62  730000 1314000   270 10.21
0.967 0.0773 76.41 72.60  77  62  730000 1314000   270 10.21
0.969 0.0759 77.13 72.60  77  62  730000 1314000   270 10.21
0.971 0.0763 77.90 72.60  77  62  730000 1314000   270 10.21
0.973 0.0788 78.72 72.60  77  62  730000 1314000   270 10.21
0.974 0.0859 79.57 72.60  77  62  730000 1314000   270 10.21
0.976 0.0835 80.48 72.60  77  62  730000 1314000   270 10.21
0.978 0.0732 81.43 72.60  77  62  730000 1314000   270 10.21
0.979 0.0792 82.42 72.60  77  62  730000 1314000   270 10.21
0.981 0.0870 83.45 72.60  77  62  730000 1314000   270 10.21
0.983 0.0855 84.51 72.60  77  62  730000 1314000   270 10.21
0.985 0.0822 85.60 72.60  77  62  730000 1314000   270 10.21
0.986 0.0905 86.72 72.60  77  62  730000 1314000   270 10.21
0.988 0.0827 87.87 72.60  77  62  730000 1314000   270 10.21
0.990 0.0923 89.06 72.60  77  62  730000 1314000   270 10.21
0.991 0.0941 90.30 72.60  77  62  730000 1314000   270 10.21
0.993 0.0915 91.60 72.60  77  62  730000 1314000   270 10.21
0.995 0.0939 92.95 72.60  77  62  730000 1314000   270 10.21
0.997 0.0960 94.36 72.60  77  62  730000 1314000   270 10.21
0.998 0.0972 95.81 72.60  77  62  730000 1314000   270 10.21
1.000 0.0969 97.30 72.60  77  62  730000 1314000   270 10.21
1.002 0.0939 98.85 72.60  77  62  730000 1314000   270 10.21
1.003 0.0997 100.48 72.60  77  62  730000 1314000   270 10.21
1.005 0.1006 102.20 72.60  77  62  730000 1314000   270 10.21
1.007 0.1085 104.07 72.60  77  62  730000 1314000   270 10.21
1.009 0.1068 106.09 72.60  77  62  730000 1314000   270 10.21
1.010 0.1131 108.26 72.60  77  62  730000 1314000   270 10.21
1.012 0.1040 110.60 72.60  77  62  730000 1314000   270 10.21
1.014 0.1032 113.09 72.60  77  62  730000 1314000   270 10.21
1.015 0.1241 115.71 72.60  77  62  730000 1314000   270 10.21
1.017 0.1146 118.46 72.60  77  62  730000 1314000   270 10.21
1.019 0.1214 121.32 72.60  77  62  730000 1314000   270 10.21
1.021 0.1228 124.27 72.60  77  62  730000 1314000   270 10.21
1.022 0.1292 127.32 72.60  77  62  730000 1314000   270 10.21
1.024 0.1272 130.46 72.60  77  62  730000 1314000   270 10.21
1.026 0.1309 133.66 72.60  77  62  730000 1314000   270 10.21
1.027 0.1307 136.91 72.60  77  62  730000 1314000   270 10.21
1.029 0.1469 140.21 72.60  77  62  730000 1314000   270 10.21
1.031 0.1391 143.53 72.60  77  62  730000 1314000   270 10.21
1.033 0.1455 146.87 72.60  77  62  730000 1314000   270 10.21
1.034 0.1562 150.22 72.60  77  62  730000 1314000   270 10.21
1.036 0.1672 153.55 72.60  77  62  730000 1314000   270 10.21
1.038 0.1579 156.84 72.60  77  62  730000 1314000   270 10.21
1.039 0.1579 160.06 72.60  77  62  730000 1314000   270 10.21
1.041 0.1669 163.16 72.60  77  62  730000 1314000   270 10.21
1.043 0.1495 166.11 72.60  77  62  730000 1314000   270 10.21
1.045 0.1680 168.83 72.60  77  62  730000 1314000   270 10.21
1.046 0.1720 171.30 72.60  77  62  730000 1314000   270 10.21
1.048 0.1685 173.52 72.60  77  62  730000 1314000   270 10.21
1.050 0.1719 175.52 72.60  77  62  730000 1314000   270 10.21
1.051 0.1879 177.33 72.60  77  62  730000 1314000   270 10.21
1.053 0.1954 178.97 72.60  77  62  730000 1314000   270 10.21
1.055 0.1607 180.42 72.60  77  62  730000 1314000   270 10.21
1.057 0.1998 181.69 72.60  77  62  730000 1314000   270 10.21
1.058 0.1754 182.81 72.60  77  62  730000 1314000   270 10.21
1.060 0.1868 183.78 72.60  77  62  730000 1314000   270 10.21
1.062 0.1922 184.60 72.60  77  62  730000 1314000   270 10.21
1.063 0.1864 185.28 72.60  77  62  730000 1314000   270 10.21
1.065 0.1786 185.80 72.60  77  62  730000 1314000   270 10.21
1.067 0.1909 186.14 72.60  77  62  730000 1314000   270 10.21
1.068 0.1820 186.25 72.60  77  62  730000 1314000   270 10.21
1.070 0.1785 186.13 72.60  77  62  730000 1314000   270 10.21
1.072 0.1805 185.76 72.60  77  62  730000 1314000   270 10.21
1.074 0.1835 185.12 72.60  77  62  730000 1314000   270 10.21
1.075 0.1772 184.27 72.60  77  62  730000 1314000   270 10.21
1.077 0.1855 183.22 72.60  77  62  730000 1314000   270 10.21
1.079 0.1811 182.03 72.60  77  62  730000 1314000   270 10.21
1.080 0.1922 180.72 72.60  77  62  730000 1314000   270 10.21
1.082 0.2064 179.32 72.60  77  62  730000 1314000   270 10.21
1.084 0.1719 177.81 72.60  77  62  730000 1314000   270 10.21
1.086 0.1610 176.21 72.60  77  62  730000 1314000   270 10.21
1.087 0.1726 174.49 72.60  77  62  730000 1314000   270 10.21
1.089 0.1790 172.65 72.60  77  62  730000 1314000   270 10.21
1.091 0.1781 170.67 72.60  77  62  730000 1314000   270 10.21
1.092 0.1672 168.58 72.60  77  62  730000 1314000   270 10.21
1.094 0.1586 166.38 72.60  77  62  730000 1314000   270 10.21
1.096 0.1633 164.05 72.60  77  62  730000 1314000   270 10.21
1.098 0.1614 161.63 72.60  77  62  730000 1314000   270 10.21
1.099 0.1554 159.12 72.60  77  62  730000 1314000   270 10.21
1.101 0.1463 156.54 72.60  77  62  730000 1314000   270 10.21
1.103 0.1594 153.94 72.60  77  62  730000 1314000   270 10.21
1.104 0.1550 151.36 72.60  77  62  730000 1314000   270 10.21
1.106 0.1498 148.82 72.60  77  62  730000 1314000   270 10.21
1.108 0.1482 146.36 72.60  77  62  730000 1314000   270 10.21
1.110 0.1471 143.99 72.60  77  62  730000 1314000   270 10.21
1.111 0.1387 141.71 72.60  77  62  730000 1314000   270 10.21
1.113 0.1419 139.51 72.60  77  62  730000 1314000   270 10.21
1.115 0.1382 137.38 72.60  77  62  730000 1314000   270 10.21
1.116 0.1342 135.29 72.60  77  62  730000 1314000   270 10.21
1.118 0.1301 133.24 72.60  77  62  730000 1314000   270 10.21
1.120 0.1294 131.23 72.60  77  62  730000 1314000   270 10.21
1.122 0.1319 129.27 72.60  77  62  730000 1314000   270 10.21
1.123 0.1276 127.42 72.60  77  62  730000 1314000   270 10.21
1.125 0.1216 125.67 72.60  77  62  730000 1314000   270 10.21
1.127 0.1233 124.00 72.60  77  62  730000 1314000   270 10.21
1.128 0.1240 122.42 72.60  77  62  730000 1314000   270 10.21
1.130 0.1202 120.93 72.60  77  62  730000 1314000   270 10.21
1.132 0.1201 119.55 72.60  77  62  730000 1314000   270 10.21
1.134 0.1166 118.29 72.60  77  62  730000 1314000   270 10.21
1.135 0.1172 117.12 72.60  77  62  730000 1314000   270 10.21
1.137 0.1186 116.06 72.60  77  62  730000 1314000   270 10.21
1.139 0.1139 115.09 72.60  77  62  730000 1314000   270 10.21
1.140 0.1113 114.19 72.60  77  62  730000 1314000   270 10.21
1.142 0.1151 113.35 72.60  77  62  730000 1314000   270 10.21
1.144 0.1102 112.57 72.60  77  62  730000 1314000   270 10.21
1.146 0.1138 111.84 72.60  77  62  730000 1314000   270 10.21
1.147 0.1098 111.16 72.60  77  62  730000 1314000   270 10.21
1.149 0.1148 110.53 72.60  77  62  730000 1314000   270 10.21
1.151 0.1086 109.95 72.60  77  62  730000 1314000   270 10.21
1.152 0.1092 109.41 72.60  77  62  730000 1314000   270 10.21
1.154 0.1125 108.92 72.60  77  62  730000 1314000   270 10.21
1.156 0.1115 108.48 72.60  77  62  730000 1314000   270 10.21
1.158 0.1022 108.07 72.60  77  62  730000 1314000   270 10.21
1.159 0.1086 107.70 72.60  77  62  730000 1314000   270 10.21
1.161 0.1068 107.37 72.60  77  62  730000 1314000   270 10.21
1.163 0.1044 107.07 72.60  77  62  730000 1314000   270 10.21
1.164 0.1071 106.80 72.60  77  62  730000 1314000   270 10.21
1.166 0.1061 106.55 72.60  77  62  730000 1314000   270 10.21
1.168 0.1070 106.32 72.60  77  62  730000 1314000   270 10.21
1.170 0.1057 106.12 72.60  77  62  730000 1314000   270 10.21
1.171 0.1049 105.93 72.60  77  62  730000 1314000   270 10.21
1.173 0.1080 105.77 72.60  77  62  730000 1314000   270 10.21
1.175 0.1067 105.64 72.60  77  62  730000 1314000   270 10.21
1.176 0.1060 105.52 72.60  77  62  730000 1314000   270 10.21
1.178 0.1042 105.42 72.60  77  62  730000 1314000   270 10.21
1.180 0.1034 105.34 72.60  77  62  730000 1314000   270 10.21
1.182 0.1065 105.27 72.60  77  62  730000 1314000   270 10.21
1.183 0.1073 105.19 72.60  77  62  730000 1314000   270 10.21
1.185 0.1041 105.11 72.60  77  62  730000 1314000   270 10.21
1.187 0.1059 105.00 72.60  77  62  730000 1314000   270 10.21
1.188 0.1030 104.88 72.60  77  62  730000 1314000   270 10.21
1.190 0.1035 104.73 72.60  77  62  730000 1314000   270 10.21
1.192 0.1097 104.54 72.60  77  62  730000 1314000   270 10.21
1.193 0.1005 104.31 72.60  77  62  730000 1314000   270 10.21
1.195 0.1037 104.06 72.60  77  62  730000 1314000   270 10.21
1.197 0.1035 103.78 72.60  77  62  730000 1314000   270 10.21
1.199 0.1062 103.47 72.60  77  62  730000 1314000   270 10.21
1.200 0.0986 103.13 72.60  77  62  730000 1314000   270 10.21
1.202 0.1069 102.75 72.60  77  62  730000 1314000   270 10.21
1.204 0.1032 102.33 72.60  77  62  730000 1314000   270 10.21
1.205 0.1017 101.88 72.60  77  62  730000 1314000   270 10.21
1.207 0.1001 101.39 72.60  77  62  730000 1314000   270 10.21
1.209 0.1019 100.87 72.60  77  62  730000 1314000   270 10.21
1.211 0.1010 100.30 72.60  77  62  730000 1314000   270 10.21
1.212 0.0990 99.70 72.60  77  62  730000 1314000   270 10.21
1.214 0.0985 99.06 72.60  77  62  730000 1314000   270 10.21
1.216 0.1012 98.39 72.60  77  62  730000 1314000   270 10.21
1.217 0.0981 97.69 72.60  77  62  730000 1314000   270 10.21
1.219 0.0937 96.96 72.60  77  62  730000 1314000   270 10.21
1.221 0.0964 96.20 72.60  77  62  730000 1314000   270 10.21
1.223 0.0959 95.42 72.60  77  62  730000 1314000   270 10.21
1.224 0.0949 94.62 72.60  77  62  730000 1314000   270 10.21
1.226 0.0933 93.82 72.60  77  62  730000 1314000   270 10.21
1.228 0.0930 93.01 72.60  77  62  730000 1314000   270 10.21
1.229 0.0960 92.21 72.60  77  62  730000 1314000   270 10.21
1.231 0.0879 91.42 72.60  77  62  730000 1314000   270 10.21
1.233 0.0903 90.64 72.60  77  62  730000 1314000   270 10.21
1.235 0.0885 89.87 72.60  77  62  730000 1314000   270 10.21
1.236 0.0922 89.12 72.60  77  62  730000 1314000   270 10.21
1.238 0.0876 88.38 72.60  77  62  730000 1314000   270 10.21
1.240 0.0901 87.66 72.60  77  62  730000 1314000   270 10.21
1.241 0.0808 86.95 72.60  77  62  730000 1314000   270 10.21
1.243 0.0906 86.26 72.60  77  62  730000 1314000   270 10.21
1.245 0.0824 85.59 72.60  77  62  730000 1314000   270 10.21
1.247 0.0858 84.95 72.60  77  62  730000 1314000   270 10.21
1.248 0.0846 84.33 72.60  77  62  730000 1314000   270 10.21
1.250 0.0830 83.75 72.60  77  62  730000 1314000   270 10.21
1.252 0.0857 83.20 72.60  77  62  730000 1314000   270 10.21
1.253 0.0819 82.69 72.60  77  62  730000 1314000   270 10.21
1.255 0.0795 82.21 72.60  77  62  730000 1314000   270 10.21
1.257 0.0866 81.78 72.60  77  62  730000 1314000   270 10.21
1.259 0.0784 81.39 72.60  77  62  730000 1314000   270 10.21
1.260 0.0809 81.02 72.60  77  62  730000 1314000   270 10.21
1.262 0.0826 80.69 72.60  77  62  730000 1314000   270 10.21
1.264 0.0788 80.39 72.60  77  62  730000 1314000   270 10.21
1.265 0.0785 80.11 72.60  77  62  730000 1314000   270 10.21
1.267 0.0791 79.87 72.60  77  62  730000 1314000   270 10.21
1.269 0.0807 79.64 72.60  77  62  730000 1314000   270 10.21
1.271 0.0779 79.43 72.60  77  62  730000 1314000   270 10.21
1.272 0.0789 79.23 72.60  77  62  730000 1314000   270 10.21
1.274 0.0826 79.04 72.60  77  62  730000 1314000   270 10.21
1.276 0.0769 78.86 72.60  77  62  730000 1314000   270 10.21
1.277 0.0763 78.69 72.60  77  62  730000 1314000   270 10.21
1.279 0.0826 78.52 72.60  77  62  730000 1314000   270 10.21
1.281 0.0811 78.37 72.60  77  62  730000 1314000   270 10.21
1.283 0.0736 78.22 72.60  77  62  730000 1314000   270 10.21
1.284 0.0809 78.08 72.60  77  62  730000 1314000   270 10.21
1.286 0.0776 77.93 72.60  77  62  730000 1314000   270 10.21
1.288 0.0768 77.77 72.60  77  62  730000 1314000   270 10.21
1.289 0.0793 77.62 72.60  77  62  730000 1314000   270 10.21
1.291 0.0742 77.46 72.60  77  62  730000 1314000   270 10.21
1.293 0.0802 77.31 72.60  77  62  730000 1314000   270 10.21
1.295 0.0789 77.18 72.60  77  62  730000 1314000   270 10.21
1.296 0.0729 77.05 72.60  77  62  730000 1314000   270 10.21
1.298 0.0817 76.94 72.60  77  62  730000 1314000   270 10.21
1.300 0.0732 76.83 72.60  77  62  730000 1314000   270 10.21
1.301 0.0749 76.74 72.60  77  62  730000 1314000   270 10.21
1.303 0.0750 76.65 72.60  77  62  730000 1314000   270 10.21
1.305 0.0812 76.57 72.60  77  62  730000 1314000   270 10.21
1.307 0.0764 76.49 72.60  77  62  730000 1314000   270 10.21
1.308 0.0731 76.42 72.60  77  62  730000 1314000   270 10.21
1.310 0.0786 76.37 72.60  77  62  730000 1314000   270 10.21
1.312 0.0749 76.32 72.60  77  62  730000 1314000   270 10.21
1.313 0.0776 76.29 72.60  77  62  730000 1314000   270 10.21
1.315 0.0754 76.28 72.60  77  62  730000 1314000   270 10.21
1.317 0.0780 76.28 72.60  77  62  730000 1314000   270 10.21
1.318 0.0738 76.30 72.60  77  62  730000 1314000   270 10.21
1.320 0.0797 76.34 72.60  77  62  730000 1314000   270 10.21
1.322 0.0770 76.38 72.60  77  62  730000 1314000   270 10.21
1.324 0.0772 76.43 72.60  77  62  730000 1314000   270 10.21
1.325 0.0770 76.49 72.60  77  62  730000 1314000   270 10.21
1.327 0.0738 76.55 72.60  77  62  730000 1314000   270 10.21
1.329 0.0775 76.62 72.60  77  62  730000 1314000   270 10.21
1.330 0.0716 76.69 72.60  77  62  730000 1314000   270 10.21
1.332 0.0764 76.76 72.60  77  62  730000 1314000   270 10.21
1.334 0.0804 76.83 72.60  77  62  730000 1314000   270 10.21
1.336 0.0746 76.90 72.60  77  62  730000 1314000   270 10.21
1.337 0.0792 76.98 72.60  77  62  730000 1314000   270 10.21
1.339 0.0752 77.08 72.60  77  62  730000 1314000   270 10.21
1.341 0.0796 77.18 72.60  77  62  730000 1314000   270 10.21
1.342 0.0796 77.29 72.60  77  62  730000 1314000   270 10.21
1.344 0.0777 77.41 72.60  77  62  730000 1314000   270 10.21
1.346 0.0762 77.53 72.60  77  62  730000 1314000   270 10.21
1.348 0.0767 77.66 72.60  77  62  730000 1314000   270 10.21
1.349 0.0794 77.80 72.60  77  62  730000 1314000   270 10.21
1.351 0.0766 77.94 72.60  77  62  730000 1314000   270 10.21
1.353 0.0759 78.09 72.60  77  62  730000 1314000   270 10.21
1.354 0.0791 78.23 72.60  77  62  730000 1314000   270 10.21
1.356 0.0793 78.38 72.60  77  62  730000 1314000   270 10.21
1.358 0.0812 78.54 72.60  77  62  730000 1314000   270 10.21
1.360 0.0766 78.69 72.60  77  62  730000 1314000   270 10.21
1.361 0.0796 78.85 72.60  77  62  730000 1314000   270 10.21
1.363 0.0739 79.02 72.60  77  62  730000 1314000   270 10.21
1.365 0.0824 79.21 72.60  77  62  730000 1314000   270 10.21
1.366 0.0805 79.43 72.60  77  62  730000 1314000   270 10.21
1.368 0.0799 79.68 72.60  77  62  730000 1314000   270 10.21
1.370 0.0803 79.95 72.60  77  62  730000 1314000   270 10.21
1.372 0.0787 80.23 72.60  77  62  730000 1314000   270 10.21
1.373 0.0794 80.53 72.60  77  62  730000 1314000   270 10.21
1.375 0.0815 80.85 72.60  77  62  730000 1314000   270 10.21
1.377 0.0816 81.17 72.60  77  62  730000 1314000   270 10.21
1.378 0.0809 81.50 72.60  77  62  730000 1314000   270 10.21
1.380 0.0850 81.85 72.60  77  62  730000 1314000   270 10.21
1.382 0.0810 82.22 72.60  77  62  730000 1314000   270 10.21
1.384 0.0813 82.61 72.60  77  62  730000 1314000   270 10.21
1.385 0.0827 83.01 72.60  77  62  730000 1314000   270 10.21
1.387 0.0825 83.43 72.60  77  62  730000 1314000   270 10.21
1.389 0.0866 83.86 72.60  77  62  730000 1314000   270 10.21
1.390 0.0828 84.30 72.60  77  62  730000 1314000   270 10.21
1.392 0.0843 84.76 72.60  77  62  730000 1314000   270 10.21
1.394 0.0826 85.22 72.60  77  62  730000 1314000   270 10.21
1.396 0.0896 85.69 72.60  77  62  730000 1314000   270 10.21
1.397 0.0868 86.16 72.60  77  62  730000 1314000   270 10.21
1.399 0.0855 86.65 72.60  77  62  730000 1314000   270 10.21
1.401 0.0867 87.14 72.60  77  62  730000 1314000   270 10.21
1.402 0.0850 87.64 72.60  77  62  730000 1314000   270 10.21
1.404 0.0894 88.15 72.60  77  62  730000 1314000   270 10.21
1.406 0.0891 88.65 72.60  77  62  730000 1314000   270 10.21
1.408 0.0902 89.16 72.60  77  62  730000 1314000   270 10.21
1.409 0.0895 89.67 72.60  77  62  730000 1314000   270 10.21
1.411 0.0909 90.16 72.60  77  62  730000 1314000   270 10.21
1.413 0.0912 90.65 72.60  77  62  730000 1314000   270 10.21
1.414 0.0880 91.11 72.60  77  62  730000 1314000   270 10.21
1.416 0.0925 91.55 72.60  77  62  730000 1314000   270 10.21
1.418 0.0928 91.94 72.60  77  62  730000 1314000   270 10.21
1.420 0.0879 92.31 72.60  77  62  730000 1314000   270 10.21
1.421 0.0975 92.64 72.60  77  62  730000 1314000   270 10.21
1.423 0.0937 92.94 72.60  77  62  730000 1314000   270 10.21
1.425 0.0923 93.22 72.60  77  62  730000 1314000   270 10.21
1.426 0.0934 93.47 72.60  77  62  730000 1314000   270 10.21
1.428 0.0919 93.70 72.60  77  62  730000 1314000   270 10.21
1.430 0.0957 93.90 72.60  77  62  730000 1314000   270 10.21
1.432 0.0966 94.08 72.60  77  62  730000 1314000   270 10.21
1.433 0.0940 94.22 72.60  77  62  730000 1314000   270 10.21
1.435 0.0945 94.33 72.60  77  62  730000 1314000   270 10.21
1.437 0.0935 94.40 72.60  77  62  730000 1314000   270 10.21
1.438 0.0936 94.43 72.60  77  62  730000 1314000   270 10.21
1.440 0.0952 94.43 72.60  77  62  730000 1314000   270 10.21
1.442 0.0906 94.39 72.60  77  62  730000 1314000   270 10.21
1.443 0.0992 94.31 72.60  77  62  730000 1314000   270 10.21
1.445 0.0885 94.21 72.60  77  62  730000 1314000   270 10.21
1.447 0.0980 94.07 72.60  77  62  730000 1314000   270 10.21
1.449 0.0902 93.90 72.60  77  62  730000 1314000   270 10.21
1.450 0.0959 93.72 72.60  77  62  730000 1314000   270 10.21
1.452 0.0922 93.54 72.60  77  62  730000 1314000   270 10.21
1.454 0.1035 93.34 72.60  77  62  730000 1314000   270 10.21
1.455 0.0882 93.14 72.60  77  62  730000 1314000   270 10.21
1.457 0.0908 92.94 72.60  77  62  730000 1314000   270 10.21
1.459 0.0962 92.75 72.60  77  62  730000 1314000   270 10.21
1.461 0.0893 92.57 72.60  77  62  730000 1314000   270 10.21
1.462 0.0944 92.39 72.60  77  62  730000 1314000   270 10.21
1.464 0.0888 92.22 72.60  77  62  730000 1314000   270 10.21
1.466 0.0910 92.04 72.60  77  62  730000 1314000   270 10.21
1.467 0.0900 91.84 72.60  77  62  730000 1314000   270 10.21
1.469 0.0921 91.61 72.60  77  62  730000 1314000   270 10.21
1.471 0.0913 91.36 72.60  77  62  730000 1314000   270 10.21
1.473 0.0950 91.08 72.60  77  62  730000 1314000   270 10.21
1.474 0.0909 90.78 72.60  77  62  730000 1314000   270 10.21
1.476 0.0851 90.46 72.60  77  62  730000 1314000   270 10.21
1.478 0.0921 90.15 72.60  77  62  730000 1314000   270 10.21
1.479 0.0901 89.83 72.60  77  62  730000 1314000   270 10.21
1.481 0.0907 89.51 72.60  77  62  730000 1314000   270 10.21
1.483 0.0935 89.20 72.60  77  62  730000 1314000   270 10.21
1.485 0.0858 88.89 72.60  77  62  730000 1314000   270 10.21
1.486 0.0883 88.57 72.60  77  62  730000 1314000   270 10.21
1.488 0.0926 88.23 72.60  77  62  730000 1314000   270 10.21
1.490 0.0890 87.89 72.60  77  62  730000 1314000   270 10.21
1.491 0.0864 87.52 72.60  77  62  730000 1314000   270 10.21
1.493 0.0861 87.12 72.60  77  62  730000 1314000   270 10.21
1.495 0.0826 86.71 72.60  77  62  730000 1314000   270 10.21
1.497 0.0856 86.29 72.60  77  62  730000 1314000   270 10.21
1.499 0.0827 85.86 72.60  77  62  730000 1314000   270 10.21
1.501 0.0870 85.43 72.60  77  62  730000 1314000   270 10.21
1.503 0.0843 85.00 72.60  77  62  730000 1314000   270 10.21
1.506 0.0840 84.57 72.60  77  62  730000 1314000   270 10.21
1.508 0.0878 84.15 72.60  77  62  730000 1314000   270 10.21
1.510 0.0859 83.74 72.60  77  62  730000 1314000   270 10.21
1.513 0.0851 83.34 72.60  77  62  730000 1314000   270 10.21
1.516 0.0814 82.95 72.60  77  62  730000 1314000   270 10.21
1.519 0.0833 82.57 72.60  77  62  730000 1314000   270 10.21
1.522 0.0830 82.22 72.60  77  62  730000 1314000   270 10.21
1.525 0.0813 81.89 72.60  77  62  730000 1314000   270 10.21
1.528 0.0799 81.57 72.60  77  62  730000 1314000   270 10.21
1.531 0.0812 81.28 72.60  77  62  730000 1314000   270 10.21
1.535 0.0821 81.01 72.60  77  62  730000 1314000   270 10.21
1.538 0.0816 80.78 72.60  77  62  730000 1314000   270 10.21
1.542 0.0774 80.59 72.60  77  62  730000 1314000   270 10.21
1.546 0.0804 80.44 72.60  77  62  730000 1314000   270 10.21
1.550 0.0818 80.36 72.60  77  62  730000 1314000   270 10.21
1.554 0.0798 80.33 72.60  77  62  730000 1314000   270 10.21
1.559 0.0793 80.37 72.60  77  62  730000 1314000   270 10.21
1.563 0.0780 80.48 72.60  77  62  730000 1314000   270 10.21
1.568 0.0814 80.64 72.60  77  62  730000 1314000   270 10.21
1.573 0.0804 80.83 72.60  77  62  730000 1314000   270 10.21
1.578 0.0796 81.05 72.60  77  62  730000 1314000   270 10.21
1.584 0.0787 81.26 72.60  77  62  730000 1314000   270 10.21
1.589 0.0831 81.44 72.60  77  62  730000 1314000   270 10.21
1.595 0.0815 81.59 72.60  77  62  730000 1314000   270 10.21
1.601 0.0815 81.68 72.60  77  62  730000 1314000   270 10.21
1.608 0.0825 81.72 72.60  77  62  730000 1314000   270 10.21
1.614 0.0829 81.70 72.60  77  62  730000 1314000   270 10.21
1.621 0.0850 81.62 72.60  77  62  730000 1314000   270 10.21
1.629 0.0830 81.48 72.60  77  62  730000 1314000   270 10.21
1.636 0.0841 81.28 72.60  77  62  730000 1314000   270 10.21
1.644 0.0831 81.03 72.60  77  62  730000 1314000   270 10.21
1.652 0.0818 80.73 72.60  77  62  730000 1314000   270 10.21
1.661 0.0808 80.40 72.60  77  62  730000 1314000   270 10.21
1.670 0.0813 80.04 72.60  77  62  730000 1314000   270 10.21
1.678 0.0797 79.68 72.60  77  62  730000 1314000   270 10.21
1.687 0.0793 79.35 72.60  77  62  730000 1314000   270 10.21
1.695 0.0778 79.06 72.60  77  62  730000 1314000   270 10.21
1.704 0.0769 78.83 72.60  77  62  730000 1314000   270 10.21
1.712 0.0777 78.71 72.60  77  62  730000 1314000   270 10.21
1.721 0.0787 78.72 72.60  77  62  730000 1314000   270 10.21
1.729 0.0767 78.91 72.60  77  62  730000 1314000   270 10.21
1.738 0.0787 79.29 72.60  77  62  730000 1314000   270 10.21
1.747 0.0784 79.91 72.60  77  62  730000 1314000   270 10.21
1.755 0.0807 80.79 72.60  77  62  730000 1314000   270 10.21
1.764 0.0808 81.91 72.60  77  62  730000 1314000   270 10.21
1.772 0.0810 83.28 72.60  77  62  730000 1314000   270 10.21
1.781 0.0818 84.85 72.60  77  62  730000 1314000   270 10.21
1.789 0.0848 86.57 72.60  77  62  730000 1314000   270 10.21
1.798 0.0857 88.40 72.60  77  62  730000 1314000   270 10.21
1.807 0.0887 90.27 72.60  77  62  730000 1314000   270 10.21
1.815 0.0915 92.12 72.60  77  62  730000 1314000   270 10.21
1.824 0.0939 93.91 72.60  77  62  730000 1314000   270 10.21
1.832 0.0959 95.61 72.60  77  62  730000 1314000   270 10.21
1.841 0.0989 97.23 72.60  77  62  730000 1314000   270 10.21
1.849 0.1019 98.75 72.60  77  62  730000 1314000   270 10.21
1.858 0.1038 100.21 72.60  77  62  730000 1314000   270 10.21
1.866 0.1071 101.64 72.60  77  62  730000 1314000   270 10.21
1.875 0.1108 103.08 72.60  77  62  730000 1314000   270 10.21
1.884 0.1120 104.58 72.60  77  62  730000 1314000   270 10.21
1.892 0.1154 106.18 72.60  77  62  730000 1314000   270 10.21
1.901 0.1128 107.89 72.60  77  62  730000 1314000   270 10.21
1.909 0.1125 109.76 72.60  77  62  730000 1314000   270 10.21
1.918 0.1107 111.77 72.60  77  62  730000 1314000   270 10.21
1.926 0.1080 113.94 72.60  77  62  730000 1314000   270 10.21
1.935 0.1086 116.25 72.60  77  62  730000 1314000   270 10.21
1.943 0.1108 118.69 72.60  77  62  730000 1314000   270 10.21
1.952 0.1122 121.24 72.60  77  62  730000 1314000   270 10.21
1.961 0.1163 123.92 72.60  77  62  730000 1314000   270 10.21
1.969 0.1254 126.78 72.60  77  62  730000 1314000   270 10.21
1.978 0.1295 130.01 72.60  77  62  730000 1314000   270 10.21
1.986 0.1384 135.19 72.60  77  62  730000 1314000   270 10.21
1.995 0.1470 143.44 72.60  77  62  730000 1314000   270 10.21
2.003 0.1513 152.87 72.60  77  62  730000 1314000   270 10.21
2.012 0.1611 162.35 72.60  77  62  730000 1314000   270 10.21
2.021 0.1641 171.47 72.60  77  62  730000 1314000   270 10.21
2.029 0.1748 180.11 72.60  77  62  730000 1314000   270 10.21
2.038 0.1775 188.24 72.60  77  62  730000 1314000   270 10.21
2.046 0.1805 195.89 72.60  77  62  730000 1314000   270 10.21
2.055 0.1887 203.09 72.60  77  62  730000 1314000   270 10.21
2.063 0.1989 209.90 72.60  77  62  730000 1314000   270 10.21
2.072 0.2053 216.35 72.60  77  62  730000 1314000   270 10.21
2.080 0.2159 222.47 72.60  77  62  730000 1314000   270 10.21
2.089 0.2241 228.31 72.60  77  62  730000 1314000   270 10.21
2.098 0.2495 233.87 72.60  77  62  730000 1314000   270 10.21
2.106 0.2712 239.17 72.60  77  62  730000 1314000   270 10.21
2.115 0.2897 244.23 72.60  77  62  730000 1314000   270 10.21
2.123 0.3268 249.04 72.60  77  62  730000 1314000   270 10.21
2.132 0.3633 253.58 72.60  77  62  730000 1314000   270 10.21
2.140 0.3908 257.85 72.60  77  62  730000 1314000   270 10.21
2.149 0.4179 261.81 72.60  77  62  730000 1314000   270 10.21
2.158 0.4573 265.42 72.60  77  62  730000 1314000   270 10.21
2.166 0.0000 268.65 72.60  77  62  730000 1314000   270 10.21
2.175 0.0000 271.41 72.60  77  62  730000 1314000   270 10.21
