     x     qy smooth tpara  cd  zL     xTr    xCpl frame tma
-0.901 0.1827 160.31 88.00  74  62  600000 1266000   250 9.26
-0.893 0.1854 150.08 88.00  74  62  600000 1266000   250 9.26
-0.886 0.1589 140.36 88.00  74  62  600000 1266000   250 9.26
-0.878 0.1353 131.14 88.00  74  62  600000 1266000   250 9.26
-0.871 0.1125 122.41 88.00  74  62  600000 1266000   250 9.26
-0.863 0.0777 114.16 88.00  74  62  600000 1266000   250 9.26
-0.856 0.0906 106.37 88.00  74  62  600000 1266000   250 9.26
-0.848 0.0805 99.03 88.00  74  62  600000 1266000   250 9.26
-0.841 0.0747 92.14 88.00  74  62  600000 1266000   250 9.26
-0.833 0.0713 85.69 88.00  74  62  600000 1266000   250 9.26
-0.826 0.0676 79.67 88.00  74  62  600000 1266000   250 9.26
-0.818 0.0630 74.08 88.00  74  62  600000 1266000   250 9.26
-0.811 0.0619 68.92 88.00  74  62  600000 1266000   250 9.26
-0.803 0.0582 64.19 88.00  74  62  600000 1266000   250 9.26
-0.796 0.0560 59.91 88.00  74  62  600000 1266000   250 9.26
-0.788 0.0547 56.06 88.00  74  62  600000 1266000   250 9.26
-0.781 0.0530 52.68 88.00  74  62  600000 1266000   250 9.26
-0.773 0.0519 49.78 88.00  74  62  600000 1266000   250 9.26
-0.766 0.0503 47.39 88.00  74  62  600000 1266000   250 9.26
-0.758 0.0482 45.54 88.00  74  62  600000 1266000   250 9.26
-0.751 0.0476 44.28 88.00  74  62  600000 1266000   250 9.26
-0.743 0.0464 43.61 88.00  74  62  600000 1266000   250 9.26
-0.736 0.0444 43.45 88.00  74  62  600000 1266000   250 9.26
-0.728 0.0440 43.33 88.00  74  62  600000 1266000   250 9.26
-0.721 0.0438 42.65 88.00  74  62  600000 1266000   250 9.26
-0.713 0.0426 41.92 88.00  74  62  600000 1266000   250 9.26
-0.706 0.0419 41.18 88.00  74  62  600000 1266000   250 9.26
-0.698 0.0409 40.46 88.00  74  62  600000 1266000   250 9.26
-0.691 0.0405 39.78 88.00  74  62  600000 1266000   250 9.26
-0.683 0.0389 39.14 88.00  74  62  600000 1266000   250 9.26
-0.676 0.0391 38.55 88.00  74  62  600000 1266000   250 9.26
-0.668 0.0380 37.99 88.00  74  62  600000 1266000   250 9.26
-0.661 0.0378 37.49 88.00  74  62  600000 1266000   250 9.26
-0.653 0.0370 37.03 88.00  74  62  600000 1266000   250 9.26
-0.646 0.0369 36.61 88.00  74  62  600000 1266000   250 9.26
-0.638 0.0362 36.25 88.00  74  62  600000 1266000   250 9.26
-0.631 0.0353 35.93 88.00  74  62  600000 1266000   250 9.26
-0.623 0.0351 35.65 88.00  74  62  600000 1266000   250 9.26
-0.616 0.0352 35.42 88.00  74  62  600000 1266000   250 9.26
-0.608 0.0342 35.22 88.00  74  62  600000 1266000   250 9.26
-0.601 0.0343 35.06 88.00  74  62  600000 1266000   250 9.26
-0.593 0.0349 34.93 88.00  74  62  600000 1266000   250 9.26
-0.586 0.0351 34.84 88.00  74  62  600000 1266000   250 9.26
-0.578 0.0348 34.78 88.00  74  62  600000 1266000   250 9.26
-0.571 0.0349 34.74 88.00  74  62  600000 1266000   250 9.26
-0.563 0.0364 34.74 88.00  74  62  600000 1266000   250 9.26
-0.556 0.0357 34.76 88.00  74  62  600000 1266000   250 9.26
-0.548 0.0350 34.82 88.00  74  62  600000 1266000   250 9.26
-0.541 0.0347 34.89 88.00  74  62  600000 1266000   250 9.26
-0.533 0.0352 34.99 88.00  74  62  600000 1266000   250 9.26
-0.526 0.0348 35.10 88.00  74  62  600000 1266000   250 9.26
-0.518 0.0352 35.24 88.00  74  62  600000 1266000   250 9.26
-0.511 0.0351 35.38 88.00  74  62  600000 1266000   250 9.26
-0.503 0.0347 35.53 88.00  74  62  600000 1266000   250 9.26
-0.495 0.0363 35.68 88.00  74  62  600000 1266000   250 9.26
-0.488 0.0356 35.83 88.00  74  62  600000 1266000   250 9.26
-0.480 0.0350 35.98 88.00  74  62  600000 1266000   250 9.26
-0.473 0.0358 36.12 88.00  74  62  600000 1266000   250 9.26
-0.465 0.0358 36.26 88.00  74  62  600000 1266000   250 9.26
-0.458 0.0360 36.39 88.00  74  62  600000 1266000   250 9.26
-0.450 0.0373 36.52 88.00  74  62  600000 1266000   250 9.26
-0.443 0.0369 36.64 88.00  74  62  600000 1266000   250 9.26
-0.435 0.0370 36.75 88.00  74  62  600000 1266000   250 9.26
-0.428 0.0374 36.85 88.00  74  62  600000 1266000   250 9.26
-0.420 0.0384 36.95 88.00  74  62  600000 1266000   250 9.26
-0.413 0.0376 37.03 88.00  74  62  600000 1266000   250 9.26
-0.405 0.0371 37.09 88.00  74  62  600000 1266000   250 9.26
-0.398 0.0369 37.14 88.00  74  62  600000 1266000   250 9.26
-0.390 0.0372 37.16 88.00  74  62  600000 1266000   250 9.26
-0.383 0.0370 37.17 88.00  74  62  600000 1266000   250 9.26
-0.375 0.0377 37.16 88.00  74  62  600000 1266000   250 9.26
-0.368 0.0368 37.13 88.00  74  62  600000 1266000   250 9.26
-0.360 0.0359 37.08 88.00  74  62  600000 1266000   250 9.26
-0.353 0.0367 37.03 88.00  74  62  600000 1266000   250 9.26
-0.345 0.0365 36.96 88.00  74  62  600000 1266000   250 9.26
-0.338 0.0372 36.89 88.00  74  62  600000 1266000   250 9.26
-0.330 0.0367 36.81 88.00  74  62  600000 1266000   250 9.26
-0.323 0.0363 36.72 88.00  74  62  600000 1266000   250 9.26
-0.315 0.0373 36.62 88.00  74  62  600000 1266000   250 9.26
-0.308 0.0365 36.53 88.00  74  62  600000 1266000   250 9.26
-0.300 0.0371 36.43 88.00  74  62  600000 1266000   250 9.26
-0.293 0.0361 36.32 88.00  74  62  600000 1266000   250 9.26
-0.285 0.0363 36.21 88.00  74  62  600000 1266000   250 9.26
-0.278 0.0363 36.09 88.00  74  62  600000 1266000   250 9.26
-0.270 0.0362 35.97 88.00  74  62  600000 1266000   250 9.26
-0.263 0.0359 35.85 88.00  74  62  600000 1266000   250 9.26
-0.255 0.0357 35.73 88.00  74  62  600000 1266000   250 9.26
-0.248 0.0358 35.62 88.00  74  62  600000 1266000   250 9.26
-0.240 0.0355 35.52 88.00  74  62  600000 1266000   250 9.26
-0.233 0.0352 35.43 88.00  74  62  600000 1266000   250 9.26
-0.225 0.0367 35.36 88.00  74  62  600000 1266000   250 9.26
-0.218 0.0351 35.30 88.00  74  62  600000 1266000   250 9.26
-0.210 0.0339 35.26 88.00  74  62  600000 1266000   250 9.26
-0.203 0.0345 35.23 88.00  74  62  600000 1266000   250 9.26
-0.195 0.0343 35.22 88.00  74  62  600000 1266000   250 9.26
-0.188 0.0354 35.22 88.00  74  62  600000 1266000   250 9.26
-0.180 0.0350 35.22 88.00  74  62  600000 1266000   250 9.26
-0.173 0.0343 35.23 88.00  74  62  600000 1266000   250 9.26
-0.165 0.0345 35.24 88.00  74  62  600000 1266000   250 9.26
-0.158 0.0357 35.26 88.00  74  62  600000 1266000   250 9.26
-0.150 0.0359 35.29 88.00  74  62  600000 1266000   250 9.26
-0.143 0.0353 35.33 88.00  74  62  600000 1266000   250 9.26
-0.135 0.0369 35.37 88.00  74  62  600000 1266000   250 9.26
-0.128 0.0361 35.43 88.00  74  62  600000 1266000   250 9.26
-0.120 0.0363 35.50 88.00  74  62  600000 1266000   250 9.26
-0.113 0.0361 35.59 88.00  74  62  600000 1266000   250 9.26
-0.105 0.0354 35.69 88.00  74  62  600000 1266000   250 9.26
-0.098 0.0354 35.79 88.00  74  62  600000 1266000   250 9.26
-0.090 0.0354 35.90 88.00  74  62  600000 1266000   250 9.26
-0.083 0.0355 36.00 88.00  74  62  600000 1266000   250 9.26
-0.075 0.0344 36.08 88.00  74  62  600000 1266000   250 9.26
-0.068 0.0356 36.14 88.00  74  62  600000 1266000   250 9.26
-0.060 0.0356 36.17 88.00  74  62  600000 1266000   250 9.26
-0.053 0.0350 36.16 88.00  74  62  600000 1266000   250 9.26
-0.045 0.0360 36.11 88.00  74  62  600000 1266000   250 9.26
-0.038 0.0355 36.02 88.00  74  62  600000 1266000   250 9.26
-0.030 0.0371 35.88 88.00  74  62  600000 1266000   250 9.26
-0.023 0.0364 35.70 88.00  74  62  600000 1266000   250 9.26
-0.015 0.0366 35.46 88.00  74  62  600000 1266000   250 9.26
-0.008 0.0365 35.17 88.00  74  62  600000 1266000   250 9.26
0.000 0.0355 34.82 88.00  74  62  600000 1266000   250 9.26
0.008 0.0358 34.43 88.00  74  62  600000 1266000   250 9.26
0.015 0.0357 33.98 88.00  74  62  600000 1266000   250 9.26
0.023 0.0350 33.49 88.00  74  62  600000 1266000   250 9.26
0.030 0.0333 32.95 88.00  74  62  600000 1266000   250 9.26
0.038 0.0322 32.39 88.00  74  62  600000 1266000   250 9.26
0.045 0.0318 31.80 88.00  74  62  600000 1266000   250 9.26
0.053 0.0299 31.20 88.00  74  62  600000 1266000   250 9.26
0.060 0.0305 30.60 88.00  74  62  600000 1266000   250 9.26
0.068 0.0290 30.03 88.00  74  62  600000 1266000   250 9.26
0.075 0.0292 29.48 88.00  74  62  600000 1266000   250 9.26
0.083 0.0280 28.99 88.00  74  62  600000 1266000   250 9.26
0.090 0.0278 28.54 88.00  74  62  600000 1266000   250 9.26
0.098 0.0272 28.16 88.00  74  62  600000 1266000   250 9.26
0.105 0.0268 27.85 88.00  74  62  600000 1266000   250 9.26
0.113 0.0270 27.61 88.00  74  62  600000 1266000   250 9.26
0.120 0.0271 27.44 88.00  74  62  600000 1266000   250 9.26
0.128 0.0264 27.34 88.00  74  62  600000 1266000   250 9.26
0.135 0.0265 27.30 88.00  74  62  600000 1266000   250 9.26
0.143 0.0279 27.32 88.00  74  62  600000 1266000   250 9.26
0.150 0.0280 27.39 88.00  74  62  600000 1266000   250 9.26
0.158 0.0275 27.49 88.00  74  62  600000 1266000   250 9.26
0.165 0.0285 27.62 88.00  74  62  600000 1266000   250 9.26
0.173 0.0273 27.78 88.00  74  62  600000 1266000   250 9.26
0.180 0.0291 27.94 88.00  74  62  600000 1266000   250 9.26
0.188 0.0293 28.12 88.00  74  62  600000 1266000   250 9.26
0.195 0.0281 28.31 88.00  74  62  600000 1266000   250 9.26
0.203 0.0290 28.50 88.00  74  62  600000 1266000   250 9.26
0.210 0.0291 28.71 88.00  74  62  600000 1266000   250 9.26
0.218 0.0295 28.93 88.00  74  62  600000 1266000   250 9.26
0.225 0.0285 29.15 88.00  74  62  600000 1266000   250 9.26
0.233 0.0285 29.38 88.00  74  62  600000 1266000   250 9.26
0.240 0.0298 29.61 88.00  74  62  600000 1266000   250 9.26
0.248 0.0297 29.84 88.00  74  62  600000 1266000   250 9.26
0.255 0.0302 30.07 88.00  74  62  600000 1266000   250 9.26
0.263 0.0299 30.28 88.00  74  62  600000 1266000   250 9.26
0.270 0.0300 30.49 88.00  74  62  600000 1266000   250 9.26
0.278 0.0292 30.67 88.00  74  62  600000 1266000   250 9.26
0.285 0.0301 30.84 88.00  74  62  600000 1266000   250 9.26
0.293 0.0310 30.99 88.00  74  62  600000 1266000   250 9.26
0.300 0.0319 31.12 88.00  74  62  600000 1266000   250 9.26
0.308 0.0317 31.24 88.00  74  62  600000 1266000   250 9.26
0.315 0.0327 31.34 88.00  74  62  600000 1266000   250 9.26
0.323 0.0326 31.43 88.00  74  62  600000 1266000   250 9.26
0.330 0.0329 31.52 88.00  74  62  600000 1266000   250 9.26
0.338 0.0321 31.62 88.00  74  62  600000 1266000   250 9.26
0.345 0.0331 31.72 88.00  74  62  600000 1266000   250 9.26
0.353 0.0319 31.82 88.00  74  62  600000 1266000   250 9.26
0.360 0.0326 31.94 88.00  74  62  600000 1266000   250 9.26
0.368 0.0309 32.07 88.00  74  62  600000 1266000   250 9.26
0.375 0.0312 32.22 88.00  74  62  600000 1266000   250 9.26
0.383 0.0314 32.37 88.00  74  62  600000 1266000   250 9.26
0.390 0.0319 32.55 88.00  74  62  600000 1266000   250 9.26
0.398 0.0309 32.73 88.00  74  62  600000 1266000   250 9.26
0.405 0.0313 32.94 88.00  74  62  600000 1266000   250 9.26
0.413 0.0330 33.18 88.00  74  62  600000 1266000   250 9.26
0.420 0.0324 33.45 88.00  74  62  600000 1266000   250 9.26
0.428 0.0348 33.76 88.00  74  62  600000 1266000   250 9.26
0.435 0.0350 34.12 88.00  74  62  600000 1266000   250 9.26
0.443 0.0356 34.53 88.00  74  62  600000 1266000   250 9.26
0.450 0.0347 34.99 88.00  74  62  600000 1266000   250 9.26
0.458 0.0364 35.50 88.00  74  62  600000 1266000   250 9.26
0.465 0.0374 36.05 88.00  74  62  600000 1266000   250 9.26
0.472 0.0371 36.63 88.00  74  62  600000 1266000   250 9.26
0.479 0.0371 37.23 88.00  74  62  600000 1266000   250 9.26
0.485 0.0381 37.85 88.00  74  62  600000 1266000   250 9.26
0.491 0.0374 38.47 88.00  74  62  600000 1266000   250 9.26
0.497 0.0384 39.10 88.00  74  62  600000 1266000   250 9.26
0.503 0.0385 39.73 88.00  74  62  600000 1266000   250 9.26
0.508 0.0401 40.38 88.00  74  62  600000 1266000   250 9.26
0.513 0.0411 41.05 88.00  74  62  600000 1266000   250 9.26
0.518 0.0411 41.74 88.00  74  62  600000 1266000   250 9.26
0.523 0.0422 42.46 88.00  74  62  600000 1266000   250 9.26
0.528 0.0460 43.21 88.00  74  62  600000 1266000   250 9.26
0.532 0.0436 44.00 88.00  74  62  600000 1266000   250 9.26
0.536 0.0457 44.81 88.00  74  62  600000 1266000   250 9.26
0.540 0.0451 45.64 88.00  74  62  600000 1266000   250 9.26
0.544 0.0454 46.50 88.00  74  62  600000 1266000   250 9.26
0.548 0.0472 47.37 88.00  74  62  600000 1266000   250 9.26
0.551 0.0492 48.24 88.00  74  62  600000 1266000   250 9.26
0.555 0.0477 49.11 88.00  74  62  600000 1266000   250 9.26
0.558 0.0495 49.97 88.00  74  62  600000 1266000   250 9.26
0.561 0.0493 50.83 88.00  74  62  600000 1266000   250 9.26
0.564 0.0520 51.67 88.00  74  62  600000 1266000   250 9.26
0.567 0.0522 52.50 88.00  74  62  600000 1266000   250 9.26
0.570 0.0540 53.30 88.00  74  62  600000 1266000   250 9.26
0.573 0.0581 54.09 88.00  74  62  600000 1266000   250 9.26
0.575 0.0535 54.85 88.00  74  62  600000 1266000   250 9.26
0.578 0.0569 55.59 88.00  74  62  600000 1266000   250 9.26
0.580 0.0576 56.32 88.00  74  62  600000 1266000   250 9.26
0.582 0.0540 57.05 88.00  74  62  600000 1266000   250 9.26
0.585 0.0563 57.76 88.00  74  62  600000 1266000   250 9.26
0.587 0.0637 58.45 88.00  74  62  600000 1266000   250 9.26
0.589 0.0535 59.11 88.00  74  62  600000 1266000   250 9.26
0.591 0.0609 59.73 88.00  74  62  600000 1266000   250 9.26
0.592 0.0585 60.29 88.00  74  62  600000 1266000   250 9.26
0.594 0.0666 60.80 88.00  74  62  600000 1266000   250 9.26
0.596 0.0564 61.27 88.00  74  62  600000 1266000   250 9.26
0.598 0.0629 61.69 88.00  74  62  600000 1266000   250 9.26
0.599 0.0611 62.06 88.00  74  62  600000 1266000   250 9.26
0.601 0.0632 62.40 88.00  74  62  600000 1266000   250 9.26
0.602 0.0648 62.70 88.00  74  62  600000 1266000   250 9.26
0.604 0.0596 62.98 88.00  74  62  600000 1266000   250 9.26
0.605 0.0647 63.23 88.00  74  62  600000 1266000   250 9.26
0.607 0.0662 63.46 88.00  74  62  600000 1266000   250 9.26
0.608 0.0603 63.66 88.00  74  62  600000 1266000   250 9.26
0.610 0.0659 63.85 88.00  74  62  600000 1266000   250 9.26
0.611 0.0698 64.02 88.00  74  62  600000 1266000   250 9.26
0.613 0.0646 64.18 88.00  74  62  600000 1266000   250 9.26
0.614 0.0641 64.33 88.00  74  62  600000 1266000   250 9.26
0.616 0.0558 64.46 88.00  74  62  600000 1266000   250 9.26
0.617 0.0653 64.57 88.00  74  62  600000 1266000   250 9.26
0.619 0.0658 64.67 88.00  74  62  600000 1266000   250 9.26
0.620 0.0587 64.76 88.00  74  62  600000 1266000   250 9.26
0.622 0.0702 64.83 88.00  74  62  600000 1266000   250 9.26
0.623 0.0655 64.89 88.00  74  62  600000 1266000   250 9.26
0.625 0.0645 64.93 88.00  74  62  600000 1266000   250 9.26
0.626 0.0634 64.98 88.00  74  62  600000 1266000   250 9.26
0.628 0.0667 65.02 88.00  74  62  600000 1266000   250 9.26
0.629 0.0641 65.07 88.00  74  62  600000 1266000   250 9.26
0.631 0.0668 65.14 88.00  74  62  600000 1266000   250 9.26
0.632 0.0673 65.21 88.00  74  62  600000 1266000   250 9.26
0.634 0.0626 65.29 88.00  74  62  600000 1266000   250 9.26
0.635 0.0669 65.39 88.00  74  62  600000 1266000   250 9.26
0.637 0.0666 65.50 88.00  74  62  600000 1266000   250 9.26
0.638 0.0689 65.61 88.00  74  62  600000 1266000   250 9.26
0.640 0.0639 65.71 88.00  74  62  600000 1266000   250 9.26
0.641 0.0631 65.80 88.00  74  62  600000 1266000   250 9.26
0.643 0.0630 65.87 88.00  74  62  600000 1266000   250 9.26
0.644 0.0669 65.92 88.00  74  62  600000 1266000   250 9.26
0.646 0.0629 65.96 88.00  74  62  600000 1266000   250 9.26
0.647 0.0694 66.00 88.00  74  62  600000 1266000   250 9.26
0.649 0.0646 66.05 88.00  74  62  600000 1266000   250 9.26
0.650 0.0640 66.13 88.00  74  62  600000 1266000   250 9.26
0.652 0.0684 66.22 88.00  74  62  600000 1266000   250 9.26
0.653 0.0697 66.35 88.00  74  62  600000 1266000   250 9.26
0.655 0.0676 66.50 88.00  74  62  600000 1266000   250 9.26
0.656 0.0658 66.68 88.00  74  62  600000 1266000   250 9.26
0.658 0.0668 66.88 88.00  74  62  600000 1266000   250 9.26
0.659 0.0654 67.08 88.00  74  62  600000 1266000   250 9.26
0.661 0.0670 67.26 88.00  74  62  600000 1266000   250 9.26
0.662 0.0695 67.43 88.00  74  62  600000 1266000   250 9.26
0.664 0.0678 67.57 88.00  74  62  600000 1266000   250 9.26
0.665 0.0664 67.68 88.00  74  62  600000 1266000   250 9.26
0.667 0.0619 67.78 88.00  74  62  600000 1266000   250 9.26
0.668 0.0695 67.85 88.00  74  62  600000 1266000   250 9.26
0.670 0.0695 67.92 88.00  74  62  600000 1266000   250 9.26
0.671 0.0695 67.99 88.00  74  62  600000 1266000   250 9.26
0.673 0.0685 68.06 88.00  74  62  600000 1266000   250 9.26
0.674 0.0663 68.15 88.00  74  62  600000 1266000   250 9.26
0.676 0.0716 68.25 88.00  74  62  600000 1266000   250 9.26
0.677 0.0700 68.36 88.00  74  62  600000 1266000   250 9.26
0.679 0.0705 68.48 88.00  74  62  600000 1266000   250 9.26
0.680 0.0690 68.59 88.00  74  62  600000 1266000   250 9.26
0.682 0.0654 68.69 88.00  74  62  600000 1266000   250 9.26
0.683 0.0702 68.80 88.00  74  62  600000 1266000   250 9.26
0.685 0.0659 68.90 88.00  74  62  600000 1266000   250 9.26
0.686 0.0645 69.00 88.00  74  62  600000 1266000   250 9.26
0.688 0.0650 69.10 88.00  74  62  600000 1266000   250 9.26
0.689 0.0722 69.22 88.00  74  62  600000 1266000   250 9.26
0.691 0.0717 69.35 88.00  74  62  600000 1266000   250 9.26
0.692 0.0708 69.48 88.00  74  62  600000 1266000   250 9.26
0.694 0.0739 69.62 88.00  74  62  600000 1266000   250 9.26
0.695 0.0679 69.77 88.00  74  62  600000 1266000   250 9.26
0.697 0.0698 69.90 88.00  74  62  600000 1266000   250 9.26
0.698 0.0704 70.03 88.00  74  62  600000 1266000   250 9.26
0.700 0.0664 70.15 88.00  74  62  600000 1266000   250 9.26
0.701 0.0714 70.24 88.00  74  62  600000 1266000   250 9.26
0.703 0.0710 70.30 88.00  74  62  600000 1266000   250 9.26
0.704 0.0702 70.32 88.00  74  62  600000 1266000   250 9.26
0.706 0.0671 70.31 88.00  74  62  600000 1266000   250 9.26
0.707 0.0681 70.25 88.00  74  62  600000 1266000   250 9.26
0.709 0.0807 70.16 88.00  74  62  600000 1266000   250 9.26
0.710 0.0657 70.03 88.00  74  62  600000 1266000   250 9.26
0.712 0.0741 69.88 88.00  74  62  600000 1266000   250 9.26
0.713 0.0705 69.71 88.00  74  62  600000 1266000   250 9.26
0.715 0.0713 69.56 88.00  74  62  600000 1266000   250 9.26
0.716 0.0671 69.43 88.00  74  62  600000 1266000   250 9.26
0.718 0.0656 69.32 88.00  74  62  600000 1266000   250 9.26
0.719 0.0716 69.24 88.00  74  62  600000 1266000   250 9.26
0.721 0.0656 69.19 88.00  74  62  600000 1266000   250 9.26
0.722 0.0705 69.15 88.00  74  62  600000 1266000   250 9.26
0.724 0.0672 69.10 88.00  74  62  600000 1266000   250 9.26
0.725 0.0686 69.05 88.00  74  62  600000 1266000   250 9.26
0.727 0.0679 68.99 88.00  74  62  600000 1266000   250 9.26
0.728 0.0693 68.95 88.00  74  62  600000 1266000   250 9.26
0.730 0.0679 68.95 88.00  74  62  600000 1266000   250 9.26
0.731 0.0722 69.00 88.00  74  62  600000 1266000   250 9.26
0.733 0.0665 69.11 88.00  74  62  600000 1266000   250 9.26
0.734 0.0725 69.28 88.00  74  62  600000 1266000   250 9.26
0.736 0.0679 69.50 88.00  74  62  600000 1266000   250 9.26
0.737 0.0665 69.76 88.00  74  62  600000 1266000   250 9.26
0.739 0.0758 70.04 88.00  74  62  600000 1266000   250 9.26
0.740 0.0709 70.34 88.00  74  62  600000 1266000   250 9.26
0.742 0.0722 70.63 88.00  74  62  600000 1266000   250 9.26
0.743 0.0673 70.91 88.00  74  62  600000 1266000   250 9.26
0.745 0.0732 71.17 88.00  74  62  600000 1266000   250 9.26
0.746 0.0687 71.40 88.00  74  62  600000 1266000   250 9.26
0.748 0.0680 71.63 88.00  74  62  600000 1266000   250 9.26
0.749 0.0753 71.85 88.00  74  62  600000 1266000   250 9.26
0.751 0.0683 72.06 88.00  74  62  600000 1266000   250 9.26
0.752 0.0665 72.29 88.00  74  62  600000 1266000   250 9.26
0.754 0.0772 72.51 88.00  74  62  600000 1266000   250 9.26
0.755 0.0808 72.73 88.00  74  62  600000 1266000   250 9.26
0.757 0.0751 72.95 88.00  74  62  600000 1266000   250 9.26
0.758 0.0794 73.17 88.00  74  62  600000 1266000   250 9.26
0.760 0.0664 73.38 88.00  74  62  600000 1266000   250 9.26
0.761 0.0712 73.58 88.00  74  62  600000 1266000   250 9.26
0.763 0.0695 73.77 88.00  74  62  600000 1266000   250 9.26
0.764 0.0777 73.95 88.00  74  62  600000 1266000   250 9.26
0.766 0.0698 74.11 88.00  74  62  600000 1266000   250 9.26
0.767 0.0770 74.27 88.00  74  62  600000 1266000   250 9.26
0.769 0.0753 74.41 88.00  74  62  600000 1266000   250 9.26
0.770 0.0738 74.54 88.00  74  62  600000 1266000   250 9.26
0.772 0.0700 74.68 88.00  74  62  600000 1266000   250 9.26
0.773 0.0847 74.82 88.00  74  62  600000 1266000   250 9.26
0.775 0.0683 74.97 88.00  74  62  600000 1266000   250 9.26
0.776 0.0784 75.15 88.00  74  62  600000 1266000   250 9.26
0.778 0.0790 75.37 88.00  74  62  600000 1266000   250 9.26
0.779 0.0712 75.63 88.00  74  62  600000 1266000   250 9.26
0.781 0.0756 75.91 88.00  74  62  600000 1266000   250 9.26
0.782 0.0760 76.20 88.00  74  62  600000 1266000   250 9.26
0.784 0.0717 76.49 88.00  74  62  600000 1266000   250 9.26
0.785 0.0794 76.77 88.00  74  62  600000 1266000   250 9.26
0.787 0.0772 77.02 88.00  74  62  600000 1266000   250 9.26
0.788 0.0776 77.22 88.00  74  62  600000 1266000   250 9.26
0.790 0.0729 77.37 88.00  74  62  600000 1266000   250 9.26
0.791 0.0822 77.48 88.00  74  62  600000 1266000   250 9.26
0.793 0.0790 77.56 88.00  74  62  600000 1266000   250 9.26
0.794 0.0737 77.62 88.00  74  62  600000 1266000   250 9.26
0.796 0.0836 77.66 88.00  74  62  600000 1266000   250 9.26
0.797 0.0734 77.67 88.00  74  62  600000 1266000   250 9.26
0.799 0.0801 77.67 88.00  74  62  600000 1266000   250 9.26
0.800 0.0827 77.64 88.00  74  62  600000 1266000   250 9.26
0.802 0.0809 77.60 88.00  74  62  600000 1266000   250 9.26
0.803 0.0729 77.56 88.00  74  62  600000 1266000   250 9.26
0.805 0.0765 77.53 88.00  74  62  600000 1266000   250 9.26
0.806 0.0795 77.50 88.00  74  62  600000 1266000   250 9.26
0.808 0.0785 77.47 88.00  74  62  600000 1266000   250 9.26
0.809 0.0697 77.45 88.00  74  62  600000 1266000   250 9.26
0.811 0.0752 77.42 88.00  74  62  600000 1266000   250 9.26
0.812 0.0817 77.40 88.00  74  62  600000 1266000   250 9.26
0.814 0.0797 77.39 88.00  74  62  600000 1266000   250 9.26
0.815 0.0720 77.40 88.00  74  62  600000 1266000   250 9.26
0.817 0.0744 77.42 88.00  74  62  600000 1266000   250 9.26
0.818 0.0789 77.43 88.00  74  62  600000 1266000   250 9.26
0.820 0.0771 77.44 88.00  74  62  600000 1266000   250 9.26
0.821 0.0801 77.45 88.00  74  62  600000 1266000   250 9.26
0.823 0.0765 77.46 88.00  74  62  600000 1266000   250 9.26
0.824 0.0777 77.46 88.00  74  62  600000 1266000   250 9.26
0.826 0.0799 77.44 88.00  74  62  600000 1266000   250 9.26
0.827 0.0791 77.41 88.00  74  62  600000 1266000   250 9.26
0.829 0.0791 77.38 88.00  74  62  600000 1266000   250 9.26
0.830 0.0781 77.34 88.00  74  62  600000 1266000   250 9.26
0.832 0.0827 77.29 88.00  74  62  600000 1266000   250 9.26
0.833 0.0727 77.24 88.00  74  62  600000 1266000   250 9.26
0.835 0.0783 77.18 88.00  74  62  600000 1266000   250 9.26
0.836 0.0714 77.12 88.00  74  62  600000 1266000   250 9.26
0.838 0.0773 77.06 88.00  74  62  600000 1266000   250 9.26
0.839 0.0747 77.01 88.00  74  62  600000 1266000   250 9.26
0.841 0.0823 76.95 88.00  74  62  600000 1266000   250 9.26
0.842 0.0755 76.90 88.00  74  62  600000 1266000   250 9.26
0.844 0.0724 76.86 88.00  74  62  600000 1266000   250 9.26
0.845 0.0758 76.83 88.00  74  62  600000 1266000   250 9.26
0.847 0.0713 76.81 88.00  74  62  600000 1266000   250 9.26
0.848 0.0862 76.81 88.00  74  62  600000 1266000   250 9.26
0.850 0.0733 76.82 88.00  74  62  600000 1266000   250 9.26
0.851 0.0772 76.86 88.00  74  62  600000 1266000   250 9.26
0.853 0.0742 76.90 88.00  74  62  600000 1266000   250 9.26
0.854 0.0821 76.95 88.00  74  62  600000 1266000   250 9.26
0.856 0.0796 76.99 88.00  74  62  600000 1266000   250 9.26
0.857 0.0801 77.04 88.00  74  62  600000 1266000   250 9.26
0.859 0.0752 77.07 88.00  74  62  600000 1266000   250 9.26
0.860 0.0759 77.08 88.00  74  62  600000 1266000   250 9.26
0.862 0.0768 77.05 88.00  74  62  600000 1266000   250 9.26
0.863 0.0773 77.00 88.00  74  62  600000 1266000   250 9.26
0.865 0.0756 76.91 88.00  74  62  600000 1266000   250 9.26
0.866 0.0772 76.79 88.00  74  62  600000 1266000   250 9.26
0.868 0.0742 76.66 88.00  74  62  600000 1266000   250 9.26
0.869 0.0761 76.53 88.00  74  62  600000 1266000   250 9.26
0.871 0.0775 76.42 88.00  74  62  600000 1266000   250 9.26
0.872 0.0785 76.32 88.00  74  62  600000 1266000   250 9.26
0.874 0.0790 76.25 88.00  74  62  600000 1266000   250 9.26
0.875 0.0724 76.22 88.00  74  62  600000 1266000   250 9.26
0.877 0.0757 76.24 88.00  74  62  600000 1266000   250 9.26
0.878 0.0747 76.30 88.00  74  62  600000 1266000   250 9.26
0.880 0.0777 76.40 88.00  74  62  600000 1266000   250 9.26
0.881 0.0805 76.53 88.00  74  62  600000 1266000   250 9.26
0.883 0.0726 76.68 88.00  74  62  600000 1266000   250 9.26
0.884 0.0777 76.85 88.00  74  62  600000 1266000   250 9.26
0.886 0.0743 77.03 88.00  74  62  600000 1266000   250 9.26
0.887 0.0804 77.22 88.00  74  62  600000 1266000   250 9.26
0.889 0.0696 77.40 88.00  74  62  600000 1266000   250 9.26
0.890 0.0781 77.57 88.00  74  62  600000 1266000   250 9.26
0.892 0.0824 77.74 88.00  74  62  600000 1266000   250 9.26
0.893 0.0779 77.91 88.00  74  62  600000 1266000   250 9.26
0.895 0.0739 78.08 88.00  74  62  600000 1266000   250 9.26
0.896 0.0882 78.25 88.00  74  62  600000 1266000   250 9.26
0.898 0.0779 78.42 88.00  74  62  600000 1266000   250 9.26
0.899 0.0785 78.59 88.00  74  62  600000 1266000   250 9.26
0.901 0.0771 78.74 88.00  74  62  600000 1266000   250 9.26
0.902 0.0786 78.87 88.00  74  62  600000 1266000   250 9.26
0.904 0.0788 78.97 88.00  74  62  600000 1266000   250 9.26
0.905 0.0790 79.06 88.00  74  62  600000 1266000   250 9.26
0.907 0.0809 79.14 88.00  74  62  600000 1266000   250 9.26
0.908 0.0746 79.23 88.00  74  62  600000 1266000   250 9.26
0.910 0.0846 79.36 88.00  74  62  600000 1266000   250 9.26
0.911 0.0772 79.51 88.00  74  62  600000 1266000   250 9.26
0.913 0.0799 79.71 88.00  74  62  600000 1266000   250 9.26
0.914 0.0806 79.94 88.00  74  62  600000 1266000   250 9.26
0.916 0.0779 80.22 88.00  74  62  600000 1266000   250 9.26
0.917 0.0833 80.56 88.00  74  62  600000 1266000   250 9.26
0.919 0.0777 80.94 88.00  74  62  600000 1266000   250 9.26
0.920 0.0810 81.36 88.00  74  62  600000 1266000   250 9.26
0.922 0.0827 81.82 88.00  74  62  600000 1266000   250 9.26
0.923 0.0798 82.32 88.00  74  62  600000 1266000   250 9.26
0.925 0.0837 82.84 88.00  74  62  600000 1266000   250 9.26
0.926 0.0846 83.40 88.00  74  62  600000 1266000   250 9.26
0.928 0.0786 83.97 88.00  74  62  600000 1266000   250 9.26
0.929 0.0832 84.56 88.00  74  62  600000 1266000   250 9.26
0.931 0.0853 85.15 88.00  74  62  600000 1266000   250 9.26
0.932 0.0930 85.75 88.00  74  62  600000 1266000   250 9.26
0.934 0.0894 86.37 88.00  74  62  600000 1266000   250 9.26
0.935 0.0889 87.01 88.00  74  62  600000 1266000   250 9.26
0.937 0.0883 87.68 88.00  74  62  600000 1266000   250 9.26
0.938 0.0864 88.36 88.00  74  62  600000 1266000   250 9.26
0.940 0.0865 89.07 88.00  74  62  600000 1266000   250 9.26
0.941 0.0906 89.81 88.00  74  62  600000 1266000   250 9.26
0.943 0.0925 90.58 88.00  74  62  600000 1266000   250 9.26
0.944 0.0863 91.39 88.00  74  62  600000 1266000   250 9.26
0.946 0.0912 92.21 88.00  74  62  600000 1266000   250 9.26
0.947 0.0937 93.02 88.00  74  62  600000 1266000   250 9.26
0.949 0.0931 93.84 88.00  74  62  600000 1266000   250 9.26
0.950 0.0952 94.66 88.00  74  62  600000 1266000   250 9.26
0.952 0.0934 95.48 88.00  74  62  600000 1266000   250 9.26
0.953 0.1054 96.30 88.00  74  62  600000 1266000   250 9.26
0.955 0.0879 97.14 88.00  74  62  600000 1266000   250 9.26
0.956 0.0982 98.01 88.00  74  62  600000 1266000   250 9.26
0.958 0.0910 98.91 88.00  74  62  600000 1266000   250 9.26
0.959 0.1129 99.83 88.00  74  62  600000 1266000   250 9.26
0.961 0.0979 100.76 88.00  74  62  600000 1266000   250 9.26
0.962 0.1033 101.71 88.00  74  62  600000 1266000   250 9.26
0.964 0.1032 102.66 88.00  74  62  600000 1266000   250 9.26
0.965 0.1063 103.60 88.00  74  62  600000 1266000   250 9.26
0.967 0.1037 104.52 88.00  74  62  600000 1266000   250 9.26
0.968 0.1084 105.41 88.00  74  62  600000 1266000   250 9.26
0.970 0.1053 106.28 88.00  74  62  600000 1266000   250 9.26
0.971 0.1053 107.11 88.00  74  62  600000 1266000   250 9.26
0.973 0.1005 107.89 88.00  74  62  600000 1266000   250 9.26
0.974 0.1049 108.61 88.00  74  62  600000 1266000   250 9.26
0.976 0.1056 109.27 88.00  74  62  600000 1266000   250 9.26
0.977 0.1162 109.88 88.00  74  62  600000 1266000   250 9.26
0.979 0.1190 110.46 88.00  74  62  600000 1266000   250 9.26
0.980 0.1047 111.02 88.00  74  62  600000 1266000   250 9.26
0.982 0.1115 111.53 88.00  74  62  600000 1266000   250 9.26
0.983 0.1192 112.02 88.00  74  62  600000 1266000   250 9.26
0.985 0.1117 112.45 88.00  74  62  600000 1266000   250 9.26
0.986 0.1114 112.83 88.00  74  62  600000 1266000   250 9.26
0.988 0.1052 113.13 88.00  74  62  600000 1266000   250 9.26
0.989 0.1176 113.35 88.00  74  62  600000 1266000   250 9.26
0.991 0.1259 113.47 88.00  74  62  600000 1266000   250 9.26
0.992 0.1064 113.50 88.00  74  62  600000 1266000   250 9.26
0.994 0.1088 113.43 88.00  74  62  600000 1266000   250 9.26
0.995 0.1170 113.27 88.00  74  62  600000 1266000   250 9.26
0.997 0.1064 113.02 88.00  74  62  600000 1266000   250 9.26
0.998 0.1173 112.69 88.00  74  62  600000 1266000   250 9.26
1.000 0.1049 112.28 88.00  74  62  600000 1266000   250 9.26
1.002 0.1161 111.81 88.00  74  62  600000 1266000   250 9.26
1.003 0.1167 111.30 88.00  74  62  600000 1266000   250 9.26
1.005 0.1117 110.76 88.00  74  62  600000 1266000   250 9.26
1.006 0.1163 110.19 88.00  74  62  600000 1266000   250 9.26
1.008 0.1038 109.61 88.00  74  62  600000 1266000   250 9.26
1.009 0.1140 108.99 88.00  74  62  600000 1266000   250 9.26
1.011 0.1022 108.32 88.00  74  62  600000 1266000   250 9.26
1.012 0.0995 107.57 88.00  74  62  600000 1266000   250 9.26
1.014 0.1074 106.74 88.00  74  62  600000 1266000   250 9.26
1.015 0.1057 105.83 88.00  74  62  600000 1266000   250 9.26
1.017 0.1020 104.83 88.00  74  62  600000 1266000   250 9.26
1.018 0.1080 103.76 88.00  74  62  600000 1266000   250 9.26
1.020 0.1095 102.63 88.00  74  62  600000 1266000   250 9.26
1.021 0.1008 101.45 88.00  74  62  600000 1266000   250 9.26
1.023 0.1027 100.25 88.00  74  62  600000 1266000   250 9.26
1.024 0.0973 99.02 88.00  74  62  600000 1266000   250 9.26
1.026 0.0986 97.80 88.00  74  62  600000 1266000   250 9.26
1.027 0.0961 96.61 88.00  74  62  600000 1266000   250 9.26
1.029 0.0971 95.45 88.00  74  62  600000 1266000   250 9.26
1.030 0.0954 94.34 88.00  74  62  600000 1266000   250 9.26
1.032 0.0973 93.28 88.00  74  62  600000 1266000   250 9.26
1.033 0.0892 92.28 88.00  74  62  600000 1266000   250 9.26
1.035 0.0903 91.32 88.00  74  62  600000 1266000   250 9.26
1.036 0.0868 90.41 88.00  74  62  600000 1266000   250 9.26
1.038 0.0905 89.55 88.00  74  62  600000 1266000   250 9.26
1.039 0.0844 88.77 88.00  74  62  600000 1266000   250 9.26
1.041 0.0780 88.07 88.00  74  62  600000 1266000   250 9.26
1.042 0.0862 87.45 88.00  74  62  600000 1266000   250 9.26
1.044 0.0922 86.92 88.00  74  62  600000 1266000   250 9.26
1.045 0.0847 86.47 88.00  74  62  600000 1266000   250 9.26
1.047 0.0913 86.08 88.00  74  62  600000 1266000   250 9.26
1.048 0.0849 85.74 88.00  74  62  600000 1266000   250 9.26
1.050 0.0860 85.43 88.00  74  62  600000 1266000   250 9.26
1.051 0.0856 85.12 88.00  74  62  600000 1266000   250 9.26
1.053 0.0854 84.82 88.00  74  62  600000 1266000   250 9.26
1.054 0.0863 84.50 88.00  74  62  600000 1266000   250 9.26
1.056 0.0815 84.17 88.00  74  62  600000 1266000   250 9.26
1.057 0.0882 83.81 88.00  74  62  600000 1266000   250 9.26
1.059 0.0844 83.42 88.00  74  62  600000 1266000   250 9.26
1.060 0.0831 82.98 88.00  74  62  600000 1266000   250 9.26
1.062 0.0856 82.49 88.00  74  62  600000 1266000   250 9.26
1.063 0.0807 81.97 88.00  74  62  600000 1266000   250 9.26
1.065 0.0841 81.43 88.00  74  62  600000 1266000   250 9.26
1.066 0.0793 80.88 88.00  74  62  600000 1266000   250 9.26
1.068 0.0812 80.35 88.00  74  62  600000 1266000   250 9.26
1.069 0.0770 79.86 88.00  74  62  600000 1266000   250 9.26
1.071 0.0720 79.41 88.00  74  62  600000 1266000   250 9.26
1.072 0.0820 79.00 88.00  74  62  600000 1266000   250 9.26
1.074 0.0813 78.65 88.00  74  62  600000 1266000   250 9.26
1.075 0.0753 78.35 88.00  74  62  600000 1266000   250 9.26
1.077 0.0777 78.09 88.00  74  62  600000 1266000   250 9.26
1.078 0.0777 77.85 88.00  74  62  600000 1266000   250 9.26
1.080 0.0759 77.65 88.00  74  62  600000 1266000   250 9.26
1.081 0.0783 77.47 88.00  74  62  600000 1266000   250 9.26
1.083 0.0814 77.32 88.00  74  62  600000 1266000   250 9.26
1.084 0.0686 77.19 88.00  74  62  600000 1266000   250 9.26
1.086 0.0766 77.08 88.00  74  62  600000 1266000   250 9.26
1.087 0.0827 76.99 88.00  74  62  600000 1266000   250 9.26
1.089 0.0786 76.91 88.00  74  62  600000 1266000   250 9.26
1.090 0.0789 76.83 88.00  74  62  600000 1266000   250 9.26
1.092 0.0783 76.75 88.00  74  62  600000 1266000   250 9.26
1.093 0.0791 76.66 88.00  74  62  600000 1266000   250 9.26
1.095 0.0770 76.55 88.00  74  62  600000 1266000   250 9.26
1.096 0.0707 76.43 88.00  74  62  600000 1266000   250 9.26
1.098 0.0770 76.28 88.00  74  62  600000 1266000   250 9.26
1.099 0.0779 76.13 88.00  74  62  600000 1266000   250 9.26
1.101 0.0714 75.96 88.00  74  62  600000 1266000   250 9.26
1.102 0.0780 75.78 88.00  74  62  600000 1266000   250 9.26
1.104 0.0756 75.60 88.00  74  62  600000 1266000   250 9.26
1.105 0.0760 75.43 88.00  74  62  600000 1266000   250 9.26
1.107 0.0710 75.26 88.00  74  62  600000 1266000   250 9.26
1.108 0.0772 75.09 88.00  74  62  600000 1266000   250 9.26
1.110 0.0761 74.94 88.00  74  62  600000 1266000   250 9.26
1.111 0.0725 74.81 88.00  74  62  600000 1266000   250 9.26
1.113 0.0786 74.70 88.00  74  62  600000 1266000   250 9.26
1.114 0.0730 74.63 88.00  74  62  600000 1266000   250 9.26
1.116 0.0776 74.58 88.00  74  62  600000 1266000   250 9.26
1.117 0.0728 74.58 88.00  74  62  600000 1266000   250 9.26
1.119 0.0742 74.61 88.00  74  62  600000 1266000   250 9.26
1.120 0.0740 74.64 88.00  74  62  600000 1266000   250 9.26
1.122 0.0741 74.66 88.00  74  62  600000 1266000   250 9.26
1.123 0.0736 74.66 88.00  74  62  600000 1266000   250 9.26
1.125 0.0765 74.65 88.00  74  62  600000 1266000   250 9.26
1.126 0.0738 74.63 88.00  74  62  600000 1266000   250 9.26
1.128 0.0739 74.58 88.00  74  62  600000 1266000   250 9.26
1.129 0.0732 74.52 88.00  74  62  600000 1266000   250 9.26
1.131 0.0751 74.48 88.00  74  62  600000 1266000   250 9.26
1.132 0.0775 74.43 88.00  74  62  600000 1266000   250 9.26
1.134 0.0758 74.41 88.00  74  62  600000 1266000   250 9.26
1.135 0.0726 74.39 88.00  74  62  600000 1266000   250 9.26
1.137 0.0711 74.40 88.00  74  62  600000 1266000   250 9.26
1.138 0.0757 74.42 88.00  74  62  600000 1266000   250 9.26
1.140 0.0815 74.44 88.00  74  62  600000 1266000   250 9.26
1.141 0.0688 74.48 88.00  74  62  600000 1266000   250 9.26
1.143 0.0793 74.52 88.00  74  62  600000 1266000   250 9.26
1.144 0.0783 74.57 88.00  74  62  600000 1266000   250 9.26
1.146 0.0658 74.62 88.00  74  62  600000 1266000   250 9.26
1.147 0.0738 74.67 88.00  74  62  600000 1266000   250 9.26
1.149 0.0700 74.73 88.00  74  62  600000 1266000   250 9.26
1.150 0.0783 74.81 88.00  74  62  600000 1266000   250 9.26
1.152 0.0725 74.89 88.00  74  62  600000 1266000   250 9.26
1.153 0.0794 74.99 88.00  74  62  600000 1266000   250 9.26
1.155 0.0724 75.11 88.00  74  62  600000 1266000   250 9.26
1.156 0.0735 75.23 88.00  74  62  600000 1266000   250 9.26
1.158 0.0809 75.35 88.00  74  62  600000 1266000   250 9.26
1.159 0.0803 75.46 88.00  74  62  600000 1266000   250 9.26
1.161 0.0707 75.54 88.00  74  62  600000 1266000   250 9.26
1.162 0.0751 75.61 88.00  74  62  600000 1266000   250 9.26
1.164 0.0728 75.65 88.00  74  62  600000 1266000   250 9.26
1.165 0.0805 75.67 88.00  74  62  600000 1266000   250 9.26
1.167 0.0715 75.67 88.00  74  62  600000 1266000   250 9.26
1.168 0.0749 75.64 88.00  74  62  600000 1266000   250 9.26
1.170 0.0793 75.59 88.00  74  62  600000 1266000   250 9.26
1.171 0.0773 75.52 88.00  74  62  600000 1266000   250 9.26
1.173 0.0768 75.43 88.00  74  62  600000 1266000   250 9.26
1.174 0.0739 75.33 88.00  74  62  600000 1266000   250 9.26
1.176 0.0763 75.23 88.00  74  62  600000 1266000   250 9.26
1.177 0.0754 75.15 88.00  74  62  600000 1266000   250 9.26
1.179 0.0741 75.10 88.00  74  62  600000 1266000   250 9.26
1.180 0.0735 75.08 88.00  74  62  600000 1266000   250 9.26
1.182 0.0769 75.08 88.00  74  62  600000 1266000   250 9.26
1.183 0.0751 75.11 88.00  74  62  600000 1266000   250 9.26
1.185 0.0677 75.14 88.00  74  62  600000 1266000   250 9.26
1.186 0.0757 75.18 88.00  74  62  600000 1266000   250 9.26
1.188 0.0728 75.23 88.00  74  62  600000 1266000   250 9.26
1.189 0.0803 75.29 88.00  74  62  600000 1266000   250 9.26
1.191 0.0745 75.35 88.00  74  62  600000 1266000   250 9.26
1.192 0.0782 75.41 88.00  74  62  600000 1266000   250 9.26
1.194 0.0774 75.50 88.00  74  62  600000 1266000   250 9.26
1.195 0.0684 75.61 88.00  74  62  600000 1266000   250 9.26
1.197 0.0781 75.75 88.00  74  62  600000 1266000   250 9.26
1.198 0.0795 75.91 88.00  74  62  600000 1266000   250 9.26
1.200 0.0775 76.09 88.00  74  62  600000 1266000   250 9.26
1.201 0.0741 76.28 88.00  74  62  600000 1266000   250 9.26
1.203 0.0779 76.47 88.00  74  62  600000 1266000   250 9.26
1.204 0.0823 76.65 88.00  74  62  600000 1266000   250 9.26
1.206 0.0714 76.82 88.00  74  62  600000 1266000   250 9.26
1.207 0.0721 76.97 88.00  74  62  600000 1266000   250 9.26
1.209 0.0778 77.10 88.00  74  62  600000 1266000   250 9.26
1.210 0.0792 77.21 88.00  74  62  600000 1266000   250 9.26
1.212 0.0765 77.31 88.00  74  62  600000 1266000   250 9.26
1.213 0.0769 77.41 88.00  74  62  600000 1266000   250 9.26
1.215 0.0763 77.50 88.00  74  62  600000 1266000   250 9.26
1.216 0.0768 77.58 88.00  74  62  600000 1266000   250 9.26
1.218 0.0796 77.68 88.00  74  62  600000 1266000   250 9.26
1.219 0.0821 77.79 88.00  74  62  600000 1266000   250 9.26
1.221 0.0735 77.91 88.00  74  62  600000 1266000   250 9.26
1.222 0.0817 78.02 88.00  74  62  600000 1266000   250 9.26
1.224 0.0809 78.14 88.00  74  62  600000 1266000   250 9.26
1.225 0.0747 78.26 88.00  74  62  600000 1266000   250 9.26
1.227 0.0784 78.38 88.00  74  62  600000 1266000   250 9.26
1.228 0.0812 78.50 88.00  74  62  600000 1266000   250 9.26
1.230 0.0764 78.62 88.00  74  62  600000 1266000   250 9.26
1.231 0.0763 78.73 88.00  74  62  600000 1266000   250 9.26
1.233 0.0777 78.84 88.00  74  62  600000 1266000   250 9.26
1.234 0.0819 78.93 88.00  74  62  600000 1266000   250 9.26
1.236 0.0770 79.03 88.00  74  62  600000 1266000   250 9.26
1.237 0.0796 79.15 88.00  74  62  600000 1266000   250 9.26
1.239 0.0793 79.28 88.00  74  62  600000 1266000   250 9.26
1.240 0.0807 79.45 88.00  74  62  600000 1266000   250 9.26
1.242 0.0781 79.64 88.00  74  62  600000 1266000   250 9.26
1.243 0.0805 79.86 88.00  74  62  600000 1266000   250 9.26
1.245 0.0808 80.10 88.00  74  62  600000 1266000   250 9.26
1.246 0.0812 80.38 88.00  74  62  600000 1266000   250 9.26
1.248 0.0819 80.67 88.00  74  62  600000 1266000   250 9.26
1.249 0.0788 81.00 88.00  74  62  600000 1266000   250 9.26
1.251 0.0798 81.34 88.00  74  62  600000 1266000   250 9.26
1.252 0.0829 81.70 88.00  74  62  600000 1266000   250 9.26
1.254 0.0820 82.08 88.00  74  62  600000 1266000   250 9.26
1.255 0.0826 82.47 88.00  74  62  600000 1266000   250 9.26
1.257 0.0842 82.89 88.00  74  62  600000 1266000   250 9.26
1.258 0.0804 83.33 88.00  74  62  600000 1266000   250 9.26
1.260 0.0837 83.80 88.00  74  62  600000 1266000   250 9.26
1.261 0.0873 84.29 88.00  74  62  600000 1266000   250 9.26
1.263 0.0830 84.81 88.00  74  62  600000 1266000   250 9.26
1.264 0.0874 85.36 88.00  74  62  600000 1266000   250 9.26
1.266 0.0855 85.94 88.00  74  62  600000 1266000   250 9.26
1.267 0.0876 86.55 88.00  74  62  600000 1266000   250 9.26
1.269 0.0845 87.20 88.00  74  62  600000 1266000   250 9.26
1.270 0.0869 87.88 88.00  74  62  600000 1266000   250 9.26
1.272 0.0922 88.59 88.00  74  62  600000 1266000   250 9.26
1.273 0.0868 89.34 88.00  74  62  600000 1266000   250 9.26
1.275 0.0895 90.11 88.00  74  62  600000 1266000   250 9.26
1.276 0.0932 90.91 88.00  74  62  600000 1266000   250 9.26
1.278 0.0944 91.74 88.00  74  62  600000 1266000   250 9.26
1.279 0.0883 92.62 88.00  74  62  600000 1266000   250 9.26
1.281 0.0971 93.56 88.00  74  62  600000 1266000   250 9.26
1.282 0.0921 94.56 88.00  74  62  600000 1266000   250 9.26
1.284 0.0950 95.63 88.00  74  62  600000 1266000   250 9.26
1.285 0.0996 96.77 88.00  74  62  600000 1266000   250 9.26
1.287 0.0961 97.97 88.00  74  62  600000 1266000   250 9.26
1.288 0.0978 99.25 88.00  74  62  600000 1266000   250 9.26
1.290 0.1039 100.60 88.00  74  62  600000 1266000   250 9.26
1.291 0.0998 102.04 88.00  74  62  600000 1266000   250 9.26
1.293 0.1027 103.54 88.00  74  62  600000 1266000   250 9.26
1.294 0.1064 105.11 88.00  74  62  600000 1266000   250 9.26
1.296 0.1071 106.77 88.00  74  62  600000 1266000   250 9.26
1.297 0.1107 108.53 88.00  74  62  600000 1266000   250 9.26
1.299 0.1068 110.39 88.00  74  62  600000 1266000   250 9.26
1.300 0.1051 112.34 88.00  74  62  600000 1266000   250 9.26
1.302 0.1194 114.38 88.00  74  62  600000 1266000   250 9.26
1.303 0.1185 116.50 88.00  74  62  600000 1266000   250 9.26
1.305 0.1150 118.70 88.00  74  62  600000 1266000   250 9.26
1.306 0.1265 120.96 88.00  74  62  600000 1266000   250 9.26
1.308 0.1255 123.29 88.00  74  62  600000 1266000   250 9.26
1.309 0.1243 125.68 88.00  74  62  600000 1266000   250 9.26
1.311 0.1232 128.14 88.00  74  62  600000 1266000   250 9.26
1.312 0.1292 130.65 88.00  74  62  600000 1266000   250 9.26
1.314 0.1372 133.24 88.00  74  62  600000 1266000   250 9.26
1.315 0.1349 135.89 88.00  74  62  600000 1266000   250 9.26
1.317 0.1382 138.62 88.00  74  62  600000 1266000   250 9.26
1.318 0.1460 141.40 88.00  74  62  600000 1266000   250 9.26
1.320 0.1373 144.26 88.00  74  62  600000 1266000   250 9.26
1.321 0.1466 147.18 88.00  74  62  600000 1266000   250 9.26
1.323 0.1576 150.17 88.00  74  62  600000 1266000   250 9.26
1.324 0.1574 153.21 88.00  74  62  600000 1266000   250 9.26
1.326 0.1566 156.31 88.00  74  62  600000 1266000   250 9.26
1.327 0.1481 159.45 88.00  74  62  600000 1266000   250 9.26
1.329 0.1629 162.64 88.00  74  62  600000 1266000   250 9.26
1.330 0.1644 165.89 88.00  74  62  600000 1266000   250 9.26
1.332 0.1699 169.17 88.00  74  62  600000 1266000   250 9.26
1.333 0.1699 172.49 88.00  74  62  600000 1266000   250 9.26
1.335 0.1829 175.85 88.00  74  62  600000 1266000   250 9.26
1.336 0.1769 179.24 88.00  74  62  600000 1266000   250 9.26
1.338 0.1818 182.65 88.00  74  62  600000 1266000   250 9.26
1.339 0.1880 186.08 88.00  74  62  600000 1266000   250 9.26
1.341 0.1868 189.51 88.00  74  62  600000 1266000   250 9.26
1.342 0.1980 192.94 88.00  74  62  600000 1266000   250 9.26
1.344 0.1990 196.36 88.00  74  62  600000 1266000   250 9.26
1.345 0.1916 199.79 88.00  74  62  600000 1266000   250 9.26
1.347 0.2074 203.21 88.00  74  62  600000 1266000   250 9.26
1.348 0.2086 206.62 88.00  74  62  600000 1266000   250 9.26
1.350 0.2100 210.01 88.00  74  62  600000 1266000   250 9.26
1.351 0.2121 213.37 88.00  74  62  600000 1266000   250 9.26
1.353 0.2106 216.68 88.00  74  62  600000 1266000   250 9.26
1.354 0.2256 219.96 88.00  74  62  600000 1266000   250 9.26
1.356 0.2248 223.20 88.00  74  62  600000 1266000   250 9.26
1.357 0.2297 226.42 88.00  74  62  600000 1266000   250 9.26
1.359 0.2253 229.65 88.00  74  62  600000 1266000   250 9.26
1.360 0.2322 232.93 88.00  74  62  600000 1266000   250 9.26
1.362 0.2340 236.26 88.00  74  62  600000 1266000   250 9.26
1.363 0.2528 239.63 88.00  74  62  600000 1266000   250 9.26
1.365 0.2385 243.00 88.00  74  62  600000 1266000   250 9.26
1.366 0.2312 246.38 88.00  74  62  600000 1266000   250 9.26
1.368 0.2598 249.75 88.00  74  62  600000 1266000   250 9.26
1.369 0.2485 253.12 88.00  74  62  600000 1266000   250 9.26
1.371 0.2558 256.51 88.00  74  62  600000 1266000   250 9.26
1.372 0.2612 259.91 88.00  74  62  600000 1266000   250 9.26
1.374 0.2739 263.34 88.00  74  62  600000 1266000   250 9.26
1.375 0.2578 266.75 88.00  74  62  600000 1266000   250 9.26
1.377 0.2629 270.14 88.00  74  62  600000 1266000   250 9.26
1.378 0.2794 273.51 88.00  74  62  600000 1266000   250 9.26
1.380 0.2673 276.85 88.00  74  62  600000 1266000   250 9.26
1.381 0.2935 280.17 88.00  74  62  600000 1266000   250 9.26
1.383 0.2752 283.47 88.00  74  62  600000 1266000   250 9.26
1.384 0.2966 286.77 88.00  74  62  600000 1266000   250 9.26
1.386 0.2992 290.04 88.00  74  62  600000 1266000   250 9.26
1.387 0.2871 293.28 88.00  74  62  600000 1266000   250 9.26
1.389 0.2985 296.46 88.00  74  62  600000 1266000   250 9.26
1.390 0.2900 299.62 88.00  74  62  600000 1266000   250 9.26
1.392 0.3041 302.77 88.00  74  62  600000 1266000   250 9.26
1.393 0.2969 305.93 88.00  74  62  600000 1266000   250 9.26
1.395 0.3184 309.09 88.00  74  62  600000 1266000   250 9.26
1.396 0.3139 312.24 88.00  74  62  600000 1266000   250 9.26
1.398 0.3222 315.38 88.00  74  62  600000 1266000   250 9.26
1.399 0.3186 318.50 88.00  74  62  600000 1266000   250 9.26
1.401 0.3113 321.60 88.00  74  62  600000 1266000   250 9.26
1.402 0.3254 324.68 88.00  74  62  600000 1266000   250 9.26
1.404 0.3192 327.73 88.00  74  62  600000 1266000   250 9.26
1.405 0.3228 330.76 88.00  74  62  600000 1266000   250 9.26
1.407 0.3541 333.78 88.00  74  62  600000 1266000   250 9.26
1.408 0.3292 336.80 88.00  74  62  600000 1266000   250 9.26
1.410 0.3443 339.80 88.00  74  62  600000 1266000   250 9.26
1.411 0.3424 342.78 88.00  74  62  600000 1266000   250 9.26
1.413 0.3441 345.72 88.00  74  62  600000 1266000   250 9.26
1.414 0.3420 348.59 88.00  74  62  600000 1266000   250 9.26
1.416 0.3509 351.38 88.00  74  62  600000 1266000   250 9.26
1.417 0.3594 354.05 88.00  74  62  600000 1266000   250 9.26
1.419 0.3704 356.60 88.00  74  62  600000 1266000   250 9.26
1.420 0.3612 359.04 88.00  74  62  600000 1266000   250 9.26
1.422 0.3477 361.38 88.00  74  62  600000 1266000   250 9.26
1.423 0.3628 363.63 88.00  74  62  600000 1266000   250 9.26
1.425 0.3535 365.76 88.00  74  62  600000 1266000   250 9.26
1.426 0.3682 367.73 88.00  74  62  600000 1266000   250 9.26
1.428 0.3787 369.53 88.00  74  62  600000 1266000   250 9.26
1.429 0.3749 371.14 88.00  74  62  600000 1266000   250 9.26
1.431 0.3723 372.55 88.00  74  62  600000 1266000   250 9.26
1.432 0.3755 373.76 88.00  74  62  600000 1266000   250 9.26
1.434 0.3636 374.78 88.00  74  62  600000 1266000   250 9.26
1.435 0.3899 375.59 88.00  74  62  600000 1266000   250 9.26
1.437 0.3759 376.15 88.00  74  62  600000 1266000   250 9.26
1.438 0.3581 376.45 88.00  74  62  600000 1266000   250 9.26
1.440 0.3819 376.45 88.00  74  62  600000 1266000   250 9.26
1.441 0.3905 376.12 88.00  74  62  600000 1266000   250 9.26
1.443 0.3748 375.46 88.00  74  62  600000 1266000   250 9.26
1.444 0.3535 374.47 88.00  74  62  600000 1266000   250 9.26
1.446 0.3871 373.14 88.00  74  62  600000 1266000   250 9.26
1.447 0.3719 371.47 88.00  74  62  600000 1266000   250 9.26
1.449 0.3798 369.47 88.00  74  62  600000 1266000   250 9.26
1.450 0.3759 367.12 88.00  74  62  600000 1266000   250 9.26
1.452 0.3617 364.43 88.00  74  62  600000 1266000   250 9.26
1.453 0.3529 361.44 88.00  74  62  600000 1266000   250 9.26
1.455 0.3490 358.20 88.00  74  62  600000 1266000   250 9.26
1.456 0.3714 354.76 88.00  74  62  600000 1266000   250 9.26
1.458 0.3584 351.12 88.00  74  62  600000 1266000   250 9.26
1.459 0.3275 347.30 88.00  74  62  600000 1266000   250 9.26
1.461 0.3557 343.29 88.00  74  62  600000 1266000   250 9.26
1.462 0.3463 339.11 88.00  74  62  600000 1266000   250 9.26
1.464 0.3202 334.78 88.00  74  62  600000 1266000   250 9.26
1.465 0.3247 330.35 88.00  74  62  600000 1266000   250 9.26
1.467 0.3333 325.87 88.00  74  62  600000 1266000   250 9.26
1.468 0.3178 321.36 88.00  74  62  600000 1266000   250 9.26
1.470 0.3201 316.84 88.00  74  62  600000 1266000   250 9.26
1.471 0.2942 312.35 88.00  74  62  600000 1266000   250 9.26
1.473 0.3228 307.89 88.00  74  62  600000 1266000   250 9.26
1.474 0.3074 303.46 88.00  74  62  600000 1266000   250 9.26
1.476 0.2904 299.05 88.00  74  62  600000 1266000   250 9.26
1.477 0.2940 294.68 88.00  74  62  600000 1266000   250 9.26
1.479 0.2879 290.32 88.00  74  62  600000 1266000   250 9.26
1.480 0.2865 285.98 88.00  74  62  600000 1266000   250 9.26
1.482 0.2846 281.64 88.00  74  62  600000 1266000   250 9.26
1.483 0.2830 277.31 88.00  74  62  600000 1266000   250 9.26
1.485 0.2745 273.00 88.00  74  62  600000 1266000   250 9.26
1.486 0.2595 268.69 88.00  74  62  600000 1266000   250 9.26
1.488 0.2607 264.38 88.00  74  62  600000 1266000   250 9.26
1.489 0.2574 260.03 88.00  74  62  600000 1266000   250 9.26
1.491 0.2576 255.62 88.00  74  62  600000 1266000   250 9.26
1.492 0.2553 251.15 88.00  74  62  600000 1266000   250 9.26
1.494 0.2510 246.61 88.00  74  62  600000 1266000   250 9.26
1.495 0.2456 241.98 88.00  74  62  600000 1266000   250 9.26
1.497 0.2331 237.25 88.00  74  62  600000 1266000   250 9.26
1.498 0.2279 232.42 88.00  74  62  600000 1266000   250 9.26
1.500 0.2248 227.45 88.00  74  62  600000 1266000   250 9.26
1.502 0.2276 222.34 88.00  74  62  600000 1266000   250 9.26
1.503 0.2142 217.09 88.00  74  62  600000 1266000   250 9.26
1.505 0.2093 211.68 88.00  74  62  600000 1266000   250 9.26
1.506 0.2114 206.13 88.00  74  62  600000 1266000   250 9.26
1.508 0.2076 200.41 88.00  74  62  600000 1266000   250 9.26
1.510 0.1974 194.56 88.00  74  62  600000 1266000   250 9.26
1.512 0.1892 188.58 88.00  74  62  600000 1266000   250 9.26
1.513 0.1803 182.48 88.00  74  62  600000 1266000   250 9.26
1.515 0.1779 176.30 88.00  74  62  600000 1266000   250 9.26
1.518 0.1724 170.05 88.00  74  62  600000 1266000   250 9.26
1.520 0.1667 163.78 88.00  74  62  600000 1266000   250 9.26
1.522 0.1569 157.53 88.00  74  62  600000 1266000   250 9.26
1.524 0.1505 151.36 88.00  74  62  600000 1266000   250 9.26
1.527 0.1474 145.29 88.00  74  62  600000 1266000   250 9.26
1.529 0.1372 139.35 88.00  74  62  600000 1266000   250 9.26
1.532 0.1318 133.59 88.00  74  62  600000 1266000   250 9.26
1.535 0.1240 128.02 88.00  74  62  600000 1266000   250 9.26
1.538 0.1252 122.68 88.00  74  62  600000 1266000   250 9.26
1.541 0.1149 117.62 88.00  74  62  600000 1266000   250 9.26
1.544 0.1102 112.86 88.00  74  62  600000 1266000   250 9.26
1.547 0.1057 108.43 88.00  74  62  600000 1266000   250 9.26
1.551 0.1046 104.35 88.00  74  62  600000 1266000   250 9.26
1.554 0.0942 100.60 88.00  74  62  600000 1266000   250 9.26
1.558 0.0969 97.20 88.00  74  62  600000 1266000   250 9.26
1.562 0.0927 94.13 88.00  74  62  600000 1266000   250 9.26
1.566 0.0903 91.38 88.00  74  62  600000 1266000   250 9.26
1.570 0.0902 88.92 88.00  74  62  600000 1266000   250 9.26
1.574 0.0884 86.74 88.00  74  62  600000 1266000   250 9.26
1.579 0.0859 84.84 88.00  74  62  600000 1266000   250 9.26
1.584 0.0803 83.18 88.00  74  62  600000 1266000   250 9.26
1.589 0.0815 81.74 88.00  74  62  600000 1266000   250 9.26
1.594 0.0835 80.49 88.00  74  62  600000 1266000   250 9.26
1.599 0.0807 79.42 88.00  74  62  600000 1266000   250 9.26
1.605 0.0802 78.50 88.00  74  62  600000 1266000   250 9.26
1.611 0.0774 77.71 88.00  74  62  600000 1266000   250 9.26
1.617 0.0792 77.06 88.00  74  62  600000 1266000   250 9.26
1.623 0.0751 76.52 88.00  74  62  600000 1266000   250 9.26
1.630 0.0777 76.10 88.00  74  62  600000 1266000   250 9.26
1.637 0.0755 75.79 88.00  74  62  600000 1266000   250 9.26
1.644 0.0775 75.61 88.00  74  62  600000 1266000   250 9.26
1.652 0.0758 75.56 88.00  74  62  600000 1266000   250 9.26
1.659 0.0774 75.67 88.00  74  62  600000 1266000   250 9.26
1.667 0.0743 75.96 88.00  74  62  600000 1266000   250 9.26
1.674 0.0766 76.44 88.00  74  62  600000 1266000   250 9.26
1.682 0.0771 77.13 88.00  74  62  600000 1266000   250 9.26
1.689 0.0777 78.05 88.00  74  62  600000 1266000   250 9.26
1.697 0.0777 79.20 88.00  74  62  600000 1266000   250 9.26
1.704 0.0775 80.58 88.00  74  62  600000 1266000   250 9.26
1.712 0.0804 82.17 88.00  74  62  600000 1266000   250 9.26
1.719 0.0838 83.94 88.00  74  62  600000 1266000   250 9.26
1.727 0.0824 85.86 88.00  74  62  600000 1266000   250 9.26
1.734 0.0864 87.88 88.00  74  62  600000 1266000   250 9.26
1.742 0.0872 89.96 88.00  74  62  600000 1266000   250 9.26
1.749 0.0915 92.03 88.00  74  62  600000 1266000   250 9.26
1.757 0.0929 94.06 88.00  74  62  600000 1266000   250 9.26
1.764 0.0969 96.02 88.00  74  62  600000 1266000   250 9.26
1.772 0.0997 97.91 88.00  74  62  600000 1266000   250 9.26
1.779 0.1029 99.74 88.00  74  62  600000 1266000   250 9.26
1.787 0.1064 101.53 88.00  74  62  600000 1266000   250 9.26
1.794 0.1106 103.31 88.00  74  62  600000 1266000   250 9.26
1.802 0.1119 105.12 88.00  74  62  600000 1266000   250 9.26
1.809 0.1127 107.02 88.00  74  62  600000 1266000   250 9.26
1.817 0.1145 109.05 88.00  74  62  600000 1266000   250 9.26
1.824 0.1178 111.27 88.00  74  62  600000 1266000   250 9.26
1.832 0.1148 113.72 88.00  74  62  600000 1266000   250 9.26
1.839 0.1147 116.44 88.00  74  62  600000 1266000   250 9.26
1.847 0.1170 119.45 88.00  74  62  600000 1266000   250 9.26
1.854 0.1145 122.77 88.00  74  62  600000 1266000   250 9.26
1.862 0.1165 126.40 88.00  74  62  600000 1266000   250 9.26
1.869 0.1167 130.32 88.00  74  62  600000 1266000   250 9.26
1.877 0.1231 134.48 88.00  74  62  600000 1266000   250 9.26
1.884 0.1308 138.82 88.00  74  62  600000 1266000   250 9.26
1.892 0.1366 143.28 88.00  74  62  600000 1266000   250 9.26
1.899 0.1479 147.77 88.00  74  62  600000 1266000   250 9.26
1.907 0.1546 152.24 88.00  74  62  600000 1266000   250 9.26
1.914 0.1609 156.63 88.00  74  62  600000 1266000   250 9.26
1.922 0.1716 160.92 88.00  74  62  600000 1266000   250 9.26
1.929 0.1755 165.27 88.00  74  62  600000 1266000   250 9.26
1.937 0.1840 170.39 88.00  74  62  600000 1266000   250 9.26
1.944 0.1903 178.52 88.00  74  62  600000 1266000   250 9.26
1.952 0.1957 187.82 88.00  74  62  600000 1266000   250 9.26
1.959 0.1991 197.13 88.00  74  62  600000 1266000   250 9.26
1.967 0.2016 206.01 88.00  74  62  600000 1266000   250 9.26
1.974 0.2075 214.27 88.00  74  62  600000 1266000   250 9.26
1.982 0.2099 221.89 88.00  74  62  600000 1266000   250 9.26
1.989 0.2146 228.86 88.00  74  62  600000 1266000   250 9.26
1.997 0.2111 235.23 88.00  74  62  600000 1266000   250 9.26
2.005 0.2165 241.03 88.00  74  62  600000 1266000   250 9.26
2.012 0.2235 246.29 88.00  74  62  600000 1266000   250 9.26
2.020 0.2325 251.06 88.00  74  62  600000 1266000   250 9.26
2.027 0.2401 255.37 88.00  74  62  600000 1266000   250 9.26
2.035 0.2657 259.25 88.00  74  62  600000 1266000   250 9.26
2.042 0.2819 262.70 88.00  74  62  600000 1266000   250 9.26
2.050 0.3149 265.75 88.00  74  62  600000 1266000   250 9.26
2.057 0.3500 268.40 88.00  74  62  600000 1266000   250 9.26
2.065 0.3750 270.65 88.00  74  62  600000 1266000   250 9.26
2.072 0.4130 272.48 88.00  74  62  600000 1266000   250 9.26
2.080 0.4588 273.88 88.00  74  62  600000 1266000   250 9.26
2.087 0.4729 274.80 88.00  74  62  600000 1266000   250 9.26
2.095 0.0000 275.20 88.00  74  62  600000 1266000   250 9.26
2.102 0.0000 275.03 88.00  74  62  600000 1266000   250 9.26
