     x     qy smooth tpara  cd  zL     xTr    xCpl frame tma
-0.901 0.1728 161.56 110.00  75  62  600000 1266000   230 7.96
-0.893 0.1730 151.25 110.00  75  62  600000 1266000   230 7.96
-0.886 0.1750 141.46 110.00  75  62  600000 1266000   230 7.96
-0.878 0.1448 132.16 110.00  75  62  600000 1266000   230 7.96
-0.871 0.1140 123.36 110.00  75  62  600000 1266000   230 7.96
-0.863 0.0956 115.03 110.00  75  62  600000 1266000   230 7.96
-0.856 0.0875 107.16 110.00  75  62  600000 1266000   230 7.96
-0.848 0.0788 99.75 110.00  75  62  600000 1266000   230 7.96
-0.841 0.0741 92.78 110.00  75  62  600000 1266000   230 7.96
-0.833 0.0694 86.25 110.00  75  62  600000 1266000   230 7.96
-0.826 0.0659 80.15 110.00  75  62  600000 1266000   230 7.96
-0.818 0.0626 74.48 110.00  75  62  600000 1266000   230 7.96
-0.811 0.0605 69.24 110.00  75  62  600000 1266000   230 7.96
-0.803 0.0583 64.42 110.00  75  62  600000 1266000   230 7.96
-0.796 0.0567 60.03 110.00  75  62  600000 1266000   230 7.96
-0.788 0.0534 56.08 110.00  75  62  600000 1266000   230 7.96
-0.781 0.0529 52.58 110.00  75  62  600000 1266000   230 7.96
-0.773 0.0500 49.56 110.00  75  62  600000 1266000   230 7.96
-0.766 0.0498 47.04 110.00  75  62  600000 1266000   230 7.96
-0.758 0.0488 45.06 110.00  75  62  600000 1266000   230 7.96
-0.751 0.0466 43.67 110.00  75  62  600000 1266000   230 7.96
-0.743 0.0465 42.93 110.00  75  62  600000 1266000   230 7.96
-0.736 0.0450 42.77 110.00  75  62  600000 1266000   230 7.96
-0.728 0.0443 42.78 110.00  75  62  600000 1266000   230 7.96
-0.721 0.0426 42.21 110.00  75  62  600000 1266000   230 7.96
-0.713 0.0420 41.54 110.00  75  62  600000 1266000   230 7.96
-0.706 0.0405 40.84 110.00  75  62  600000 1266000   230 7.96
-0.698 0.0408 40.13 110.00  75  62  600000 1266000   230 7.96
-0.691 0.0401 39.43 110.00  75  62  600000 1266000   230 7.96
-0.683 0.0397 38.76 110.00  75  62  600000 1266000   230 7.96
-0.676 0.0376 38.13 110.00  75  62  600000 1266000   230 7.96
-0.668 0.0387 37.54 110.00  75  62  600000 1266000   230 7.96
-0.661 0.0372 36.98 110.00  75  62  600000 1266000   230 7.96
-0.653 0.0367 36.48 110.00  75  62  600000 1266000   230 7.96
-0.646 0.0358 36.02 110.00  75  62  600000 1266000   230 7.96
-0.638 0.0357 35.61 110.00  75  62  600000 1266000   230 7.96
-0.631 0.0348 35.25 110.00  75  62  600000 1266000   230 7.96
-0.623 0.0344 34.95 110.00  75  62  600000 1266000   230 7.96
-0.616 0.0337 34.70 110.00  75  62  600000 1266000   230 7.96
-0.608 0.0340 34.51 110.00  75  62  600000 1266000   230 7.96
-0.601 0.0333 34.37 110.00  75  62  600000 1266000   230 7.96
-0.593 0.0354 34.27 110.00  75  62  600000 1266000   230 7.96
-0.586 0.0342 34.21 110.00  75  62  600000 1266000   230 7.96
-0.578 0.0339 34.19 110.00  75  62  600000 1266000   230 7.96
-0.571 0.0339 34.22 110.00  75  62  600000 1266000   230 7.96
-0.563 0.0350 34.28 110.00  75  62  600000 1266000   230 7.96
-0.556 0.0337 34.37 110.00  75  62  600000 1266000   230 7.96
-0.548 0.0348 34.49 110.00  75  62  600000 1266000   230 7.96
-0.541 0.0348 34.64 110.00  75  62  600000 1266000   230 7.96
-0.533 0.0341 34.80 110.00  75  62  600000 1266000   230 7.96
-0.526 0.0356 34.97 110.00  75  62  600000 1266000   230 7.96
-0.518 0.0361 35.15 110.00  75  62  600000 1266000   230 7.96
-0.511 0.0357 35.33 110.00  75  62  600000 1266000   230 7.96
-0.503 0.0358 35.51 110.00  75  62  600000 1266000   230 7.96
-0.495 0.0359 35.68 110.00  75  62  600000 1266000   230 7.96
-0.488 0.0357 35.85 110.00  75  62  600000 1266000   230 7.96
-0.480 0.0354 36.00 110.00  75  62  600000 1266000   230 7.96
-0.473 0.0358 36.14 110.00  75  62  600000 1266000   230 7.96
-0.465 0.0362 36.27 110.00  75  62  600000 1266000   230 7.96
-0.458 0.0360 36.39 110.00  75  62  600000 1266000   230 7.96
-0.450 0.0365 36.49 110.00  75  62  600000 1266000   230 7.96
-0.443 0.0369 36.58 110.00  75  62  600000 1266000   230 7.96
-0.435 0.0377 36.65 110.00  75  62  600000 1266000   230 7.96
-0.428 0.0364 36.70 110.00  75  62  600000 1266000   230 7.96
-0.420 0.0363 36.73 110.00  75  62  600000 1266000   230 7.96
-0.413 0.0370 36.74 110.00  75  62  600000 1266000   230 7.96
-0.405 0.0372 36.73 110.00  75  62  600000 1266000   230 7.96
-0.398 0.0365 36.69 110.00  75  62  600000 1266000   230 7.96
-0.390 0.0366 36.64 110.00  75  62  600000 1266000   230 7.96
-0.383 0.0374 36.56 110.00  75  62  600000 1266000   230 7.96
-0.375 0.0362 36.46 110.00  75  62  600000 1266000   230 7.96
-0.368 0.0365 36.34 110.00  75  62  600000 1266000   230 7.96
-0.360 0.0365 36.19 110.00  75  62  600000 1266000   230 7.96
-0.353 0.0357 36.04 110.00  75  62  600000 1266000   230 7.96
-0.345 0.0363 35.87 110.00  75  62  600000 1266000   230 7.96
-0.338 0.0362 35.70 110.00  75  62  600000 1266000   230 7.96
-0.330 0.0354 35.52 110.00  75  62  600000 1266000   230 7.96
-0.323 0.0352 35.35 110.00  75  62  600000 1266000   230 7.96
-0.315 0.0353 35.18 110.00  75  62  600000 1266000   230 7.96
-0.308 0.0344 35.00 110.00  75  62  600000 1266000   230 7.96
-0.300 0.0348 34.82 110.00  75  62  600000 1266000   230 7.96
-0.293 0.0342 34.64 110.00  75  62  600000 1266000   230 7.96
-0.285 0.0342 34.45 110.00  75  62  600000 1266000   230 7.96
-0.278 0.0343 34.26 110.00  75  62  600000 1266000   230 7.96
-0.270 0.0337 34.07 110.00  75  62  600000 1266000   230 7.96
-0.263 0.0336 33.89 110.00  75  62  600000 1266000   230 7.96
-0.255 0.0341 33.72 110.00  75  62  600000 1266000   230 7.96
-0.248 0.0336 33.59 110.00  75  62  600000 1266000   230 7.96
-0.240 0.0345 33.49 110.00  75  62  600000 1266000   230 7.96
-0.233 0.0337 33.43 110.00  75  62  600000 1266000   230 7.96
-0.225 0.0338 33.42 110.00  75  62  600000 1266000   230 7.96
-0.218 0.0342 33.46 110.00  75  62  600000 1266000   230 7.96
-0.210 0.0341 33.53 110.00  75  62  600000 1266000   230 7.96
-0.203 0.0335 33.65 110.00  75  62  600000 1266000   230 7.96
-0.195 0.0330 33.81 110.00  75  62  600000 1266000   230 7.96
-0.188 0.0321 33.99 110.00  75  62  600000 1266000   230 7.96
-0.180 0.0320 34.20 110.00  75  62  600000 1266000   230 7.96
-0.173 0.0332 34.42 110.00  75  62  600000 1266000   230 7.96
-0.165 0.0331 34.66 110.00  75  62  600000 1266000   230 7.96
-0.158 0.0342 34.90 110.00  75  62  600000 1266000   230 7.96
-0.150 0.0355 35.15 110.00  75  62  600000 1266000   230 7.96
-0.143 0.0360 35.40 110.00  75  62  600000 1266000   230 7.96
-0.135 0.0364 35.64 110.00  75  62  600000 1266000   230 7.96
-0.128 0.0370 35.89 110.00  75  62  600000 1266000   230 7.96
-0.120 0.0381 36.14 110.00  75  62  600000 1266000   230 7.96
-0.113 0.0377 36.37 110.00  75  62  600000 1266000   230 7.96
-0.105 0.0377 36.59 110.00  75  62  600000 1266000   230 7.96
-0.098 0.0367 36.80 110.00  75  62  600000 1266000   230 7.96
-0.090 0.0368 36.97 110.00  75  62  600000 1266000   230 7.96
-0.083 0.0371 37.11 110.00  75  62  600000 1266000   230 7.96
-0.075 0.0363 37.19 110.00  75  62  600000 1266000   230 7.96
-0.068 0.0364 37.21 110.00  75  62  600000 1266000   230 7.96
-0.060 0.0372 37.16 110.00  75  62  600000 1266000   230 7.96
-0.053 0.0362 37.03 110.00  75  62  600000 1266000   230 7.96
-0.045 0.0365 36.82 110.00  75  62  600000 1266000   230 7.96
-0.038 0.0363 36.52 110.00  75  62  600000 1266000   230 7.96
-0.030 0.0362 36.16 110.00  75  62  600000 1266000   230 7.96
-0.023 0.0352 35.74 110.00  75  62  600000 1266000   230 7.96
-0.015 0.0362 35.27 110.00  75  62  600000 1266000   230 7.96
-0.008 0.0370 34.76 110.00  75  62  600000 1266000   230 7.96
0.000 0.0345 34.21 110.00  75  62  600000 1266000   230 7.96
0.008 0.0350 33.64 110.00  75  62  600000 1266000   230 7.96
0.015 0.0348 33.04 110.00  75  62  600000 1266000   230 7.96
0.023 0.0332 32.42 110.00  75  62  600000 1266000   230 7.96
0.030 0.0321 31.78 110.00  75  62  600000 1266000   230 7.96
0.038 0.0322 31.13 110.00  75  62  600000 1266000   230 7.96
0.045 0.0299 30.48 110.00  75  62  600000 1266000   230 7.96
0.053 0.0290 29.82 110.00  75  62  600000 1266000   230 7.96
0.060 0.0283 29.18 110.00  75  62  600000 1266000   230 7.96
0.068 0.0262 28.57 110.00  75  62  600000 1266000   230 7.96
0.075 0.0265 28.01 110.00  75  62  600000 1266000   230 7.96
0.083 0.0269 27.50 110.00  75  62  600000 1266000   230 7.96
0.090 0.0263 27.07 110.00  75  62  600000 1266000   230 7.96
0.098 0.0269 26.71 110.00  75  62  600000 1266000   230 7.96
0.105 0.0262 26.44 110.00  75  62  600000 1266000   230 7.96
0.113 0.0265 26.24 110.00  75  62  600000 1266000   230 7.96
0.120 0.0263 26.13 110.00  75  62  600000 1266000   230 7.96
0.128 0.0264 26.10 110.00  75  62  600000 1266000   230 7.96
0.135 0.0262 26.14 110.00  75  62  600000 1266000   230 7.96
0.143 0.0248 26.24 110.00  75  62  600000 1266000   230 7.96
0.150 0.0267 26.40 110.00  75  62  600000 1266000   230 7.96
0.158 0.0252 26.61 110.00  75  62  600000 1266000   230 7.96
0.165 0.0265 26.87 110.00  75  62  600000 1266000   230 7.96
0.173 0.0268 27.17 110.00  75  62  600000 1266000   230 7.96
0.180 0.0290 27.52 110.00  75  62  600000 1266000   230 7.96
0.188 0.0279 27.91 110.00  75  62  600000 1266000   230 7.96
0.195 0.0298 28.33 110.00  75  62  600000 1266000   230 7.96
0.203 0.0300 28.79 110.00  75  62  600000 1266000   230 7.96
0.210 0.0294 29.27 110.00  75  62  600000 1266000   230 7.96
0.218 0.0288 29.76 110.00  75  62  600000 1266000   230 7.96
0.225 0.0310 30.25 110.00  75  62  600000 1266000   230 7.96
0.233 0.0294 30.73 110.00  75  62  600000 1266000   230 7.96
0.240 0.0295 31.19 110.00  75  62  600000 1266000   230 7.96
0.248 0.0298 31.61 110.00  75  62  600000 1266000   230 7.96
0.255 0.0321 31.97 110.00  75  62  600000 1266000   230 7.96
0.263 0.0319 32.26 110.00  75  62  600000 1266000   230 7.96
0.270 0.0323 32.48 110.00  75  62  600000 1266000   230 7.96
0.278 0.0335 32.63 110.00  75  62  600000 1266000   230 7.96
0.285 0.0343 32.72 110.00  75  62  600000 1266000   230 7.96
0.293 0.0357 32.76 110.00  75  62  600000 1266000   230 7.96
0.300 0.0354 32.76 110.00  75  62  600000 1266000   230 7.96
0.308 0.0362 32.76 110.00  75  62  600000 1266000   230 7.96
0.315 0.0344 32.75 110.00  75  62  600000 1266000   230 7.96
0.323 0.0329 32.75 110.00  75  62  600000 1266000   230 7.96
0.330 0.0325 32.79 110.00  75  62  600000 1266000   230 7.96
0.338 0.0326 32.87 110.00  75  62  600000 1266000   230 7.96
0.345 0.0319 32.99 110.00  75  62  600000 1266000   230 7.96
0.353 0.0319 33.16 110.00  75  62  600000 1266000   230 7.96
0.360 0.0307 33.38 110.00  75  62  600000 1266000   230 7.96
0.368 0.0317 33.65 110.00  75  62  600000 1266000   230 7.96
0.375 0.0314 33.97 110.00  75  62  600000 1266000   230 7.96
0.383 0.0322 34.34 110.00  75  62  600000 1266000   230 7.96
0.390 0.0314 34.76 110.00  75  62  600000 1266000   230 7.96
0.398 0.0333 35.23 110.00  75  62  600000 1266000   230 7.96
0.405 0.0352 35.75 110.00  75  62  600000 1266000   230 7.96
0.413 0.0357 36.31 110.00  75  62  600000 1266000   230 7.96
0.420 0.0400 36.91 110.00  75  62  600000 1266000   230 7.96
0.428 0.0395 37.52 110.00  75  62  600000 1266000   230 7.96
0.435 0.0394 38.15 110.00  75  62  600000 1266000   230 7.96
0.443 0.0411 38.79 110.00  75  62  600000 1266000   230 7.96
0.450 0.0428 39.42 110.00  75  62  600000 1266000   230 7.96
0.458 0.0407 40.03 110.00  75  62  600000 1266000   230 7.96
0.465 0.0423 40.61 110.00  75  62  600000 1266000   230 7.96
0.472 0.0442 41.15 110.00  75  62  600000 1266000   230 7.96
0.479 0.0409 41.65 110.00  75  62  600000 1266000   230 7.96
0.485 0.0400 42.12 110.00  75  62  600000 1266000   230 7.96
0.491 0.0419 42.56 110.00  75  62  600000 1266000   230 7.96
0.497 0.0424 42.96 110.00  75  62  600000 1266000   230 7.96
0.503 0.0424 43.33 110.00  75  62  600000 1266000   230 7.96
0.508 0.0412 43.70 110.00  75  62  600000 1266000   230 7.96
0.513 0.0446 44.07 110.00  75  62  600000 1266000   230 7.96
0.518 0.0428 44.47 110.00  75  62  600000 1266000   230 7.96
0.523 0.0438 44.90 110.00  75  62  600000 1266000   230 7.96
0.528 0.0459 45.39 110.00  75  62  600000 1266000   230 7.96
0.532 0.0442 45.94 110.00  75  62  600000 1266000   230 7.96
0.536 0.0466 46.53 110.00  75  62  600000 1266000   230 7.96
0.540 0.0512 47.18 110.00  75  62  600000 1266000   230 7.96
0.544 0.0466 47.86 110.00  75  62  600000 1266000   230 7.96
0.548 0.0495 48.57 110.00  75  62  600000 1266000   230 7.96
0.551 0.0493 49.30 110.00  75  62  600000 1266000   230 7.96
0.555 0.0502 50.03 110.00  75  62  600000 1266000   230 7.96
0.558 0.0481 50.75 110.00  75  62  600000 1266000   230 7.96
0.561 0.0516 51.45 110.00  75  62  600000 1266000   230 7.96
0.564 0.0532 52.10 110.00  75  62  600000 1266000   230 7.96
0.567 0.0539 52.72 110.00  75  62  600000 1266000   230 7.96
0.570 0.0492 53.29 110.00  75  62  600000 1266000   230 7.96
0.573 0.0546 53.83 110.00  75  62  600000 1266000   230 7.96
0.575 0.0574 54.35 110.00  75  62  600000 1266000   230 7.96
0.578 0.0581 54.84 110.00  75  62  600000 1266000   230 7.96
0.580 0.0567 55.33 110.00  75  62  600000 1266000   230 7.96
0.582 0.0533 55.82 110.00  75  62  600000 1266000   230 7.96
0.585 0.0571 56.30 110.00  75  62  600000 1266000   230 7.96
0.587 0.0569 56.77 110.00  75  62  600000 1266000   230 7.96
0.589 0.0554 57.23 110.00  75  62  600000 1266000   230 7.96
0.591 0.0548 57.65 110.00  75  62  600000 1266000   230 7.96
0.592 0.0615 58.04 110.00  75  62  600000 1266000   230 7.96
0.594 0.0597 58.40 110.00  75  62  600000 1266000   230 7.96
0.596 0.0564 58.72 110.00  75  62  600000 1266000   230 7.96
0.598 0.0574 59.00 110.00  75  62  600000 1266000   230 7.96
0.599 0.0557 59.25 110.00  75  62  600000 1266000   230 7.96
0.601 0.0612 59.49 110.00  75  62  600000 1266000   230 7.96
0.602 0.0602 59.74 110.00  75  62  600000 1266000   230 7.96
0.604 0.0581 59.98 110.00  75  62  600000 1266000   230 7.96
0.605 0.0658 60.22 110.00  75  62  600000 1266000   230 7.96
0.607 0.0628 60.45 110.00  75  62  600000 1266000   230 7.96
0.608 0.0605 60.67 110.00  75  62  600000 1266000   230 7.96
0.610 0.0589 60.88 110.00  75  62  600000 1266000   230 7.96
0.611 0.0667 61.07 110.00  75  62  600000 1266000   230 7.96
0.613 0.0615 61.25 110.00  75  62  600000 1266000   230 7.96
0.614 0.0580 61.41 110.00  75  62  600000 1266000   230 7.96
0.616 0.0547 61.56 110.00  75  62  600000 1266000   230 7.96
0.617 0.0639 61.70 110.00  75  62  600000 1266000   230 7.96
0.619 0.0601 61.84 110.00  75  62  600000 1266000   230 7.96
0.620 0.0588 61.96 110.00  75  62  600000 1266000   230 7.96
0.622 0.0699 62.09 110.00  75  62  600000 1266000   230 7.96
0.623 0.0601 62.22 110.00  75  62  600000 1266000   230 7.96
0.625 0.0616 62.35 110.00  75  62  600000 1266000   230 7.96
0.626 0.0637 62.49 110.00  75  62  600000 1266000   230 7.96
0.628 0.0663 62.64 110.00  75  62  600000 1266000   230 7.96
0.629 0.0639 62.80 110.00  75  62  600000 1266000   230 7.96
0.631 0.0594 62.99 110.00  75  62  600000 1266000   230 7.96
0.632 0.0602 63.18 110.00  75  62  600000 1266000   230 7.96
0.634 0.0584 63.38 110.00  75  62  600000 1266000   230 7.96
0.635 0.0659 63.56 110.00  75  62  600000 1266000   230 7.96
0.637 0.0680 63.73 110.00  75  62  600000 1266000   230 7.96
0.638 0.0652 63.88 110.00  75  62  600000 1266000   230 7.96
0.640 0.0632 64.00 110.00  75  62  600000 1266000   230 7.96
0.641 0.0659 64.11 110.00  75  62  600000 1266000   230 7.96
0.643 0.0652 64.21 110.00  75  62  600000 1266000   230 7.96
0.644 0.0620 64.32 110.00  75  62  600000 1266000   230 7.96
0.646 0.0645 64.43 110.00  75  62  600000 1266000   230 7.96
0.647 0.0626 64.56 110.00  75  62  600000 1266000   230 7.96
0.649 0.0612 64.70 110.00  75  62  600000 1266000   230 7.96
0.650 0.0715 64.85 110.00  75  62  600000 1266000   230 7.96
0.652 0.0629 64.98 110.00  75  62  600000 1266000   230 7.96
0.653 0.0657 65.08 110.00  75  62  600000 1266000   230 7.96
0.655 0.0644 65.15 110.00  75  62  600000 1266000   230 7.96
0.656 0.0655 65.19 110.00  75  62  600000 1266000   230 7.96
0.658 0.0616 65.20 110.00  75  62  600000 1266000   230 7.96
0.659 0.0698 65.18 110.00  75  62  600000 1266000   230 7.96
0.661 0.0626 65.14 110.00  75  62  600000 1266000   230 7.96
0.662 0.0608 65.10 110.00  75  62  600000 1266000   230 7.96
0.664 0.0696 65.05 110.00  75  62  600000 1266000   230 7.96
0.665 0.0677 65.01 110.00  75  62  600000 1266000   230 7.96
0.667 0.0637 64.97 110.00  75  62  600000 1266000   230 7.96
0.668 0.0692 64.94 110.00  75  62  600000 1266000   230 7.96
0.670 0.0633 64.90 110.00  75  62  600000 1266000   230 7.96
0.671 0.0649 64.84 110.00  75  62  600000 1266000   230 7.96
0.673 0.0689 64.77 110.00  75  62  600000 1266000   230 7.96
0.674 0.0599 64.69 110.00  75  62  600000 1266000   230 7.96
0.676 0.0652 64.59 110.00  75  62  600000 1266000   230 7.96
0.677 0.0587 64.50 110.00  75  62  600000 1266000   230 7.96
0.679 0.0667 64.42 110.00  75  62  600000 1266000   230 7.96
0.680 0.0595 64.35 110.00  75  62  600000 1266000   230 7.96
0.682 0.0672 64.31 110.00  75  62  600000 1266000   230 7.96
0.683 0.0670 64.29 110.00  75  62  600000 1266000   230 7.96
0.685 0.0654 64.30 110.00  75  62  600000 1266000   230 7.96
0.686 0.0659 64.34 110.00  75  62  600000 1266000   230 7.96
0.688 0.0616 64.42 110.00  75  62  600000 1266000   230 7.96
0.689 0.0650 64.55 110.00  75  62  600000 1266000   230 7.96
0.691 0.0662 64.71 110.00  75  62  600000 1266000   230 7.96
0.692 0.0615 64.91 110.00  75  62  600000 1266000   230 7.96
0.694 0.0690 65.16 110.00  75  62  600000 1266000   230 7.96
0.695 0.0649 65.45 110.00  75  62  600000 1266000   230 7.96
0.697 0.0637 65.76 110.00  75  62  600000 1266000   230 7.96
0.698 0.0634 66.08 110.00  75  62  600000 1266000   230 7.96
0.700 0.0636 66.39 110.00  75  62  600000 1266000   230 7.96
0.701 0.0681 66.69 110.00  75  62  600000 1266000   230 7.96
0.703 0.0702 66.96 110.00  75  62  600000 1266000   230 7.96
0.704 0.0615 67.20 110.00  75  62  600000 1266000   230 7.96
0.706 0.0757 67.41 110.00  75  62  600000 1266000   230 7.96
0.707 0.0677 67.59 110.00  75  62  600000 1266000   230 7.96
0.709 0.0656 67.75 110.00  75  62  600000 1266000   230 7.96
0.710 0.0677 67.91 110.00  75  62  600000 1266000   230 7.96
0.712 0.0701 68.08 110.00  75  62  600000 1266000   230 7.96
0.713 0.0650 68.25 110.00  75  62  600000 1266000   230 7.96
0.715 0.0730 68.44 110.00  75  62  600000 1266000   230 7.96
0.716 0.0696 68.65 110.00  75  62  600000 1266000   230 7.96
0.718 0.0683 68.87 110.00  75  62  600000 1266000   230 7.96
0.719 0.0697 69.11 110.00  75  62  600000 1266000   230 7.96
0.721 0.0719 69.37 110.00  75  62  600000 1266000   230 7.96
0.722 0.0719 69.63 110.00  75  62  600000 1266000   230 7.96
0.724 0.0627 69.90 110.00  75  62  600000 1266000   230 7.96
0.725 0.0672 70.15 110.00  75  62  600000 1266000   230 7.96
0.727 0.0704 70.38 110.00  75  62  600000 1266000   230 7.96
0.728 0.0657 70.60 110.00  75  62  600000 1266000   230 7.96
0.730 0.0682 70.80 110.00  75  62  600000 1266000   230 7.96
0.731 0.0709 71.00 110.00  75  62  600000 1266000   230 7.96
0.733 0.0742 71.19 110.00  75  62  600000 1266000   230 7.96
0.734 0.0714 71.37 110.00  75  62  600000 1266000   230 7.96
0.736 0.0745 71.55 110.00  75  62  600000 1266000   230 7.96
0.737 0.0767 71.74 110.00  75  62  600000 1266000   230 7.96
0.739 0.0754 71.94 110.00  75  62  600000 1266000   230 7.96
0.740 0.0747 72.14 110.00  75  62  600000 1266000   230 7.96
0.742 0.0708 72.35 110.00  75  62  600000 1266000   230 7.96
0.743 0.0734 72.56 110.00  75  62  600000 1266000   230 7.96
0.745 0.0739 72.76 110.00  75  62  600000 1266000   230 7.96
0.746 0.0694 72.94 110.00  75  62  600000 1266000   230 7.96
0.748 0.0688 73.10 110.00  75  62  600000 1266000   230 7.96
0.749 0.0712 73.23 110.00  75  62  600000 1266000   230 7.96
0.751 0.0786 73.34 110.00  75  62  600000 1266000   230 7.96
0.752 0.0668 73.44 110.00  75  62  600000 1266000   230 7.96
0.754 0.0661 73.53 110.00  75  62  600000 1266000   230 7.96
0.755 0.0817 73.62 110.00  75  62  600000 1266000   230 7.96
0.757 0.0734 73.74 110.00  75  62  600000 1266000   230 7.96
0.758 0.0764 73.89 110.00  75  62  600000 1266000   230 7.96
0.760 0.0713 74.07 110.00  75  62  600000 1266000   230 7.96
0.761 0.0747 74.29 110.00  75  62  600000 1266000   230 7.96
0.763 0.0785 74.54 110.00  75  62  600000 1266000   230 7.96
0.764 0.0752 74.82 110.00  75  62  600000 1266000   230 7.96
0.766 0.0777 75.10 110.00  75  62  600000 1266000   230 7.96
0.767 0.0718 75.35 110.00  75  62  600000 1266000   230 7.96
0.769 0.0756 75.59 110.00  75  62  600000 1266000   230 7.96
0.770 0.0732 75.78 110.00  75  62  600000 1266000   230 7.96
0.772 0.0741 75.93 110.00  75  62  600000 1266000   230 7.96
0.773 0.0827 76.04 110.00  75  62  600000 1266000   230 7.96
0.775 0.0734 76.10 110.00  75  62  600000 1266000   230 7.96
0.776 0.0758 76.14 110.00  75  62  600000 1266000   230 7.96
0.778 0.0784 76.14 110.00  75  62  600000 1266000   230 7.96
0.779 0.0771 76.14 110.00  75  62  600000 1266000   230 7.96
0.781 0.0741 76.14 110.00  75  62  600000 1266000   230 7.96
0.782 0.0747 76.15 110.00  75  62  600000 1266000   230 7.96
0.784 0.0771 76.21 110.00  75  62  600000 1266000   230 7.96
0.785 0.0782 76.31 110.00  75  62  600000 1266000   230 7.96
0.787 0.0750 76.47 110.00  75  62  600000 1266000   230 7.96
0.788 0.0779 76.68 110.00  75  62  600000 1266000   230 7.96
0.790 0.0782 76.92 110.00  75  62  600000 1266000   230 7.96
0.791 0.0786 77.19 110.00  75  62  600000 1266000   230 7.96
0.793 0.0708 77.48 110.00  75  62  600000 1266000   230 7.96
0.794 0.0759 77.78 110.00  75  62  600000 1266000   230 7.96
0.796 0.0780 78.07 110.00  75  62  600000 1266000   230 7.96
0.797 0.0788 78.36 110.00  75  62  600000 1266000   230 7.96
0.799 0.0807 78.63 110.00  75  62  600000 1266000   230 7.96
0.800 0.0717 78.88 110.00  75  62  600000 1266000   230 7.96
0.802 0.0814 79.10 110.00  75  62  600000 1266000   230 7.96
0.803 0.0763 79.30 110.00  75  62  600000 1266000   230 7.96
0.805 0.0857 79.47 110.00  75  62  600000 1266000   230 7.96
0.806 0.0793 79.61 110.00  75  62  600000 1266000   230 7.96
0.808 0.0795 79.72 110.00  75  62  600000 1266000   230 7.96
0.809 0.0892 79.81 110.00  75  62  600000 1266000   230 7.96
0.811 0.0810 79.87 110.00  75  62  600000 1266000   230 7.96
0.812 0.0795 79.90 110.00  75  62  600000 1266000   230 7.96
0.814 0.0829 79.90 110.00  75  62  600000 1266000   230 7.96
0.815 0.0772 79.88 110.00  75  62  600000 1266000   230 7.96
0.817 0.0731 79.84 110.00  75  62  600000 1266000   230 7.96
0.818 0.0823 79.79 110.00  75  62  600000 1266000   230 7.96
0.820 0.0753 79.72 110.00  75  62  600000 1266000   230 7.96
0.821 0.0811 79.63 110.00  75  62  600000 1266000   230 7.96
0.823 0.0786 79.53 110.00  75  62  600000 1266000   230 7.96
0.824 0.0815 79.43 110.00  75  62  600000 1266000   230 7.96
0.826 0.0767 79.34 110.00  75  62  600000 1266000   230 7.96
0.827 0.0737 79.28 110.00  75  62  600000 1266000   230 7.96
0.829 0.0817 79.24 110.00  75  62  600000 1266000   230 7.96
0.830 0.0823 79.21 110.00  75  62  600000 1266000   230 7.96
0.832 0.0788 79.21 110.00  75  62  600000 1266000   230 7.96
0.833 0.0781 79.22 110.00  75  62  600000 1266000   230 7.96
0.835 0.0838 79.24 110.00  75  62  600000 1266000   230 7.96
0.836 0.0778 79.26 110.00  75  62  600000 1266000   230 7.96
0.838 0.0766 79.27 110.00  75  62  600000 1266000   230 7.96
0.839 0.0806 79.25 110.00  75  62  600000 1266000   230 7.96
0.841 0.0822 79.21 110.00  75  62  600000 1266000   230 7.96
0.842 0.0794 79.15 110.00  75  62  600000 1266000   230 7.96
0.844 0.0775 79.07 110.00  75  62  600000 1266000   230 7.96
0.845 0.0874 78.96 110.00  75  62  600000 1266000   230 7.96
0.847 0.0737 78.84 110.00  75  62  600000 1266000   230 7.96
0.848 0.0739 78.72 110.00  75  62  600000 1266000   230 7.96
0.850 0.0773 78.59 110.00  75  62  600000 1266000   230 7.96
0.851 0.0793 78.46 110.00  75  62  600000 1266000   230 7.96
0.853 0.0813 78.31 110.00  75  62  600000 1266000   230 7.96
0.854 0.0815 78.15 110.00  75  62  600000 1266000   230 7.96
0.856 0.0756 77.99 110.00  75  62  600000 1266000   230 7.96
0.857 0.0712 77.83 110.00  75  62  600000 1266000   230 7.96
0.859 0.0759 77.69 110.00  75  62  600000 1266000   230 7.96
0.860 0.0861 77.57 110.00  75  62  600000 1266000   230 7.96
0.862 0.0729 77.49 110.00  75  62  600000 1266000   230 7.96
0.863 0.0761 77.44 110.00  75  62  600000 1266000   230 7.96
0.865 0.0834 77.44 110.00  75  62  600000 1266000   230 7.96
0.866 0.0780 77.48 110.00  75  62  600000 1266000   230 7.96
0.868 0.0756 77.57 110.00  75  62  600000 1266000   230 7.96
0.869 0.0796 77.70 110.00  75  62  600000 1266000   230 7.96
0.871 0.0780 77.85 110.00  75  62  600000 1266000   230 7.96
0.872 0.0770 78.04 110.00  75  62  600000 1266000   230 7.96
0.874 0.0731 78.23 110.00  75  62  600000 1266000   230 7.96
0.875 0.0782 78.44 110.00  75  62  600000 1266000   230 7.96
0.877 0.0815 78.64 110.00  75  62  600000 1266000   230 7.96
0.878 0.0749 78.84 110.00  75  62  600000 1266000   230 7.96
0.880 0.0755 79.02 110.00  75  62  600000 1266000   230 7.96
0.881 0.0791 79.19 110.00  75  62  600000 1266000   230 7.96
0.883 0.0800 79.34 110.00  75  62  600000 1266000   230 7.96
0.884 0.0894 79.46 110.00  75  62  600000 1266000   230 7.96
0.886 0.0737 79.54 110.00  75  62  600000 1266000   230 7.96
0.887 0.0821 79.58 110.00  75  62  600000 1266000   230 7.96
0.889 0.0821 79.61 110.00  75  62  600000 1266000   230 7.96
0.890 0.0810 79.63 110.00  75  62  600000 1266000   230 7.96
0.892 0.0822 79.64 110.00  75  62  600000 1266000   230 7.96
0.893 0.0764 79.65 110.00  75  62  600000 1266000   230 7.96
0.895 0.0804 79.64 110.00  75  62  600000 1266000   230 7.96
0.896 0.0807 79.63 110.00  75  62  600000 1266000   230 7.96
0.898 0.0798 79.61 110.00  75  62  600000 1266000   230 7.96
0.899 0.0785 79.59 110.00  75  62  600000 1266000   230 7.96
0.901 0.0775 79.57 110.00  75  62  600000 1266000   230 7.96
0.902 0.0831 79.56 110.00  75  62  600000 1266000   230 7.96
0.904 0.0749 79.54 110.00  75  62  600000 1266000   230 7.96
0.905 0.0788 79.53 110.00  75  62  600000 1266000   230 7.96
0.907 0.0764 79.54 110.00  75  62  600000 1266000   230 7.96
0.908 0.0771 79.58 110.00  75  62  600000 1266000   230 7.96
0.910 0.0792 79.65 110.00  75  62  600000 1266000   230 7.96
0.911 0.0855 79.74 110.00  75  62  600000 1266000   230 7.96
0.913 0.0784 79.86 110.00  75  62  600000 1266000   230 7.96
0.914 0.0747 80.01 110.00  75  62  600000 1266000   230 7.96
0.916 0.0865 80.18 110.00  75  62  600000 1266000   230 7.96
0.917 0.0876 80.37 110.00  75  62  600000 1266000   230 7.96
0.919 0.0808 80.61 110.00  75  62  600000 1266000   230 7.96
0.920 0.0755 80.89 110.00  75  62  600000 1266000   230 7.96
0.922 0.0867 81.21 110.00  75  62  600000 1266000   230 7.96
0.923 0.0800 81.55 110.00  75  62  600000 1266000   230 7.96
0.925 0.0798 81.90 110.00  75  62  600000 1266000   230 7.96
0.926 0.0826 82.28 110.00  75  62  600000 1266000   230 7.96
0.928 0.0854 82.68 110.00  75  62  600000 1266000   230 7.96
0.929 0.0812 83.13 110.00  75  62  600000 1266000   230 7.96
0.931 0.0730 83.62 110.00  75  62  600000 1266000   230 7.96
0.932 0.0888 84.18 110.00  75  62  600000 1266000   230 7.96
0.934 0.0907 84.82 110.00  75  62  600000 1266000   230 7.96
0.935 0.0803 85.54 110.00  75  62  600000 1266000   230 7.96
0.937 0.0885 86.34 110.00  75  62  600000 1266000   230 7.96
0.938 0.0880 87.25 110.00  75  62  600000 1266000   230 7.96
0.940 0.0791 88.26 110.00  75  62  600000 1266000   230 7.96
0.941 0.0948 89.40 110.00  75  62  600000 1266000   230 7.96
0.943 0.0953 90.65 110.00  75  62  600000 1266000   230 7.96
0.944 0.0919 92.00 110.00  75  62  600000 1266000   230 7.96
0.946 0.0966 93.45 110.00  75  62  600000 1266000   230 7.96
0.947 0.0904 94.99 110.00  75  62  600000 1266000   230 7.96
0.949 0.0960 96.63 110.00  75  62  600000 1266000   230 7.96
0.950 0.0908 98.34 110.00  75  62  600000 1266000   230 7.96
0.952 0.0981 100.13 110.00  75  62  600000 1266000   230 7.96
0.953 0.1038 101.98 110.00  75  62  600000 1266000   230 7.96
0.955 0.1079 103.89 110.00  75  62  600000 1266000   230 7.96
0.956 0.1096 105.83 110.00  75  62  600000 1266000   230 7.96
0.958 0.1037 107.78 110.00  75  62  600000 1266000   230 7.96
0.959 0.1065 109.71 110.00  75  62  600000 1266000   230 7.96
0.961 0.1141 111.61 110.00  75  62  600000 1266000   230 7.96
0.962 0.1118 113.46 110.00  75  62  600000 1266000   230 7.96
0.964 0.1063 115.24 110.00  75  62  600000 1266000   230 7.96
0.965 0.1190 116.92 110.00  75  62  600000 1266000   230 7.96
0.967 0.1277 118.48 110.00  75  62  600000 1266000   230 7.96
0.968 0.1215 119.89 110.00  75  62  600000 1266000   230 7.96
0.970 0.1225 121.16 110.00  75  62  600000 1266000   230 7.96
0.971 0.1206 122.29 110.00  75  62  600000 1266000   230 7.96
0.973 0.1187 123.25 110.00  75  62  600000 1266000   230 7.96
0.974 0.1334 124.04 110.00  75  62  600000 1266000   230 7.96
0.976 0.1265 124.66 110.00  75  62  600000 1266000   230 7.96
0.977 0.1308 125.12 110.00  75  62  600000 1266000   230 7.96
0.979 0.1236 125.43 110.00  75  62  600000 1266000   230 7.96
0.980 0.1234 125.61 110.00  75  62  600000 1266000   230 7.96
0.982 0.1200 125.65 110.00  75  62  600000 1266000   230 7.96
0.983 0.1354 125.55 110.00  75  62  600000 1266000   230 7.96
0.985 0.1182 125.33 110.00  75  62  600000 1266000   230 7.96
0.986 0.1155 124.97 110.00  75  62  600000 1266000   230 7.96
0.988 0.1338 124.50 110.00  75  62  600000 1266000   230 7.96
0.989 0.1230 123.91 110.00  75  62  600000 1266000   230 7.96
0.991 0.1273 123.24 110.00  75  62  600000 1266000   230 7.96
0.992 0.1125 122.47 110.00  75  62  600000 1266000   230 7.96
0.994 0.1177 121.63 110.00  75  62  600000 1266000   230 7.96
0.995 0.1291 120.71 110.00  75  62  600000 1266000   230 7.96
0.997 0.1143 119.74 110.00  75  62  600000 1266000   230 7.96
0.998 0.1289 118.71 110.00  75  62  600000 1266000   230 7.96
1.000 0.1161 117.62 110.00  75  62  600000 1266000   230 7.96
1.002 0.1141 116.47 110.00  75  62  600000 1266000   230 7.96
1.003 0.1108 115.28 110.00  75  62  600000 1266000   230 7.96
1.005 0.1263 114.03 110.00  75  62  600000 1266000   230 7.96
1.006 0.1156 112.75 110.00  75  62  600000 1266000   230 7.96
1.008 0.0998 111.42 110.00  75  62  600000 1266000   230 7.96
1.009 0.1150 110.04 110.00  75  62  600000 1266000   230 7.96
1.011 0.1020 108.61 110.00  75  62  600000 1266000   230 7.96
1.012 0.1134 107.17 110.00  75  62  600000 1266000   230 7.96
1.014 0.1060 105.72 110.00  75  62  600000 1266000   230 7.96
1.015 0.1024 104.29 110.00  75  62  600000 1266000   230 7.96
1.017 0.1061 102.88 110.00  75  62  600000 1266000   230 7.96
1.018 0.0948 101.50 110.00  75  62  600000 1266000   230 7.96
1.020 0.0966 100.16 110.00  75  62  600000 1266000   230 7.96
1.021 0.0976 98.86 110.00  75  62  600000 1266000   230 7.96
1.023 0.1021 97.61 110.00  75  62  600000 1266000   230 7.96
1.024 0.0971 96.42 110.00  75  62  600000 1266000   230 7.96
1.026 0.0995 95.30 110.00  75  62  600000 1266000   230 7.96
1.027 0.0919 94.24 110.00  75  62  600000 1266000   230 7.96
1.029 0.0885 93.24 110.00  75  62  600000 1266000   230 7.96
1.030 0.0935 92.27 110.00  75  62  600000 1266000   230 7.96
1.032 0.0922 91.36 110.00  75  62  600000 1266000   230 7.96
1.033 0.0884 90.48 110.00  75  62  600000 1266000   230 7.96
1.035 0.0941 89.64 110.00  75  62  600000 1266000   230 7.96
1.036 0.0857 88.83 110.00  75  62  600000 1266000   230 7.96
1.038 0.0861 88.05 110.00  75  62  600000 1266000   230 7.96
1.039 0.0910 87.30 110.00  75  62  600000 1266000   230 7.96
1.041 0.0841 86.57 110.00  75  62  600000 1266000   230 7.96
1.042 0.0933 85.88 110.00  75  62  600000 1266000   230 7.96
1.044 0.0797 85.21 110.00  75  62  600000 1266000   230 7.96
1.045 0.0841 84.56 110.00  75  62  600000 1266000   230 7.96
1.047 0.0828 83.93 110.00  75  62  600000 1266000   230 7.96
1.048 0.0847 83.32 110.00  75  62  600000 1266000   230 7.96
1.050 0.0855 82.74 110.00  75  62  600000 1266000   230 7.96
1.051 0.0818 82.20 110.00  75  62  600000 1266000   230 7.96
1.053 0.0768 81.69 110.00  75  62  600000 1266000   230 7.96
1.054 0.0856 81.23 110.00  75  62  600000 1266000   230 7.96
1.056 0.0768 80.78 110.00  75  62  600000 1266000   230 7.96
1.057 0.0831 80.36 110.00  75  62  600000 1266000   230 7.96
1.059 0.0799 79.95 110.00  75  62  600000 1266000   230 7.96
1.060 0.0816 79.58 110.00  75  62  600000 1266000   230 7.96
1.062 0.0736 79.25 110.00  75  62  600000 1266000   230 7.96
1.063 0.0844 78.95 110.00  75  62  600000 1266000   230 7.96
1.065 0.0749 78.69 110.00  75  62  600000 1266000   230 7.96
1.066 0.0796 78.44 110.00  75  62  600000 1266000   230 7.96
1.068 0.0787 78.21 110.00  75  62  600000 1266000   230 7.96
1.069 0.0758 78.01 110.00  75  62  600000 1266000   230 7.96
1.071 0.0789 77.83 110.00  75  62  600000 1266000   230 7.96
1.072 0.0800 77.67 110.00  75  62  600000 1266000   230 7.96
1.074 0.0745 77.53 110.00  75  62  600000 1266000   230 7.96
1.075 0.0782 77.40 110.00  75  62  600000 1266000   230 7.96
1.077 0.0765 77.29 110.00  75  62  600000 1266000   230 7.96
1.078 0.0791 77.20 110.00  75  62  600000 1266000   230 7.96
1.080 0.0823 77.13 110.00  75  62  600000 1266000   230 7.96
1.081 0.0724 77.07 110.00  75  62  600000 1266000   230 7.96
1.083 0.0757 77.01 110.00  75  62  600000 1266000   230 7.96
1.084 0.0780 76.96 110.00  75  62  600000 1266000   230 7.96
1.086 0.0716 76.91 110.00  75  62  600000 1266000   230 7.96
1.087 0.0817 76.87 110.00  75  62  600000 1266000   230 7.96
1.089 0.0804 76.82 110.00  75  62  600000 1266000   230 7.96
1.090 0.0758 76.78 110.00  75  62  600000 1266000   230 7.96
1.092 0.0710 76.75 110.00  75  62  600000 1266000   230 7.96
1.093 0.0792 76.74 110.00  75  62  600000 1266000   230 7.96
1.095 0.0777 76.74 110.00  75  62  600000 1266000   230 7.96
1.096 0.0722 76.76 110.00  75  62  600000 1266000   230 7.96
1.098 0.0855 76.78 110.00  75  62  600000 1266000   230 7.96
1.099 0.0765 76.82 110.00  75  62  600000 1266000   230 7.96
1.101 0.0724 76.86 110.00  75  62  600000 1266000   230 7.96
1.102 0.0771 76.91 110.00  75  62  600000 1266000   230 7.96
1.104 0.0761 76.97 110.00  75  62  600000 1266000   230 7.96
1.105 0.0785 77.04 110.00  75  62  600000 1266000   230 7.96
1.107 0.0781 77.11 110.00  75  62  600000 1266000   230 7.96
1.108 0.0759 77.18 110.00  75  62  600000 1266000   230 7.96
1.110 0.0777 77.25 110.00  75  62  600000 1266000   230 7.96
1.111 0.0734 77.31 110.00  75  62  600000 1266000   230 7.96
1.113 0.0775 77.35 110.00  75  62  600000 1266000   230 7.96
1.114 0.0831 77.39 110.00  75  62  600000 1266000   230 7.96
1.116 0.0737 77.44 110.00  75  62  600000 1266000   230 7.96
1.117 0.0801 77.50 110.00  75  62  600000 1266000   230 7.96
1.119 0.0772 77.57 110.00  75  62  600000 1266000   230 7.96
1.120 0.0843 77.65 110.00  75  62  600000 1266000   230 7.96
1.122 0.0716 77.74 110.00  75  62  600000 1266000   230 7.96
1.123 0.0742 77.84 110.00  75  62  600000 1266000   230 7.96
1.125 0.0795 77.96 110.00  75  62  600000 1266000   230 7.96
1.126 0.0785 78.09 110.00  75  62  600000 1266000   230 7.96
1.128 0.0809 78.22 110.00  75  62  600000 1266000   230 7.96
1.129 0.0788 78.34 110.00  75  62  600000 1266000   230 7.96
1.131 0.0749 78.46 110.00  75  62  600000 1266000   230 7.96
1.132 0.0797 78.59 110.00  75  62  600000 1266000   230 7.96
1.134 0.0790 78.74 110.00  75  62  600000 1266000   230 7.96
1.135 0.0776 78.90 110.00  75  62  600000 1266000   230 7.96
1.137 0.0786 79.08 110.00  75  62  600000 1266000   230 7.96
1.138 0.0788 79.28 110.00  75  62  600000 1266000   230 7.96
1.140 0.0755 79.49 110.00  75  62  600000 1266000   230 7.96
1.141 0.0848 79.72 110.00  75  62  600000 1266000   230 7.96
1.143 0.0819 79.97 110.00  75  62  600000 1266000   230 7.96
1.144 0.0847 80.23 110.00  75  62  600000 1266000   230 7.96
1.146 0.0753 80.51 110.00  75  62  600000 1266000   230 7.96
1.147 0.0813 80.78 110.00  75  62  600000 1266000   230 7.96
1.149 0.0812 81.05 110.00  75  62  600000 1266000   230 7.96
1.150 0.0764 81.32 110.00  75  62  600000 1266000   230 7.96
1.152 0.0865 81.60 110.00  75  62  600000 1266000   230 7.96
1.153 0.0824 81.87 110.00  75  62  600000 1266000   230 7.96
1.155 0.0770 82.16 110.00  75  62  600000 1266000   230 7.96
1.156 0.0840 82.46 110.00  75  62  600000 1266000   230 7.96
1.158 0.0804 82.76 110.00  75  62  600000 1266000   230 7.96
1.159 0.0894 83.06 110.00  75  62  600000 1266000   230 7.96
1.161 0.0849 83.36 110.00  75  62  600000 1266000   230 7.96
1.162 0.0810 83.65 110.00  75  62  600000 1266000   230 7.96
1.164 0.0786 83.94 110.00  75  62  600000 1266000   230 7.96
1.165 0.0902 84.21 110.00  75  62  600000 1266000   230 7.96
1.167 0.0826 84.45 110.00  75  62  600000 1266000   230 7.96
1.168 0.0792 84.67 110.00  75  62  600000 1266000   230 7.96
1.170 0.0916 84.86 110.00  75  62  600000 1266000   230 7.96
1.171 0.0839 85.03 110.00  75  62  600000 1266000   230 7.96
1.173 0.0809 85.16 110.00  75  62  600000 1266000   230 7.96
1.174 0.0887 85.26 110.00  75  62  600000 1266000   230 7.96
1.176 0.0884 85.32 110.00  75  62  600000 1266000   230 7.96
1.177 0.0835 85.35 110.00  75  62  600000 1266000   230 7.96
1.179 0.0873 85.36 110.00  75  62  600000 1266000   230 7.96
1.180 0.0858 85.37 110.00  75  62  600000 1266000   230 7.96
1.182 0.0853 85.38 110.00  75  62  600000 1266000   230 7.96
1.183 0.0855 85.37 110.00  75  62  600000 1266000   230 7.96
1.185 0.0860 85.36 110.00  75  62  600000 1266000   230 7.96
1.186 0.0854 85.33 110.00  75  62  600000 1266000   230 7.96
1.188 0.0823 85.29 110.00  75  62  600000 1266000   230 7.96
1.189 0.0887 85.25 110.00  75  62  600000 1266000   230 7.96
1.191 0.0807 85.22 110.00  75  62  600000 1266000   230 7.96
1.192 0.0823 85.19 110.00  75  62  600000 1266000   230 7.96
1.194 0.0861 85.16 110.00  75  62  600000 1266000   230 7.96
1.195 0.0844 85.16 110.00  75  62  600000 1266000   230 7.96
1.197 0.0907 85.18 110.00  75  62  600000 1266000   230 7.96
1.198 0.0821 85.22 110.00  75  62  600000 1266000   230 7.96
1.200 0.0872 85.29 110.00  75  62  600000 1266000   230 7.96
1.201 0.0830 85.37 110.00  75  62  600000 1266000   230 7.96
1.203 0.0858 85.46 110.00  75  62  600000 1266000   230 7.96
1.204 0.0865 85.56 110.00  75  62  600000 1266000   230 7.96
1.206 0.0871 85.67 110.00  75  62  600000 1266000   230 7.96
1.207 0.0889 85.77 110.00  75  62  600000 1266000   230 7.96
1.209 0.0788 85.85 110.00  75  62  600000 1266000   230 7.96
1.210 0.0874 85.93 110.00  75  62  600000 1266000   230 7.96
1.212 0.0843 86.01 110.00  75  62  600000 1266000   230 7.96
1.213 0.0869 86.07 110.00  75  62  600000 1266000   230 7.96
1.215 0.0891 86.13 110.00  75  62  600000 1266000   230 7.96
1.216 0.0877 86.19 110.00  75  62  600000 1266000   230 7.96
1.218 0.0872 86.25 110.00  75  62  600000 1266000   230 7.96
1.219 0.0878 86.33 110.00  75  62  600000 1266000   230 7.96
1.221 0.0821 86.43 110.00  75  62  600000 1266000   230 7.96
1.222 0.0866 86.55 110.00  75  62  600000 1266000   230 7.96
1.224 0.0878 86.70 110.00  75  62  600000 1266000   230 7.96
1.225 0.0876 86.88 110.00  75  62  600000 1266000   230 7.96
1.227 0.0859 87.08 110.00  75  62  600000 1266000   230 7.96
1.228 0.0844 87.30 110.00  75  62  600000 1266000   230 7.96
1.230 0.0892 87.54 110.00  75  62  600000 1266000   230 7.96
1.231 0.0871 87.81 110.00  75  62  600000 1266000   230 7.96
1.233 0.0890 88.11 110.00  75  62  600000 1266000   230 7.96
1.234 0.0848 88.46 110.00  75  62  600000 1266000   230 7.96
1.236 0.0917 88.84 110.00  75  62  600000 1266000   230 7.96
1.237 0.0903 89.26 110.00  75  62  600000 1266000   230 7.96
1.239 0.0887 89.70 110.00  75  62  600000 1266000   230 7.96
1.240 0.0916 90.18 110.00  75  62  600000 1266000   230 7.96
1.242 0.0878 90.68 110.00  75  62  600000 1266000   230 7.96
1.243 0.0929 91.21 110.00  75  62  600000 1266000   230 7.96
1.245 0.0906 91.75 110.00  75  62  600000 1266000   230 7.96
1.246 0.0953 92.32 110.00  75  62  600000 1266000   230 7.96
1.248 0.0935 92.90 110.00  75  62  600000 1266000   230 7.96
1.249 0.0924 93.49 110.00  75  62  600000 1266000   230 7.96
1.251 0.0917 94.11 110.00  75  62  600000 1266000   230 7.96
1.252 0.0979 94.76 110.00  75  62  600000 1266000   230 7.96
1.254 0.0924 95.46 110.00  75  62  600000 1266000   230 7.96
1.255 0.0975 96.19 110.00  75  62  600000 1266000   230 7.96
1.257 0.0956 96.97 110.00  75  62  600000 1266000   230 7.96
1.258 0.1040 97.79 110.00  75  62  600000 1266000   230 7.96
1.260 0.0969 98.65 110.00  75  62  600000 1266000   230 7.96
1.261 0.0983 99.55 110.00  75  62  600000 1266000   230 7.96
1.263 0.0964 100.48 110.00  75  62  600000 1266000   230 7.96
1.264 0.1055 101.45 110.00  75  62  600000 1266000   230 7.96
1.266 0.0936 102.45 110.00  75  62  600000 1266000   230 7.96
1.267 0.1041 103.47 110.00  75  62  600000 1266000   230 7.96
1.269 0.1082 104.52 110.00  75  62  600000 1266000   230 7.96
1.270 0.1066 105.58 110.00  75  62  600000 1266000   230 7.96
1.272 0.1013 106.65 110.00  75  62  600000 1266000   230 7.96
1.273 0.1141 107.73 110.00  75  62  600000 1266000   230 7.96
1.275 0.1077 108.82 110.00  75  62  600000 1266000   230 7.96
1.276 0.1079 109.92 110.00  75  62  600000 1266000   230 7.96
1.278 0.1162 111.03 110.00  75  62  600000 1266000   230 7.96
1.279 0.1080 112.13 110.00  75  62  600000 1266000   230 7.96
1.281 0.1178 113.22 110.00  75  62  600000 1266000   230 7.96
1.282 0.1144 114.28 110.00  75  62  600000 1266000   230 7.96
1.284 0.1114 115.30 110.00  75  62  600000 1266000   230 7.96
1.285 0.1113 116.25 110.00  75  62  600000 1266000   230 7.96
1.287 0.1234 117.13 110.00  75  62  600000 1266000   230 7.96
1.288 0.1178 117.91 110.00  75  62  600000 1266000   230 7.96
1.290 0.1120 118.60 110.00  75  62  600000 1266000   230 7.96
1.291 0.1241 119.17 110.00  75  62  600000 1266000   230 7.96
1.293 0.1248 119.65 110.00  75  62  600000 1266000   230 7.96
1.294 0.1155 120.04 110.00  75  62  600000 1266000   230 7.96
1.296 0.1181 120.34 110.00  75  62  600000 1266000   230 7.96
1.297 0.1192 120.57 110.00  75  62  600000 1266000   230 7.96
1.299 0.1285 120.73 110.00  75  62  600000 1266000   230 7.96
1.300 0.1197 120.81 110.00  75  62  600000 1266000   230 7.96
1.302 0.1226 120.83 110.00  75  62  600000 1266000   230 7.96
1.303 0.1291 120.79 110.00  75  62  600000 1266000   230 7.96
1.305 0.1161 120.70 110.00  75  62  600000 1266000   230 7.96
1.306 0.1182 120.53 110.00  75  62  600000 1266000   230 7.96
1.308 0.1209 120.30 110.00  75  62  600000 1266000   230 7.96
1.309 0.1185 120.00 110.00  75  62  600000 1266000   230 7.96
1.311 0.1163 119.63 110.00  75  62  600000 1266000   230 7.96
1.312 0.1181 119.20 110.00  75  62  600000 1266000   230 7.96
1.314 0.1218 118.74 110.00  75  62  600000 1266000   230 7.96
1.315 0.1113 118.25 110.00  75  62  600000 1266000   230 7.96
1.317 0.1239 117.77 110.00  75  62  600000 1266000   230 7.96
1.318 0.1166 117.30 110.00  75  62  600000 1266000   230 7.96
1.320 0.1156 116.87 110.00  75  62  600000 1266000   230 7.96
1.321 0.1192 116.47 110.00  75  62  600000 1266000   230 7.96
1.323 0.1177 116.11 110.00  75  62  600000 1266000   230 7.96
1.324 0.1183 115.79 110.00  75  62  600000 1266000   230 7.96
1.326 0.1133 115.52 110.00  75  62  600000 1266000   230 7.96
1.327 0.1155 115.32 110.00  75  62  600000 1266000   230 7.96
1.329 0.1162 115.19 110.00  75  62  600000 1266000   230 7.96
1.330 0.1128 115.13 110.00  75  62  600000 1266000   230 7.96
1.332 0.1224 115.13 110.00  75  62  600000 1266000   230 7.96
1.333 0.1056 115.20 110.00  75  62  600000 1266000   230 7.96
1.335 0.1085 115.32 110.00  75  62  600000 1266000   230 7.96
1.336 0.1190 115.53 110.00  75  62  600000 1266000   230 7.96
1.338 0.1200 115.83 110.00  75  62  600000 1266000   230 7.96
1.339 0.1131 116.24 110.00  75  62  600000 1266000   230 7.96
1.341 0.1199 116.77 110.00  75  62  600000 1266000   230 7.96
1.342 0.1207 117.44 110.00  75  62  600000 1266000   230 7.96
1.344 0.1132 118.25 110.00  75  62  600000 1266000   230 7.96
1.345 0.1223 119.20 110.00  75  62  600000 1266000   230 7.96
1.347 0.1235 120.29 110.00  75  62  600000 1266000   230 7.96
1.348 0.1169 121.53 110.00  75  62  600000 1266000   230 7.96
1.350 0.1203 122.93 110.00  75  62  600000 1266000   230 7.96
1.351 0.1205 124.48 110.00  75  62  600000 1266000   230 7.96
1.353 0.1303 126.17 110.00  75  62  600000 1266000   230 7.96
1.354 0.1373 128.01 110.00  75  62  600000 1266000   230 7.96
1.356 0.1229 129.99 110.00  75  62  600000 1266000   230 7.96
1.357 0.1319 132.12 110.00  75  62  600000 1266000   230 7.96
1.359 0.1339 134.39 110.00  75  62  600000 1266000   230 7.96
1.360 0.1322 136.82 110.00  75  62  600000 1266000   230 7.96
1.362 0.1415 139.40 110.00  75  62  600000 1266000   230 7.96
1.363 0.1389 142.13 110.00  75  62  600000 1266000   230 7.96
1.365 0.1519 145.01 110.00  75  62  600000 1266000   230 7.96
1.366 0.1460 148.04 110.00  75  62  600000 1266000   230 7.96
1.368 0.1475 151.21 110.00  75  62  600000 1266000   230 7.96
1.369 0.1543 154.51 110.00  75  62  600000 1266000   230 7.96
1.371 0.1625 157.92 110.00  75  62  600000 1266000   230 7.96
1.372 0.1607 161.44 110.00  75  62  600000 1266000   230 7.96
1.374 0.1581 165.07 110.00  75  62  600000 1266000   230 7.96
1.375 0.1730 168.79 110.00  75  62  600000 1266000   230 7.96
1.377 0.1787 172.61 110.00  75  62  600000 1266000   230 7.96
1.378 0.1762 176.49 110.00  75  62  600000 1266000   230 7.96
1.380 0.1786 180.46 110.00  75  62  600000 1266000   230 7.96
1.381 0.1768 184.49 110.00  75  62  600000 1266000   230 7.96
1.383 0.1941 188.61 110.00  75  62  600000 1266000   230 7.96
1.384 0.1962 192.81 110.00  75  62  600000 1266000   230 7.96
1.386 0.1966 197.12 110.00  75  62  600000 1266000   230 7.96
1.387 0.2030 201.51 110.00  75  62  600000 1266000   230 7.96
1.389 0.2033 205.99 110.00  75  62  600000 1266000   230 7.96
1.390 0.2101 210.56 110.00  75  62  600000 1266000   230 7.96
1.392 0.2107 215.24 110.00  75  62  600000 1266000   230 7.96
1.393 0.2254 219.99 110.00  75  62  600000 1266000   230 7.96
1.395 0.2223 224.83 110.00  75  62  600000 1266000   230 7.96
1.396 0.2303 229.72 110.00  75  62  600000 1266000   230 7.96
1.398 0.2352 234.65 110.00  75  62  600000 1266000   230 7.96
1.399 0.2300 239.58 110.00  75  62  600000 1266000   230 7.96
1.401 0.2568 244.50 110.00  75  62  600000 1266000   230 7.96
1.402 0.2422 249.42 110.00  75  62  600000 1266000   230 7.96
1.404 0.2544 254.33 110.00  75  62  600000 1266000   230 7.96
1.405 0.2497 259.26 110.00  75  62  600000 1266000   230 7.96
1.407 0.2677 264.20 110.00  75  62  600000 1266000   230 7.96
1.408 0.2792 269.16 110.00  75  62  600000 1266000   230 7.96
1.410 0.2829 274.13 110.00  75  62  600000 1266000   230 7.96
1.411 0.2669 279.10 110.00  75  62  600000 1266000   230 7.96
1.413 0.2983 284.07 110.00  75  62  600000 1266000   230 7.96
1.414 0.2891 289.05 110.00  75  62  600000 1266000   230 7.96
1.416 0.2891 294.01 110.00  75  62  600000 1266000   230 7.96
1.417 0.2848 298.95 110.00  75  62  600000 1266000   230 7.96
1.419 0.3120 303.84 110.00  75  62  600000 1266000   230 7.96
1.420 0.3163 308.67 110.00  75  62  600000 1266000   230 7.96
1.422 0.3115 313.41 110.00  75  62  600000 1266000   230 7.96
1.423 0.2939 318.04 110.00  75  62  600000 1266000   230 7.96
1.425 0.3363 322.57 110.00  75  62  600000 1266000   230 7.96
1.426 0.3179 326.97 110.00  75  62  600000 1266000   230 7.96
1.428 0.3179 331.25 110.00  75  62  600000 1266000   230 7.96
1.429 0.3550 335.40 110.00  75  62  600000 1266000   230 7.96
1.431 0.3461 339.40 110.00  75  62  600000 1266000   230 7.96
1.432 0.3407 343.23 110.00  75  62  600000 1266000   230 7.96
1.434 0.3548 346.87 110.00  75  62  600000 1266000   230 7.96
1.435 0.3515 350.31 110.00  75  62  600000 1266000   230 7.96
1.437 0.3391 353.55 110.00  75  62  600000 1266000   230 7.96
1.438 0.3659 356.58 110.00  75  62  600000 1266000   230 7.96
1.440 0.3690 359.34 110.00  75  62  600000 1266000   230 7.96
1.441 0.3398 361.82 110.00  75  62  600000 1266000   230 7.96
1.443 0.3919 364.00 110.00  75  62  600000 1266000   230 7.96
1.444 0.3623 365.94 110.00  75  62  600000 1266000   230 7.96
1.446 0.3559 367.64 110.00  75  62  600000 1266000   230 7.96
1.447 0.3762 369.07 110.00  75  62  600000 1266000   230 7.96
1.449 0.3533 370.28 110.00  75  62  600000 1266000   230 7.96
1.450 0.3805 371.25 110.00  75  62  600000 1266000   230 7.96
1.452 0.3714 372.01 110.00  75  62  600000 1266000   230 7.96
1.453 0.3906 372.56 110.00  75  62  600000 1266000   230 7.96
1.455 0.3624 372.94 110.00  75  62  600000 1266000   230 7.96
1.456 0.3620 373.18 110.00  75  62  600000 1266000   230 7.96
1.458 0.3791 373.28 110.00  75  62  600000 1266000   230 7.96
1.459 0.3699 373.22 110.00  75  62  600000 1266000   230 7.96
1.461 0.3628 372.97 110.00  75  62  600000 1266000   230 7.96
1.462 0.3786 372.49 110.00  75  62  600000 1266000   230 7.96
1.464 0.3846 371.75 110.00  75  62  600000 1266000   230 7.96
1.465 0.3690 370.78 110.00  75  62  600000 1266000   230 7.96
1.467 0.3606 369.57 110.00  75  62  600000 1266000   230 7.96
1.468 0.3675 368.14 110.00  75  62  600000 1266000   230 7.96
1.470 0.3603 366.50 110.00  75  62  600000 1266000   230 7.96
1.471 0.3892 364.67 110.00  75  62  600000 1266000   230 7.96
1.473 0.3656 362.65 110.00  75  62  600000 1266000   230 7.96
1.474 0.3490 360.46 110.00  75  62  600000 1266000   230 7.96
1.476 0.3474 358.09 110.00  75  62  600000 1266000   230 7.96
1.477 0.3572 355.55 110.00  75  62  600000 1266000   230 7.96
1.479 0.3734 352.84 110.00  75  62  600000 1266000   230 7.96
1.480 0.3333 349.99 110.00  75  62  600000 1266000   230 7.96
1.482 0.3572 346.99 110.00  75  62  600000 1266000   230 7.96
1.483 0.3518 343.82 110.00  75  62  600000 1266000   230 7.96
1.485 0.3324 340.49 110.00  75  62  600000 1266000   230 7.96
1.486 0.3228 337.00 110.00  75  62  600000 1266000   230 7.96
1.488 0.3388 333.38 110.00  75  62  600000 1266000   230 7.96
1.489 0.3162 329.65 110.00  75  62  600000 1266000   230 7.96
1.491 0.3219 325.84 110.00  75  62  600000 1266000   230 7.96
1.492 0.3340 321.93 110.00  75  62  600000 1266000   230 7.96
1.494 0.3212 317.94 110.00  75  62  600000 1266000   230 7.96
1.495 0.3126 313.89 110.00  75  62  600000 1266000   230 7.96
1.497 0.3108 309.74 110.00  75  62  600000 1266000   230 7.96
1.498 0.3151 305.52 110.00  75  62  600000 1266000   230 7.96
1.500 0.2944 301.21 110.00  75  62  600000 1266000   230 7.96
1.502 0.2980 296.78 110.00  75  62  600000 1266000   230 7.96
1.503 0.2915 292.19 110.00  75  62  600000 1266000   230 7.96
1.505 0.2827 287.40 110.00  75  62  600000 1266000   230 7.96
1.506 0.2681 282.36 110.00  75  62  600000 1266000   230 7.96
1.508 0.2885 277.05 110.00  75  62  600000 1266000   230 7.96
1.510 0.2752 271.46 110.00  75  62  600000 1266000   230 7.96
1.512 0.2596 265.53 110.00  75  62  600000 1266000   230 7.96
1.513 0.2584 259.21 110.00  75  62  600000 1266000   230 7.96
1.515 0.2547 252.50 110.00  75  62  600000 1266000   230 7.96
1.518 0.2481 245.42 110.00  75  62  600000 1266000   230 7.96
1.520 0.2417 237.98 110.00  75  62  600000 1266000   230 7.96
1.522 0.2405 230.22 110.00  75  62  600000 1266000   230 7.96
1.524 0.2197 222.21 110.00  75  62  600000 1266000   230 7.96
1.527 0.2270 213.97 110.00  75  62  600000 1266000   230 7.96
1.529 0.2097 205.55 110.00  75  62  600000 1266000   230 7.96
1.532 0.1999 197.01 110.00  75  62  600000 1266000   230 7.96
1.535 0.1910 188.37 110.00  75  62  600000 1266000   230 7.96
1.538 0.1806 179.68 110.00  75  62  600000 1266000   230 7.96
1.541 0.1707 171.04 110.00  75  62  600000 1266000   230 7.96
1.544 0.1605 162.51 110.00  75  62  600000 1266000   230 7.96
1.547 0.1506 154.16 110.00  75  62  600000 1266000   230 7.96
1.551 0.1435 146.08 110.00  75  62  600000 1266000   230 7.96
1.554 0.1318 138.35 110.00  75  62  600000 1266000   230 7.96
1.558 0.1254 131.04 110.00  75  62  600000 1266000   230 7.96
1.562 0.1204 124.20 110.00  75  62  600000 1266000   230 7.96
1.566 0.1119 117.88 110.00  75  62  600000 1266000   230 7.96
1.570 0.1070 112.11 110.00  75  62  600000 1266000   230 7.96
1.574 0.1028 106.91 110.00  75  62  600000 1266000   230 7.96
1.579 0.1017 102.29 110.00  75  62  600000 1266000   230 7.96
1.584 0.0962 98.26 110.00  75  62  600000 1266000   230 7.96
1.589 0.0942 94.79 110.00  75  62  600000 1266000   230 7.96
1.594 0.0934 91.84 110.00  75  62  600000 1266000   230 7.96
1.599 0.0893 89.38 110.00  75  62  600000 1266000   230 7.96
1.605 0.0875 87.36 110.00  75  62  600000 1266000   230 7.96
1.611 0.0883 85.74 110.00  75  62  600000 1266000   230 7.96
1.617 0.0833 84.46 110.00  75  62  600000 1266000   230 7.96
1.623 0.0824 83.49 110.00  75  62  600000 1266000   230 7.96
1.630 0.0894 82.81 110.00  75  62  600000 1266000   230 7.96
1.637 0.0855 82.39 110.00  75  62  600000 1266000   230 7.96
1.644 0.0817 82.22 110.00  75  62  600000 1266000   230 7.96
1.652 0.0828 82.28 110.00  75  62  600000 1266000   230 7.96
1.659 0.0860 82.59 110.00  75  62  600000 1266000   230 7.96
1.667 0.0822 83.13 110.00  75  62  600000 1266000   230 7.96
1.674 0.0863 83.92 110.00  75  62  600000 1266000   230 7.96
1.682 0.0831 84.97 110.00  75  62  600000 1266000   230 7.96
1.689 0.0854 86.29 110.00  75  62  600000 1266000   230 7.96
1.697 0.0863 87.90 110.00  75  62  600000 1266000   230 7.96
1.704 0.0883 89.79 110.00  75  62  600000 1266000   230 7.96
1.712 0.0901 91.98 110.00  75  62  600000 1266000   230 7.96
1.719 0.0908 94.48 110.00  75  62  600000 1266000   230 7.96
1.727 0.0947 97.25 110.00  75  62  600000 1266000   230 7.96
1.734 0.0972 100.28 110.00  75  62  600000 1266000   230 7.96
1.742 0.0990 103.54 110.00  75  62  600000 1266000   230 7.96
1.749 0.1066 106.97 110.00  75  62  600000 1266000   230 7.96
1.757 0.1084 110.51 110.00  75  62  600000 1266000   230 7.96
1.764 0.1126 114.10 110.00  75  62  600000 1266000   230 7.96
1.772 0.1176 117.67 110.00  75  62  600000 1266000   230 7.96
1.779 0.1190 121.14 110.00  75  62  600000 1266000   230 7.96
1.787 0.1266 124.42 110.00  75  62  600000 1266000   230 7.96
1.794 0.1266 127.44 110.00  75  62  600000 1266000   230 7.96
1.802 0.1322 130.13 110.00  75  62  600000 1266000   230 7.96
1.809 0.1363 132.42 110.00  75  62  600000 1266000   230 7.96
1.817 0.1366 134.28 110.00  75  62  600000 1266000   230 7.96
1.824 0.1417 135.66 110.00  75  62  600000 1266000   230 7.96
1.832 0.1451 136.53 110.00  75  62  600000 1266000   230 7.96
1.839 0.1445 136.89 110.00  75  62  600000 1266000   230 7.96
1.847 0.1430 136.72 110.00  75  62  600000 1266000   230 7.96
1.854 0.1460 136.05 110.00  75  62  600000 1266000   230 7.96
1.862 0.1381 134.89 110.00  75  62  600000 1266000   230 7.96
1.869 0.1379 133.30 110.00  75  62  600000 1266000   230 7.96
1.877 0.1335 131.31 110.00  75  62  600000 1266000   230 7.96
1.884 0.1317 129.00 110.00  75  62  600000 1266000   230 7.96
1.892 0.1273 126.45 110.00  75  62  600000 1266000   230 7.96
1.899 0.1252 123.75 110.00  75  62  600000 1266000   230 7.96
1.907 0.1235 121.02 110.00  75  62  600000 1266000   230 7.96
1.914 0.1198 118.38 110.00  75  62  600000 1266000   230 7.96
1.922 0.1194 116.00 110.00  75  62  600000 1266000   230 7.96
1.929 0.1163 114.20 110.00  75  62  600000 1266000   230 7.96
1.937 0.1150 115.18 110.00  75  62  600000 1266000   230 7.96
1.944 0.1189 120.51 110.00  75  62  600000 1266000   230 7.96
1.952 0.1154 128.00 110.00  75  62  600000 1266000   230 7.96
1.959 0.1188 136.26 110.00  75  62  600000 1266000   230 7.96
1.967 0.1212 144.68 110.00  75  62  600000 1266000   230 7.96
1.974 0.1249 153.07 110.00  75  62  600000 1266000   230 7.96
1.982 0.1291 161.38 110.00  75  62  600000 1266000   230 7.96
1.989 0.1378 169.63 110.00  75  62  600000 1266000   230 7.96
1.997 0.1482 177.84 110.00  75  62  600000 1266000   230 7.96
2.005 0.1597 186.08 110.00  75  62  600000 1266000   230 7.96
2.012 0.1733 194.41 110.00  75  62  600000 1266000   230 7.96
2.020 0.1903 202.86 110.00  75  62  600000 1266000   230 7.96
2.027 0.2126 211.49 110.00  75  62  600000 1266000   230 7.96
2.035 0.2349 220.32 110.00  75  62  600000 1266000   230 7.96
2.042 0.2696 229.38 110.00  75  62  600000 1266000   230 7.96
2.050 0.3003 238.68 110.00  75  62  600000 1266000   230 7.96
2.057 0.3379 248.24 110.00  75  62  600000 1266000   230 7.96
2.065 0.3725 258.03 110.00  75  62  600000 1266000   230 7.96
2.072 0.4287 268.06 110.00  75  62  600000 1266000   230 7.96
2.080 0.4725 278.28 110.00  75  62  600000 1266000   230 7.96
2.087 0.4993 288.67 110.00  75  62  600000 1266000   230 7.96
2.095 0.0000 299.16 110.00  75  62  600000 1266000   230 7.96
2.102 0.0000 309.69 110.00  75  62  600000 1266000   230 7.96
